17
13
11
12
7
6
5
4
2
7
7
14
15
9
14
8
8
1
-1
-7
-5
5
9
6
10
8
7
5
-2
-3
-5
-2
1
6
5
8
12
10
8
-2
-2
-8
-5
-5
2
12
17
17
15
15
4
4
-7
0
5
3
11
18
19
17
14
14
7
4
9
5
7
7
16
18
12
15
9
5
1
2
5
4
11
13
15
14
14
9
1
-5
-5
-3
3
4
16
12
12
14
6
4
-5
-1
-1
-1
9
13
20
22
16
11
4
-2
-7
-7
-1
5
10
13
20
17
11
2
-9
-13
-19
-19
-10
4
17
22
28
22
11
1
-13
-21
-23
-19
-7
13
27
34
30
22
15
0
-18
-27
-26
-16
3
12
29
34
36
32
11
0
-14
-20
-17
-7
9
22
37
46
39
26
5
-12
-19
-22
-18
-6
19
34
49
50
38
20
-4
-17
-24
-10
-3
11
30
41
51
46
32
9
-6
-21
-25
-21
-5
14
23
34
37
27
10
-9
-19
-23
-22
-7
9
24
31
34
25
13
4
-12
-20
-14
-14
3
19
23
32
29
21
0
-12
-20
-21
-17
0
19
31
36
36
20
1
-8
-27
-30
-19
-7
10
27
32
37
18
1
-15
-35
-43
-34
-18
1
25
38
34
26
13
-12
-31
-39
-36
-21
-1
18
29
38
32
22
-1
-23
-37
-45
-30
-13
13
38
45
45
37
15
-9
-28
-44
-31
-18
5
30
48
57
47
31
2
-25
-39
-40
-31
-8
18
38
53
56
39
21
-2
-22
-39
-38
-20
7
33
45
53
51
29
7
-12
-29
-36
-30
-11
7
38
47
49
39
21
-1
-19
-29
-32
-22
-3
19
30
44
40
26
11
-12
-25
-29
-26
-15
3
21
37
36
32
14
-4
-16
-32
-34
-33
-12
8
13
19
16
11
-2
-14
-32
-39
-30
-19
-6
7
9
13
7
2
-5
-13
-14
-19
-15
-7
2
4
8
12
6
-4
-9
-13
-15
-14
1
0
2
7
2
-4
-10
-10
-10
-13
-15
-5
2
4
8
4
-10
-13
-23
-26
-17
-14
-4
3
1
7
-4
-11
-15
-25
-24
-25
-16
-11
-7
6
12
5
-3
-12
-19
-19
-20
-18
-18
-2
2
7
7
6
-2
-13
-13
-17
-12
-10
-3
8
7
11
9
1
-4
-10
-14
-18
-17
-6
-3
6
14
10
2
1
-7
-17
-20
-13
-6
-3
10
13
11
7
5
2
-9
-15
-14
-6
-5
0
7
10
6
-3
-4
-11
-16
-17
-13
-4
6
6
2
2
3
-3
-9
-9
-8
-6
0
2
6
4
3
-3
-8
-14
-15
-10
-11
-3
-4
1
6
-3
-3
-2
-11
-7
-13
-6
-8
-11
-6
-6
2
-4
-9
-15
-12
-11
-13
-13
-2
0
3
-1
-4
-4
-12
-13
-12
-12
-3
-2
6
10
7
3
0
-1
-13
-11
-13
-11
-5
-2
2
6
11
10
7
4
0
-5
-6
-5
6
6
14
15
13
4
3
3
0
4
2
0
6
6
5
9
5
4
2
0
0
-1
6
11
8
6
7
2
2
-4
-7
-5
-1
3
8
11
9
14
13
6
5
0
-4
-2
3
8
8
11
12
15
16
8
3
2
6
3
5
8
14
13
8
7
-1
-3
-3
0
-2
-3
-3
1
5
6
6
5
3
-6
-12
-13
-12
-11
0
2
6
8
-1
-2
-7
-9
-15
-22
-18
-10
-3
4
-2
-3
-6
-13
-11
-16
-24
-20
-14
-9
-7
-5
-3
-3
-10
-12
-16
-24
-22
-23
-13
-10
-5
-1
-1
-4
-9
-6
-14
-23
-24
-24
-20
-10
-3
-2
-2
-1
-6
-11
-17
-18
-14
-15
-15
-15
-9
-4
0
-5
-6
-9
-15
-11
-13
-12
-13
-10
-8
-7
0
4
3
7
0
-3
-1
-2
2
0
0
1
1
1
1
4
3
0
4
2
2
4
1
5
2
-2
-4
-3
-2
1
0
-3
0
-2
-1
-4
0
0
-1
8
3
7
4
0
-2
-5
-1
-5
-10
-7
-2
-3
2
0
-3
2
-1
-7
-12
-7
-4
-3
0
5
5
10
10
0
-4
-8
-15
-14
-11
-11
-1
8
9
5
4
-1
-2
-10
-12
-7
-8
-3
4
5
11
9
0
-8
-9
-14
-19
-20
-13
-6
0
6
8
5
-1
-4
-18
-15
-25
-16
-7
-4
7
7
8
1
1
-2
-12
-13
-9
-9
-4
1
5
11
12
3
-7
-3
-13
-17
-13
-9
2
9
8
15
14
7
4
-8
-13
-12
-7
-2
5
10
12
9
7
7
-4
-7
-10
-6
-4
-2
10
12
16
11
7
1
-8
-7
-10
-7
-2
9
8
16
19
15
6
0
-4
-7
-12
-2
0
1
12
13
12
10
1
-9
-11
-14
-10
-5
5
12
17
17
14
3
0
0
-11
-10
-7
-4
1
4
7
13
18
6
-4
-12
-15
-13
-11
-3
13
16
18
18
6
1
-5
-8
-9
-13
-8
-5
4
9
16
14
14
10
-6
-12
-17
-10
-4
3
11
12
17
16
7
2
-1
1
-7
-11
-7
-6
7
9
15
12
9
1
-7
-17
-18
-10
-1
5
6
6
0
5
0
2
-1
-4
-15
-14
-8
-2
1
10
14
14
7
-5
-8
-10
-8
-4
2
6
6
9
6
12
7
1
-5
-11
-14
-17
0
5
7
10
12
11
5
-7
-5
-13
-14
-5
-1
0
-1
3
8
8
4
-5
-14
-16
-20
-17
-2
1
10
12
12
5
-5
-10
-11
-13
-12
-1
-1
2
8
10
8
9
3
-7
-15
-12
-10
-8
3
4
10
5
5
1
-5
-12
-11
-5
-5
-8
-4
0
0
2
4
-2
-11
-15
-21
-19
-16
-13
-1
5
-4
-1
-7
-11
-16
-24
-19
-19
-15
-11
-8
0
-6
-8
-9
-17
-21
-22
-16
-13
-11
-5
1
-4
-2
4
-10
-14
-17
-18
-16
-13
-8
-4
1
4
4
-3
-7
-12
-11
-14
-9
-4
-5
2
3
3
2
-1
-2
-7
-15
-9
-14
-9
-3
2
1
3
8
-2
-2
-7
-7
-11
-2
0
-3
8
9
8
6
3
1
-2
-4
-1
-1
4
9
11
10
12
6
1
3
-3
-11
-8
-6
-6
5
7
5
10
9
11
5
2
6
-1
-4
2
3
3
4
5
10
8
1
4
0
0
1
-6
-1
1
2
8
3
3
0
-2
-9
-7
-4
-4
-7
-2
-2
0
-3
-3
-5
-6
-5
-10
-2
-2
-6
0
0
3
-1
-4
2
-1
-5
-4
-8
-10
-2
3
-2
-4
2
-3
-5
-5
-7
-3
-1
-7
1
-8
-3
4
-6
-7
-6
-5
-10
-7
-2
0
1
0
3
1
-2
-2
-2
-7
-6
-7
-9
-3
-4
0
2
-3
-5
-4
-12
-5
1
-6
-8
-6
-6
-4
-5
-5
-1
-1
-1
-3
-3
2
2
0
3
2
1
-1
4
8
6
4
6
5
4
1
2
2
-4
5
6
10
6
4
3
6
8
9
9
0
2
2
-2
1
6
7
12
10
2
5
5
-2
4
4
-4
-1
3
4
3
1
-3
-2
-2
-3
-4
-5
-1
1
1
1
-2
-2
-5
-7
-10
-8
-7
-7
-5
1
-5
-2
2
1
-2
-10
-7
-13
-12
-10
-12
-11
-2
-2
-6
-7
-5
-11
-6
-4
-9
-5
-4
-5
-3
-2
-3
-2
-5
-7
-10
-5
-3
-2
4
3
4
2
-1
0
-5
-2
-3
-2
3
2
2
3
4
7
1
-5
4
-2
2
5
0
4
3
9
9
8
5
2
3
-3
3
6
7
9
10
5
11
7
5
1
0
6
6
8
7
8
13
10
2
3
7
1
1
9
6
7
10
12
13
9
8
5
0
4
6
7
7
9
9
8
11
5
8
7
5
2
3
3
5
3
4
10
5
3
1
1
4
3
1
2
3
9
7
7
5
-1
1
5
6
3
1
9
10
3
7
7
2
4
6
4
0
2
4
4
9
3
6
1
4
5
1
4
3
4
1
5
3
4
3
1
3
-2
2
3
0
-3
-2
4
1
0
1
-4
-4
-2
-4
2
-2
-3
1
3
7
3
8
-1
-2
1
-5
-3
-4
2
2
-2
2
-1
0
-1
4
1
1
1
1
8
11
5
2
5
2
3
3
6
7
6
8
11
5
15
16
15
12
4
10
12
14
16
14
14
9
11
13
7
10
11
10
10
13
18
14
14
8
7
11
6
4
4
11
15
11
8
5
6
8
11
5
9
11
6
8
10
13
12
14
7
8
2
2
1
1
4
-2
4
3
6
8
5
5
4
4
5
0
1
5
6
6
4
10
4
8
0
2
7
6
11
14
19
15
16
14
10
13
10
9
7
10
10
12
9
9
10
8
9
7
8
11
9
13
14
15
14
7
14
10
11
6
7
6
3
-3
9
14
6
9
7
8
5
14
2
4
6
9
10
8
12
6
4
5
6
1
0
2
2
4
3
6
5
5
-6
-3
-1
-2
1
-2
-4
0
1
5
-1
-1
8
-2
1
-8
-3
-7
-5
7
4
4
-2
0
1
-2
-5
-2
-6
-1
5
-2
2
0
-3
-5
-6
-2
-4
-4
-3
-2
-5
-1
-2
1
0
2
-2
-1
2
-2
-7
-7
-8
-4
-2
-5
1
-3
-2
-3
-4
-3
0
4
-3
-2
-7
-6
0
-4
-1
1
2
-4
-2
-3
-2
-4
-6
-1
-2
-2
-7
-5
3
0
0
-3
-3
-3
-8
1
-3
-2
0
-2
-4
-5
-1
-4
-7
-7
-9
-12
-8
-8
-9
-12
-7
-2
-8
-7
-7
-6
-6
-8
-12
-14
-5
-9
-5
-7
-4
-5
-7
-9
-8
-3
-3
-7
-4
-2
2
-2
-3
-5
-10
-8
-4
-3
-6
-6
-2
-2
-4
-4
-4
-4
-7
-5
-5
-7
-3
0
-1
2
0
-1
-3
1
1
-1
0
-2
4
-4
1
0
-7
-1
-2
-8
-4
-9
-2
1
2
1
-5
-1
1
-3
-6
2
-1
1
2
-2
3
4
2
5
-4
-2
0
-3
-1
-2
1
-1
-2
-2
5
0
-5
-4
-7
-9
-9
0
-6
-7
-3
-4
-7
-4
-5
-7
-7
-2
-3
-1
-1
-6
-4
-8
4
-1
-3
-2
-3
3
-4
-2
2
3
3
-6
-6
-4
-1
0
-1
-2
0
2
5
-2
-1
1
-2
-5
-5
-3
1
-4
-1
1
-4
-5
-2
-2
-5
-3
-5
-4
-5
1
-1
-3
0
-1
-1
-4
-3
-7
-2
-3
-7
-5
-2
2
1
-2
3
2
-6
-3
-3
-2
0
4
4
2
4
4
-1
-1
2
4
0
3
5
1
6
12
10
5
3
4
9
3
3
7
6
12
13
9
9
6
3
7
0
-3
2
1
8
3
3
3
6
2
2
3
-1
9
9
3
7
2
1
10
3
2
2
1
2
5
2
1
4
5
2
-2
0
0
-4
-9
-2
0
3
0
-3
-3
-2
-4
0
-5
-5
-1
-3
-4
-5
0
-2
2
-5
-11
-6
-7
-1
-2
1
2
-2
1
3
-2
-2
-4
-10
-3
0
0
-1
3
3
6
7
0
0
7
-2
6
8
7
7
2
3
1
10
6
4
5
6
9
1
10
5
3
5
2
6
3
4
1
1
2
5
3
5
6
3
2
1
4
3
6
8
4
3
5
5
-1
-2
2
1
4
-1
0
3
3
3
4
11
7
5
8
8
2
9
7
5
7
8
9
14
13
10
8
6
10
4
5
11
9
2
9
10
11
5
3
8
10
8
1
2
3
1
-5
-1
-4
-6
-5
-2
-1
-1
-3
-3
-1
-5
0
0
2
0
2
-2
-2
1
0
0
-6
-1
-2
-4
-9
-1
-3
-3
-5
-2
6
4
-4
-2
3
3
3
0
1
-2
3
3
3
0
10
6
-2
4
2
-2
3
4
5
0
0
2
-2
-5
-8
-3
-5
-1
0
-1
-2
-7
-7
-6
-5
-8
-6
0
-6
1
1
1
3
-2
0
-8
1
0
1
0
-4
0
-6
-7
-6
-7
-4
-2
-8
-6
-1
-5
-4
-2
-9
-5
-3
-4
-4
-9
-4
-5
1
-4
-8
-2
-6
-8
-10
-8
-6
-7
-8
-5
-5
-4
-3
-4
-6
-6
-3
-3
-4
-4
2
4
-3
-3
-1
-1
-3
-2
1
-3
-6
-6
-4
-2
-3
-5
-4
-8
-3
0
0
-1
-3
1
1
4
-2
1
4
-2
-4
-7
-6
-3
0
-13
-12
0
-2
-4
-1
-5
-9
-3
1
5
-1
0
1
-3
0
-4
-4
-4
-3
3
4
2
-4
2
-1
-2
-2
-6
-5
2
-3
-7
-7
-8
-4
0
-2
-4
-3
-4
-7
-2
-1
-4
2
4
4
-1
0
-1
-3
1
1
-3
-1
-2
-2
-1
-4
-2
-5
-2
0
2
1
2
7
0
1
0
0
-4
-1
-3
-1
4
-1
0
0
-1
-3
-6
-2
1
-6
-4
4
-4
-3
0
-7
-1
-6
-6
-6
-5
-1
-7
-4
0
-5
-3
-3
-3
-3
-7
-3
-1
-1
-4
-3
0
-5
-3
-2
-6
1
0
1
-1
-1
-5
2
-2
-5
2
-3
-4
-3
-3
-6
-1
-2
-5
-4
-5
-11
-6
-2
-1
0
-5
-2
0
-1
-1
4
6
-3
1
-4
-2
2
0
0
3
1
3
-1
3
-2
-2
0
-4
1
1
3
-1
5
5
4
-2
2
4
-1
1
2
2
0
4
2
3
1
-3
4
-1
-1
-1
3
3
1
3
0
-3
2
3
-3
-4
-2
-4
1
3
-3
0
0
1
0
-1
3
0
1
4
-1
2
-3
-1
3
0
-3
2
-1
-1
1
3
2
-5
0
1
1
1
-1
-1
-2
-1
0
-1
-9
-4
-1
-5
-4
-1
-1
3
4
-4
2
1
2
-1
-1
3
4
1
2
-1
-1
5
5
4
1
-4
-1
3
8
3
-2
5
0
-1
-1
0
-2
-4
0
3
-2
-3
0
-2
-2
-3
-6
-7
-3
-2
1
-8
-8
-5
-7
-3
-6
-1
-4
-6
-4
-11
-7
-6
-11
-5
-10
-2
-4
-7
-4
-5
0
-6
-4
-4
-8
-1
3
4
3
5
8
9
5
0
-1
1
2
4
4
0
1
0
5
-1
2
-1
-2
5
3
-1
-1
1
-1
1
-4
-2
-4
-6
-3
-3
-2
2
-2
-2
2
-4
-7
-4
-6
-7
-5
-4
-4
2
-1
3
-1
-6
-1
-6
-2
-5
-4
-4
0
-5
-6
-3
-3
-2
-1
-3
-6
-5
-6
-2
-3
-7
-6
-5
-6
-9
-5
-1
1
-2
-2
-3
-4
-9
-1
2
-7
-6
-7
-4
-6
-3
-4
-3
-2
-6
-1
-9
-6
-2
-4
2
3
-6
-3
0
-6
1
-1
-6
-3
-6
-6
-2
-6
-6
-3
-2
-4
-8
1
-2
0
0
-2
-4
-1
-2
1
4
0
-5
-1
1
-2
-5
-2
-2
-6
4
-5
-9
-7
-9
-6
-8
-2
-5
-3
-6
-5
-4
-10
-3
-8
-6
-2
-5
-6
-3
-2
-3
-2
0
1
-8
-6
-7
-3
-6
-6
-2
-4
-3
-8
-5
0
-3
-6
-3
-3
4
-4
-6
-7
-7
-4
-8
-8
-5
-3
-2
-4
-8
-2
0
0
-4
-3
-2
-5
-2
-4
-5
2
0
-1
-3
3
-1
4
5
0
1
7
6
5
4
1
0
3
5
-2
7
3
5
4
2
-1
5
5
4
5
-1
-3
-2
-4
-4
2
-2
4
-1
-4
3
6
4
2
-1
0
3
-1
6
2
0
-1
-6
-7
-1
-1
-2
-3
0
2
1
5
0
3
1
4
3
1
3
6
4
4
4
6
4
7
2
0
3
1
1
0
-3
1
2
-8
-4
2
0
-5
1
6
1
-5
-1
0
4
6
1
2
2
0
7
-2
-2
4
2
1
-4
0
3
4
0
1
6
1
0
9
2
3
3
-1
4
2
2
8
10
7
2
5
2
5
7
14
12
9
4
3
8
-2
2
0
6
4
-3
0
1
0
7
4
0
0
-2
4
4
-3
0
2
-1
-1
-3
0
-2
-1
0
2
-1
4
2
2
5
0
4
7
5
2
10
4
2
7
6
8
1
1
3
6
4
5
1
4
8
4
7
0
3
4
4
5
3
9
6
14
14
3
10
9
12
10
9
10
11
11
15
11
8
15
9
17
11
10
10
11
15
10
14
10
10
17
14
14
13
15
14
11
11
10
13
7
10
10
4
8
6
4
5
0
4
5
1
6
5
2
4
3
0
3
1
-1
4
3
-2
1
-2
1
0
2
0
1
0
1
1
2
6
3
4
2
4
1
0
4
5
4
8
3
3
6
0
4
2
6
4
8
1
4
5
3
5
0
5
1
11
4
3
7
4
9
8
4
3
5
8
14
6
8
8
1
6
6
0
4
4
6
1
3
4
4
4
2
0
-3
2
-2
-3
-5
-2
1
2
3
-1
-2
1
-1
-1
-2
-1
-2
1
2
2
11
5
3
0
6
9
10
10
9
6
8
12
8
12
4
4
10
6
5
7
4
3
9
1
3
3
5
6
4
6
2
4
7
6
3
-2
0
5
1
3
1
3
0
2
2
4
2
2
1
2
1
1
-1
0
-2
-3
2
0
0
-1
-1
-4
-2
-2
-1
-1
0
0
-6
-3
-2
-1
-4
-2
-5
-11
-3
-2
-1
2
-3
-5
-4
-5
-3
-3
-3
-3
-6
-1
3
3
4
4
4
6
7
9
4
4
-1
3
6
-3
2
-2
2
0
0
7
2
3
6
3
5
3
3
5
-1
1
1
-3
2
-2
3
3
0
6
-1
9
8
11
6
9
10
3
7
7
6
6
6
4
13
7
10
9
7
4
7
9
4
4
4
6
10
11
8
4
7
11
8
6
6
6
5
2
3
6
0
2
6
3
3
2
4
4
6
4
2
2
-8
-1
0
-1
1
2
-1
-1
0
-5
1
-1
-3
2
2
0
-1
-4
-4
-4
-6
-4
-7
-4
-2
-4
-2
-5
-7
-6
-12
-8
-3
-10
-7
-10
-9
-7
-11
-5
-9
-15
-13
-7
-6
-6
-7
-10
-8
-7
-6
-5
-6
-7
-11
-6
-8
-11
-10
-8
-3
-2
-9
-7
1
-4
-3
-3
-3
0
-2
1
-5
-1
-2
0
-1
-4
0
-3
4
-2
4
1
1
-6
-3
2
-4
2
-5
-4
0
-2
-7
0
-1
-3
5
3
1
3
-3
0
0
0
3
-3
1
1
0
1
-1
2
1
-6
-5
-4
-5
-7
-7
-6
-1
2
-3
-1
-7
-5
-3
-8
-5
-5
-5
0
2
-4
1
-1
-1
1
-1
0
-1
-2
-2
0
-5
2
3
2
3
-1
6
1
-6
1
1
-1
0
-3
0
1
-5
-2
-1
0
-1
-7
-4
-2
-3
-3
-6
-8
-4
-6
-6
-2
-4
-5
-3
-2
-1
-2
-2
-6
-8
-5
-6
0
-6
-3
-3
0
-6
-11
-6
-8
-11
-16
-6
-8
-7
-5
-11
-4
-10
-4
-9
-11
-9
-10
-5
-3
-6
-6
0
-1
-6
-7
-8
-2
-4
-7
-4
-2
-9
-7
-3
-4
-3
-1
-5
-4
-1
-2
4
-1
-4
-3
-7
-5
1
-5
-4
-3
0
0
-7
-4
1
-7
-7
-2
-4
-2
-8
-6
-7
-5
-2
-9
-5
-6
-1
-4
-2
-1
-8
-5
-9
-4
-4
1
0
-1
-1
-9
-10
-13
0
-3
-1
0
-3
-2
0
-2
-1
-1
-2
1
3
-3
3
6
-1
2
4
1
-1
0
0
-8
-8
-7
-8
-6
-11
-7
-6
-7
-3
-7
-9
-12
-7
-7
-5
-2
-9
-5
-5
-2
-9
-6
-7
-11
-13
-15
-13
-13
-14
-12
-11
-14
-11
-11
-13
-15
-10
-9
-8
-9
-13
-15
-12
-10
-6
-11
-12
-7
-7
-5
-4
-6
-6
-1
-5
-2
0
-8
-1
0
2
-4
-4
-3
-4
-4
-5
-3
-5
-3
0
1
1
6
-3
0
-1
0
-3
-5
-2
0
3
-5
-4
3
-4
-3
-2
-3
4
-1
-1
1
-4
1
0
-5
-1
-7
-3
4
6
4
9
7
5
6
4
8
1
4
7
4
2
5
6
3
2
-1
4
2
-2
0
3
-3
-3
3
5
1
4
5
-1
5
5
2
7
5
8
6
1
5
-1
-2
-3
-4
1
-2
0
1
-5
-4
3
8
-2
-2
-2
-1
-3
-5
-4
1
-1
-6
-5
-3
-4
-6
-3
-7
-5
-2
-7
-2
-2
-3
-3
-4
-4
-3
-3
-8
-2
-7
-5
-4
-6
-6
-8
-6
-6
-9
-9
-4
-7
-3
-6
-8
-7
-9
-3
-2
-4
-3
-6
5
-3
-5
0
-2
-5
-2
3
-1
-1
-1
-3
-4
-3
-2
1
2
-2
-2
-4
-3
-2
-1
0
3
0
5
3
1
4
6
6
-2
2
8
4
5
-2
-2
-2
-1
0
3
-2
0
0
1
2
3
1
0
8
4
8
11
4
4
11
2
5
1
3
7
3
3
9
2
4
6
4
5
7
6
7
4
1
4
0
3
1
-3
1
2
1
-3
-3
0
-1
0
-5
-3
0
-3
0
-3
2
2
-5
-5
-7
-8
-4
-5
-6
-6
-5
-5
-2
-8
-8
-5
-11
-4
-8
-10
-5
-7
-3
-9
-8
-8
-5
-9
-9
-3
-3
-8
-6
-6
-8
-4
-1
-1
-1
-2
-4
-6
-7
-5
2
-5
-4
-4
-6
-9
-7
-3
-2
-3
-2
-2
-2
4
2
2
-4
-3
-4
-11
-4
-6
-9
-3
-5
0
-2
-2
1
-6
-4
0
0
5
-1
-1
-1
2
-3
-5
-1
1
-2
6
5
3
2
2
3
1
-2
2
3
3
3
0
0
-2
-3
-5
-7
-3
0
2
6
-2
-1
0
1
-2
3
-2
-3
-1
-1
4
-3
0
-3
0
4
1
-3
1
0
0
2
-4
-4
0
-1
-1
-3
-4
-2
-4
2
-1
-5
-7
-6
2
1
-5
-7
-3
-4
-3
-7
-4
-10
-8
-10
-12
-13
-12
-11
-9
-9
-12
-9
-13
-8
-8
-5
0
-11
-10
-5
-9
-3
-7
-8
-6
-11
-6
-7
-5
-5
-7
-3
-6
-3
-11
-10
-4
-3
-5
-4
-4
-13
-6
-4
-1
0
-6
-2
-3
-4
-1
-2
2
1
3
-1
-2
0
-5
-1
1
4
6
4
3
5
6
7
9
2
-1
7
4
8
9
8
9
5
9
5
4
-1
-1
4
3
9
5
7
3
7
6
3
7
6
5
8
8
3
-2
-2
-1
1
-3
-5
-5
-7
-1
-7
-9
-6
-11
-8
-13
-19
-17
-19
-16
-24
-21
-17
-26
-26
-19
-16
-20
-13
-12
-15
-14
-5
-15
-11
-10
-6
-2
-12
-15
-8
-9
-11
-4
-8
-8
-4
-2
1
2
0
-5
-4
-2
-5
-8
-10
-10
-9
-5
-6
-9
-8
-9
-4
-6
-7
-13
-15
-12
-18
-17
-20
-17
-20
-22
-17
-15
-14
-13
-12
-14
-15
-13
-14
-15
-10
-4
-4
-10
-5
4
-2
2
7
8
5
7
16
6
9
9
11
13
11
15
13
9
8
-3
-6
-7
-11
-16
-25
-27
-34
-32
-34
-39
-48
-49
-52
-59
-58
-60
-59
-57
-53
-43
-41
-34
-23
-12
2
13
20
29
44
54
62
76
90
96
105
115
124
127
136
147
151
149
158
157
140
141
141
130
105
103
90
51
31
14
-27
-70
-94
-128
-183
-227
-245
-288
-342
-359
-375
-425
-457
-448
-467
-497
-475
-459
-474
-450
-385
-352
-324
-235
-136
-72
30
187
311
414
585
768
877
1005
1189
1282
1291
1361
1423
1326
1190
1141
997
726
538
419
154
-129
-221
-316
-555
-679
-639
-729
-879
-837
-773
-904
-968
-861
-880
-1028
-989
-884
-974
-1021
-870
-793
-857
-757
-549
-520
-500
-294
-157
-187
-109
65
58
-18
67
97
-33
-94
-29
-91
-212
-116
24
41
170
498
740
894
1242
1623
1744
1847
2091
2131
1912
1807
1727
1361
940
756
486
17
-244
-292
-532
-783
-720
-658
-813
-819
-607
-620
-748
-637
-540
-707
-806
-718
-791
-984
-967
-884
-971
-988
-785
-670
-633
-435
-177
-65
34
238
342
317
335
362
242
90
9
-123
-311
-425
-461
-556
-622
-560
-503
-480
-365
-192
-105
2
203
361
453
613
830
939
1052
1264
1395
1413
1510
1620
1558
1474
1476
1382
1135
993
890
618
345
220
34
-282
-473
-585
-828
-1078
-1165
-1272
-1492
-1592
-1577
-1655
-1737
-1676
-1600
-1604
-1553
-1400
-1298
-1243
-1114
-963
-868
-763
-617
-482
-373
-265
-144
-32
74
165
257
403
551
684
902
1199
1467
1734
2118
2500
2722
2926
3175
3249
3083
2938
2780
2343
1793
1391
946
297
-222
-503
-879
-1335
-1487
-1486
-1687
-1818
-1657
-1576
-1702
-1647
-1447
-1472
-1578
-1465
-1340
-1445
-1483
-1302
-1239
-1321
-1211
-977
-927
-895
-646
-409
-364
-249
27
148
103
176
286
158
-43
-86
-166
-420
-560
-475
-431
-411
-109
388
767
1184
1858
2493
2838
3187
3627
3747
3518
3370
3196
2599
1901
1474
953
159
-375
-570
-963
-1417
-1412
-1292
-1481
-1523
-1209
-1109
-1277
-1162
-963
-1139
-1357
-1289
-1364
-1700
-1837
-1806
-1982
-2169
-2062
-1923
-1922
-1761
-1420
-1180
-964
-628
-321
-158
-19
126
133
35
-62
-176
-344
-466
-472
-412
-261
70
567
1116
1744
2502
3228
3776
4281
4734
4870
4706
4510
4155
3419
2621
1993
1175
206
-438
-862
-1475
-1938
-1949
-1991
-2184
-2063
-1719
-1682
-1704
-1413
-1265
-1449
-1507
-1422
-1630
-1940
-1983
-2045
-2309
-2404
-2260
-2192
-2124
-1822
-1455
-1178
-834
-384
-40
177
385
538
524
403
255
75
-200
-429
-491
-483
-426
-119
439
1004
1654
2539
3396
3977
4574
5178
5339
5138
5000
4635
3755
2879
2208
1238
87
-588
-1069
-1812
-2312
-2262
-2304
-2499
-2267
-1843
-1792
-1754
-1383
-1210
-1400
-1452
-1379
-1630
-1991
-2096
-2198
-2506
-2670
-2556
-2465
-2405
-2146
-1710
-1342
-993
-518
-39
225
392
610
679
488
259
105
-188
-561
-672
-614
-624
-406
232
906
1536
2482
3526
4225
4851
5585
5911
5723
5545
5265
4418
3400
2635
1674
409
-488
-1019
-1784
-2465
-2561
-2557
-2768
-2658
-2201
-2029
-2000
-1651
-1343
-1446
-1547
-1475
-1650
-2045
-2243
-2384
-2710
-2968
-2947
-2874
-2836
-2590
-2167
-1739
-1290
-748
-216
176
463
700
809
705
492
271
-24
-350
-531
-547
-503
-223
381
1095
1892
2911
3940
4738
5523
6256
6520
6391
6254
5828
4859
3857
2988
1768
408
-467
-1190
-2175
-2813
-2883
-3052
-3278
-2996
-2553
-2471
-2290
-1793
-1562
-1672
-1629
-1576
-1863
-2201
-2364
-2627
-3012
-3218
-3243
-3242
-3143
-2867
-2473
-1991
-1452
-888
-327
142
476
729
880
805
574
344
70
-224
-378
-383
-268
105
751
1516
2451
3529
4497
5336
6219
6835
6908
6819
6634
5905
4809
3886
2829
1320
43
-738
-1707
-2755
-3144
-3217
-3564
-3626
-3122
-2824
-2805
-2394
-1843
-1789
-1840
-1623
-1655
-2048
-2239
-2309
-2687
-3060
-3101
-3098
-3167
-3004
-2622
-2263
-1846
-1252
-661
-204
198
555
743
762
662
445
126
-188
-409
-547
-567
-362
131
795
1624
2693
3783
4705
5645
6559
7040
7086
7042
6743
5862
4816
3902
2674
1132
-5
-832
-1921
-2847
-3126
-3297
-3649
-3546
-3027
-2848
-2747
-2204
-1758
-1795
-1757
-1541
-1724
-2139
-2279
-2447
-2939
-3264
-3261
-3332
-3411
-3142
-2712
-2383
-1914
-1220
-640
-222
215
587
696
646
551
310
-76
-402
-574
-690
-707
-409
205
915
1810
3008
4174
5104
6089
7073
7506
7487
7457
7138
6143
5035
4127
2809
1154
6
-835
-2033
-3019
-3270
-3483
-3898
-3778
-3254
-3081
-2977
-2420
-1964
-2002
-1982
-1797
-1978
-2404
-2634
-2862
-3319
-3681
-3751
-3762
-3746
-3510
-3049
-2516
-1950
-1282
-561
26
439
789
1030
1008
786
556
236
-151
-386
-449
-424
-140
502
1275
2225
3428
4575
5524
6559
7472
7766
7737
7718
7206
6072
5039
4029
2445
803
-216
-1240
-2607
-3407
-3587
-3989
-4326
-3959
-3489
-3417
-3082
-2373
-2064
-2108
-1919
-1780
-2107
-2493
-2688
-3040
-3561
-3864
-3914
-3961
-3924
-3598
-3075
-2513
-1882
-1113
-359
199
638
1046
1258
1178
991
756
408
55
-117
-180
-108
286
944
1759
2832
4018
5042
6039
7109
7777
7886
7912
7751
6895
5747
4800
3513
1743
360
-599
-1904
-3152
-3618
-3899
-4405
-4416
-3872
-3616
-3484
-2859
-2232
-2133
-2046
-1761
-1848
-2272
-2518
-2742
-3264
-3752
-3914
-3994
-4099
-3950
-3514
-3023
-2489
-1758
-956
-327
181
689
1045
1101
1022
864
507
105
-114
-263
-392
-169
409
1067
1968
3266
4478
5423
6571
7730
8173
8188
8327
8006
6885
5802
4893
3311
1442
258
-789
-2329
-3457
-3767
-4222
-4779
-4562
-4005
-3931
-3709
-2919
-2419
-2418
-2219
-1937
-2184
-2608
-2750
-3021
-3609
-3985
-4010
-4077
-4116
-3799
-3241
-2730
-2120
-1260
-455
121
640
1153
1396
1341
1223
973
479
32
-191
-424
-583
-290
312
969
1970
3348
4504
5482
6749
7844
8176
8259
8435
7957
6796
5837
4861
3129
1350
266
-911
-2493
-3460
-3766
-4314
-4763
-4395
-3902
-3823
-3428
-2599
-2181
-2147
-1883
-1703
-2044
-2442
-2649
-3078
-3724
-4111
-4244
-4407
-4460
-4190
-3719
-3226
-2579
-1746
-954
-331
255
794
1100
1153
1071
863
494
161
-43
-223
-241
142
743
1493
2637
3966
5051
6139
7449
8345
8562
8738
8805
8064
6894
5989
4760
2817
1171
84
-1399
-2996
-3758
-4181
-4894
-5133
-4617
-4304
-4212
-3553
-2737
-2482
-2319
-1912
-1882
-2278
-2505
-2704
-3287
-3850
-4063
-4242
-4444
-4334
-3983
-3590
-3036
-2260
-1471
-758
-59
538
971
1225
1297
1119
788
437
108
-205
-405
-303
104
681
1559
2834
4125
5211
6455
7802
8567
8784
9029
8988
8114
6986
6073
4648
2639
1096
-49
-1661
-3205
-3879
-4361
-5060
-5165
-4624
-4371
-4218
-3472
-2705
-2523
-2362
-2007
-2073
-2491
-2737
-3006
-3600
-4132
-4323
-4458
-4576
-4423
-4013
-3510
-2873
-2068
-1224
-455
220
800
1236
1457
1407
1174
821
390
-10
-328
-546
-476
-44
609
1511
2813
4170
5312
6601
7995
8789
9002
9267
9225
8306
7145
6204
4708
2620
1050
-113
-1792
-3388
-4044
-4506
-5223
-5292
-4695
-4434
-4252
-3442
-2628
-2444
-2275
-1897
-1985
-2450
-2712
-3011
-3699
-4300
-4514
-4703
-4902
-4768
-4369
-3885
-3232
-2370
-1493
-712
41
679
1145
1393
1387
1144
777
385
-11
-362
-563
-457
-29
640
1612
2928
4269
5463
6819
8209
8996
9253
9537
9470
8561
7436
6457
4897
2817
1243
4
-1735
-3329
-4021
-4565
-5299
-5352
-4799
-4586
-4398
-3566
-2786
-2632
-2436
-2050
-2158
-2614
-2826
-3112
-3818
-4378
-4524
-4685
-4881
-4679
-4192
-3712
-3048
-2091
-1173
-445
313
1019
1427
1587
1594
1354
881
429
78
-304
-584
-455
10
625
1580
2970
4317
5464
6856
8279
9015
9257
9563
9449
8462
7323
6318
4672
2534
978
-327
-2120
-3650
-4306
-4870
-5563
-5494
-4898
-4672
-4371
-3455
-2697
-2505
-2220
-1832
-2001
-2450
-2646
-3020
-3783
-4342
-4557
-4827
-5033
-4841
-4442
-4014
-3312
-2361
-1481
-709
111
810
1241
1480
1534
1308
869
480
144
-235
-481
-335
117
728
1707
3112
4437
5594
7020
8452
9181
9455
9804
9666
8664
7564
6558
4847
2711
1165
-188
-2032
-3541
-4206
-4865
-5578
-5488
-4951
-4800
-4505
-3599
-2922
-2773
-2459
-2089
-2291
-2706
-2849
-3206
-3925
-4417
-4581
-4818
-4966
-4711
-4279
-3821
-3098
-2147
-1269
-493
289
949
1352
1550
1551
1288
815
348
-52
-454
-744
-670
-239
364
1304
2705
4110
5326
6768
8289
9180
9535
9925
9927
9019
7896
6909
5285
3116
1448
93
-1731
-3358
-4110
-4730
-5470
-5505
-4963
-4736
-4508
-3669
-2907
-2713
-2480
-2105
-2220
-2655
-2882
-3185
-3863
-4439
-4667
-4838
-4993
-4834
-4406
-3896
-3215
-2323
-1379
-555
173
839
1341
1558
1524
1305
904
379
-54
-404
-723
-750
-339
292
1139
2468
3958
5195
6562
8163
9197
9576
9982
10133
9339
8174
7218
5705
3510
1721
376
-1424
-3203
-4080
-4679
-5488
-5673
-5154
-4889
-4715
-3950
-3110
-2820
-2611
-2217
-2206
-2597
-2878
-3154
-3767
-4393
-4711
-4890
-5062
-5025
-4669
-4139
-3493
-2667
-1713
-811
-53
639
1240
1562
1569
1431
1127
647
219
-102
-398
-463
-98
506
1307
2567
4010
5234
6570
8130
9209
9615
9998
10182
9461
8305
7325
5872
3706
1844
472
-1308
-3140
-4114
-4747
-5572
-5848
-5394
-5114
-4973
-4243
-3387
-3080
-2853
-2413
-2354
-2723
-2947
-3173
-3763
-4360
-4607
-4810
-4992
-4886
-4512
-4047
-3395
-2515
-1602
-759
61
783
1308
1629
1718
1545
1167
707
260
-162
-517
-612
-351
177
960
2181
3609
4876
6216
7786
8971
9466
9855
10111
9533
8389
7408
6100
4003
2062
708
-949
-2849
-3924
-4486
-5303
-5721
-5289
-4917
-4844
-4215
-3283
-2925
-2795
-2362
-2215
-2615
-2915
-3087
-3647
-4311
-4587
-4737
-4969
-4927
-4532
-4076
-3509
-2658
-1724
-920
-157
585
1120
1397
1481
1366
997
502
80
-294
-661
-776
-479
70
831
2047
3538
4844
6171
7768
9060
9612
9993
10309
9831
8706
7691
6438
4391
2361
948
-668
-2609
-3842
-4442
-5224
-5750
-5422
-4997
-4896
-4361
-3409
-2921
-2797
-2437
-2203
-2513
-2914
-3151
-3636
-4341
-4773
-4943
-5125
-5197
-4882
-4346
-3733
-2951
-1965
-1007
-216
546
1227
1590
1653
1588
1314
803
318
-27
-383
-590
-329
223
931
2074
3553
4862
6138
7714
9026
9612
9979
10307
9882
8780
7759
6507
4503
2477
987
-650
-2568
-3846
-4536
-5338
-5842
-5582
-5210
-5057
-4512
-3614
-3109
-2891
-2513
-2305
-2533
-2845
-3105
-3603
-4227
-4641
-4902
-5100
-5125
-4894
-4450
-3831
-3040
-2141
-1209
-342
414
1062
1489
1630
1549
1296
848
339
-67
-404
-616
-448
56
739
1810
3265
4637
5912
7455
8877
9599
10005
10396
10150
9136
8111
6966
5072
2983
1417
-171
-2110
-3545
-4305
-5129
-5768
-5621
-5241
-5128
-4687
-3800
-3256
-3063
-2688
-2411
-2641
-2950
-3132
-3592
-4237
-4622
-4825
-5087
-5142
-4854
-4450
-3936
-3147
-2232
-1394
-557
253
883
1277
1484
1476
1213
782
322
-92
-455
-684
-560
-116
518
1498
2928
4359
5615
7086
8618
9537
9946
10370
10364
9483
8393
7389
5736
3568
1860
416
-1470
-3148
-3991
-4719
-5532
-5632
-5165
-5001
-4802
-3985
-3261
-3085
-2849
-2458
-2560
-2993
-3199
-3493
-4149
-4675
-4849
-5041
-5212
-4996
-4541
-4055
-3384
-2454
-1543
-741
59
783
1253
1469
1511
1358
962
450
16
-357
-662
-718
-384
181
982
2241
3717
5011
6345
7921
9135
9682
10098
10365
9834
8747
7776
6483
4445
2499
1080
-599
-2497
-3653
-4308
-5170
-5633
-5275
-4943
-4869
-4281
-3364
-2974
-2828
-2416
-2230
-2589
-2911
-3107
-3647
-4327
-4662
-4838
-5102
-5120
-4756
-4297
-3762
-2952
-2017
-1175
-402
349
953
1280
1371
1306
1048
590
103
-275
-572
-744
-571
-49
669
1707
3145
4558
5843
7319
8769
9590
9979
10353
10225
9286
8201
7126
5389
3274
1656
164
-1738
-3286
-4054
-4818
-5597
-5585
-5151
-5065
-4797
-3929
-3287
-3179
-2865
-2449
-2611
-3027
-3163
-3463
-4151
-4595
-4705
-4946
-5120
-4820
-4325
-3898
-3221
-2235
-1355
-622
181
893
1289
1452
1499
1318
867
344
-92
-475
-796
-845
-508
76
901
2190
3701
5021
6395
8027
9284
9836
10273
10589
10062
8954
7984
6697
4619
2653
1257
-460
-2411
-3572
-4225
-5150
-5689
-5329
-5035
-5065
-4515
-3580
-3256
-3205
-2746
-2522
-2961
-3299
-3404
-3932
-4661
-4929
-5039
-5343
-5372
-4912
-4453
-4002
-3161
-2123
-1318
-594
263
925
1200
1336
1416
1168
642
240
-27
-387
-622
-371
165
774
1824
3357
4711
5907
7486
9028
9768
10143
10650
10538
9529
8525
7561
5752
3585
2066
578
-1451
-3042
-3817
-4710
-5610
-5617
-5244
-5277
-5052
-4162
-3524
-3399
-3053
-2613
-2731
-3082
-3201
-3508
-4166
-4648
-4865
-5131
-5314
-5147
-4786
-4350
-3705
-2819
-1905
-1101
-314
450
1013
1274
1357
1312
987
489
134
-140
-488
-565
-157
415
1153
2432
3924
5143
6510
8182
9354
9848
10370
10705
10110
9079
8228
6870
4781
2977
1575
-275
-2174
-3278
-4114
-5135
-5590
-5336
-5249
-5227
-4604
-3821
-3528
-3291
-2834
-2705
-2958
-3153
-3367
-3879
-4418
-4744
-5014
-5226
-5209
-4970
-4592
-4014
-3259
-2413
-1542
-729
5
656
1092
1236
1231
1087
687
232
-49
-310
-542
-369
181
835
1824
3273
4648
5870
7393
8889
9658
10072
10565
10454
9526
8560
7553
5768
3714
2199
642
-1356
-2888
-3707
-4647
-5507
-5529
-5248
-5311
-5057
-4220
-3686
-3577
-3200
-2794
-2921
-3200
-3278
-3580
-4165
-4521
-4676
-4928
-5062
-4818
-4461
-4069
-3413
-2570
-1789
-1051
-255
425
847
1092
1211
1108
759
344
-1
-305
-579
-584
-206
357
1160
2427
3880
5137
6490
8093
9291
9827
10286
10612
10103
9075
8192
6919
4899
3050
1683
-50
-1978
-3128
-3863
-4862
-5457
-5220
-5079
-5200
-4716
-3913
-3684
-3640
-3183
-2973
-3342
-3592
-3643
-4083
-4677
-4863
-4951
-5217
-5205
-4790
-4394
-3973
-3179
-2268
-1541
-791
49
674
995
1239
1356
1138
738
403
100
-255
-446
-274
141
727
1727
3119
4446
5692
7214
8735
9620
10090
10613
10633
9813
8853
7920
6284
4193
2591
1129
-836
-2550
-3438
-4327
-5330
-5564
-5270
-5336
-5289
-4539
-3918
-3850
-3586
-3089
-3132
-3493
-3561
-3716
-4291
-4739
-4840
-5042
-5255
-5082
-4699
-4366
-3818
-2962
-2141
-1427
-625
149
674
1005
1240
1261
994
661
376
89
-192
-234
52
528
1259
2418
3786
5000
6298
7864
9103
9715
10213
10618
10265
9329
8488
7362
5462
3561
2150
458
-1533
-2863
-3721
-4792
-5546
-5481
-5363
-5490
-5095
-4285
-3912
-3757
-3258
-2923
-3123
-3314
-3341
-3694
-4269
-4576
-4768
-5062
-5177
-4983
-4711
-4357
-3717
-2895
-2130
-1384
-579
147
648
967
1148
1125
861
528
288
50
-167
-94
321
889
1717
3003
4340
5500
6878
8411
9395
9861
10407
10623
9953
9012
8206
6806
4767
3088
1681
-233
-2083
-3150
-4075
-5193
-5655
-5474
-5556
-5610
-4995
-4331
-4183
-3903
-3360
-3253
-3500
-3495
-3539
-3989
-4379
-4491
-4685
-4914
-4797
-4503
-4255
-3781
-3010
-2262
-1566
-766
-5
547
941
1204
1258
1077
763
423
121
-154
-300
-146
280
889
1851
3175
4442
5638
7108
8532
9340
9837
10386
10378
9579
8744
7877
6253
4265
2773
1278
-711
-2329
-3248
-4265
-5291
-5520
-5365
-5556
-5473
-4763
-4294
-4221
-3838
-3355
-3439
-3669
-3594
-3733
-4242
-4545
-4619
-4852
-5016
-4810
-4507
-4221
-3669
-2877
-2130
-1416
-618
117
618
979
1222
1242
1034
708
420
183
-57
-123
163
678
1366
2464
3846
5067
6300
7815
9095
9718
10184
10617
10304
9356
8521
7458
5579
3637
2241
591
-1432
-2814
-3638
-4726
-5591
-5562
-5436
-5636
-5331
-4542
-4214
-4130
-3608
-3227
-3482
-3673
-3565
-3867
-4469
-4676
-4739
-5050
-5149
-4811
-4490
-4181
-3493
-2609
-1876
-1138
-279
417
844
1188
1408
1325
1017
685
375
44
-232
-272
6
504
1224
2374
3738
4972
6286
7852
9103
9744
10293
10714
10359
9480
8695
7527
5585
3728
2311
528
-1519
-2841
-3729
-4897
-5684
-5607
-5548
-5738
-5304
-4497
-4216
-4060
-3453
-3142
-3431
-3536
-3444
-3854
-4470
-4644
-4772
-5157
-5250
-4907
-4646
-4361
-3634
-2740
-2047
-1299
-376
331
755
1136
1399
1304
988
707
446
95
-190
-140
172
629
1412
2653
3980
5162
6573
8163
9285
9898
10505
10834
10345
9497
8705
7354
5345
3597
2141
195
-1799
-2990
-3955
-5148
-5761
-5636
-5673
-5784
-5204
-4443
-4222
-3973
-3360
-3144
-3425
-3466
-3442
-3943
-4496
-4646
-4832
-5228
-5266
-4940
-4705
-4356
-3585
-2707
-2003
-1200
-268
431
855
1241
1471
1340
1020
733
430
46
-221
-157
151
620
1447
2710
4023
5233
6696
8296
9380
9994
10649
10955
10401
9543
8761
7334
5270
3562
2072
27
-1956
-3102
-4101
-5348
-5904
-5728
-5823
-5909
-5226
-4461
-4291
-3977
-3300
-3137
-3435
-3415
-3418
-3988
-4529
-4649
-4909
-5333
-5326
-5006
-4810
-4422
-3599
-2758
-2059
-1189
-249
409
862
1280
1489
1349
1064
814
532
173
-36
94
438
931
1845
3156
4403
5598
7150
8689
9587
10182
10852
10963
10246
9460
8589
6921
4876
3278
1634
-534
-2329
-3423
-4594
-5728
-6062
-5990
-6135
-5966
-5213
-4602
-4317
-3835
-3303
-3193
-3289
-3309
-3526
-4000
-4427
-4733
-5037
-5276
-5316
-5135
-4777
-4262
-3569
-2707
-1807
-989
-147
639
1137
1408
1611
1567
1202
890
684
327
69
285
698
1173
2152
3531
4704
5911
7552
8971
9689
10328
10968
10808
10000
9277
8247
6361
4422
2921
1092
-1076
-2642
-3700
-4968
-5939
-6080
-6095
-6294
-5955
-5164
-4740
-4477
-3873
-3417
-3486
-3517
-3426
-3741
-4248
-4470
-4675
-5069
-5199
-4987
-4821
-4551
-3874
-3085
-2388
-1557
-610
124
676
1204
1522
1520
1362
1146
852
518
277
239
427
827
1540
2653
3903
5074
6441
8012
9196
9881
10541
10950
10536
9747
9010
7709
5709
3919
2413
433
-1616
-2942
-4046
-5328
-6014
-5995
-6131
-6255
-5687
-4960
-4688
-4335
-3682
-3451
-3608
-3541
-3522
-3978
-4453
-4595
-4856
-5235
-5216
-4950
-4793
-4413
-3614
-2801
-2090
-1215
-289
384
889
1355
1587
1480
1242
982
673
322
84
118
378
833
1670
2920
4175
5357
6850
8449
9484
10118
10815
11059
10448
9663
8886
7321
5221
3571
2011
-148
-2083
-3210
-4369
-5639
-6066
-5935
-6143
-6138
-5372
-4707
-4531
-4068
-3406
-3346
-3556
-3436
-3533
-4139
-4582
-4712
-5071
-5440
-5337
-5072
-4911
-4443
-3573
-2761
-2040
-1115
-195
439
936
1378
1545
1376
1131
897
590
263
134
268
587
1184
2224
3499
4701
6014
7624
9030
9874
10558
11117
10988
10264
9500
8401
6537
4577
2967
1124
-1008
-2632
-3773
-4995
-5927
-6131
-6123
-6212
-5890
-5171
-4641
-4290
-3801
-3397
-3354
-3450
-3538
-3801
-4262
-4711
-5016
-5244
-5438
-5439
-5154
-4729
-4211
-3432
-2460
-1618
-843
55
810
1191
1467
1665
1481
1082
876
645
250
148
449
850
1487
2666
3984
5128
6536
8195
9376
10050
10747
11138
10699
9919
9140
7754
5738
3952
2358
328
-1701
-3058
-4211
-5458
-6115
-6139
-6269
-6319
-5734
-5042
-4743
-4326
-3690
-3494
-3613
-3520
-3564
-4052
-4469
-4628
-4944
-5279
-5209
-4999
-4845
-4387
-3592
-2836
-2094
-1174
-316
328
899
1359
1495
1421
1262
979
654
378
204
219
522
1090
1981
3185
4428
5697
7206
8667
9610
10265
10864
10905
10246
9490
8521
6816
4843
3245
1526
-590
-2304
-3451
-4660
-5719
-6022
-6021
-6155
-5948
-5244
-4676
-4342
-3854
-3391
-3294
-3387
-3432
-3645
-4129
-4601
-4889
-5141
-5403
-5447
-5185
-4805
-4359
-3612
-2651
-1838
-1086
-157
623
997
1290
1566
1428
1019
820
629
203
33
347
711
1224
2358
3742
4870
6198
7911
9234
9935
10665
11245
10923
10124
9422
8232
6246
4376
2854
903
-1226
-2668
-3785
-5107
-5946
-6021
-6120
-6283
-5843
-5131
-4784
-4427
-3828
-3548
-3635
-3586
-3604
-4033
-4488
-4719
-5019
-5346
-5376
-5227
-5035
-4589
-3895
-3152
-2339
-1438
-630
83
730
1157
1324
1358
1221
902
611
394
171
139
461
989
1787
3002
4304
5533
6999
8579
9650
10309
10971
11187
10615
9821
8971
7415
5373
3672
2031
-76
-1961
-3184
-4383
-5584
-6053
-6047
-6204
-6137
-5505
-4893
-4556
-4076
-3562
-3441
-3498
-3474
-3661
-4153
-4584
-4873
-5214
-5492
-5528
-5381
-5111
-4621
-3908
-3076
-2218
-1358
-485
283
847
1233
1462
1432
1200
976
751
448
303
492
829
1378
2413
3710
4869
6163
7785
9143
9935
10620
11179
10982
10231
9500
8370
6482
4557
2964
1083
-1034
-2590
-3759
-5043
-5951
-6121
-6194
-6346
-5990
-5329
-4906
-4527
-3971
-3663
-3673
-3598
-3589
-3933
-4337
-4579
-4864
-5141
-5180
-5080
-4920
-4494
-3842
-3140
-2349
-1463
-653
56
720
1175
1365
1415
1301
992
686
450
199
120
386
841
1531
2667
3960
5121
6481
8072
9244
9911
10560
10944
10520
9729
8968
7661
5678
3908
2390
442
-1546
-2861
-3942
-5155
-5808
-5813
-5911
-5978
-5467
-4788
-4449
-4086
-3573
-3378
-3466
-3451
-3551
-4020
-4493
-4774
-5072
-5376
-5449
-5336
-5103
-4638
-3955
-3172
-2340
-1482
-634
154
755
1139
1362
1400
1203
946
746
470
258
390
772
1248
2117
3406
4619
5789
7302
8791
9673
10276
10930
10995
10301
9548
8668
7016
5022
3437
1788
-300
-2076
-3222
-4416
-5549
-5932
-5959
-6175
-6104
-5468
-4954
-4708
-4232
-3767
-3722
-3757
-3657
-3854
-4327
-4615
-4797
-5096
-5273
-5177
-5000
-4703
-4102
-3352
-2607
-1794
-914
-127
508
1016
1312
1386
1276
1038
765
477
200
111
324
721
1337
2398
3701
4883
6176
7777
9095
9818
10472
11020
10782
9990
9269
8182
6300
4407
2932
1134
-956
-2430
-3478
-4725
-5619
-5718
-5792
-6032
-5703
-5008
-4689
-4457
-3919
-3613
-3751
-3749
-3688
-4087
-4590
-4779
-4976
-5325
-5405
-5187
-4998
-4647
-3948
-3164
-2450
-1617
-725
-19
549
1027
1285
1279
1150
956
700
431
254
297
582
1050
1819
2971
4232
5418
6807
8347
9442
10090
10741
11065
10583
9784
9019
7645
5654
3920
2387
392
-1595
-2868
-3983
-5228
-5864
-5874
-6038
-6124
-5576
-4930
-4678
-4328
-3744
-3554
-3701
-3660
-3695
-4154
-4632
-4813
-5050
-5402
-5438
-5191
-4947
-4567
-3837
-2979
-2226
-1400
-496
237
758
1184
1453
1392
1193
1034
815
507
373
564
863
1358
2318
3562
4677
5887
7447
8805
9601
10280
10915
10840
10143
9462
8509
6747
4834
3320
1567
-565
-2195
-3309
-4593
-5641
-5901
-5976
-6229
-6006
-5320
-4933
-4686
-4121
-3687
-3734
-3737
-3603
-3868
-4343
-4565
-4747
-5096
-5228
-5075
-4905
-4620
-4023
-3284
-2566
-1736
-885
-188
434
968
1236
1264
1186
994
731
486
296
253
490
959
1663
2742
4012
5188
6509
8064
9259
9916
10542
10982
10605
9789
9069
7843
5885
4096
2640
719
-1317
-2631
-3690
-4950
-5696
-5716
-5859
-6039
-5587
-4946
-4744
-4468
-3887
-3694
-3879
-3832
-3794
-4238
-4678
-4796
-5004
-5332
-5304
-5037
-4833
-4426
-3680
-2889
-2174
-1328
-486
156
683
1114
1287
1177
1003
799
536
255
131
272
631
1197
2137
3405
4648
5880
7379
8853
9750
10338
10946
11019
10319
9515
8629
6987
4974
3394
1798
-288
-2041
-3121
-4281
-5399
-5744
-5734
-5991
-5928
-5281
-4846
-4713
-4279
-3824
-3879
-3994
-3883
-4075
-4586
-4855
-4954
-5236
-5395
-5208
-4962
-4668
-4057
-3253
-2496
-1683
-809
-51
562
1068
1353
1392
1273
1043
754
469
219
128
344
782
1449
2515
3816
5035
6360
7940
9236
9966
10607
11110
10841
10048
9285
8129
6215
4328
2810
940
-1147
-2611
-3688
-4932
-5766
-5862
-5931
-6102
-5722
-5021
-4674
-4392
-3866
-3560
-3665
-3714
-3722
-4083
-4604
-4894
-5103
-5394
-5515
-5358
-5065
-4664
-4013
-3179
-2329
-1502
-670
134
743
1125
1349
1364
1160
881
669
389
140
245
623
1117
1977
3276
4554
5767
7315
8887
9844
10497
11180
11300
10635
9858
8973
7296
5244
3596
1902
-230
-2040
-3239
-4455
-5582
-5981
-5993
-6160
-6059
-5425
-4862
-4550
-4120
-3654
-3544
-3636
-3651
-3823
-4266
-4712
-4994
-5235
-5455
-5473
-5263
-4913
-4411
-3705
-2820
-1975
-1192
-356
383
879
1190
1371
1285
1010
813
618
306
210
482
874
1469
2567
3895
5032
6342
7981
9280
10009
10683
11216
10937
10151
9431
8277
6341
4442
2913
1051
-1046
-2539
-3632
-4906
-5791
-5901
-5965
-6176
-5835
-5134
-4775
-4502
-3936
-3622
-3730
-3726
-3691
-4048
-4522
-4733
-4969
-5288
-5330
-5130
-4939
-4555
-3852
-3095
-2349
-1481
-644
-8
568
1032
1207
1163
1004
742
430
175
-20
-51
241
757
1533
2736
4093
5338
6748
8406
9637
10311
10990
11405
10943
10100
9344
8017
5949
4111
2612
602
-1468
-2776
-3856
-5148
-5853
-5812
-5942
-6130
-5619
-4924
-4702
-4419
-3840
-3645
-3870
-3861
-3856
-4343
-4833
-4974
-5198
-5536
-5495
-5173
-4940
-4512
-3692
-2859
-2110
-1233
-351
293
801
1240
1410
1293
1083
812
477
176
-22
15
319
847
1702
2962
4315
5565
7061
8702
9816
10473
11157
11452
10850
9996
9206
7718
5585
3823
2292
210
-1814
-3027
-4114
-5392
-5970
-5870
-6016
-6135
-5528
-4815
-4609
-4307
-3713
-3552
-3791
-3804
-3841
-4358
-4909
-5086
-5310
-5663
-5673
-5372
-5076
-4658
-3854
-2941
-2159
-1309
-382
349
847
1255
1463
1359
1104
880
611
266
95
260
612
1145
2141
3495
4765
6057
7690
9237
10153
10815
11479
11485
10712
9898
8944
7158
5029
3377
1674
-513
-2336
-3467
-4656
-5782
-6113
-6053
-6232
-6104
-5388
-4798
-4519
-4080
-3582
-3520
-3652
-3658
-3865
-4395
-4845
-5103
-5404
-5645
-5641
-5419
-5076
-4545
-3774
-2896
-2044
-1187
-318
431
948
1271
1439
1348
1079
834
577
248
108
351
755
1353
2453
3835
5069
6416
8125
9537
10317
11010
11603
11368
10537
9779
8653
6665
4665
3094
1218
-970
-2563
-3671
-4956
-5898
-6045
-6090
-6301
-5983
-5259
-4858
-4571
-4024
-3697
-3772
-3769
-3746
-4122
-4612
-4864
-5138
-5466
-5535
-5397
-5250
-4868
-4157
-3416
-2657
-1755
-879
-149
526
1062
1305
1340
1255
1020
723
457
214
133
390
862
1569
2712
4074
5315
6716
8388
9677
10392
11066
11538
11166
10323
9548
8277
6242
4343
2775
813
-1304
-2758
-3885
-5157
-5947
-6043
-6155
-6301
-5878
-5221
-4896
-4562
-4039
-3834
-3915
-3860
-3897
-4308
-4724
-4912
-5178
-5450
-5406
-5217
-5032
-4577
-3816
-3041
-2269
-1378
-520
180
790
1239
1411
1358
1167
877
566
262
-6
-22
305
810
1606
2870
4237
5472
6976
8669
9827
10489
11188
11550
11020
10192
9410
7961
5866
4090
2525
433
-1596
-2887
-4056
-5328
-5954
-5978
-6169
-6254
-5695
-5102
-4880
-4473
-3942
-3880
-3988
-3871
-3984
-4501
-4852
-4985
-5314
-5580
-5424
-5198
-5043
-4501
-3644
-2895
-2138
-1177
-320
298
886
1328
1414
1272
1071
766
416
115
-78
-17
359
980
1919
3247
4624
5921
7500
9131
10149
10757
11405
11551
10863
9994
9091
7437
5297
3595
1971
-182
-2102
-3272
-4434
-5615
-6056
-6018
-6200
-6174
-5529
-4961
-4748
-4333
-3838
-3842
-3981
-3905
-4090
-4649
-5006
-5146
-5461
-5691
-5517
-5247
-5006
-4420
-3525
-2705
-1922
-973
-100
537
1068
1453
1547
1377
1135
878
553
234
99
256
647
1291
2343
3676
4946
6296
7937
9395
10236
10883
11472
11372
10590
9782
8713
6842
4787
3180
1393
-825
-2538
-3646
-4876
-5930
-6154
-6116
-6318
-6103
-5330
-4824
-4622
-4128
-3663
-3735
-3877
-3816
-4084
-4693
-5033
-5156
-5476
-5706
-5502
-5182
-4891
-4267
-3345
-2500
-1739
-818
63
654
1091
1425
1485
1253
1011
807
489
197
218
508
940
1724
2946
4241
5473
6976
8608
9772
10500
11206
11563
11131
10350
9531
8115
6089
4256
2623
578
-1522
-2950
-4124
-5401
-6138
-6204
-6328
-6452
-5953
-5213
-4877
-4587
-4017
-3720
-3844
-3885
-3878
-4288
-4845
-5056
-5212
-5538
-5659
-5402
-5086
-4703
-3977
-3065
-2262
-1473
-551
259
786
1185
1438
1399
1190
1008
788
495
371
576
958
1554
2580
3843
5047
6379
7966
9329
10173
10832
11358
11241
10553
9775
8654
6849
4906
3256
1420
-694
-2379
-3597
-4838
-5836
-6148
-6227
-6404
-6210
-5561
-5064
-4795
-4382
-3980
-3900
-3968
-3979
-4168
-4607
-4979
-5152
-5306
-5481
-5449
-5146
-4720
-4188
-3416
-2529
-1724
-951
-104
606
1014
1284
1422
1297
1069
933
729
495
566
946
1442
2254
3478
4694
5868
7339
8842
9812
10446
11089
11219
10637
9905
9013
7412
5435
3770
2074
-26
-1867
-3152
-4418
-5588
-6080
-6179
-6417
-6398
-5872
-5349
-5059
-4651
-4204
-4079
-4073
-4001
-4091
-4424
-4719
-4909
-5074
-5162
-5112
-4933
-4587
-4031
-3345
-2569
-1753
-966
-238
451
953
1217
1302
1216
966
710
506
263
177
419
900
1599
2690
3991
5201
6548
8134
9385
10111
10768
11201
10884
10136
9391
8121
6194
4399
2850
920
-1109
-2509
-3650
-4925
-5695
-5794
-5958
-6151
-5787
-5201
-4926
-4661
-4205
-4009
-4101
-4084
-4100
-4430
-4815
-5012
-5199
-5361
-5320
-5162
-4913
-4423
-3734
-2995
-2201
-1369
-635
36
641
1012
1132
1129
1001
757
558
430
357
497
963
1667
2643
3899
5148
6421
7900
9263
10100
10678
11165
11054
10332
9554
8503
6714
4776
3226
1472
-621
-2229
-3357
-4608
-5605
-5862
-5969
-6231
-6057
-5476
-5143
-4918
-4478
-4193
-4242
-4223
-4181
-4438
-4799
-4975
-5149
-5330
-5282
-5101
-4894
-4449
-3753
-3049
-2299
-1447
-695
-70
551
1005
1141
1113
1062
864
619
484
450
555
943
1626
2577
3784
5023
6279
7709
9089
9965
10522
11002
10967
10262
9437
8450
6763
4793
3200
1548
-487
-2160
-3275
-4459
-5480
-5782
-5845
-6089
-5962
-5389
-5027
-4814
-4369
-4063
-4143
-4137
-4050
-4316
-4711
-4879
-5038
-5264
-5240
-5028
-4852
-4472
-3768
-3043
-2337
-1502
-715
-98
484
955
1113
1060
962
752
468
279
181
223
568
1199
2068
3261
4573
5817
7228
8747
9795
10389
10943
11130
10550
9711
8854
7350
5333
3649
2095
82
-1768
-2952
-4095
-5262
-5714
-5741
-5985
-6010
-5455
-5005
-4823
-4419
-4019
-4057
-4127
-3988
-4173
-4635
-4857
-4989
-5265
-5346
-5134
-4965
-4713
-4069
-3305
-2611
-1816
-970
-308
297
846
1108
1094
1017
855
565
357
240
211
446
1012
1814
2901
4187
5449
6802
8304
9521
10220
10789
11125
10749
9948
9143
7844
5891
4097
2576
668
-1312
-2652
-3767
-4993
-5656
-5705
-5879
-6013
-5563
-5010
-4789
-4445
-3965
-3901
-4023
-3907
-3981
-4449
-4768
-4899
-5182
-5369
-5216
-5026
-4857
-4320
-3542
-2846
-2091
-1229
-516
68
656
1024
1057
990
870
628
396
270
230
383
867
1605
2620
3880
5123
6406
7902
9233
10016
10580
11055
10864
10088
9318
8245
6396
4462
2974
1229
-838
-2341
-3384
-4604
-5506
-5626
-5692
-5946
-5680
-5051
-4769
-4555
-4071
-3855
-4015
-3995
-3938
-4321
-4765
-4903
-5094
-5367
-5312
-5067
-4899
-4497
-3737
-2975
-2257
-1416
-619
2
578
1024
1156
1074
938
699
429
219
79
131
499
1106
1996
3229
4515
5757
7239
8773
9772
10379
10994
11123
10481
9685
8814
7193
5156
3535
1932
-127
-1904
-3036
-4204
-5299
-5654
-5654
-5889
-5828
-5236
-4810
-4604
-4178
-3820
-3894
-3941
-3849
-4105
-4573
-4808
-4998
-5299
-5369
-5193
-5048
-4754
-4099
-3351
-2647
-1825
-999
-326
300
833
1066
1066
999
796
530
344
183
117
398
966
1703
2792
4135
5376
6701
8283
9536
10206
10791
11203
10826
9989
9202
7921
5930
4113
2608
697
-1299
-2629
-3723
-4950
-5620
-5677
-5844
-5984
-5552
-5014
-4786
-4440
-3980
-3905
-4009
-3896
-3986
-4429
-4740
-4899
-5196
-5375
-5225
-5083
-4904
-4343
-3583
-2905
-2132
-1239
-520
91
715
1102
1138
1108
1001
709
447
297
147
217
665
1309
2171
3407
4723
5958
7412
8903
9842
10419
11004
11077
10408
9618
8706
7054
5091
3530
1882
-176
-1864
-2989
-4209
-5279
-5606
-5706
-5984
-5888
-5338
-4992
-4770
-4317
-4024
-4074
-4040
-3974
-4250
-4632
-4794
-5015
-5267
-5243
-5066
-4946
-4576
-3874
-3197
-2503
-1645
-854
-239
389
913
1081
1070
1016
787
486
302
132
47
326
893
1612
2685
4029
5276
6611
8174
9421
10114
10728
11143
10789
10001
9237
7967
6042
4264
2757
852
-1129
-2480
-3594
-4815
-5521
-5615
-5790
-5917
-5513
-4978
-4722
-4390
-3961
-3856
-3927
-3876
-3991
-4395
-4712
-4912
-5196
-5353
-5250
-5117
-4909
-4372
-3660
-2983
-2217
-1362
-651
-24
574
940
1018
985
849
585
358
182
37
153
612
1252
2159
3447
4771
6045
7546
9053
10001
10595
11179
11234
10541
9723
8777
7095
5082
3444
1776
-300
-2046
-3195
-4368
-5425
-5771
-5788
-5983
-5871
-5291
-4836
-4589
-4172
-3844
-3885
-3931
-3902
-4156
-4580
-4845
-5055
-5299
-5348
-5191
-5026
-4683
-4034
-3299
-2571
-1745
-919
-223
412
941
1181
1196
1113
896
618
377
160
71
311
813
1524
2592
3922
5181
6539
8138
9444
10181
10801
11279
10988
10164
9372
8172
6219
4325
2794
912
-1153
-2600
-3679
-4903
-5700
-5780
-5872
-6032
-5652
-5030
-4731
-4440
-3967
-3802
-3923
-3874
-3904
-4315
-4700
-4868
-5113
-5328
-5248
-5079
-4906
-4419
-3680
-2985
-2250
-1389
-651
-43
568
984
1045
986
886
620
319
136
-3
33
435
1100
1990
3216
4577
5868
7359
8917
9968
10568
11165
11358
10735
9886
9015
7451
5401
3732
2157
88
-1783
-2948
-4089
-5257
-5712
-5725
-5968
-5990
-5426
-4965
-4783
-4392
-4019
-4044
-4105
-3996
-4204
-4667
-4903
-5052
-5317
-5380
-5195
-5040
-4743
-4078
-3332
-2647
-1820
-981
-335
287
864
1097
1065
1023
859
530
283
146
35
197
745
1484
2505
3822
5124
6456
8038
9427
10196
10798
11318
11113
10304
9526
8394
6469
4529
3021
1183
-948
-2449
-3521
-4784
-5672
-5770
-5861
-6099
-5789
-5154
-4841
-4565
-4086
-3876
-3987
-3928
-3906
-4298
-4696
-4869
-5107
-5335
-5265
-5102
-4953
-4493
-3760
-3066
-2325
-1471
-736
-127
513
944
1004
976
890
605
317
172
44
25
420
1108
1971
3185
4540
5817
7279
8857
9946
10542
11146
11368
10772
9954
9101
7547
5483
3805
2221
124
-1752
-2944
-4148
-5356
-5809
-5832
-6106
-6135
-5585
-5117
-4904
-4491
-4090
-4099
-4118
-3987
-4145
-4559
-4774
-4924
-5159
-5193
-5025
-4882
-4584
-3944
-3240
-2544
-1744
-964
-336
282
818
1019
1033
992
784
496
332
209
117
358
945
1687
2739
4067
5307
6613
8169
9452
10144
10731
11185
10871
10091
9341
8101
6169
4360
2865
939
-1093
-2460
-3600
-4882
-5648
-5743
-5950
-6159
-5779
-5249
-5010
-4684
-4217
-4086
-4152
-4003
-4007
-4358
-4628
-4746
-4944
-5081
-4955
-4805
-4628
-4120
-3447
-2797
-2077
-1305
-637
-53
529
851
910
913
788
548
363
266
192
325
818
1520
2468
3709
4950
6192
7662
9042
9870
10437
10965
10904
10215
9476
8485
6761
4876
3382
1679
-371
-1950
-3071
-4308
-5296
-5571
-5710
-6009
-5861
-5335
-5046
-4835
-4413
-4162
-4226
-4176
-4096
-4358
-4686
-4827
-4985
-5144
-5095
-4915
-4757
-4351
-3687
-3007
-2311
-1538
-810
-191
403
834
961
949
862
640
402
239
148
193
559
1202
2074
3260
4518
5750
7194
8663
9664
10278
10865
11025
10454
9706
8847
7324
5378
3774
2207
185
-1595
-2778
-3950
-5082
-5541
-5601
-5868
-5883
-5378
-4980
-4779
-4407
-4063
-4070
-4103
-3998
-4173
-4531
-4727
-4871
-5063
-5086
-4904
-4774
-4487
-3857
-3185
-2526
-1766
-1005
-376
213
745
957
952
917
736
475
288
167
133
365
934
1706
2773
4037
5259
6603
8101
9290
9965
10553
10927
10563
9822
9077
7808
5925
4212
2742
855
-1080
-2377
-3504
-4719
-5395
-5486
-5705
-5888
-5488
-5003
-4798
-4499
-4097
-4021
-4100
-4002
-4070
-4437
-4677
-4813
-5020
-5108
-4956
-4808
-4620
-4070
-3386
-2754
-2013
-1227
-574
20
619
951
983
987
883
634
442
321
234
358
843
1553
2481
3681
4899
6148
7599
8919
9724
10288
10771
10662
9996
9284
8229
6495
4691
3205
1457
-539
-2035
-3187
-4437
-5316
-5531
-5712
-5981
-5720
-5184
-4912
-4638
-4210
-4016
-4078
-3994
-3953
-4279
-4583
-4722
-4918
-5060
-4967
-4815
-4673
-4209
-3526
-2887
-2174
-1371
-688
-99
518
943
1020
1004
932
703
482
337
232
273
668
1318
2160
3299
4508
5699
7086
8480
9403
9982
10531
10605
10035
9362
8472
6903
5077
3569
1964
-19
-1646
-2801
-4035
-5046
-5382
-5520
-5816
-5731
-5225
-4899
-4690
-4300
-4055
-4095
-4064
-3996
-4228
-4562
-4731
-4912
-5074
-5012
-4869
-4726
-4324
-3662
-3010
-2311
-1492
-780
-187
436
914
1054
1019
947
732
490
327
176
164
476
1057
1822
2917
4142
5272
6611
8088
9126
9722
10306
10585
10127
9415
8686
7313
5436
3860
2391
479
-1317
-2502
-3643
-4778
-5275
-5348
-5596
-5660
-5202
-4763
-4549
-4208
-3878
-3864
-3901
-3830
-3987
-4347
-4584
-4777
-4991
-4992
-4865
-4761
-4467
-3835
-3170
-2523
-1715
-942
-350
238
789
1011
961
888
697
395
168
-6
-110
62
543
1228
2228
3466
4644
5898
7427
8729
9462
10078
10606
10444
9756
9106
8066
6296
4537
3130
1396
-568
-1972
-3043
-4243
-5054
-5192
-5325
-5542
-5271
-4732
-4456
-4202
-3811
-3659
-3763
-3755
-3800
-4139
-4490
-4706
-4943
-5085
-5009
-4904
-4727
-4244
-3581
-2939
-2180
-1353
-689
-92
536
950
1025
984
889
629
358
164
-6
9
336
888
1682
2846
4056
5194
6611
8112
9095
9689
10350
10584
10036
9345
8617
7177
5275
3747
2273
319
-1433
-2556
-3682
-4813
-5259
-5311
-5559
-5589
-5092
-4682
-4508
-4135
-3789
-3806
-3871
-3792
-3959
-4344
-4577
-4736
-4946
-4977
-4825
-4683
-4377
-3777
-3123
-2452
-1648
-891
-289
323
868
1092
1095
1057
857
546
323
126
-20
130
577
1180
2128
3380
4537
5743
7279
8625
9338
9952
10554
10409
9674
9040
8076
6299
4491
3109
1406
-613
-2051
-3101
-4329
-5217
-5380
-5516
-5769
-5503
-4951
-4696
-4441
-3976
-3787
-3883
-3810
-3785
-4111
-4449
-4587
-4789
-4981
-4912
-4747
-4583
-4147
-3479
-2826
-2117
-1305
-594
4
618
1045
1160
1157
1060
801
540
336
108
71
384
858
1527
2632
3857
4935
6266
7815
8860
9430
10120
10508
10039
9336
8695
7399
5521
3968
2559
635
-1210
-2384
-3492
-4698
-5276
-5355
-5610
-5702
-5243
-4783
-4593
-4245
-3818
-3766
-3825
-3729
-3832
-4224
-4496
-4643
-4882
-5009
-4892
-4738
-4503
-3973
-3294
-2618
-1874
-1086
-396
221
761
1064
1140
1100
908
618
377
129
-88
-4
371
867
1659
2855
4059
5203
6637
8119
9045
9664
10348
10546
10012
9342
8592
7142
5301
3799
2282
322
-1400
-2526
-3668
-4794
-5261
-5332
-5579
-5601
-5112
-4688
-4509
-4162
-3775
-3752
-3841
-3786
-3931
-4336
-4621
-4779
-5014
-5135
-5003
-4819
-4542
-3972
-3244
-2534
-1761
-934
-220
370
889
1193
1232
1119
901
609
317
38
-145
-47
309
830
1679
2895
4102
5283
6756
8229
9155
9800
10481
10642
10075
9392
8601
7097
5204
3662
2100
99
-1621
-2745
-3896
-5005
-5425
-5455
-5663
-5640
-5106
-4644
-4426
-4042
-3647
-3606
-3680
-3648
-3812
-4214
-4520
-4744
-5004
-5111
-5029
-4893
-4593
-4021
-3330
-2607
-1768
-934
-253
392
957
1236
1275
1206
971
623
338
64
-181
-110
255
753
1581
2820
4051
5228
6736
8259
9209
9883
10619
10810
10239
9576
8799
7272
5363
3806
2215
186
-1566
-2736
-3915
-5046
-5505
-5571
-5779
-5755
-5265
-4803
-4533
-4144
-3754
-3667
-3696
-3679
-3832
-4176
-4486
-4742
-4988
-5092
-5052
-4939
-4612
-4058
-3418
-2673
-1804
-999
-303
390
958
1235
1323
1295
1037
679
428
151
-139
-91
279
732
1499
2753
4015
5180
6664
8251
9269
9936
10691
10958
10405
9682
8932
7470
5508
3861
2279
266
-1578
-2797
-3949
-5117
-5653
-5702
-5859
-5864
-5374
-4843
-4559
-4167
-3700
-3576
-3634
-3604
-3728
-4104
-4443
-4696
-4988
-5161
-5113
-4973
-4711
-4179
-3509
-2767
-1910
-1057
-314
369
954
1290
1405
1388
1147
773
465
165
-154
-205
89
519
1216
2405
3730
4932
6374
8009
9191
9932
10710
11115
10690
9950
9235
7916
5955
4203
2626
644
-1318
-2645
-3796
-5050
-5737
-5818
-5956
-6029
-5583
-5012
-4701
-4305
-3787
-3606
-3670
-3630
-3721
-4101
-4455
-4711
-5040
-5270
-5226
-5079
-4851
-4348
-3651
-2905
-2059
-1149
-353
335
965
1372
1529
1536
1334
943
589
289
-55
-213
4
405
1009
2097
3444
4684
6049
7673
9020
9852
10588
11113
10881
10158
9420
8269
6413
4542
2937
1061
-963
-2468
-3621
-4870
-5744
-5928
-6009
-6122
-5802
-5202
-4794
-4420
-3901
-3611
-3614
-3605
-3647
-3953
-4330
-4619
-4944
-5192
-5209
-5098
-4917
-4480
-3829
-3111
-2285
-1373
-568
129
817
1301
1509
1559
1437
1086
709
420
72
-213
-113
249
740
1651
2962
4227
5476
7068
8617
9584
10296
10992
11083
10459
9735
8825
7172
5201
3574
1852
-243
-2001
-3192
-4423
-5543
-5945
-5966
-6136
-6036
-5430
-4907
-4586
-4103
-3673
-3605
-3633
-3614
-3838
-4259
-4595
-4887
-5197
-5326
-5228
-5079
-4760
-4148
-3401
-2600
-1702
-816
-39
663
1259
1586
1685
1617
1336
950
604
237
-120
-190
65
494
1211
2394
3714
4951
6438
8087
9304
10067
10810
11206
10814
10075
9282
7910
5949
4163
2539
528
-1468
-2832
-4015
-5270
-5962
-6038
-6162
-6236
-5754
-5110
-4756
-4353
-3809
-3599
-3666
-3634
-3700
-4116
-4551
-4805
-5103
-5371
-5355
-5182
-4959
-4478
-3717
-2893
-2046
-1120
-222
547
1202
1677
1895
1892
1684
1306
915
523
80
-194
-91
250
765
1727
3054
4317
5645
7294
8803
9723
10436
11104
11101
10412
9656
8649
6889
4906
3275
1497
-651
-2367
-3535
-4782
-5834
-6145
-6158
-6318
-6117
-5433
-4917
-4602
-4083
-3637
-3626
-3674
-3624
-3872
-4365
-4688
-4918
-5219
-5368
-5239
-5034
-4702
-4076
-3271
-2438
-1560
-642
201
922
1473
1813
1924
1806
1484
1098
722
289
-106
-147
130
531
1260
2505
3843
5069
6589
8269
9428
10121
10859
11237
10745
9921
9116
7706
5667
3852
2263
224
-1820
-3152
-4253
-5495
-6175
-6173
-6236
-6291
-5763
-5045
-4705
-4331
-3745
-3505
-3618
-3594
-3626
-4047
-4498
-4732
-4994
-5294
-5327
-5134
-4901
-4468
-3740
-2916
-2074
-1169
-251
563
1232
1715
1966
2015
1830
1475
1107
731
294
30
154
476
942
1856
3149
4378
5633
7200
8652
9522
10187
10841
10856
10141
9351
8391
6701
4716
3076
1351
-768
-2497
-3610
-4792
-5873
-6199
-6153
-6281
-6104
-5406
-4875
-4598
-4087
-3581
-3531
-3611
-3548
-3735
-4206
-4518
-4727
-5051
-5251
-5142
-4945
-4646
-4073
-3318
-2518
-1631
-693
147
888
1489
1846
1988
1960
1678
1241
850
450
21
-134
91
439
1008
2085
3415
4637
5985
7594
8904
9687
10395
10929
10715
9942
9164
8030
6189
4277
2648
778
-1299
-2839
-3950
-5152
-6056
-6234
-6223
-6292
-5952
-5263
-4807
-4478
-3932
-3548
-3566
-3608
-3607
-3879
-4313
-4604
-4843
-5132
-5245
-5114
-4863
-4481
-3880
-3113
-2263
-1364
-485
324
1038
1560
1841
1978
1937
1617
1210
901
560
216
193
494
899
1545
2668
3969
5114
6409
7912
9048
9684
10280
10673
10295
9446
8644
7458
5571
3708
2162
311
-1705
-3120
-4152
-5335
-6169
-6242
-6225
-6316
-5936
-5244
-4845
-4532
-3973
-3624
-3688
-3703
-3665
-3946
-4351
-4560
-4754
-5014
-5058
-4852
-4592
-4210
-3565
-2779
-1975
-1125
-255
526
1164
1646
1940
2050
1935
1635
1300
983
637
358
386
675
1089
1799
2920
4145
5270
6564
7994
9019
9607
10170
10452
9974
9118
8302
7029
5119
3329
1823
-53
-2007
-3291
-4280
-5458
-6183
-6161
-6170
-6275
-5823
-5105
-4782
-4491
-3899
-3577
-3692
-3685
-3620
-3941
-4362
-4515
-4679
-4972
-5004
-4766
-4511
-4146
-3476
-2686
-1921
-1076
-186
587
1191
1692
1998
2066
1942
1691
1349
962
618
381
371
595
1032
1742
2777
3984
5172
6458
7805
8869
9550
10083
10346
9972
9161
8280
7031
5233
3434
1852
48
-1860
-3223
-4234
-5352
-6119
-6198
-6182
-6272
-5892
-5201
-4840
-4561
-3993
-3610
-3676
-3685
-3595
-3853
-4274
-4444
-4580
-4871
-4956
-4725
-4467
-4125
-3497
-2721
-1956
-1103
-200
580
1239
1791
2124
2217
2185
1972
1550
1140
802
444
215
339
696
1179
2001
3209
4429
5571
6921
8260
9122
9658
10141
10167
9477
8588
7623
6084
4148
2456
838
-1084
-2793
-3889
-4914
-5936
-6318
-6231
-6277
-6159
-5517
-4929
-4638
-4163
-3613
-3493
-3554
-3457
-3546
-3962
-4264
-4407
-4682
-4906
-4816
-4597
-4348
-3847
-3141
-2383
-1565
-666
169
919
1577
2034
2283
2362
2249
1932
1543
1167
776
438
358
546
904
1508
2480
3677
4825
6034
7400
8541
9209
9696
10032
9745
8893
8001
6859
5082
3194
1652
-50
-1997
-3437
-4387
-5439
-6258
-6349
-6239
-6269
-5917
-5173
-4681
-4351
-3808
-3389
-3371
-3392
-3369
-3622
-4033
-4297
-4517
-4764
-4848
-4724
-4515
-4114
-3476
-2762
-1967
-1056
-164
617
1375
1992
2334
2494
2532
2342
1946
1532
1137
725
437
436
679
1091
1771
2807
4009
5156
6383
7682
8681
9244
9670
9863
9369
8446
7482
6166
4312
2505
939
-865
-2713
-3958
-4883
-5895
-6482
-6423
-6319
-6232
-5688
-4960
-4534
-4129
-3558
-3265
-3295
-3284
-3317
-3658
-4027
-4230
-4456
-4683
-4686
-4503
-4231
-3750
-3063
-2295
-1461
-537
351
1154
1853
2377
2671
2764
2666
2377
1946
1434
927
513
252
192
414
885
1586
2599
3837
5023
6197
7478
8503
9062
9441
9600
9110
8147
7166
5871
4008
2179
624
-1132
-2926
-4120
-5003
-5950
-6475
-6355
-6208
-6096
-5537
-4811
-4391
-4013
-3466
-3192
-3261
-3283
-3326
-3653
-4038
-4255
-4458
-4663
-4657
-4435
-4098
-3594
-2899
-2082
-1191
-269
616
1421
2113
2594
2847
2917
2780
2433
1953
1418
901
469
161
78
288
744
1420
2404
3628
4817
5981
7231
8293
8887
9216
9372
8960
7995
6966
5707
3921
2064
525
-1091
-2835
-4070
-4876
-5708
-6255
-6175
-5960
-5861
-5410
-4697
-4260
-3951
-3475
-3165
-3242
-3304
-3304
-3585
-3983
-4192
-4327
-4511
-4516
-4262
-3911
-3454
-2764
-1911
-1061
-219
658
1493
2127
2565
2864
2958
2759
2397
1997
1449
820
359
83
-137
-68
409
1047
1839
3011
4319
5430
6574
7768
8517
8806
9007
8852
8036
6952
5853
4338
2490
900
-542
-2173
-3562
-4400
-5128
-5776
-5899
-5681
-5561
-5281
-4661
-4142
-3858
-3486
-3133
-3100
-3205
-3240
-3419
-3791
-4061
-4168
-4311
-4379
-4195
-3840
-3403
-2814
-2036
-1181
-376
429
1255
1954
2401
2701
2888
2798
2455
2085
1637
1005
443
126
-95
-211
66
652
1318
2261
3527
4703
5735
6896
7893
8367
8579
8670
8202
7239
6229
5043
3380
1677
293
-1171
-2716
-3795
-4484
-5218
-5688
-5598
-5411
-5316
-4922
-4308
-3926
-3668
-3266
-3004
-3079
-3147
-3147
-3370
-3714
-3860
-3928
-4069
-4039
-3737
-3387
-2983
-2332
-1532
-792
-49
757
1488
2019
2413
2695
2741
2533
2215
1833
1295
683
224
-72
-313
-329
36
602
1279
2286
3516
4592
5605
6746
7615
7972
8189
8252
7684
6698
5776
4599
2916
1317
52
-1419
-2927
-3856
-4487
-5254
-5655
-5466
-5299
-5221
-4744
-4101
-3770
-3479
-3014
-2776
-2867
-2872
-2862
-3136
-3456
-3574
-3686
-3853
-3785
-3525
-3226
-2797
-2145
-1419
-705
56
839
1514
2038
2439
2683
2688
2497
2200
1780
1207
635
205
-133
-390
-362
-1
484
1148
2188
3348
4332
5370
6517
7316
7671
7937
7980
7403
6504
5638
4428
2770
1250
-41
-1519
-2967
-3876
-4564
-5303
-5620
-5421
-5275
-5141
-4589
-3935
-3581
-3235
-2732
-2502
-2578
-2565
-2550
-2843
-3198
-3355
-3498
-3697
-3715
-3489
-3212
-2833
-2216
-1471
-751
-10
779
1503
2051
2460
2732
2762
2571
2251
1854
1285
674
201
-160
-439
-474
-181
263
878
1836
2969
3975
4997
6110
6962
7403
7704
7817
7356
6522
5665
4537
2976
1441
145
-1276
-2720
-3686
-4359
-5060
-5423
-5275
-5072
-4902
-4400
-3728
-3322
-2982
-2485
-2210
-2278
-2293
-2290
-2594
-2976
-3156
-3343
-3615
-3662
-3458
-3235
-2891
-2270
-1539
-846
-86
747
1461
2026
2471
2728
2758
2588
2256
1787
1198
550
-12
-441
-767
-900
-702
-268
320
1213
2375
3471
4508
5680
6711
7268
7592
7820
7538
6750
5897
4906
3424
1824
528
-785
-2236
-3306
-3937
-4565
-5015
-4931
-4642
-4484
-4123
-3465
-2987
-2730
-2366
-2080
-2138
-2277
-2348
-2605
-3035
-3345
-3525
-3735
-3845
-3701
-3416
-3050
-2477
-1727
-958
-188
607
1360
1973
2404
2676
2737
2569
2221
1755
1173
490
-136
-611
-962
-1164
-1040
-628
-64
762
1907
3075
4139
5305
6433
7149
7550
7840
7739
7081
6245
5328
3988
2395
1015
-268
-1684
-2887
-3623
-4231
-4747
-4817
-4559
-4363
-4071
-3491
-2971
-2662
-2344
-2054
-2030
-2168
-2286
-2509
-2910
-3262
-3494
-3703
-3843
-3774
-3537
-3207
-2708
-2023
-1270
-537
205
972
1608
2053
2347
2477
2376
2062
1658
1143
489
-146
-608
-964
-1217
-1179
-828
-318
409
1464
2644
3705
4801
5971
6865
7341
7653
7764
7345
6559
5717
4627
3136
1662
418
-893
-2227
-3161
-3767
-4343
-4675
-4541
-4289
-4136
-3754
-3157
-2746
-2528
-2238
-2026
-2105
-2271
-2375
-2632
-3037
-3309
-3441
-3599
-3662
-3484
-3183
-2813
-2263
-1538
-832
-171
559
1267
1767
2104
2335
2365
2158
1831
1415
850
199
-355
-749
-1073
-1255
-1125
-722
-178
609
1690
2812
3834
4940
6072
6875
7301
7601
7643
7153
6378
5549
4396
2885
1497
302
-1053
-2351
-3165
-3752
-4353
-4586
-4374
-4205
-4065
-3569
-2976
-2676
-2442
-2085
-1936
-2072
-2178
-2270
-2616
-3024
-3217
-3370
-3584
-3616
-3394
-3125
-2755
-2139
-1426
-788
-103
653
1287
1723
2048
2238
2188
1946
1595
1134
536
-84
-589
-963
-1242
-1339
-1124
-648
-29
846
1988
3119
4167
5318
6396
7081
7467
7730
7627
7007
6200
5291
4012
2486
1162
-68
-1438
-2615
-3345
-3928
-4450
-4552
-4326
-4163
-3922
-3385
-2868
-2597
-2326
-2018
-1957
-2102
-2216
-2396
-2770
-3128
-3334
-3509
-3675
-3643
-3407
-3092
-2639
-2003
-1297
-598
123
850
1464
1912
2199
2333
2288
2042
1640
1154
592
-22
-550
-904
-1149
-1242
-1013
-496
165
1040
2179
3340
4411
5528
6588
7272
7610
7823
7698
7055
6186
5228
3939
2394
1024
-208
-1555
-2731
-3452
-4002
-4476
-4572
-4325
-4109
-3851
-3314
-2784
-2523
-2291
-2002
-1969
-2172
-2330
-2525
-2935
-3339
-3535
-3704
-3879
-3830
-3549
-3221
-2778
-2105
-1382
-701
12
744
1340
1763
2061
2193
2110
1860
1482
1000
439
-153
-663
-1016
-1239
-1291
-1067
-567
110
972
2068
3242
4316
5371
6401
7128
7477
7649
7554
6972
6112
5180
3980
2501
1122
-78
-1340
-2511
-3247
-3757
-4216
-4355
-4112
-3875
-3664
-3191
-2659
-2386
-2193
-1921
-1872
-2094
-2273
-2431
-2805
-3219
-3409
-3539
-3707
-3665
-3382
-3052
-2638
-2000
-1276
-616
52
750
1336
1751
2045
2175
2098
1865
1504
1035
503
-61
-570
-948
-1157
-1225
-1077
-628
29
823
1830
2988
4050
5035
6029
6839
7242
7377
7373
6952
6119
5198
4149
2768
1331
164
-974
-2182
-3049
-3515
-3960
-4256
-4103
-3829
-3684
-3369
-2846
-2532
-2428
-2213
-2072
-2258
-2484
-2603
-2892
-3313
-3524
-3596
-3748
-3757
-3487
-3155
-2796
-2209
-1488
-852
-212
505
1124
1560
1896
2111
2117
1952
1690
1293
810
306
-182
-587
-838
-946
-902
-604
-49
652
1486
2539
3625
4561
5475
6373
6930
7104
7159
6986
6330
5410
4506
3359
1929
668
-359
-1512
-2576
-3162
-3563
-3986
-4087
-3816
-3644
-3508
-3075
-2640
-2514
-2401
-2175
-2197
-2446
-2568
-2705
-3069
-3369
-3428
-3508
-3603
-3433
-3091
-2777
-2323
-1643
-1001
-426
245
896
1364
1738
2035
2123
2037
1870
1574
1122
641
190
-287
-665
-844
-909
-833
-474
123
795
1628
2662
3659
4513
5395
6187
6587
6701
6724
6444
5714
4855
3967
2792
1446
336
-664
-1778
-2686
-3187
-3595
-3963
-3978
-3758
-3639
-3440
-3010
-2674
-2542
-2368
-2183
-2225
-2375
-2451
-2600
-2889
-3073
-3133
-3206
-3203
-3028
-2741
-2391
-1913
-1333
-740
-131
482
1051
1525
1881
2084
2150
2090
1879
1518
1085
617
123
-338
-673
-871
-946
-830
-442
142
815
1658
2661
3629
4474
5317
6059
6437
6523
6511
6202
5460
4586
3700
2541
1207
112
-861
-1963
-2857
-3321
-3710
-4088
-4094
-3844
-3720
-3533
-3078
-2709
-2581
-2381
-2132
-2138
-2264
-2284
-2383
-2636
-2779
-2795
-2849
-2858
-2648
-2342
-2016
-1551
-959
-387
174
788
1337
1746
2055
2264
2278
2141
1904
1525
1020
491
-15
-521
-927
-1149
-1227
-1157
-799
-202
473
1290
2319
3329
4166
5007
5794
6200
6279
6296
6046
5290
4412
3567
2432
1097
12
-920
-2010
-2915
-3344
-3701
-4086
-4075
-3773
-3618
-3423
-2937
-2522
-2366
-2147
-1859
-1842
-1981
-1999
-2074
-2347
-2523
-2539
-2602
-2643
-2454
-2148
-1838
-1407
-819
-229
318
906
1465
1868
2146
2333
2352
2176
1875
1488
973
394
-141
-632
-1067
-1330
-1390
-1287
-992
-423
308
1101
2059
3093
3973
4742
5489
5987
6081
6028
5829
5200
4303
3435
2435
1163
13
-882
-1851
-2766
-3266
-3561
-3878
-3948
-3677
-3438
-3244
-2833
-2404
-2198
-2018
-1777
-1731
-1867
-1949
-2040
-2296
-2506
-2560
-2616
-2645
-2484
-2169
-1836
-1389
-803
-205
373
954
1506
1920
2206
2367
2381
2213
1892
1482
959
371
-204
-727
-1179
-1499
-1607
-1537
-1305
-817
-125
647
1525
2536
3480
4260
4990
5589
5833
5801
5668
5253
4470
3620
2753
1667
511
-419
-1237
-2096
-2722
-3011
-3243
-3409
-3270
-2988
-2809
-2569
-2198
-1942
-1860
-1754
-1699
-1833
-2030
-2175
-2377
-2644
-2790
-2814
-2825
-2729
-2440
-2059
-1624
-1097
-467
145
693
1218
1686
1991
2137
2181
2071
1780
1374
920
396
-168
-682
-1093
-1412
-1584
-1541
-1321
-936
-331
419
1233
2158
3104
3918
4619
5246
5635
5694
5580
5303
4706
3889
3071
2153
1072
84
-706
-1480
-2195
-2601
-2816
-3011
-3036
-2827
-2626
-2482
-2216
-1948
-1850
-1820
-1775
-1848
-2061
-2235
-2388
-2620
-2814
-2846
-2823
-2744
-2510
-2130
-1713
-1217
-628
-24
512
1009
1478
1804
1969
2021
1960
1724
1365
947
467
-70
-576
-987
-1324
-1562
-1605
-1464
-1180
-711
-51
702
1497
2375
3246
3982
4592
5088
5371
5372
5198
4873
4287
3526
2753
1911
990
135
-567
-1212
-1773
-2109
-2286
-2425
-2450
-2326
-2191
-2106
-1971
-1847
-1854
-1914
-1982
-2121
-2344
-2550
-2718
-2879
-2982
-2972
-2871
-2686
-2374
-1946
-1461
-943
-367
186
693
1132
1493
1722
1802
1790
1654
1371
999
598
138
-339
-746
-1073
-1333
-1466
-1400
-1194
-866
-367
299
1003
1737
2557
3321
3922
4428
4846
5022
4948
4757
4404
3807
3120
2426
1657
818
99
-495
-1077
-1550
-1821
-1987
-2133
-2145
-2049
-1986
-1952
-1867
-1804
-1855
-1941
-2034
-2182
-2386
-2556
-2684
-2804
-2861
-2809
-2667
-2455
-2145
-1743
-1280
-796
-294
212
665
1035
1322
1534
1599
1548
1407
1178
851
476
97
-288
-647
-926
-1101
-1190
-1147
-945
-614
-201
355
1008
1666
2331
3005
3602
4046
4383
4614
4618
4433
4167
3749
3154
2517
1893
1197
493
-76
-551
-1033
-1388
-1569
-1716
-1856
-1862
-1817
-1850
-1879
-1851
-1904
-2051
-2171
-2277
-2473
-2668
-2771
-2855
-2941
-2904
-2738
-2558
-2309
-1928
-1485
-1071
-612
-123
291
630
936
1180
1263
1252
1194
1045
778
493
211
-118
-432
-666
-825
-939
-947
-798
-561
-236
210
745
1315
1906
2528
3100
3568
3949
4232
4345
4285
4120
3818
3359
2823
2252
1636
987
402
-113
-594
-997
-1269
-1475
-1653
-1742
-1759
-1800
-1858
-1878
-1919
-2033
-2159
-2265
-2424
-2595
-2710
-2776
-2825
-2817
-2692
-2501
-2260
-1933
-1524
-1107
-685
-232
204
557
851
1091
1239
1279
1248
1143
960
702
434
151
-146
-416
-631
-767
-857
-839
-707
-491
-193
216
701
1213
1743
2303
2818
3237
3583
3849
3969
3918
3776
3535
3136
2655
2168
1636
1057
532
84
-342
-725
-989
-1183
-1374
-1498
-1555
-1636
-1742
-1805
-1882
-2037
-2192
-2308
-2466
-2638
-2743
-2795
-2842
-2816
-2677
-2485
-2237
-1903
-1513
-1102
-685
-260
138
490
779
989
1127
1174
1125
1016
842
609
336
63
-194
-452
-655
-780
-843
-834
-695
-461
-174
215
703
1207
1716
2258
2769
3179
3516
3782
3899
3869
3739
3521
3149
2692
2229
1706
1148
634
189
-247
-638
-917
-1139
-1347
-1495
-1577
-1669
-1777
-1862
-1954
-2080
-2225
-2355
-2489
-2624
-2725
-2760
-2759
-2713
-2576
-2352
-2086
-1768
-1374
-960
-558
-146
248
574
824
1031
1152
1153
1090
971
776
512
239
-28
-312
-567
-750
-874
-933
-901
-757
-524
-223
176
655
1154
1667
2203
2700
3116
3459
3715
3850
3838
3718
3499
3165
2730
2272
1785
1260
765
328
-80
-445
-736
-958
-1162
-1332
-1435
-1544
-1673
-1788
-1895
-2033
-2197
-2332
-2462
-2595
-2684
-2711
-2701
-2634
-2486
-2267
-2005
-1679
-1299
-904
-522
-136
217
501
721
884
954
933
853
706
492
256
8
-252
-500
-691
-837
-931
-947
-878
-731
-513
-206
170
593
1045
1529
2009
2469
2871
3207
3454
3609
3655
3596
3439
3186
2856
2481
2062
1615
1176
762
366
9
-293
-559
-797
-1008
-1183
-1357
-1523
-1679
-1838
-2003
-2175
-2320
-2454
-2579
-2659
-2688
-2663
-2592
-2461
-2266
-2021
-1724
-1395
-1047
-704
-374
-70
187
381
517
586
586
513
392
232
32
-174
-372
-570
-731
-845
-912
-913
-842
-691
-474
-181
176
582
1033
1499
1975
2428
2846
3195
3476
3671
3752
3727
3617
3414
3110
2758
2365
1936
1484
1050
639
230
-133
-449
-741
-1019
-1246
-1449
-1662
-1844
-2008
-2174
-2331
-2455
-2567
-2664
-2710
-2720
-2687
-2598
-2459
-2276
-2046
-1765
-1463
-1149
-819
-505
-220
37
244
393
478
517
484
384
251
101
-97
-302
-474
-648
-803
-896
-911
-888
-802
-607
-345
-31
351
806
1278
1747
2237
2711
3109
3428
3700
3866
3894
3828
3689
3444
3102
2719
2308
1836
1362
926
492
66
-309
-626
-932
-1216
-1438
-1638
-1845
-2017
-2157
-2303
-2439
-2532
-2607
-2667
-2678
-2634
-2547
-2434
-2249
-2009
-1744
-1455
-1143
-825
-530
-253
-10
180
296
357
363
301
181
20
-176
-388
-605
-815
-990
-1133
-1232
-1264
-1216
-1087
-894
-608
-250
164
634
1144
1669
2180
2675
3121
3501
3790
3993
4085
4067
3952
3745
3453
3076
2663
2220
1748
1277
832
410
5
-363
-672
-965
-1245
-1475
-1682
-1889
-2086
-2254
-2401
-2538
-2645
-2712
-2746
-2737
-2669
-2552
-2389
-2171
-1911
-1631
-1317
-1000
-702
-420
-178
20
156
226
240
190
92
-60
-239
-444
-659
-863
-1038
-1180
-1266
-1295
-1261
-1137
-943
-683
-350
55
492
960
1457
1969
2440
2880
3282
3601
3836
4002
4067
4019
3892
3700
3413
3052
2667
2257
1803
1341
919
498
82
-287
-611
-928
-1228
-1485
-1706
-1933
-2136
-2291
-2436
-2562
-2652
-2682
-2682
-2643
-2557
-2413
-2233
-2006
-1745
-1477
-1191
-900
-625
-383
-178
-21
79
110
102
30
-102
-282
-464
-662
-876
-1064
-1212
-1327
-1386
-1373
-1297
-1164
-950
-661
-324
67
502
968
1419
1897
2357
2766
3134
3452
3688
3828
3904
3906
3811
3641
3415
3127
2777
2401
2007
1576
1159
750
329
-75
-443
-796
-1140
-1445
-1717
-1976
-2207
-2387
-2530
-2655
-2722
-2729
-2695
-2627
-2490
-2300
-2093
-1841
-1556
-1267
-993
-719
-472
-265
-100
10
69
57
4
-94
-253
-435
-627
-832
-1026
-1196
-1331
-1425
-1467
-1429
-1334
-1189
-961
-665
-343
27
449
892
1325
1763
2204
2601
2941
3252
3502
3669
3760
3793
3749
3606
3420
3183
2883
2542
2180
1806
1406
1009
617
216
-170
-533
-875
-1211
-1512
-1773
-2021
-2228
-2376
-2490
-2566
-2591
-2549
-2460
-2341
-2169
-1944
-1706
-1455
-1186
-926
-692
-496
-336
-226
-177
-197
-243
-355
-516
-686
-883
-1078
-1272
-1426
-1546
-1635
-1668
-1635
-1556
-1425
-1220
-966
-680
-350
17
406
808
1215
1625
2018
2388
2739
3054
3320
3529
3682
3768
3782
3733
3612
3430
3179
2881
2535
2146
1733
1300
856
425
-2
-416
-808
-1155
-1450
-1724
-1940
-2100
-2216
-2286
-2296
-2265
-2192
-2082
-1936
-1774
-1586
-1385
-1197
-1020
-856
-714
-616
-542
-515
-522
-581
-665
-775
-912
-1055
-1207
-1348
-1478
-1586
-1664
-1712
-1728
-1691
-1616
-1504
-1348
-1146
-903
-626
-302
48
414
810
1218
1620
2021
2410
2762
3080
3357
3579
3736
3815
3833
3770
3630
3416
3143
2809
2424
2003
1582
1131
688
269
-130
-496
-822
-1086
-1325
-1514
-1648
-1734
-1786
-1803
-1775
-1725
-1656
-1558
-1449
-1338
-1227
-1108
-999
-906
-829
-782
-760
-763
-785
-843
-925
-1029
-1143
-1281
-1416
-1535
-1667
-1781
-1859
-1918
-1946
-1926
-1865
-1764
-1613
-1419
-1188
-915
-595
-247
113
504
905
1290
1678
2059
2398
2700
2973
3199
3356
3460
3511
3497
3408
3274
3082
2836
2548
2226
1878
1513
1136
766
415
82
-226
-489
-713
-904
-1041
-1144
-1213
-1242
-1248
-1237
-1197
-1151
-1105
-1063
-1019
-991
-967
-958
-970
-1000
-1039
-1091
-1159
-1227
-1312
-1395
-1476
-1558
-1638
-1711
-1774
-1823
-1852
-1869
-1872
-1839
-1771
-1688
-1555
-1380
-1173
-941
-662
-349
-21
327
696
1070
1417
1753
2073
2355
2597
2808
2969
3077
3143
3170
3145
3060
2934
2779
2571
2321
2042
1742
1408
1065
708
366
39
-265
-523
-725
-872
-981
-1024
-1019
-986
-918
-823
-736
-670
-607
-548
-543
-568
-608
-677
-769
-867
-962
-1077
-1182
-1267
-1354
-1435
-1498
-1565
-1629
-1689
-1739
-1796
-1843
-1876
-1885
-1882
-1831
-1750
-1625
-1452
-1232
-972
-675
-347
-3
357
705
1039
1348
1616
1842
2023
2144
2226
2262
2247
2204
2142
2058
1964
1869
1779
1686
1599
1518
1430
1343
1260
1159
1056
953
832
696
563
437
297
166
46
-73
-185
-285
-364
-453
-535
-608
-688
-761
-839
-925
-1011
-1102
-1199
-1297
-1395
-1497
-1593
-1675
-1742
-1802
-1841
-1854
-1841
-1818
-1757
-1670
-1549
-1414
-1250
-1064
-870
-670
-464
-243
-32
167
352
526
680
825
952
1064
1162
1251
1330
1393
1454
1502
1555
1578
1601
1620
1612
1590
1557
1507
1438
1364
1273
1166
1067
972
863
761
670
581
485
393
320
222
120
27
-83
-203
-326
-447
-580
-712
-827
-936
-1038
-1134
-1210
-1273
-1338
-1387
-1418
-1456
-1487
-1503
-1512
-1515
-1516
-1489
-1449
-1393
-1315
-1215
-1089
-948
-792
-624
-441
-262
-89
80
228
367
486
578
658
731
783
819
854
897
942
980
1028
1080
1130
1175
1220
1255
1270
1274
1266
1227
1182
1131
1058
978
890
812
727
643
560
487
415
337
267
197
116
27
-59
-151
-253
-359
-464
-572
-667
-760
-848
-931
-995
-1052
-1091
-1128
-1160
-1174
-1187
-1178
-1168
-1148
-1126
-1085
-1025
-952
-869
-781
-667
-555
-420
-279
-157
-35
80
181
268
337
382
420
449
470
484
499
525
555
590
641
699
755
805
859
890
905
915
903
868
829
776
713
647
590
537
482
441
406
365
337
300
263
212
149
85
9
-74
-174
-270
-371
-471
-566
-647
-723
-796
-843
-871
-899
-900
-890
-874
-846
-807
-759
-711
-659
-600
-540
-486
-421
-363
-309
-252
-187
-123
-58
6
63
114
175
233
271
320
358
391
420
453
475
501
524
550
575
590
609
624
627
630
627
610
592
573
549
524
497
466
431
407
386
341
299
256
188
125
49
-34
-122
-220
-310
-389
-469
-538
-594
-643
-673
-689
-696
-687
-678
-661
-633
-610
-577
-542
-501
-450
-400
-346
-287
-223
-162
-104
-39
7
39
69
101
123
137
146
160
173
185
208
232
258
278
308
344
370
392
408
418
430
432
433
433
434
434
435
434
441
439
426
409
390
355
310
261
206
142
69
4
-69
-144
-209
-274
-334
-390
-438
-472
-513
-550
-567
-577
-576
-576
-559
-527
-490
-457
-413
-361
-321
-267
-216
-157
-120
-59
-6
42
94
136
175
214
240
262
273
271
275
262
252
250
241
228
228
231
232
228
236
235
229
228
229
222
209
212
212
207
216
227
227
231
237
226
203
180
152
108
65
19
-26
-74
-125
-165
-213
-261
-304
-351
-405
-454
-492
-526
-546
-552
-536
-502
-454
-393
-321
-255
-185
-122
-86
-62
-49
-44
-44
-43
-25
16
63
133
209
293
370
429
465
473
441
386
315
223
146
77
30
15
33
79
140
210
286
331
348
334
296
236
165
76
16
-19
-36
-9
43
120
200
274
315
327
306
235
120
-22
-173
-314
-447
-537
-581
-587
-558
-493
-415
-346
-286
-254
-255
-278
-331
-402
-459
-500
-512
-489
-428
-330
-201
-62
80
206
304
367
383
369
327
266
194
139
106
90
107
152
195
255
310
349
359
343
295
237
167
87
22
-25
-32
-30
16
74
140
212
276
323
342
335
299
252
191
123
60
13
-32
-62
-74
-85
-105
-117
-141
-188
-235
-298
-354
-403
-447
-470
-474
-467
-443
-397
-345
-303
-251
-210
-172
-153
-135
-111
-87
-51
-14
45
109
171
240
295
332
349
348
335
297
251
206
178
160
156
167
192
223
247
265
269
257
224
175
116
57
13
-11
-10
21
75
143
215
279
326
338
322
272
189
80
-28
-129
-207
-265
-290
-282
-257
-212
-182
-156
-159
-200
-260
-331
-425
-513
-581
-623
-619
-584
-507
-403
-283
-166
-72
-8
33
42
31
-7
-38
-57
-57
-26
39
129
219
323
414
463
485
471
417
333
236
146
66
21
-1
17
69
137
215
278
338
363
348
311
254
182
106
47
19
7
19
66
120
174
220
242
236
202
134
53
-45
-138
-223
-287
-331
-344
-343
-320
-288
-261
-234
-228
-235
-259
-286
-315
-342
-366
-365
-349
-318
-261
-190
-113
-39
42
113
158
200
221
230
229
215
194
173
152
134
125
123
130
139
158
175
182
192
195
178
165
134
98
68
37
16
5
14
37
56
100
133
171
197
199
193
159
125
80
25
-21
-53
-75
-79
-81
-73
-60
-50
-46
-68
-112
-154
-218
-280
-342
-387
-409
-419
-389
-337
-272
-200
-127
-59
-9
12
25
21
4
-21
-17
-12
2
41
98
157
210
275
301
308
303
272
224
165
115
72
35
17
27
45
81
118
144
170
185
186
167
145
109
79
52
30
28
30
46
61
77
102
110
114
95
75
45
7
-41
-88
-118
-156
-187
-209
-230
-238
-246
-254
-249
-257
-261
-252
-250
-249
-234
-221
-208
-181
-147
-112
-82
-40
1
38
70
101
123
139
151
143
140
132
116
104
98
93
99
104
111
133
142
151
150
141
130
113
89
62
47
34
37
46
68
93
113
138
155
156
149
128
100
69
28
-2
-32
-47
-60
-65
-70
-68
-74
-86
-103
-128
-154
-187
-213
-234
-247
-245
-231
-210
-182
-146
-112
-88
-63
-49
-31
-22
-18
-9
2
19
36
61
80
102
113
120
121
110
100
88
72
62
57
58
68
77
85
94
98
90
82
60
38
16
1
-13
-14
-1
17
35
58
87
104
107
98
75
51
19
-25
-56
-80
-99
-105
-102
-92
-85
-76
-71
-77
-91
-110
-133
-164
-179
-194
-203
-192
-174
-147
-113
-82
-41
-13
5
30
34
29
25
22
19
16
27
37
58
80
106
127
138
143
144
132
123
98
75
53
31
29
26
30
41
61
79
96
107
115
100
91
84
65
40
25
16
11
18
16
21
25
29
24
9
-13
-39
-74
-104
-128
-148
-159
-157
-152
-150
-134
-129
-128
-119
-124
-127
-133
-140
-134
-127
-112
-87
-60
-33
1
31
53
62
67
69
61
54
45
40
39
44
54
65
74
78
86
79
72
64
55
42
29
27
25
31
39
48
55
65
73
74
70
59
54
44
32
21
14
9
16
14
12
10
2
-4
-14
-31
-50
-76
-96
-113
-124
-131
-133
-132
-131
-117
-106
-100
-85
-81
-73
-67
-65
-64
-61
-54
-39
-26
-16
5
25
45
57
67
64
58
59
48
35
34
26
21
28
40
47
54
62
62
59
44
39
22
10
3
-1
3
11
20
32
44
42
42
31
12
-3
-15
-31
-43
-52
-50
-45
-39
-33
-32
-34
-46
-55
-70
-84
-102
-108
-111
-111
-103
-94
-88
-73
-66
-71
-67
-71
-80
-80
-73
-63
-52
-36
-15
3
14
29
44
45
42
39
36
34
39
45
50
59
66
71
68
68
66
65
59
48
37
33
25
13
15
13
12
7
2
3
3
4
4
7
5
-2
-7
-13
-22
-30
-35
-50
-53
-51
-40
-30
-17
-11
-10
-8
-14
-27
-42
-58
-73
-86
-89
-84
-74
-50
-29
-14
-3
6
-1
-15
-33
-47
-58
-64
-56
-46
-25
0
21
40
53
60
60
52
39
30
17
14
14
29
34
43
55
55
59
46
42
19
10
-2
-13
-10
-20
-11
-5
-8
-4
-5
-9
-14
-16
-21
-24
-21
-17
-11
-10
-3
0
-4
-14
-20
-31
-48
-61
-55
-54
-45
-37
-32
-25
-19
-22
-24
-34
-48
-48
-53
-57
-50
-45
-34
-29
-13
-4
1
2
-3
2
-5
3
7
15
22
35
52
58
59
60
60
56
49
38
30
21
22
19
20
21
20
14
11
4
-1
-14
-28
-32
-39
-37
-41
-35
-31
-30
-30
-28
-28
-32
-34
-41
-38
-38
-42
-35
-26
-22
-22
-19
-14
-15
-17
-18
-23
-21
-24
-28
-31
-37
-38
-46
-42
-38
-38
-34
-34
-21
-18
-12
-4
-2
-3
-4
-6
-3
-5
-1
4
10
23
31
42
50
56
53
46
35
20
11
0
-12
-16
-14
-18
-9
-4
-2
1
-8
-12
-24
-40
-48
-59
-61
-55
-50
-42
-39
-25
-10
-6
-2
0
-4
-6
-9
-12
-14
-10
-14
-14
-10
-4
-4
-3
8
2
-2
-3
-6
-3
-10
-13
-13
-18
-12
-19
-19
-23
-19
-12
-12
-3
0
7
9
15
14
16
16
12
6
3
7
3
5
7
13
9
11
6
-5
-9
-19
-29
-39
-46
-56
-58
-58
-59
-56
-44
-44
-43
-31
-29
-29
-29
-27
-22
-25
-29
-20
-21
-20
-9
0
3
6
9
11
8
4
0
-5
-10
-11
-23
-23
-19
-17
-15
-14
-6
-3
-8
-2
1
-3
-7
-1
-1
-1
2
5
17
18
24
31
36
34
33
31
27
17
9
5
1
-10
-9
-20
-25
-22
-28
-31
-40
-49
-52
-57
-59
-54
-61
-56
-50
-42
-40
-34
-24
-27
-21
-16
-11
-12
-8
-8
-3
-7
-6
-3
-4
-2
-6
-12
-15
-19
-31
-32
-33
-33
-34
-30
-25
-27
-25
-22
-25
-22
-29
-30
-34
-30
-27
-19
-7
-2
8
15
20
30
30
26
25
18
15
14
3
1
4
6
2
1
0
-4
-10
-11
-12
-24
-24
-23
-25
-25
-18
-24
-23
-23
-26
-28
-28
-17
-26
-20
-16
-16
-18
-11
-7
-9
-4
-5
-9
-13
-19
-18
-18
-20
-17
-15
-16
-17
-11
-22
-22
-25
-31
-23
-24
-24
-18
-14
-10
-3
0
5
-1
3
6
5
8
12
11
7
13
18
18
14
9
5
1
-4
-6
-9
-13
-13
-16
-7
-8
-13
-15
-23
-26
-33
-35
-47
-45
-45
-47
-46
-36
-30
-23
-21
-21
-16
-21
-14
-15
-20
-19
-15
-15
-13
-11
-10
-11
-15
-9
-18
-19
-18
-21
-16
-13
-19
-10
-10
-10
-4
-5
0
-1
-3
-6
-2
-4
2
-5
2
-2
0
-1
-10
-2
-7
-7
-8
-11
-9
-18
-15
-15
-21
-19
-20
-20
-25
-25
-24
-22
-25
-26
-29
-28
-28
-33
-44
-40
-37
-38
-33
-33
-28
-21
-21
-16
-17
-12
-14
-19
-15
-22
-24
-26
-21
-21
-18
-20
-14
-9
-7
-5
-9
-5
-4
-7
-4
-4
-5
-2
4
2
3
7
3
3
-1
3
4
8
7
10
4
7
7
4
7
6
3
-2
-1
2
-6
-3
2
-9
-4
-10
-14
-14
-20
-27
-28
-30
-31
-35
-35
-30
-31
-31
-28
-30
-32
-31
-37
-33
-37
-40
-36
-35
-37
-30
-21
-21
-15
-15
-9
-14
-11
-13
-13
-8
-10
-7
-6
-1
4
11
9
10
12
10
16
14
12
9
8
13
19
22
18
21
22
19
19
20
7
10
9
4
5
2
-4
-3
-3
-8
-10
-13
-11
-17
-19
-16
-22
-19
-22
-23
-25
-24
-24
-26
-22
-24
-28
-27
-33
-29
-28
-31
-26
-29
-26
-22
-21
-19
-8
-7
-11
-15
-10
-11
-15
-13
-15
-4
-5
-5
-1
1
3
5
11
10
14
11
9
9
13
11
17
20
18
13
20
14
14
7
6
0
3
5
4
5
5
11
9
9
8
6
0
-5
-4
-8
-15
-17
-16
-18
-18
-15
-18
-10
-17
-22
-22
-27
-31
-26
-30
-26
-31
-32
-26
-24
-22
-20
-16
-19
-21
-21
-21
-23
-15
-6
-12
-8
0
-6
-2
-2
-2
-6
0
1
4
7
10
16
8
16
14
15
17
12
11
5
10
11
11
18
11
13
20
21
19
19
13
13
9
0
3
-4
-7
-12
-8
-7
-7
-6
-8
-2
0
-1
-10
-9
-10
-16
-16
-22
-23
-18
-14
-12
-9
-5
-3
-1
2
4
2
-2
-6
-5
-4
-8
-10
-3
2
3
6
7
9
11
6
5
8
5
0
0
2
0
6
9
10
8
15
13
16
13
11
14
4
10
12
5
9
7
9
13
11
5
5
5
7
-1
-4
-8
-18
-15
-18
-19
-23
-21
-22
-20
-17
-20
-24
-22
-25
-27
-25
-28
-29
-35
-28
-30
-30
-30
-27
-20
-16
-16
-11
-13
-9
-4
-7
5
3
1
6
3
4
6
4
9
8
7
10
14
14
12
18
22
18
15
15
14
13
13
13
11
15
14
11
12
13
21
11
14
9
6
9
0
0
2
0
1
0
-5
-5
-2
-8
-11
-17
-16
-13
-20
-19
-12
-17
-17
-16
-10
-7
-11
-10
-6
-2
-2
0
-2
2
1
-2
0
-3
2
0
6
10
9
6
6
3
8
7
5
8
7
11
7
12
9
11
12
13
17
12
15
15
19
15
15
11
15
11
13
7
7
9
6
6
0
6
4
11
5
3
0
-1
5
3
3
0
-1
-5
-5
-9
-10
-9
-8
-3
-9
0
-3
-5
-5
-4
-1
-6
3
-4
2
-6
-2
-2
-3
5
3
5
0
4
6
-2
1
6
0
7
15
13
11
12
12
11
15
15
20
15
16
18
10
17
14
9
10
3
9
3
5
-1
6
2
0
3
0
7
0
7
0
-4
-2
4
4
0
0
2
3
4
5
6
4
-1
0
-1
1
2
-5
0
2
1
3
5
3
7
9
7
12
9
13
11
16
16
14
15
16
21
14
18
16
16
16
22
21
23
24
21
24
22
26
17
18
14
15
16
15
19
11
11
12
11
12
10
12
5
0
3
3
-1
2
-6
0
1
0
2
-4
3
5
0
2
3
2
6
0
4
5
8
11
13
17
11
12
14
4
10
14
11
10
15
13
11
15
8
10
15
17
19
23
17
16
22
18
20
18
15
11
12
14
14
19
12
12
9
13
14
13
12
10
9
13
13
2
11
8
8
10
12
11
13
18
16
19
16
11
12
12
10
9
4
9
7
11
11
8
11
15
17
11
11
7
5
4
7
9
8
13
14
11
16
17
13
12
12
13
17
18
9
11
14
20
22
19
20
20
21
19
21
15
11
14
13
11
17
12
14
13
19
17
5
9
6
5
12
12
11
10
9
17
19
17
16
11
8
13
11
11
10
8
7
7
16
12
8
8
11
13
8
5
6
0
2
9
10
5
3
8
14
12
11
4
2
3
9
6
2
7
3
9
14
11
15
12
11
13
9
15
10
14
10
18
23
13
13
10
11
11
15
15
10
6
8
15
12
8
1
12
13
8
10
5
5
0
5
2
-3
-3
-1
-3
6
-1
-1
1
-7
0
1
7
1
-1
4
8
6
5
7
6
8
5
8
7
6
5
7
8
6
6
2
8
10
5
7
6
5
9
12
8
8
2
0
4
4
0
6
1
-1
-3
4
1
0
4
11
6
5
1
5
7
0
2
1
0
-6
3
4
5
1
2
-2
2
5
-1
1
-4
2
8
8
3
5
-1
6
7
6
7
0
4
5
9
6
5
8
1
6
12
10
7
12
9
8
11
9
7
10
7
7
1
1
3
-2
3
0
1
0
-1
1
5
6
6
4
9
1
4
4
8
5
7
8
4
7
7
12
5
16
13
4
7
7
12
11
16
10
14
16
17
15
12
12
14
11
6
8
8
12
8
7
4
13
9
12
9
14
14
8
9
6
5
7
7
-2
3
2
0
3
4
1
1
2
1
2
6
8
2
2
3
-1
7
1
0
6
9
8
7
3
3
9
4
8
2
4
6
8
9
5
6
8
7
1
6
4
1
9
6
-1
4
9
8
7
7
11
12
13
12
14
13
12
14
13
11
6
5
6
8
5
10
8
12
15
16
13
12
12
9
6
10
13
5
9
9
10
11
10
4
7
9
2
7
4
8
5
6
5
6
4
-1
1
0
1
2
2
0
-1
0
-4
-7
-5
-4
-5
3
-1
-3
2
10
4
6
10
9
10
9
6
11
13
2
9
4
4
8
6
7
11
6
4
8
1
2
1
5
4
3
7
9
17
9
12
14
11
14
16
15
12
15
11
13
20
23
16
17
24
21
15
18
16
16
9
4
9
6
8
10
11
9
10
10
5
9
6
7
5
6
7
6
12
13
9
5
7
11
14
8
5
7
14
16
8
8
9
11
12
14
9
9
15
17
17
14
15
12
7
11
6
7
7
11
8
6
8
8
7
7
7
1
4
0
5
4
6
7
2
6
2
7
5
1
2
2
1
-2
2
3
-4
-1
-2
0
1
4
3
3
4
3
0
4
5
1
10
7
11
8
3
2
8
9
3
12
9
7
2
2
4
4
3
5
6
5
5
7
3
6
12
6
8
10
12
9
7
13
12
11
12
3
12
15
7
9
11
13
7
8
13
6
13
11
13
14
14
13
10
10
18
9
5
8
9
15
10
11
8
12
14
16
16
10
15
11
17
10
10
11
7
10
5
8
8
11
10
13
17
9
7
8
5
2
7
0
2
3
3
1
1
6
2
0
2
5
-3
4
1
0
2
-1
-2
2
3
4
-2
1
3
-5
0
-6
-4
-1
-1
-4
-2
5
0
0
-1
-1
-3
-1
-1
-2
-1
4
8
4
8
0
2
5
1
0
2
4
-3
0
1
-1
5
1
3
5
6
9
4
2
6
7
1
2
4
3
4
5
9
9
4
5
4
6
7
7
7
10
5
10
8
6
6
10
8
3
5
6
7
8
11
6
7
2
6
9
3
5
8
4
-2
5
8
9
6
4
2
6
4
2
0
5
4
4
12
6
11
8
11
11
9
12
6
1
3
6
6
3
8
1
-3
3
6
5
5
4
0
4
4
2
4
1
3
8
6
4
10
9
5
8
4
7
3
5
6
4
5
6
13
11
9
11
8
4
10
21
7
4
11
9
9
3
6
13
8
11
9
9
7
4
9
5
7
10
8
12
6
7
10
7
7
7
14
12
8
9
2
6
8
3
3
0
6
2
2
3
3
8
-4
-2
2
-9
-4
-4
-4
-1
-2
0
1
-3
7
6
3
5
5
8
0
1
2
2
1
3
-4
0
3
-1
-1
4
1
2
2
-6
-4
0
1
-4
-3
0
3
-5
3
1
-3
-1
1
-3
-3
8
2
1
6
4
5
6
2
0
1
0
-7
-5
3
-4
1
-1
1
5
3
1
3
2
4
4
2
1
0
2
5
7
4
5
9
6
5
5
2
1
3
4
2
0
7
5
-4
-1
-2
-9
-8
-5
-5
-7
-4
-2
-8
-4
-1
-5
-2
-2
-3
0
3
-2
-3
-7
-7
-6
-5
-3
-5
-8
-6
-6
-4
-5
-11
-9
-12
-2
-5
-3
-3
-7
-5
-7
4
0
-2
-3
-3
2
1
-1
2
0
6
3
3
-1
2
0
3
7
3
0
3
5
3
4
-3
-3
-4
-5
-11
-8
-11
-5
-11
-8
-4
-9
-7
-7
-8
-9
-4
-7
-8
-8
-8
-4
-4
-9
-12
-6
-5
-1
-2
-2
-11
-3
2
-4
-2
0
0
-8
-5
-2
5
4
2
2
-4
1
-2
-1
1
-7
-8
3
3
-2
-3
-3
-4
-1
-1
-1
-4
-1
1
1
2
-1
1
-4
1
-4
0
1
1
4
3
6
3
11
1
2
2
2
4
3
2
2
2
-1
5
-5
3
7
2
2
0
-4
1
3
0
6
-4
-3
0
-1
0
3
-3
-5
-2
-1
-5
-5
-3
-4
-6
-2
2
-5
0
-2
1
-5
1
-6
0
2
2
-5
-8
-3
-2
6
0
2
-2
0
3
2
-1
0
0
0
-4
-2
0
-2
-1
4
4
3
0
-4
-5
-10
-13
-9
-8
-6
-12
-15
-13
-12
-10
-11
-11
-10
-12
-9
-11
-13
-9
-7
-3
-1
-8
-3
-1
-4
-7
-15
-10
-18
-11
-17
-22
-10
-12
-10
-8
-7
-8
-10
-14
-8
-10
-14
-16
-16
-6
-9
-9
-6
-11
-11
-11
-8
-7
-12
-5
-10
-6
-3
-7
-7
-8
-4
-7
-4
-8
-9
0
-3
-6
-1
-1
0
-3
-6
-2
-2
-5
-2
-3
4
1
1
2
-1
1
1
-5
3
5
0
-2
-6
-3
-5
-1
-6
-8
-2
-2
-6
-6
-8
-4
-3
-4
-6
-5
-5
0
-5
1
2
-1
-2
-1
-1
-10
0
-3
-5
1
-5
-10
-9
-9
-7
-5
-8
-2
-3
1
5
0
-2
-3
-1
-2
-9
-1
-8
-6
-5
1
3
-1
5
-1
-4
-3
-4
-7
-2
-3
-3
-7
-6
-2
-6
-4
0
-3
-1
-2
2
3
-5
-6
-1
-5
-6
-4
-7
-10
-6
-3
-7
-4
-3
-8
-9
-5
-2
-5
-6
-7
-7
-7
-3
-5
-3
-8
-3
-1
0
-2
-9
-5
-12
-11
-9
-5
-5
-9
-8
-4
-4
-8
-6
-12
-4
-4
-13
-8
-10
-10
-9
-15
-7
-6
-8
-5
-3
-5
-10
-9
-9
-4
-7
-9
-9
-9
-6
-8
-7
-5
-10
-4
-3
-8
-5
-4
-8
-7
-1
-7
-3
-2
0
-2
-6
-2
2
4
1
1
-7
-4
-3
-6
-6
-5
-9
-11
-6
-5
-2
0
-5
-8
-6
-8
-8
-11
-7
-6
-7
-5
-6
-3
-5
-9
-10
-13
-11
-11
-10
-11
-12
-8
-10
-8
-10
-7
-5
-7
-7
-2
-5
-11
-11
-10
-10
-9
-4
-6
0
-4
0
1
0
-5
0
0
-3
0
-3
-6
-5
-3
-7
2
0
-2
-3
-2
-5
0
-3
-4
-8
-5
-4
-6
3
2
0
2
8
7
4
1
6
12
7
6
9
9
4
5
7
5
5
2
0
1
5
7
1
6
6
2
2
-1
-3
-7
-10
-6
-7
-4
1
-3
-3
2
5
2
1
3
3
3
2
7
4
6
3
1
2
0
1
5
4
4
4
9
8
2
3
5
7
8
6
5
7
10
4
6
5
8
2
2
0
1
7
3
4
2
5
3
8
4
2
1
2
0
6
6
6
8
5
8
9
5
4
6
-1
5
5
4
1
13
17
11
11
3
3
0
8
3
10
9
7
11
5
5
5
4
1
-1
4
-1
-3
6
3
-2
3
2
5
2
1
0
0
4
4
0
-4
-5
-6
-6
-10
-9
-4
-3
2
-5
-4
-8
-8
-1
-6
-6
-2
2
-3
-4
-7
-2
-7
-4
-2
-1
-3
-1
2
-3
-4
-5
-1
-2
0
-11
-1
-6
-11
-6
-6
-4
-5
-6
-11
-8
-7
-13
-12
-7
-13
-11
-15
-12
-10
-5
-17
-14
-10
-11
-9
-6
-7
-12
-8
-5
-5
-16
-9
-5
1
1
-2
1
-2
0
0
1
-2
-3
-4
-8
-11
-10
1
-3
-9
-4
-6
-4
1
0
-6
-4
1
-4
-2
-5
-6
-7
-7
-4
-2
-4
-2
-5
-7
-6
-8
-2
-7
-4
-1
-6
-4
-5
2
2
-4
-4
-5
0
-3
-9
-5
-5
-6
-8
-8
-12
-9
-9
-9
-9
-14
-3
-6
-6
-9
-11
-8
-11
-7
-5
-3
-2
-3
-7
-4
-7
-7
-7
-9
-4
-9
-8
-5
-10
-8
-2
-9
-8
-10
-8
-9
-6
-6
-11
-13
-8
-8
-11
-11
-7
-5
-7
-6
-1
2
-10
-6
-6
-5
-8
-6
-5
-5
-10
-2
-1
-3
5
-1
-3
-4
0
-1
-2
-2
-3
0
6
3
-2
-4
-4
1
3
4
1
-3
0
2
0
2
-2
-3
-1
4
-1
-1
5
4
4
4
5
4
9
8
5
-2
4
2
8
5
5
6
4
5
4
7
3
6
9
7
7
8
9
7
6
12
9
8
7
9
11
11
9
5
9
8
10
10
10
14
10
7
7
8
12
9
4
6
6
6
4
1
2
2
5
7
0
6
11
5
9
6
-2
3
-1
4
6
3
9
7
6
8
5
4
3
2
3
2
3
-1
5
9
6
3
1
5
5
6
6
7
4
8
7
-3
8
3
-3
-2
3
9
2
5
5
5
6
5
4
2
7
2
0
4
7
9
7
6
5
5
2
1
-2
4
1
-2
3
5
7
7
8
1
4
3
0
4
1
3
1
3
0
7
6
5
5
3
0
5
0
-2
4
4
5
5
2
-4
-5
2
4
1
0
-3
-2
-4
0
2
-2
0
2
2
-2
-3
-5
-6
-1
-5
1
-7
-4
-4
-8
0
-3
-2
-5
-7
-6
-6
-4
-7
-4
-3
-2
-3
1
-1
0
-1
-3
-8
-3
-4
-2
-5
-11
-5
-5
-7
-5
-4
-7
1
-4
-7
-6
-6
-10
-7
-9
-11
-11
-13
-10
-9
-11
-15
-14
-15
-13
-10
-14
-12
-17
-21
-11
-14
-13
-13
-18
-13
-9
-13
-8
-12
-17
-9
-11
-10
-7
-11
-13
-13
-12
-11
-13
-11
-13
-13
-8
-10
-10
-14
-17
-8
-12
-12
-16
-13
-18
-9
-11
-17
-11
-15
-12
-14
-13
-18
-13
-18
-19
-20
-17
-14
-15
-18
-12
-18
-14
-9
-12
-11
-11
-13
-14
-12
-19
-13
-14
-13
-9
-11
-5
-9
-6
-11
-14
-7
-15
-8
-8
-8
-7
-15
-15
-8
-4
-10
-11
-15
-12
-9
-14
-16
-11
-10
-8
-9
-12
-12
-9
-1
-9
-5
-7
-9
-4
-5
-7
-8
-9
-9
-15
-9
-1
-3
0
-12
-4
-7
-15
-7
-8
-6
-7
-14
-18
-17
-13
-6
-10
-9
-11
-13
-13
-15
-11
-16
-11
-14
-18
-12
-14
-17
-16
-20
-18
-10
-20
-11
-13
-15
-19
-17
-17
-26
-18
-23
-15
-14
-13
-14
-18
-22
-17
-12
-19
-17
-16
-18
-18
-17
-20
-18
-20
-18
-15
-17
-17
-14
-20
-17
-18
-16
-21
-20
-16
-16
-16
-26
-22
-17
-23
-21
-20
-25
-24
-20
-20
-19
-13
-15
-17
-14
-13
-13
-13
-16
-12
-17
-18
-13
-15
-16
-16
-13
-15
-13
-14
-13
-14
-13
-13
-11
-5
-10
-10
-9
-7
-10
-14
-8
-11
-7
-12
-13
-9
-6
-10
-10
-6
-11
-9
-6
-7
-9
-4
-9
-6
-7
-13
-10
-11
-13
-14
-12
-11
-12
-16
-14
-17
-13
-12
-10
-16
-14
-6
-10
-10
-7
-8
-7
-10
-7
-7
-9
-11
-6
-3
-8
-10
-4
-7
-11
-10
-14
-9
-9
-9
-11
-9
-8
-11
-11
-8
-10
-8
-17
-12
-8
-6
-10
-15
-16
-14
-13
-16
-17
-9
-7
-14
-9
-7
-8
-10
-3
-11
-14
-10
-9
-7
-13
-5
-7
-13
-14
-10
-9
-11
-14
-13
-11
-7
-10
-16
-10
-12
-10
-10
-14
-14
-12
-13
-15
-14
-14
-7
-14
-16
-13
-11
-13
-9
-13
-16
-12
-12
-12
-12
-13
-11
-15
-15
-13
-12
-8
-10
-5
-7
-8
-9
-12
-7
-5
-10
-13
-6
-4
-12
-13
-7
-5
-5
-7
-6
-5
-5
-4
-3
-8
-5
2
-4
-4
-5
-6
-12
-6
-6
-8
-3
-7
-4
-5
-3
-6
-12
-12
-10
-8
-5
-2
-10
-3
-13
-13
-3
-8
-11
-9
-8
-14
-14
-8
-7
-7
-6
-7
-6
-8
-6
-9
-7
-5
-8
-10
-2
-3
-11
-5
-2
-7
-7
-7
-6
-5
-2
-4
-11
-5
-5
-7
-4
-9
-2
-5
-10
-6
-8
-2
0
-3
-3
3
0
1
-4
-2
4
0
3
3
4
0
-5
-3
1
-2
-4
0
1
-3
1
-3
-3
5
0
-2
0
2
3
5
2
0
1
2
1
2
4
2
-2
-2
0
-2
-1
-2
-4
-4
0
-2
-2
4
2
-2
1
2
3
-1
2
1
3
3
7
9
7
7
1
4
5
7
6
8
4
4
6
6
8
0
5
13
10
6
8
9
7
1
4
2
6
7
5
5
-2
0
-3
5
4
8
2
2
4
0
9
5
9
6
0
-1
4
3
2
4
2
10
4
1
8
8
2
2
0
3
-1
2
-1
-3
1
1
3
-1
-1
-6
4
1
0
4
1
2
1
4
5
6
-3
-2
5
4
6
1
3
3
-2
-1
4
0
1
5
9
10
10
13
6
11
12
10
12
3
4
8
5
5
9
4
5
4
1
4
4
2
2
5
5
4
9
11
9
9
9
13
7
10
11
13
8
11
8
11
15
9
9
10
6
6
10
8
9
6
2
3
4
7
13
11
9
7
9
13
11
10
11
5
7
8
11
7
6
4
5
8
-1
7
7
2
2
6
6
6
2
6
3
0
3
4
5
4
5
-1
3
-3
-3
-1
-1
5
0
2
4
2
-1
3
4
1
-3
-6
0
-3
-2
-1
0
1
2
-2
-3
0
-2
-3
-3
-6
-1
2
-1
4
7
0
3
2
5
5
0
3
2
-1
-1
5
1
-2
2
-3
7
6
4
5
4
10
1
3
4
10
3
0
2
0
2
-2
7
3
-1
-4
3
4
4
1
3
5
2
5
3
4
8
-1
-2
4
7
8
6
6
2
7
3
3
7
9
4
14
12
8
5
7
6
9
8
9
10
5
2
1
8
5
8
5
11
11
8
5
9
9
6
7
3
8
4
7
6
1
7
6
8
8
12
16
14
9
12
15
9
11
7
9
7
12
10
7
8
7
11
17
7
9
9
9
9
0
5
7
6
1
3
6
0
0
3
4
3
-2
1
4
1
-3
-1
-3
1
-1
2
-1
1
-1
-4
5
-2
3
5
5
0
-2
-1
-2
5
4
3
7
3
10
11
8
8
6
4
7
10
15
7
9
15
9
8
6
9
5
4
9
6
7
6
5
7
13
6
10
12
2
6
6
8
7
5
11
13
12
12
9
13
8
9
5
12
16
14
13
8
5
8
12
14
19
12
14
13
15
16
13
13
10
11
7
6
10
10
8
10
5
7
3
7
2
3
10
5
7
5
3
-1
3
0
-1
4
-5
-1
-2
-3
0
-1
-2
3
-1
-7
3
-4
-3
4
4
0
-3
0
2
0
-3
-3
-3
-2
-2
1
-2
0
3
-1
3
2
2
3
9
6
6
1
2
5
3
0
4
5
6
7
-1
-1
-1
5
1
7
2
6
8
4
10
1
3
2
2
2
6
-1
0
2
-1
4
5
5
4
4
3
1
2
2
3
-3
1
3
3
8
3
6
9
9
9
8
9
2
4
6
0
-1
0
3
6
6
3
6
10
6
5
8
8
9
8
3
2
1
6
4
4
5
1
4
8
12
12
4
3
6
7
3
0
5
9
5
7
7
4
4
-5
0
1
-4
0
1
-1
3
3
3
2
0
0
5
5
4
6
-2
-4
3
3
-4
0
1
-3
1
1
1
-5
3
2
4
3
1
4
7
10
9
7
7
2
1
5
0
0
-4
-3
1
1
2
6
0
1
-4
1
3
6
6
4
6
3
5
4
4
4
2
8
11
10
7
11
6
4
6
7
8
1
5
2
10
10
7
7
7
7
8
5
0
1
3
2
3
7
7
4
3
2
-3
8
-3
-6
1
-2
3
2
3
7
8
5
4
1
4
-4
2
8
2
5
7
4
6
7
9
10
9
5
4
8
5
7
3
7
8
8
7
9
6
4
2
6
1
2
6
6
3
3
7
0
2
8
3
2
8
5
7
5
8
4
6
4
9
5
3
1
2
9
4
7
1
5
5
0
3
0
0
6
10
7
3
2
3
-4
2
-4
-1
4
-1
7
5
-1
-4
-2
-1
-3
3
2
0
-2
-3
-4
0
5
-3
3
5
-7
-4
-2
-7
-3
-1
-5
0
3
-4
-2
-3
1
-1
6
2
1
0
8
6
7
11
3
10
7
8
5
1
5
6
5
7
4
3
1
-2
3
2
3
7
6
5
4
6
1
4
1
3
10
5
4
2
2
-2
-2
0
2
3
5
-1
3
0
2
3
6
-1
4
3
-1
1
-1
-3
4
3
0
4
4
4
0
3
-6
1
3
0
5
6
4
4
6
3
7
11
9
10
7
5
8
8
6
5
9
7
7
1
0
3
2
4
0
6
3
3
-1
-1
1
-2
0
0
-2
-3
-2
1
-4
-6
1
-2
1
2
-3
1
-5
0
-6
-3
1
-5
-7
-7
-8
-12
-10
-10
-9
-4
0
-3
-5
-7
0
-7
-5
-5
-9
-5
-4
-4
-7
-2
-6
-9
-9
-5
-7
-4
-5
-7
-6
-9
-8
-7
-8
-5
-5
-9
-3
0
0
-6
-6
-9
-11
-4
-7
-7
-9
-5
-3
-3
-6
-7
-5
-8
-7
-10
-6
2
-8
-8
-8
-6
-3
-9
-2
-8
-5
-3
-4
-3
-4
-3
-10
-5
-11
-13
-10
-8
-12
-8
-4
-10
-11
-8
-12
-9
-7
-12
-9
-10
-13
-9
-11
-15
-4
-9
-5
-8
-6
-5
-9
-9
-6
-12
-14
-8
-7
-8
-6
-8
-9
-7
-5
-9
-9
-9
-5
-4
0
1
-7
-6
-6
-7
-6
-6
-9
-9
-4
-8
-5
-5
-11
-11
-10
-8
-8
-5
-12
-7
3
0
-3
0
-4
-3
-4
-8
-3
-5
-9
-7
-3
-10
-8
-6
-7
-7
-7
-6
-6
-6
-2
-8
-1
3
1
2
-2
-6
-6
-5
-9
0
-4
-6
-2
-8
-5
-8
-3
-4
2
-3
-3
1
-6
2
-1
5
5
2
-3
0
0
2
-4
-3
-4
-6
-5
-1
-2
-5
-7
-5
-3
-5
-6
-7
-8
-4
-1
-3
-3
-1
0
-4
-6
-4
-3
-3
-7
-7
-10
-3
-2
-2
1
-4
-3
-3
-1
-5
-4
-5
1
-5
-8
0
1
2
-5
-1
-2
-5
-3
-3
-1
-3
-1
-8
-5
-6
-8
-3
-8
-5
2
-5
-1
-3
-3
-5
-8
-3
-2
-6
-4
-1
-4
-6
-4
-4
-3
-1
-8
-13
-9
-5
-9
-10
-6
-8
-9
-6
-13
-9
-7
-10
-12
-15
-7
-6
-6
-7
-11
-9
-10
-4
-12
-9
-10
-7
-3
-10
-3
-14
-10
-6
-7
-5
-8
-6
-3
-1
-5
-8
-5
-1
1
-2
-1
0
3
-1
2
4
3
-1
-2
-3
-4
1
2
3
-3
-3
-1
-4
-7
-5
-3
-10
-3
-6
-9
-6
-11
-11
-6
-4
-8
-4
-3
-5
-4
-2
-6
-1
-1
3
1
0
3
3
0
1
3
-2
1
4
1
3
4
1
0
1
1
3
4
3
4
6
10
7
6
3
4
2
-2
1
2
0
-3
3
4
1
0
-2
3
4
-2
2
2
0
-1
0
3
-6
-2
-1
0
-1
-2
-5
-2
-1
-4
0
-6
-3
-2
-6
0
-1
-8
-1
-1
-3
1
-3
-7
-1
1
-2
5
3
1
-1
-2
6
2
10
9
11
8
6
11
3
1
4
5
-1
6
6
5
4
-1
2
3
3
5
8
14
11
13
14
9
9
7
5
4
7
7
2
1
-1
4
6
2
5
4
-1
2
