4
6
4
0
4
4
2
2
-5
-4
-1
-3
1
6
-1
1
-4
-5
2
-3
1
0
-2
-3
2
2
2
1
-4
1
-1
-1
6
10
-1
-2
0
2
7
4
1
5
5
12
7
6
8
4
13
4
3
-2
4
12
13
10
8
9
3
11
0
4
9
0
3
1
5
9
5
3
6
7
10
4
14
9
2
3
1
8
7
4
1
2
3
4
4
5
5
3
0
-3
6
0
4
9
2
2
0
0
0
0
-2
-4
-8
-1
-1
0
-1
3
3
-3
1
-1
1
-6
-3
-2
-1
3
-5
-10
-7
-2
1
-2
-4
0
-4
0
3
-1
-3
0
-2
-5
-6
-1
-1
-4
-2
-6
-7
-4
-6
-8
-5
-8
-9
-2
0
-1
-1
-2
-4
-9
-2
-3
0
-3
-11
-10
-10
-8
-2
-7
-7
-6
-3
-3
-3
2
1
-2
-3
-1
-7
-7
-4
2
3
-4
2
-1
-1
-4
-8
-4
-4
-3
-3
0
-3
1
-4
-10
-6
-3
-5
-3
-6
-6
-7
-7
-4
-5
-2
-7
-5
-7
-6
-6
-10
-1
-2
-8
-4
-3
-5
-7
-10
-11
-9
-6
-10
-7
-9
-8
-11
-11
-11
-11
-9
-9
-2
-4
-2
-8
-7
-8
-13
-9
-13
-5
-8
-5
-8
-7
-8
-9
-10
-10
-6
-8
-5
-8
-12
-13
-7
-10
-8
-14
-9
-3
-5
-7
-7
-7
-13
-12
-8
-6
-10
-12
-11
-7
-14
-9
-13
-5
-3
-7
-8
-10
-7
-10
-4
-10
-11
-10
-3
-5
-7
-6
-8
-7
-10
-6
-10
-5
-4
-5
-6
-6
-5
-8
-6
-10
-8
-7
-11
-9
-11
-13
-14
-11
-16
-11
-13
-13
-12
-13
-10
-13
-16
-14
-14
-14
-14
-14
-16
-11
-16
-12
-13
-11
-13
-13
-10
-11
-10
-11
-12
-12
-11
-7
-5
-7
-13
-15
-14
-12
-10
-13
-12
-15
-13
-17
-14
-14
-14
-16
-14
-10
-12
-9
-15
-14
-13
-11
-9
-13
-12
-10
-8
-9
-10
-6
-4
-9
-9
-10
-9
-6
-10
-4
-4
-12
-8
-9
-13
-10
-13
-11
-12
-11
-12
-12
-22
-18
-16
-18
-17
-21
-14
-20
-16
-18
-14
-13
-8
-15
-14
-9
-12
-9
-15
-16
-19
-13
-12
-12
-19
-16
-16
-16
-16
-13
-10
-12
-12
-11
-13
-14
-8
-14
-19
-10
-17
-16
-12
-17
-15
-18
-14
-12
-11
-11
-6
-8
-11
-11
-12
-10
-12
-15
-10
-8
-13
-11
-9
-10
-10
-5
-13
-10
-5
-10
-8
-8
-10
-13
-12
-12
-13
-10
-9
-17
-14
-9
-13
-15
-9
-16
-8
-4
-5
-4
-11
-6
-5
-7
-4
-5
-2
0
-5
-1
-1
-1
-9
-7
1
-2
-4
-4
1
-4
-8
-8
-7
-5
-2
1
-5
-4
-5
-7
-2
-3
-3
-6
-4
-6
-5
-7
-7
-4
-6
-5
-6
-7
-6
-7
-8
-5
-5
-4
-2
-5
-8
-9
-7
-9
-6
-4
-8
-6
-8
-7
-12
-4
-3
-12
-10
-14
-15
-15
-13
-10
-12
-13
-10
-5
-10
-8
-14
-13
-10
-11
-14
-13
-9
-5
-2
-8
-6
-10
-8
-8
-3
-5
-8
-5
-9
-5
-6
-7
-7
-7
-6
-2
-3
-4
-7
1
1
2
2
1
-2
-4
-2
-3
-2
-4
-4
-7
-2
-8
-11
-2
-3
-10
-9
-8
-5
-1
-6
-6
-6
-1
-7
-5
-4
-5
-5
-2
-3
-8
-2
0
-4
2
1
0
-4
-4
-2
-6
0
-2
1
-9
-8
-9
-9
-10
-9
-12
-13
-5
-7
-1
-6
-3
-1
-4
-5
-5
-7
-5
-5
-3
-3
-3
-9
-11
-6
-9
-10
-8
-4
-9
-10
-10
-10
-15
-8
-7
-9
-5
-7
-13
-7
-11
-10
-7
-13
-9
-12
-11
-8
-9
-7
-14
-12
-9
-11
-7
-3
-6
-1
-10
-11
-8
-8
-6
-5
-6
-12
-6
-5
-9
-7
-10
-3
-8
-6
-5
-6
-5
-9
-10
-13
-10
-9
-12
-10
-7
-10
-9
-11
-8
-11
-6
-6
-7
-13
-12
-12
-9
-6
-7
-3
-6
-10
-5
-6
-9
-4
-6
-3
-6
-5
-5
-3
-2
-1
-9
-6
-5
-5
-4
-1
-4
-5
0
-2
0
-3
-1
-4
-2
-3
-7
-1
1
-5
-7
-5
-6
-6
-5
-7
-9
-7
-9
-7
-6
-9
-7
-2
-7
-11
-8
-11
-7
-3
-3
-5
-3
-2
-7
-4
-6
-10
-4
-3
-6
-6
-8
-8
-2
-7
-3
-5
-7
-7
-5
-3
-5
-4
-7
-6
-9
-9
-1
-3
-5
-10
-5
-6
1
-3
-5
-3
-5
-2
4
0
0
-4
-5
-2
-2
0
-5
-3
-5
-2
-3
-6
-2
0
2
-3
-6
-5
-5
0
2
-9
-7
-10
-9
-9
-7
-12
-9
-8
-12
-6
-6
-8
-6
-7
-6
-2
-12
-7
-10
-12
-9
-10
-4
-10
-14
-9
-14
-10
-4
-11
-8
-13
-13
-8
-6
-7
-11
-7
-9
-6
-8
-9
-13
-4
-8
-10
-13
-10
-9
-11
-5
-10
-8
-4
-5
-2
-1
-7
-2
-2
-5
-6
-7
-8
-7
-9
-9
-12
-11
-10
-12
-11
-17
-7
-3
-12
-8
-8
-9
-9
-12
-8
-8
-13
-12
-13
-12
-13
-13
-18
-16
-12
-8
-12
-12
-9
-10
-9
-17
-14
-8
-10
-11
-14
-15
-16
-16
-15
-14
-14
-17
-19
-15
-13
-16
-13
-21
-23
-19
-18
-14
-16
-15
-14
-13
-14
-12
-14
-13
-12
-15
-13
-12
-12
-13
-14
-17
-7
-12
-14
-14
-16
-11
-13
-16
-17
-11
-9
-6
-11
-10
-11
-13
-12
-12
-9
-11
-6
-8
-10
-5
-4
-8
-4
0
-3
-4
-6
-7
1
-4
-6
-7
-8
-5
-7
-2
-6
-11
-9
-3
-8
-5
-3
-4
-2
0
1
2
-4
-4
-2
-1
-3
-1
0
-3
-2
-2
-5
-5
1
-2
-3
-6
-1
-2
2
6
-1
-3
-3
2
-2
-1
5
3
-2
-1
2
3
5
1
1
0
6
2
-1
1
-2
2
4
1
2
5
-3
-1
-1
1
1
-2
3
-1
4
5
-2
0
-2
4
6
0
2
1
4
6
1
-2
5
3
8
6
0
3
0
-1
0
3
-3
0
3
-3
-4
1
3
3
3
-2
4
5
-3
-1
-3
3
-4
0
2
-4
-2
1
4
-2
2
2
4
-2
-1
-1
-1
-3
-4
-4
2
-3
-1
0
-3
-2
-1
1
-8
-1
-1
-4
-3
-2
2
-2
-3
-5
2
1
-3
-2
1
-2
1
-5
0
-5
-1
-1
-3
3
2
4
3
-2
-2
6
1
6
4
-3
-1
0
1
0
-4
-4
-8
-5
-8
-9
-9
-10
-1
-6
-11
-3
-2
-5
-3
-7
-7
-6
-1
-4
-3
-1
-4
1
-2
-2
2
-3
-7
-1
-4
2
-4
1
1
-3
0
-3
3
-4
-4
-1
-3
1
-3
-1
4
-2
-1
1
0
3
-2
3
0
0
6
7
8
8
5
8
5
6
11
7
4
7
7
12
9
10
8
6
12
7
10
11
12
10
9
11
6
9
7
12
15
9
5
4
7
2
6
1
7
5
9
8
6
5
8
10
4
7
4
4
5
3
6
4
5
12
7
6
4
10
14
10
10
4
3
8
6
4
2
8
8
3
10
2
1
1
7
3
2
3
5
13
9
5
7
8
4
10
9
10
8
13
12
7
6
3
3
11
9
12
9
11
11
4
6
7
9
16
13
13
18
10
9
10
10
13
12
10
7
11
15
15
13
13
11
9
6
18
14
6
8
11
9
8
9
10
14
11
11
11
10
14
11
6
9
10
10
11
10
8
8
5
8
7
7
2
4
8
2
8
7
0
5
4
6
0
0
-1
-1
3
1
3
3
2
8
4
7
10
2
1
0
0
3
2
4
0
3
8
5
5
8
5
5
7
2
4
7
8
4
3
4
2
3
4
8
13
8
3
5
4
1
2
2
3
11
7
3
4
5
13
10
8
6
5
10
5
2
11
8
6
0
9
8
5
8
4
4
9
6
5
10
7
6
6
5
6
5
6
4
8
4
4
-1
-5
4
-3
0
0
1
5
-5
3
1
-1
0
-3
2
3
2
0
-1
-1
-1
-3
-3
-2
-2
-12
-6
-6
-4
-1
-10
-1
-2
-4
-3
-2
-2
-9
-1
0
-5
-5
-2
-3
-2
-2
-1
-2
-2
3
-4
-1
2
-1
0
-1
-3
-1
2
-6
-5
6
5
7
3
5
1
1
5
2
-4
1
5
3
9
-1
8
2
6
4
3
5
-3
-2
-4
0
4
5
2
6
1
1
0
3
0
-2
-1
-3
1
-4
-2
-1
0
3
-3
-6
1
1
3
-1
-4
-1
-2
-2
0
-2
-7
-3
0
-3
-2
5
2
-1
0
7
2
0
-1
1
1
-6
1
0
-1
0
1
0
-4
-4
-5
-4
-3
-2
-1
0
-3
0
-2
-1
0
-3
5
-2
-3
0
1
0
3
-1
-1
0
-2
3
5
4
0
-2
3
1
5
2
-2
-1
4
4
3
7
0
2
0
-2
1
-3
6
3
-2
0
-3
-4
-4
-4
-5
-5
-5
-7
-3
-3
-6
-3
-7
-7
-7
-7
-12
-10
-11
-10
-11
-8
-6
-6
-5
-12
-5
-2
-4
-2
-2
-3
-1
-3
-8
-7
-7
-9
-6
-4
-5
-5
0
-4
-10
-4
-4
-3
-4
-4
-9
-10
-4
-3
1
-9
-12
-6
-12
-11
-6
-12
-11
-10
-8
-10
-9
-15
-14
-13
-14
-11
-2
-9
-5
-9
-5
-4
-8
-1
-5
-7
-7
-10
-10
-12
-12
-4
-11
-8
-6
-7
-7
-5
-6
-4
-3
-5
-3
-2
-4
-8
-10
-8
-7
-4
-5
-11
-8
-5
-10
-11
-10
-8
-10
-3
-9
-6
-4
-12
-6
-3
-8
-8
-6
-5
-12
-4
-6
-6
-2
-4
-3
-10
-8
-6
-7
-3
-9
-5
-4
-3
-1
-6
-8
-3
-2
-3
-4
-5
-4
-3
-5
-7
1
0
-2
3
1
0
6
5
2
-1
-1
3
2
3
2
1
7
2
-1
6
7
1
5
1
3
8
3
7
9
3
8
6
4
5
8
4
-2
2
6
3
0
7
2
3
8
4
11
7
6
12
10
7
8
6
5
11
6
7
7
8
13
11
17
8
8
7
10
11
7
12
10
12
13
8
6
9
16
11
8
11
9
10
10
6
10
8
3
7
6
8
9
4
3
5
4
9
6
1
6
7
1
6
9
9
7
6
8
5
5
11
4
5
2
4
5
6
6
0
2
2
8
1
3
6
2
2
3
6
1
2
-1
3
9
-2
2
6
-1
6
5
5
1
2
-1
-2
1
4
1
-6
-2
7
2
5
6
1
1
2
3
0
4
0
4
5
2
6
-2
0
-1
-4
-6
0
-2
-4
2
-1
1
-6
-1
-5
-1
1
-5
-1
-5
0
-5
2
-2
-6
-2
-2
-7
-8
0
-8
-4
-2
-1
2
5
4
-3
-1
4
3
3
8
5
2
-1
2
0
-1
5
4
3
6
2
1
6
2
7
8
3
4
2
-1
3
5
7
5
6
7
0
2
5
5
8
1
6
10
3
3
11
6
6
8
5
4
3
7
1
3
4
8
5
2
4
1
1
3
3
4
5
3
2
6
3
6
6
1
1
1
-1
-3
-2
-1
-5
3
4
-2
-1
3
4
-3
1
6
3
0
0
3
2
0
0
-1
4
2
3
6
3
4
-5
1
6
3
6
1
4
1
1
1
0
-2
1
4
8
1
-3
6
0
5
6
3
5
8
7
4
1
1
2
7
5
4
4
-2
4
1
-4
-1
-2
-2
5
1
-3
-1
3
-1
-5
-4
2
-1
-5
0
-1
1
1
1
-3
-5
-6
-10
-6
-3
-7
-7
-1
-7
-3
-3
-4
-2
-6
-3
3
-6
-3
-1
-5
-1
2
0
-6
-4
-5
-5
-7
-6
-4
-9
-1
0
0
-7
2
5
1
5
0
9
7
5
0
4
9
1
4
-2
0
5
1
3
-1
-5
0
0
0
2
0
-1
-2
-1
2
2
3
-2
-4
4
1
4
2
1
4
4
5
4
11
6
5
8
1
7
8
7
4
10
6
14
10
5
2
4
11
10
3
4
9
2
2
5
3
6
7
6
8
5
8
1
3
3
6
4
3
0
0
2
2
3
-3
2
-1
-1
4
-2
2
1
4
2
-3
3
3
6
3
-1
-2
3
4
-2
-2
-3
1
4
5
6
2
-2
2
3
2
1
5
4
1
0
2
-2
-4
3
1
5
8
7
5
7
4
-3
-3
-3
3
0
-1
3
1
1
4
3
5
4
0
5
6
-2
-2
-2
5
4
0
2
-2
2
4
5
5
8
8
8
6
8
11
9
9
6
11
4
6
7
9
1
-3
3
4
2
-2
-1
-3
0
1
-3
0
3
-2
-2
2
-2
1
-4
-5
1
-4
1
1
-2
3
1
2
5
-1
-1
-2
0
3
4
1
0
0
1
3
-4
3
2
-3
5
2
0
0
-2
0
6
2
3
0
2
3
0
8
4
7
3
2
3
5
7
6
7
-1
2
0
4
8
5
7
5
1
1
1
2
0
-1
1
-1
3
-1
-2
2
-4
2
0
-3
2
1
1
3
2
-1
-2
1
2
1
3
0
3
4
0
-3
-2
2
0
-2
-1
-3
-2
-6
-3
2
2
-5
-2
4
1
-3
-4
-2
-7
-3
-4
1
-1
1
-4
-3
1
0
3
-3
-2
0
-2
-7
-3
-3
0
-5
-3
-3
-2
-2
-1
-1
5
0
1
8
3
8
5
4
0
-2
0
1
3
1
4
0
0
0
3
3
-1
3
5
0
0
5
0
2
2
3
1
-2
-2
0
0
1
-1
2
3
-7
0
3
-4
-3
-1
3
-1
3
9
6
3
10
5
2
7
6
11
6
2
1
0
7
6
6
5
4
2
5
4
0
5
3
8
2
-1
4
-3
-1
2
3
2
1
3
3
2
9
8
3
1
0
-1
2
2
-5
-3
-2
3
1
-2
-2
-4
-1
-2
-4
0
1
-3
4
-1
1
-3
-5
-2
-6
-2
-3
-2
-1
-3
-5
-6
-8
-11
-12
-4
-8
-8
-1
-5
-2
-3
-1
-4
-11
-8
-7
1
-5
-9
-5
-9
-2
-8
-4
-5
-5
-1
-4
1
-4
-2
-4
-2
-1
-1
3
-1
-6
-2
-8
-9
-4
-8
-3
-1
1
-2
-5
0
-6
-8
-9
-5
-5
-6
-4
-4
3
0
1
-2
-5
-6
-4
1
-2
1
0
-3
0
0
-7
2
-1
-1
5
-3
6
-2
-1
3
0
1
-5
-2
-2
-5
-2
-3
-2
-5
-2
-3
-3
-4
1
3
4
0
0
4
-3
2
0
-3
1
0
-3
9
-1
4
2
-2
0
-2
2
0
1
0
-1
-1
1
1
2
1
1
5
2
-1
-2
0
3
6
0
0
-2
0
1
1
4
-2
0
1
-3
2
3
-4
2
-1
-1
1
5
1
1
1
0
4
0
3
6
5
-2
1
0
-2
-2
-2
-2
0
1
-3
-1
2
0
1
-4
-6
-8
-8
-2
-7
-4
-3
-1
-3
-6
-7
-7
-3
-10
-7
-5
-3
-4
-6
-5
-3
-1
-2
0
-4
-2
-2
-2
-4
-8
0
1
-1
-4
-7
2
1
-1
0
-4
-8
-5
-1
-5
-2
-2
-1
0
0
-3
-1
-5
-1
-5
-6
0
1
1
-1
3
-2
2
-1
-6
1
5
2
1
-2
-4
-6
-2
0
0
2
1
0
2
1
-6
-7
-2
0
-1
-1
1
-1
-2
-2
-1
-4
0
6
0
1
4
0
1
5
6
2
1
6
7
7
10
9
0
2
2
3
6
2
12
4
5
5
5
9
6
8
7
12
8
9
7
9
11
11
7
5
6
7
9
2
4
6
7
4
5
7
8
6
5
9
8
8
4
10
6
4
3
2
7
10
8
8
5
13
12
6
11
5
5
9
6
6
7
2
3
7
6
9
3
4
7
4
10
8
10
8
3
6
5
1
7
4
7
1
1
4
3
3
4
3
0
-2
-3
5
1
2
5
-2
4
3
1
5
5
5
1
-2
3
2
5
6
0
2
2
5
4
1
0
4
3
3
1
-2
-4
-4
-1
-2
0
0
2
-2
3
-1
2
-1
-1
-4
-4
0
-3
0
-1
-4
-5
0
3
1
-2
-2
0
-3
-1
1
-1
2
-1
-3
-3
0
-2
-1
-3
-3
2
-2
-2
-6
-2
-4
-8
0
-7
-4
1
-6
-3
0
-2
-1
-1
-10
-8
-2
-7
-7
-2
3
-4
-6
-5
-2
-1
2
-1
-3
-4
0
0
1
1
1
3
2
9
1
3
-1
-2
1
1
3
-1
2
4
6
1
3
0
2
5
5
7
3
5
6
5
5
7
4
3
3
3
4
4
7
0
5
3
4
7
3
6
8
3
2
5
3
7
6
3
9
6
2
2
3
7
4
2
3
3
2
1
-5
0
2
2
2
1
1
-1
3
5
3
0
1
5
6
4
2
2
0
3
3
7
7
6
9
8
10
5
6
10
7
4
6
8
8
7
6
6
1
2
7
9
7
5
9
5
4
4
7
8
4
7
4
0
5
3
5
5
5
3
1
0
2
3
1
0
3
9
9
11
8
3
6
-5
1
4
2
6
-2
-2
1
2
1
3
1
6
6
2
-2
9
4
4
5
5
7
8
0
0
-4
-1
0
1
8
3
7
3
8
9
6
5
5
1
1
4
2
4
4
2
2
4
4
0
0
6
-2
1
4
3
1
7
1
0
4
4
2
-1
10
1
4
2
3
3
7
4
6
3
3
5
6
7
2
8
9
7
5
8
6
4
3
2
7
7
4
3
3
5
2
9
6
2
-1
-3
2
3
1
4
3
1
0
1
0
-1
4
8
3
1
6
4
5
3
0
-1
6
2
0
-1
0
5
6
7
7
3
3
6
-1
5
5
5
9
7
6
6
6
0
6
3
1
5
4
8
2
5
11
6
8
7
5
3
3
4
7
7
8
6
1
3
8
7
4
10
9
8
13
11
2
7
5
7
9
3
7
4
10
10
8
9
6
5
7
7
7
5
8
8
9
12
9
10
6
3
5
8
6
4
5
5
11
4
4
11
7
9
7
7
7
8
3
6
11
6
7
8
5
8
8
3
4
4
8
4
8
12
11
11
4
7
11
9
12
7
9
10
4
7
5
5
4
5
11
6
7
4
6
6
3
4
14
10
12
12
6
7
9
7
-2
-1
-1
5
7
6
2
2
6
7
0
0
0
5
4
9
6
6
5
6
6
1
7
0
0
-3
-3
0
2
3
4
8
7
5
0
3
5
1
3
2
-2
1
1
2
2
1
3
-2
-4
0
-4
0
1
0
1
1
0
1
3
-2
3
2
3
1
1
1
3
-6
1
-2
-1
-1
-2
-1
4
6
1
0
-3
1
-3
-2
-1
1
0
1
-2
4
2
3
3
-1
6
11
3
0
1
5
7
5
6
2
6
3
5
4
3
1
0
3
5
-1
-4
5
2
0
-1
-6
-6
-1
2
4
3
-2
0
5
6
-2
1
0
-6
-2
0
3
-2
-3
5
-3
-1
5
1
0
-3
-2
-1
6
3
7
3
3
7
2
1
3
3
2
4
-2
1
1
2
0
-4
1
1
-4
3
0
-3
-1
-4
-6
-1
3
0
-1
-1
-2
-5
3
1
-4
1
1
3
-3
-3
2
-3
-3
-2
0
-2
-5
-10
-2
1
-4
1
-3
-6
-3
-8
-4
-3
-7
-4
-3
-5
-6
-3
-5
-3
0
-8
-6
-8
-1
-4
-9
0
-4
-1
-1
-4
-5
2
3
2
-3
-6
-2
3
-1
-8
-4
-2
0
0
-2
-2
-4
-6
-3
-5
-4
4
0
-2
0
-3
-5
-2
-5
-2
-3
-3
-5
-1
0
-6
-5
-4
-6
-2
-5
-7
-2
-2
-2
-5
-1
2
0
-2
1
5
3
2
-1
-9
-5
-2
-9
-3
-3
-1
0
-5
-1
-2
-2
-3
-1
3
2
6
7
8
6
6
4
0
5
4
10
11
9
12
6
7
9
13
12
8
8
6
7
9
1
6
8
2
8
9
7
7
5
7
5
7
5
5
5
8
11
7
6
4
2
6
5
7
7
3
9
8
9
10
10
12
8
12
13
8
10
13
8
8
13
11
12
16
15
15
13
18
12
17
15
13
17
14
18
10
17
18
16
15
15
10
17
16
16
10
8
12
15
13
15
15
11
15
12
16
13
15
10
13
12
12
15
13
12
9
15
16
14
10
9
11
9
8
14
13
10
11
8
12
16
10
11
12
8
13
15
9
14
6
4
10
8
7
1
3
7
7
10
5
10
8
10
7
8
7
8
9
5
9
6
6
5
7
6
14
8
9
15
12
14
8
-2
0
2
9
6
3
1
-2
6
9
10
7
4
0
4
4
5
8
0
8
1
-1
3
0
1
-1
1
8
6
8
3
7
8
4
2
3
4
6
0
3
3
-8
-2
-2
-1
1
-2
-3
2
0
-5
-1
-1
4
2
-1
-8
1
2
-4
-8
-3
0
5
3
-5
1
-3
1
-7
-10
5
-2
-2
-1
4
1
-1
0
-1
-1
3
-4
-12
-2
-3
-2
3
3
-2
-2
-2
-2
2
4
5
4
9
9
6
6
4
3
5
8
4
2
6
8
3
0
2
10
8
2
0
4
2
-1
4
5
2
11
4
-5
2
4
4
5
4
2
11
12
2
2
2
7
7
-2
2
4
2
-2
6
9
0
5
11
7
7
3
-1
5
5
8
4
2
-5
2
1
0
2
5
6
3
2
1
6
-1
2
5
6
-2
-2
-3
-5
4
4
-2
-2
4
7
-1
-8
-2
3
-2
-5
5
10
-1
-6
3
5
0
7
0
-1
1
7
7
2
-1
0
8
0
-4
2
6
8
3
3
4
8
6
3
4
7
8
6
3
6
1
-3
-3
-1
1
3
-4
-3
1
1
2
2
-1
5
4
-7
-6
-2
2
-3
-3
-10
-5
-3
1
2
-9
-6
-7
-6
-3
-3
-3
-2
-1
1
-1
-2
-4
-4
4
-1
0
2
5
1
-3
-2
0
-2
1
1
1
1
-4
-3
-4
-3
-4
-1
1
-2
-1
3
-1
3
-1
-4
4
4
2
-4
1
3
1
-1
2
3
0
0
-1
4
2
1
2
1
2
-1
2
-2
1
1
-1
-2
-1
2
0
-6
-10
-4
-4
-2
-5
-2
-5
-5
0
1
6
-6
-5
-1
-5
-11
-3
-3
-1
1
2
2
-1
-2
-2
1
2
4
-1
-4
-2
-3
-1
4
4
3
-5
-4
-5
-3
-5
-1
0
-3
-2
-2
-1
1
-4
-8
-5
-6
-1
-1
4
-4
-5
-2
-5
-7
-7
-7
-3
-1
-5
-2
0
1
-2
0
-1
-6
-6
-2
-9
-9
-7
-8
-9
-6
-6
-8
-14
-9
-8
-6
-8
-10
-4
-7
-2
-3
0
-3
-6
-6
-2
-2
-4
-1
0
1
-2
2
-7
-3
0
-5
-6
-1
-1
-5
4
-3
-4
-4
-6
-1
-4
-2
-5
-5
-10
-4
-5
-2
1
-3
-1
-1
-1
0
9
4
1
2
5
1
4
2
-3
3
5
1
0
-1
4
-1
-1
2
0
3
-2
-7
-4
-2
0
2
-3
-2
0
-5
-9
-11
-4
-1
-1
-5
-1
-1
-2
-7
-9
-9
-7
-6
-11
-8
-8
-3
-7
-8
-2
-5
-4
-2
-9
-1
-8
-4
-3
-7
-3
-3
-3
-2
-7
-13
-4
-5
-4
-7
-5
-8
-9
-6
-7
-5
-8
-4
-6
-11
-6
-7
-7
-3
-7
-8
-5
-7
-7
-9
-10
-3
-10
-7
-8
-5
-3
-5
-2
-4
0
1
0
-1
-6
-7
-4
-8
-5
-4
-2
-1
-7
-5
-8
-7
-7
-7
-4
-9
-11
-7
-9
-12
-14
-7
-9
-8
-3
-11
-12
-6
-5
-9
-10
-6
-6
-5
0
-6
-6
-3
-5
-4
-7
-5
-6
-9
-9
-6
-3
-9
-1
-9
-7
-6
-9
-12
-4
-7
-9
-6
-4
-2
-10
-8
-15
-11
-6
-6
-5
-8
-6
-2
-1
-6
-2
-2
-9
-9
-9
-9
-9
-11
-5
-6
-10
-6
-8
-5
0
-3
-5
-7
-1
-4
-4
0
-10
-9
-9
-13
-9
-11
-11
-6
-4
-3
-6
-6
-7
-8
-7
-8
-6
-8
-4
-8
-11
-5
-5
-4
-6
-8
-10
-14
-11
-13
-10
-7
-7
-10
-13
-14
-11
-11
-11
-9
-7
-12
-8
-4
-4
-5
-5
-5
-3
-4
-3
-4
-8
-7
-3
-3
-4
-5
0
-5
-3
-7
-5
0
-3
-2
-3
-3
-5
0
0
-5
-4
-2
-8
-4
-9
-9
-4
-10
-3
-7
-5
2
2
2
2
-2
-5
-1
-1
0
-1
5
0
1
2
0
5
4
5
3
2
-2
0
0
0
0
-2
1
4
1
-1
1
0
4
8
0
8
7
1
6
2
4
9
5
0
5
3
-3
-2
4
4
6
6
4
6
3
3
4
4
2
-6
-3
-2
-3
-2
7
1
1
4
-1
-4
-2
-2
0
-1
-6
-3
-2
2
3
2
4
2
-2
1
6
-3
2
1
-2
0
0
-3
-1
3
-3
6
2
-2
-2
-4
-1
-2
1
-1
1
0
1
-3
-1
3
3
2
1
-4
-7
-2
-5
-5
-5
-3
-6
-7
-6
-5
-7
-6
-2
-6
-6
-6
5
-2
-8
-2
-3
0
-4
0
2
-3
-9
-5
-1
2
1
-3
-5
-5
2
-6
-7
-5
1
-4
-7
-5
-3
-1
-3
-1
0
-3
-6
-1
-6
2
2
-1
-5
-4
-7
-7
-1
-2
-7
-7
-1
-3
-4
-4
-5
-4
1
-1
-1
-4
0
-3
-2
4
0
-2
5
0
3
-2
-1
0
-4
2
1
-2
-4
-4
-5
-5
-9
-7
0
-2
-6
-7
-1
-1
-4
0
-6
-5
-4
-7
-4
0
0
-7
-10
-4
-7
-3
-5
-5
-9
-10
-9
-8
-8
-8
-10
-1
-8
-8
-7
-11
-4
-8
-5
-8
-6
-6
-3
0
-1
-4
-5
-6
-5
-4
0
-2
-8
-5
-4
-7
1
-8
-6
-6
-9
-11
-2
-11
-10
-6
-7
-5
-10
-7
-10
-3
-10
-4
-1
-6
-2
-3
-3
-2
1
-8
-7
-3
-8
-3
-2
0
3
3
-1
-2
-3
-3
-6
-2
-5
-4
-2
-2
-2
-1
0
-6
0
-2
0
0
0
-1
0
3
-2
-1
0
1
1
3
0
-3
-1
-3
-3
0
-4
-4
-1
-1
-2
-3
-7
-6
0
-2
-2
-2
-6
-3
0
-3
-4
-3
-3
-1
-1
-9
-3
2
-2
-2
-4
0
-2
-5
3
-2
2
2
-2
0
-2
1
-4
-3
-7
-9
-2
-8
-5
-7
-2
0
-1
1
-5
4
1
-5
2
2
-3
1
0
4
-3
-8
-5
-3
-3
4
5
4
3
0
4
2
1
-1
8
3
5
6
3
6
5
7
6
5
-1
4
2
1
2
-1
2
4
5
0
1
8
8
6
-1
0
4
-2
3
5
0
4
3
0
-1
1
-1
0
5
3
4
5
5
3
0
0
3
2
6
2
-1
0
-1
-5
-2
-1
5
2
-2
3
6
4
4
3
4
2
3
-1
0
3
6
0
-1
5
-1
2
0
1
1
-3
1
-2
-3
0
2
-1
-4
-1
-1
-1
-5
-9
-7
0
0
2
-1
-7
-2
2
4
1
2
-2
-5
-2
-9
-6
-7
-3
-4
-3
-1
-6
-3
-7
-4
-7
-7
-4
-8
-5
-2
-7
-8
-10
-6
-8
-9
-6
-1
-4
-10
-6
-3
-3
-7
-7
-12
-8
-8
-8
-10
-7
-8
-6
-5
-15
-10
-13
-6
-5
-10
-4
-6
-7
-9
-10
-5
-8
-14
-15
-10
-8
-12
-11
-14
-10
-6
-2
-3
-3
-11
-13
-9
-15
-8
-5
-6
-5
-11
-9
-6
-8
-16
-10
-8
-9
-8
-10
-14
-11
-12
-14
-11
-13
-12
-9
-7
-9
-8
-4
-9
-10
-4
-7
-8
-8
-11
-3
-9
-4
-6
-5
-7
-8
-7
-3
1
-3
-8
-9
-3
-6
-5
-5
-7
-6
-5
-3
-4
0
-3
-3
-6
-5
0
-2
-9
-6
-5
-4
-6
-10
-10
-11
-9
-6
-8
-7
-9
-13
-1
-9
-10
-6
-10
-9
-11
-9
-10
-9
-6
-10
-10
-9
-8
-11
-12
-11
-8
-6
-7
-5
-10
-13
-14
-4
-8
-10
-8
-5
-8
-13
-8
-13
-11
-11
-7
-8
-7
-12
-9
-8
-6
-9
-8
-4
-3
-5
1
-2
-8
-5
-4
-6
-14
-3
0
-4
-3
-4
-3
-6
-4
-3
-4
-2
-7
-3
-3
-5
-3
-1
-3
-4
-4
-1
-1
-5
-3
3
0
1
1
0
2
-3
-4
-4
-7
-6
-10
-6
-3
-2
0
-8
-6
-5
-6
-6
-3
0
0
-4
0
3
-1
1
5
2
5
2
3
6
2
0
2
-1
-4
0
-3
-4
-3
0
0
-1
-1
0
-2
-3
-7
-7
2
-6
-7
-8
-11
-4
-13
-12
-5
-11
-11
-7
-5
-7
-4
1
-4
-8
-5
-9
-7
-14
-5
-12
-13
-14
-15
-7
-12
-14
-9
-8
-15
-5
-6
-5
-11
-6
-7
-6
-4
-5
-6
-7
-9
-10
-2
-5
-11
-2
-2
-1
-2
-5
-4
-3
-2
-3
-2
-6
-6
-6
-6
-10
-4
-6
-6
-5
-5
-4
-7
0
-6
-5
-11
-7
-1
-7
-6
-5
-3
-3
-2
-3
-4
-3
-5
-4
-5
-6
-5
-2
-8
-1
-4
-5
-7
-13
-16
-12
-6
-8
-6
-4
-6
-7
-4
-7
-10
0
-6
1
-3
-1
-2
-4
3
-1
1
0
-4
-3
-3
0
3
0
2
3
2
-4
-2
-3
-8
-3
-6
0
-1
-10
-1
0
-1
-9
-11
-10
-7
-9
-7
-4
-9
-9
-8
-9
-8
-9
-6
-3
-7
-6
-6
-4
-5
-9
-2
-2
-7
-7
-3
-3
-4
-1
-2
-12
-7
-6
-6
-5
-5
-7
-2
-8
-9
-6
-6
-5
-9
-8
-6
0
-5
-2
-8
-4
-8
-8
-7
-1
2
1
0
-5
-4
-3
4
-3
3
-3
2
2
0
-2
-1
-1
-1
3
-2
-5
-7
-2
3
-1
-2
-4
0
-6
-4
-7
-2
-12
-12
-8
-10
-8
-10
-7
-9
-2
-1
-3
-4
-7
-4
-6
-5
-10
-8
-6
-9
-5
1
-4
-3
-3
-3
-2
-2
-3
-5
-5
-12
-11
-10
-9
-5
0
-5
-2
-5
-4
-4
-6
-4
-8
-13
-6
-7
-9
-5
-12
-9
-13
-8
-3
-4
-2
-2
-7
-4
-4
-12
-8
-7
-4
0
1
-2
-1
-1
0
-3
-1
-5
-5
-3
-9
-11
-5
-7
-5
-6
-3
-8
-9
-2
-2
0
-4
-1
-6
-10
-8
-2
-6
-4
-2
-5
-2
-2
-2
-3
-1
0
1
-1
1
-6
-3
4
1
3
1
4
-2
-1
0
-4
-5
0
-1
3
1
2
3
4
4
5
-4
-1
7
-1
6
-1
2
-1
-2
-2
-5
-1
2
0
-1
1
2
8
2
1
8
6
2
2
2
3
2
4
6
4
4
3
3
1
6
0
7
6
1
7
0
1
1
-1
2
2
5
1
0
-1
4
2
-6
-5
0
-3
-5
-2
2
-4
-5
-1
-6
2
1
-2
-2
-4
1
-4
-4
2
-3
-2
0
-3
1
-5
-4
-7
-3
1
3
1
-3
0
4
1
2
1
-6
-4
-1
0
0
3
-3
-2
2
-1
-1
-1
6
1
2
3
-1
2
0
2
-6
2
2
1
0
0
0
0
2
2
1
2
4
-1
5
4
1
2
3
2
1
4
-1
-4
-2
2
-3
0
-1
0
1
7
3
-3
0
0
3
3
1
3
2
2
7
4
6
-1
-1
1
1
6
2
4
6
8
4
4
5
1
-2
2
3
6
8
1
5
4
8
4
-3
-1
-1
1
-3
2
2
0
0
2
1
-4
5
0
-1
0
-2
-1
3
-1
-3
4
-1
2
4
-1
4
2
6
5
1
4
1
1
2
2
2
2
-1
3
3
5
6
4
5
7
6
10
2
6
7
1
2
3
5
7
6
5
6
1
2
-1
2
2
1
6
5
13
5
0
7
1
0
9
6
3
5
5
4
5
3
0
7
2
4
6
3
5
3
3
6
8
5
6
6
4
5
11
6
4
6
4
7
6
5
6
5
7
10
7
9
9
6
7
5
11
5
2
-2
-2
1
2
1
0
1
0
2
-4
-3
2
-2
1
-1
-1
1
4
2
5
5
-2
0
5
3
2
4
5
4
-1
-4
-2
-1
-4
-2
-2
-4
-3
-1
-5
-1
0
-1
-3
-3
1
2
-7
-3
-4
-4
-9
-3
-4
-12
-11
-9
-4
-8
-1
-5
-9
-3
-5
0
1
0
-6
-7
-2
-6
-5
-10
-8
-2
-5
-4
-8
-13
-5
2
-6
-4
-1
-2
-3
-8
-4
-5
-7
-5
-6
-7
-8
-8
-4
-11
-11
-9
-9
-9
-10
-13
-11
-14
-11
-7
-12
-7
-1
-10
-7
-8
-7
-8
-4
-8
-4
-7
-10
-4
-7
-9
-9
-9
-8
-7
-8
-8
-8
-11
-10
-11
-15
-11
-14
-8
-9
-15
-15
-20
-14
-12
-15
-12
-13
-13
-11
-11
-5
-7
-10
-9
-13
-4
-6
-8
-10
-7
-9
-8
-8
-11
-11
-10
-8
-9
-13
-12
-7
-10
-13
-9
-9
-8
-12
-11
-9
-13
-8
-12
-10
-12
-18
-11
-13
-16
-9
-13
-10
-12
-7
-8
-9
-9
-12
-9
-11
-8
-7
-10
-8
-6
-4
-4
-3
-7
-11
-9
-13
-8
-12
-5
-5
-7
-5
-10
-6
-9
-9
-12
-7
-7
-9
-8
-5
-5
-8
-11
-9
-8
-8
-8
-4
-6
-7
-9
-10
-4
-9
-9
-4
-6
-7
-7
-2
-1
-3
0
-1
-6
-7
-2
-5
-7
-2
-7
-3
-4
-2
-5
-8
-6
-6
-3
-5
-1
-3
-2
-1
-4
-7
-2
-4
-4
-6
-8
-5
-7
-5
-7
-7
-2
-6
-6
-4
-6
-8
-11
-5
-10
-5
-4
0
-5
-3
-4
-5
-10
-6
-3
0
4
-3
-8
-10
-4
-3
-4
0
-1
1
-1
-6
-2
-7
-2
-2
-3
1
-1
-3
-4
-9
-4
-6
-4
-5
-3
-4
-6
-6
-6
-5
-3
-3
-7
-2
-5
-11
-1
-4
-11
0
-3
0
-2
-4
-6
-4
-2
-5
-5
-6
-2
-5
-8
2
-4
-7
-1
-4
-1
0
0
-3
-3
-1
-4
-1
-2
-11
-4
-8
-8
-5
-10
0
-1
-9
-4
-1
-3
-8
-8
-3
-6
-11
-8
-10
-12
-9
-7
-6
-11
-8
-1
-6
-8
-7
-8
-3
-6
-7
-1
-1
0
-3
0
-4
-2
-3
-8
-1
-1
-1
1
1
-2
-6
-5
-3
-3
-6
-5
-5
-7
-5
-6
-10
-6
-6
1
-1
-5
-2
-5
-8
-9
-4
-8
-6
-6
-7
-1
-6
-8
-8
-1
-2
-9
-6
-3
-2
-4
-7
1
-1
-5
-5
-7
-3
-7
-5
-6
-3
-6
-8
0
-4
-8
-9
-4
-3
-2
-5
-7
-7
-10
-8
-5
-4
-8
-2
-3
-4
-4
-4
-5
-4
-4
-7
-3
0
-3
-5
-5
-3
-5
-1
-5
-6
-6
0
2
1
-6
-7
0
-3
-4
-7
2
4
0
-3
-3
-1
-2
1
5
-2
-5
-2
-6
-7
-4
1
-2
-2
-3
-6
-1
-6
-7
-2
1
0
0
-7
-7
-3
-4
-1
-2
-4
-3
-4
-6
-4
-2
-6
0
-3
-7
2
4
-1
-1
7
-2
-5
-3
1
3
1
2
1
-1
2
-1
-5
-5
-3
1
-4
-3
4
-1
-1
-4
-8
-2
-3
-3
-5
-3
-7
-7
-7
-7
-3
-6
-7
-8
-10
-5
-12
-11
-10
-10
-6
-6
-7
-3
-4
-6
-7
-10
-6
-6
-8
-8
-8
-8
-7
-6
-4
0
-6
-2
-3
1
4
-3
-8
-8
-3
-7
-6
-10
-7
-4
-5
-4
-3
-5
-2
-5
-5
-3
-1
-2
-4
-4
-1
-1
0
4
2
2
2
1
1
-3
-4
-2
-5
0
0
-1
1
1
-2
4
0
-6
-4
2
-1
-7
-7
-4
2
-2
0
-7
-10
3
2
-2
-5
-2
-1
3
5
-4
-4
-2
1
-3
-2
-2
-5
0
6
-1
-1
5
8
5
1
0
0
1
6
-1
-5
4
5
-2
-5
-5
-5
9
8
-9
-16
-3
8
4
-1
-8
-8
-1
16
-3
-21
-5
6
8
-3
-5
-1
-2
17
15
-11
-5
13
15
9
-6
-12
3
8
9
2
-2
-6
-7
6
9
-10
-7
13
4
-7
-1
15
6
-4
9
-2
-6
11
10
-17
-7
13
9
13
0
-15
-14
17
31
3
-11
8
12
8
17
11
9
7
8
11
20
7
-2
22
36
3
-19
19
24
-8
8
13
-21
-20
30
22
-8
-6
12
4
-8
11
14
7
4
5
0
4
4
18
27
8
-16
4
30
10
3
19
15
-10
7
25
2
-3
28
26
-12
-19
17
39
17
-15
-3
16
-2
-6
10
10
-1
14
10
-20
-17
13
48
41
-14
-52
-27
29
39
18
7
-22
-26
-12
9
48
58
-5
-46
0
18
9
76
92
-52
-93
55
114
3
-68
-8
104
82
-121
-178
61
137
1
100
-21
-591
-366
745
637
-657
-724
251
265
-57
354
184
-699
-394
700
574
-268
-293
93
157
127
68
-30
9
47
24
134
-10
-377
-102
482
159
-493
-280
136
13
25
207
-118
-420
-56
295
177
-2
-93
-89
95
175
39
60
109
-56
-26
208
62
-188
36
207
-47
-147
-9
-57
-77
115
61
-200
-173
13
62
62
24
-96
-66
88
88
37
65
19
-21
93
117
-20
-16
92
48
-23
-8
-32
-58
13
33
-59
-86
-51
-28
27
21
-62
-56
32
34
11
62
57
-3
35
93
66
49
51
27
23
46
11
-13
9
-21
-64
-28
-10
-69
-53
-12
-63
-91
-19
2
-30
9
24
-30
4
94
72
5
29
60
62
69
62
19
-10
23
36
17
-31
-58
-34
-23
-46
-44
-46
-75
-69
-6
3
-36
-14
23
6
11
53
70
59
53
48
36
58
78
57
29
-1
-11
25
37
-21
-59
-49
-50
-45
-16
-28
-79
-56
-17
-11
-2
22
-6
-3
51
66
41
56
76
46
45
65
53
32
42
33
-1
-14
-14
-5
-3
-30
-65
-55
-24
-16
-18
-26
-57
-24
39
24
2
28
49
21
35
83
57
21
62
73
14
8
58
39
-28
-13
39
-2
-64
-19
28
-17
-57
-20
4
-18
-1
34
16
-1
48
62
23
35
78
70
22
28
61
48
28
22
15
1
-10
-20
-26
-20
-8
-27
-59
-58
-21
-14
-26
-9
12
2
-2
33
37
28
71
88
29
1
58
91
71
52
28
-4
-1
29
18
2
-32
-85
-79
-29
-15
-46
-58
-47
-31
10
38
26
21
37
28
15
40
69
60
52
62
42
9
5
28
7
-56
-37
17
-11
-64
-51
-40
-85
-76
-18
-43
-117
-86
-5
33
32
27
55
99
99
78
81
85
75
106
144
113
45
37
79
51
-25
-56
-45
-40
-12
8
-27
-78
-69
-50
-69
-69
-68
-106
-91
-32
-13
14
59
51
17
44
83
95
118
142
109
51
20
7
56
99
63
20
37
46
17
23
14
-5
-5
-35
-67
-52
-86
-182
-171
-52
-16
0
49
33
-24
-23
-1
7
9
-21
-31
15
39
26
21
15
20
41
12
-39
-54
-54
-71
-72
-37
-17
-48
-63
-4
20
25
235
146
-852
-1395
-52
1174
11
-1620
-1361
-385
-94
-75
-532
-1476
-1387
-293
-82
-689
-806
-617
-525
-274
-216
-420
-74
506
471
268
393
591
1055
1645
1506
883
878
1584
2331
2641
2927
3721
2830
-1219
-2860
2187
6018
1573
-3717
-2486
129
-483
-960
-264
-1330
-3418
-3337
-1103
306
-604
-1707
-1109
-670
-1386
-695
1402
1723
663
617
769
408
1026
2150
1773
470
-141
-24
336
466
-153
-1075
-1592
-1844
-1876
-1634
-1871
-2560
-2595
-2199
-2333
-2345
-1564
-1044
-1331
-1360
-588
235
806
1566
2125
1704
1230
2018
3399
4196
4539
4919
5863
6412
3301
-1857
-962
5520
6144
-616
-4069
-2002
-679
-85
935
-1493
-6155
-6428
-2388
388
-329
-2766
-3934
-2403
-509
-169
322
1263
923
772
2383
2894
1209
1035
2948
3177
1238
-29
181
991
1486
598
-1104
-2054
-1952
-786
-47
-3418
-7258
-3604
1977
-1144
-6142
-4140
-1877
-2369
-147
282
-4289
-4027
1486
1826
-989
-506
-50
-119
2059
2123
-563
375
3251
2714
1584
1992
1555
2030
4671
5208
3993
5432
5579
352
-2248
2950
6429
2436
-2234
-3907
-3587
683
4733
206
-7087
-6443
-1957
-433
211
-685
-4416
-4640
-306
1083
-347
0
281
47
1715
2200
421
1184
3006
1467
119
990
300
-365
1536
1162
-2201
-2805
-1247
-1252
-1382
-1361
-2951
-3589
-1971
-1389
-2119
-1941
-1912
-2391
-1615
-560
-675
-528
-14
-728
-1307
-41
1168
761
194
99
-86
300
1354
1542
884
818
1326
1960
2627
2909
3064
3906
5034
5950
5668
2224
-1364
1522
7390
5725
-1519
-3676
-543
1329
1360
251
-3371
-6277
-4365
-769
-445
-2686
-4341
-4071
-2624
-1641
-1453
-1064
-610
-488
-27
552
652
1241
2344
2130
770
302
1077
2018
2083
852
-704
-1218
-795
-269
-429
-1641
-2804
-2689
-1996
-1929
-2302
-2497
-2547
-3226
-3930
-2746
-731
-980
-2188
-1681
-937
-607
903
1731
464
383
2068
2704
2690
3173
3065
3070
4308
5206
5510
6952
8086
5378
401
-299
4851
7689
2650
-3513
-3400
-246
910
293
-2100
-5949
-6894
-3390
-520
-1549
-3866
-4504
-3342
-1855
-1103
-659
-71
113
253
918
1316
1512
2398
2878
1897
727
813
1924
1451
-1837
-2864
588
846
-3799
-4527
-1868
-2564
-3171
-1795
-4060
-6144
-2454
-220
-2811
-3662
-2865
-2902
-877
816
-1343
-1986
709
1390
880
1942
1952
1530
3330
4211
2874
3052
4583
5177
5800
6639
7269
7815
4992
-696
212
7631
7500
-1255
-4748
-1356
196
58
67
-3471
-7860
-6400
-1763
-487
-2622
-4741
-4666
-2681
-1139
-647
38
312
-122
512
1551
1271
1434
2876
2661
475
-388
698
1612
1301
-208
-2179
-2892
-1974
-1125
-1543
-2933
-4298
-4266
-2839
-2032
-2483
-2844
-2917
-3080
-2544
-1403
-1098
-1376
-1245
-1079
-906
-71
734
816
749
809
1007
1996
3181
3110
2508
2951
4069
5125
6269
7148
7951
8566
5785
165
610
8297
9663
449
-5568
-2212
1614
1656
58
-4069
-8508
-7193
-2056
-468
-3390
-6206
-5907
-3379
-1633
-1399
-877
-316
-875
-822
922
2430
2651
2246
1270
329
700
1929
2374
1216
-894
-2188
-1667
-834
-1162
-2300
-3754
-4727
-3935
-2743
-3530
-4890
-4879
-4661
-4471
-3326
-2577
-2686
-2038
-1286
-1342
-523
1022
1496
1778
2532
2745
3250
4840
5663
5165
5291
6680
8262
9945
11902
10635
3335
-1873
4373
12138
6631
-4108
-5394
-1290
411
999
-1385
-8183
-10888
-5898
-1513
-2347
-5086
-6530
-5397
-2917
-1632
-858
400
421
-94
1010
2422
3001
3767
3838
2077
615
1550
3101
1614
-1738
-2009
-454
-2325
-4528
-3059
-2825
-5193
-5103
-4456
-6035
-5219
-2547
-3353
-4941
-4104
-3476
-2335
73
-548
-2791
-1268
1459
1740
1832
1971
1191
2196
4649
4785
3841
4482
5282
5784
7216
8560
9868
11236
7663
-359
-439
9232
11395
896
-6015
-3085
183
1120
1104
-3976
-10553
-9003
-2543
-863
-3635
-6010
-6354
-4436
-1985
-1098
-672
-3
-191
-337
472
1479
2947
3887
1943
-709
-158
2124
3041
1993
-818
-3372
-2792
-690
-602
-2311
-4211
-5467
-4871
-3067
-2747
-3843
-4276
-4306
-4583
-3770
-1829
-985
-1915
-2764
-2227
-602
1156
1654
617
-49
1016
2812
4162
4584
3939
3548
4620
6312
7700
8754
9554
10471
9172
3245
-109
6542
12352
5039
-4955
-4461
429
1797
940
-3024
-9501
-10308
-4318
-750
-3154
-6581
-7398
-5420
-2598
-1328
-1223
-881
-1171
-1774
-124
2894
3624
2120
1045
688
825
2237
3364
1742
-1037
-1879
-1241
-902
-1128
-2081
-3809
-4969
-4653
-3634
-3057
-3467
-4563
-5300
-4854
-3502
-2258
-1971
-2531
-2878
-2145
-541
736
762
262
704
2090
3420
4279
4642
4629
4823
5672
7075
8517
9559
10832
11436
7379
758
2073
10641
10811
18
-5998
-2266
1518
1617
-620
-6256
-10903
-8159
-2414
-1655
-5127
-7583
-6763
-4045
-2233
-1860
-1287
-642
-848
-919
365
2440
3534
2428
550
94
1031
2444
3130
1257
-1963
-2718
-1202
-590
-1366
-2788
-4623
-5311
-4144
-3119
-3394
-4051
-4597
-5059
-4679
-3197
-1810
-1740
-2614
-3046
-2094
24
1576
1191
232
747
2341
3936
5113
5046
4221
4719
6584
8142
9304
10820
11961
9779
3634
885
7136
12365
5758
-3960
-4554
-18
2089
1310
-2982
-9246
-10335
-5196
-1566
-3184
-6494
-7691
-5969
-3395
-2114
-1600
-1063
-1108
-1371
-611
1311
3233
3259
1261
-200
295
1781
3194
2724
-475
-2867
-1887
-485
-826
-1730
-3315
-5405
-5400
-3432
-2707
-3787
-4772
-5084
-4970
-4088
-2599
-1752
-2177
-2849
-2525
-1144
563
1456
1104
688
1503
3297
4924
5477
5094
4867
5622
7391
9383
10565
11317
10985
6420
1039
4209
11723
8998
-1423
-4911
-1398
1003
1620
-758
-7572
-11161
-6872
-2292
-2783
-5403
-7334
-6979
-4211
-2240
-1882
-1216
-1571
-2724
-780
2369
2097
1174
2007
1295
-65
1523
3093
1798
319
-589
-1774
-1476
-436
-1485
-3300
-4092
-4738
-4408
-2784
-2933
-4760
-4994
-4338
-4448
-3557
-1868
-2043
-3081
-2570
-1284
-251
657
913
724
1465
2954
4097
4826
5132
5024
5533
7116
8718
9756
11022
12027
9407
3257
1705
8248
11727
4273
-4225
-3992
226
1961
525
-4433
-10083
-9863
-4485
-1781
-4087
-7101
-7560
-5578
-3270
-2180
-1577
-1252
-2024
-1899
803
2569
1541
1306
2121
891
-80
1830
2881
1123
-393
-1113
-2027
-1779
-917
-1932
-4060
-5172
-4914
-3719
-2831
-3587
-5111
-5796
-5103
-3294
-1946
-2325
-3055
-2729
-1683
-237
1026
1166
1090
1931
2948
3888
5181
5996
5952
6113
6920
8434
10809
12889
12171
7296
2101
3669
10325
10463
1632
-4710
-3022
626
1760
-522
-6375
-10674
-8332
-3674
-2928
-5244
-7133
-6942
-4951
-3140
-2373
-1810
-1791
-1874
-327
1259
1031
1458
2782
1804
96
884
2088
1845
1265
-198
-2214
-2076
-732
-1223
-2892
-4347
-5396
-4711
-2968
-3215
-4779
-5066
-4769
-4418
-3126
-2216
-2603
-2666
-2046
-1388
-142
1134
1295
1394
2307
3337
4431
5538
5825
5698
6270
7601
9072
10473
11965
11712
6814
1666
4592
10948
8480
-232
-3771
-1962
-39
1081
-982
-7077
-10305
-7229
-3642
-3476
-5248
-6985
-6777
-4566
-2923
-2178
-1446
-1862
-2167
81
1898
1001
1046
2413
1528
239
1289
1890
1008
697
-91
-1975
-2273
-1265
-1553
-2803
-4049
-5126
-4694
-3343
-3586
-4606
-4583
-4629
-4675
-3234
-1966
-2244
-2331
-1868
-1556
-313
1353
1617
1506
2292
3209
4423
5906
6141
5731
6400
7736
9231
11109
12394
11100
6279
2085
5096
11203
8553
-853
-4369
-1334
755
825
-1536
-7410
-10616
-6976
-2957
-3549
-5951
-7229
-6576
-4431
-2885
-2323
-1556
-1581
-2083
-534
1507
1496
1562
2248
985
-288
1243
2593
1570
208
-1015
-2238
-1914
-922
-1645
-3371
-4538
-4975
-4403
-3589
-4001
-4687
-4613
-4748
-4654
-3248
-1968
-1905
-2156
-2232
-1636
222
1807
1878
1803
2479
3557
5179
6455
6285
6102
7183
8456
9566
11561
13091
10331
3903
1886
7891
11763
5328
-3098
-3994
-796
1025
492
-3795
-9487
-9846
-5341
-2926
-4440
-6625
-7209
-5803
-3808
-2637
-1895
-1655
-1940
-931
852
1064
1199
2533
2231
408
370
1431
1692
1644
449
-2082
-2875
-1580
-1228
-2393
-3978
-5440
-5398
-3905
-3347
-4251
-5184
-5362
-4384
-2932
-2507
-2486
-1945
-1737
-1428
12
1205
1531
2300
3188
3497
4374
5779
6431
6674
7206
7728
8537
10354
12597
12316
7095
1735
4114
10447
9119
579
-4320
-2711
74
839
-1571
-6800
-10086
-7899
-3918
-3214
-5493
-7193
-6425
-4457
-3127
-2304
-1577
-1557
-1600
-379
1114
1486
1643
1992
1369
351
594
1538
1603
492
-1167
-2352
-2334
-1807
-2077
-3315
-4678
-5183
-4654
-4106
-4131
-4442
-4906
-4990
-4032
-2957
-2552
-1951
-1418
-1668
-1171
522
1483
1864
2787
3279
3526
4892
6214
6332
6617
7489
8195
9136
10865
12515
11204
5478
1601
6007
11178
6823
-1500
-3793
-1722
105
663
-2510
-8397
-10120
-6454
-3400
-3813
-5955
-7327
-6200
-3931
-2797
-2125
-1597
-1830
-1055
788
886
607
2375
2943
834
-16
1014
1502
1599
829
-1677
-3158
-2151
-1415
-2258
-3669
-5104
-5499
-4542
-3872
-4106
-4694
-5385
-5059
-3509
-2713
-2598
-1787
-1424
-1682
-588
983
1449
2134
3190
3401
3943
5408
6302
6783
7413
7549
8087
10139
12405
12834
9234
3114
2495
9176
11291
3311
-3955
-3527
-481
1029
-279
-5656
-10529
-9084
-4583
-3326
-5306
-7364
-7404
-5308
-3344
-2724
-2225
-1763
-1651
-565
880
1029
1411
2714
2256
342
191
1495
2019
1418
-230
-2338
-2862
-1717
-1415
-2898
-4662
-5395
-5129
-4477
-4002
-4312
-5364
-5591
-4334
-3377
-3179
-2257
-1439
-1833
-1520
114
1059
1557
2644
3220
3366
4490
5812
6425
6982
7485
7915
8991
10578
12269
12500
8171
2428
3869
10144
9304
1190
-3638
-2698
-557
622
-1255
-6741
-10357
-8267
-4415
-3549
-5616
-7526
-6803
-4610
-3374
-2578
-1558
-1574
-1687
-232
1140
1340
1948
2578
1694
559
732
1506
1856
1163
-707
-2362
-2515
-1930
-1933
-3028
-4798
-5677
-4963
-4155
-4279
-4638
-5057
-5324
-4466
-3130
-2604
-2185
-1568
-1642
-1375
275
1620
1811
2115
2762
3476
4694
5895
6313
6371
6780
7841
9276
10473
11881
12447
8582
2728
3539
9734
9834
2411
-3133
-3267
-1063
1062
-207
-6065
-10591
-9060
-4949
-3307
-4950
-7484
-7750
-5560
-3509
-2424
-1771
-1934
-1963
-450
1049
1248
1609
2446
2202
1008
401
1063
2200
1982
-196
-2423
-2875
-2026
-1449
-2465
-4758
-6120
-5405
-4230
-4012
-4504
-5331
-5686
-4663
-3322
-2879
-2313
-1532
-1720
-1626
148
1702
1958
2371
2997
3473
4690
6098
6426
6530
7213
7991
9064
10567
12024
12192
8593
3005
3288
9406
9963
2086
-3692
-2846
-536
386
-1102
-6142
-10320
-8634
-4491
-3561
-5591
-7304
-6944
-5081
-3547
-2631
-1783
-1567
-1489
-223
1039
1180
1711
2552
2006
853
676
1208
1828
1602
-289
-2281
-2553
-1951
-1877
-2803
-4676
-5915
-5205
-4166
-4276
-4818
-5359
-5549
-4567
-3420
-3129
-2580
-1795
-1802
-1354
246
1302
1757
2687
3367
3834
5050
6121
6550
7242
7883
8277
9423
11098
12627
12447
7708
2128
4376
10778
8909
354
-3774
-2578
-809
424
-1441
-7422
-10908
-8070
-4232
-3928
-5940
-7547
-6945
-4809
-3333
-2513
-1549
-1307
-1286
-101
1092
1415
2054
2677
1945
746
607
1483
2176
1292
-841
-2280
-2521
-2339
-2118
-2896
-4914
-5993
-5335
-4617
-4295
-4416
-5552
-5994
-4482
-3281
-2986
-2030
-1609
-2128
-1094
870
1493
2136
3369
3607
4022
5669
6672
7030
7969
8350
8342
9879
12290
13293
10598
4469
1995
7532
11273
5049
-2772
-3883
-1839
-161
76
-4233
-10193
-10280
-5878
-3824
-4966
-6799
-7676
-6178
-3656
-2686
-2449
-1656
-1146
-524
738
1283
1400
2403
2834
1586
504
782
1643
2018
834
-1559
-2876
-2432
-1830
-2213
-3776
-5653
-5987
-4766
-4099
-4525
-5163
-5558
-5129
-3938
-3134
-2618
-1890
-1772
-1721
-331
1106
1570
2434
3504
3773
4466
5885
6610
7044
7977
8590
9024
10472
12698
12961
8456
2681
3760
9887
9534
1530
-3694
-2835
-764
98
-1658
-6761
-10410
-8550
-4905
-4244
-6032
-7421
-6824
-5020
-3701
-2925
-2124
-1616
-866
449
892
758
1921
3226
2601
1164
580
1042
2122
2068
-178
-2311
-2477
-2021
-2071
-2816
-4611
-6030
-5553
-4637
-4556
-4685
-5196
-5800
-4989
-3519
-2919
-2387
-1872
-2065
-1460
360
1376
1775
2798
3569
4079
5310
6318
6687
7475
8346
8802
9757
11505
12945
11401
5845
2457
6600
10607
5958
-1382
-3337
-2056
-674
-82
-3357
-9084
-10378
-6758
-4200
-4894
-6695
-7496
-6411
-4500
-3145
-2233
-1832
-1776
-587
1050
1117
1062
2503
3159
1931
917
918
1452
2211
1599
-944
-2768
-2411
-1589
-1838
-3377
-5418
-5979
-4732
-3974
-4536
-5208
-5518
-5223
-4069
-3132
-2913
-2374
-1630
-1436
-861
426
1432
2263
3255
3803
4258
5354
6436
7052
7681
8290
8890
10220
12244
12597
8652
3333
3842
9252
9386
2221
-3044
-2589
-858
-240
-1611
-6148
-10034
-8821
-5444
-4658
-6089
-7406
-7303
-5800
-4389
-3537
-2259
-1249
-1214
-698
534
1383
2402
3267
2366
994
1226
2155
2481
1967
231
-1645
-1895
-1341
-1562
-2554
-3986
-5188
-5262
-4646
-4169
-4221
-5270
-6092
-4939
-3324
-2988
-2674
-2172
-2317
-1577
431
1412
1497
2485
3797
4644
5340
5805
6472
7836
8838
9019
9609
11313
12916
11077
5303
2597
7041
10238
5369
-1303
-3357
-2379
-478
-24
-4354
-9990
-10172
-6492
-4618
-5321
-6974
-8055
-6837
-4420
-3330
-2830
-1714
-1078
-784
319
1443
2112
3006
3040
1569
871
1938
2730
2170
758
-1098
-2216
-1755
-1266
-2227
-3832
-4993
-5391
-5040
-4716
-4982
-5216
-5232
-5330
-4831
-3522
-2457
-1995
-1704
-1515
-846
878
2596
3398
3964
4567
4965
5911
7531
8562
8869
9224
9863
11530
13255
10660
4444
3138
8163
9506
3584
-1898
-2868
-1860
-546
-1152
-5734
-10112
-9332
-6026
-4880
-6043
-7498
-7532
-5854
-4256
-3604
-2665
-1476
-887
-268
625
1314
2394
3534
2951
1326
1091
2240
2902
2076
64
-1651
-1809
-1321
-1735
-3062
-4531
-5302
-4833
-4260
-5039
-6011
-5539
-4628
-4531
-4470
-3855
-2998
-1838
-848
-833
-799
611
2553
3920
4768
4873
4632
5737
7922
9039
9040
9196
9981
12074
13498
9611
3275
3731
9310
8986
2196
-2455
-2834
-1603
-88
-1460
-6936
-10636
-8797
-5589
-4904
-6209
-7778
-7727
-5748
-4151
-3571
-2536
-1475
-1135
-402
729
1434
2464
3432
2572
1096
1428
2659
2784
1688
-77
-1619
-1800
-1304
-1744
-3070
-4494
-5488
-5154
-4114
-4421
-5422
-5244
-5129
-5586
-4157
-1795
-1977
-3102
-2169
-653
383
1960
2868
2710
3739
5435
5855
6412
7862
8487
8731
9822
11218
12739
12346
7200
2597
5823
10609
7192
17
-2749
-2293
-1077
158
-2540
-8689
-10787
-7537
-5139
-5626
-6867
-7858
-7547
-5732
-4263
-3453
-2318
-1490
-1198
-461
552
1597
2916
3278
1979
960
1654
2931
3095
1565
-593
-1607
-1371
-1183
-1721
-3038
-4631
-5314
-5000
-4855
-5019
-5017
-5216
-5587
-5213
-4066
-2908
-2057
-1713
-1809
-1305
433
2396
3668
4427
4728
4871
6039
8010
9152
9456
9783
10327
12089
13700
10181
3810
4242
9826
8819
1543
-2258
-1887
-1342
-571
-1861
-7276
-10808
-8378
-5363
-5809
-7502
-8350
-7692
-5729
-4424
-4143
-3167
-1914
-1316
-364
739
1136
2092
3291
2639
1353
1658
2548
2755
2194
447
-1374
-1426
-869
-1404
-2543
-3898
-4982
-4777
-4423
-5194
-5491
-4924
-5205
-5525
-4419
-3203
-2604
-1953
-1751
-1759
-404
1615
2606
3259
4341
4917
5156
6331
8012
8910
9204
9635
10787
12896
13043
8115
3122
5455
10310
7916
887
-2547
-2187
-907
-5
-2545
-8196
-10507
-7702
-5172
-5709
-7453
-8366
-7444
-5574
-4615
-4044
-2770
-1806
-1372
-413
519
1164
2459
3259
2187
1165
1775
2646
2689
1808
-62
-1577
-1491
-1063
-1532
-2675
-4211
-5187
-4661
-4165
-4739
-5022
-5226
-5947
-5221
-3288
-2975
-3279
-2300
-1694
-1467
242
1746
1854
2969
4769
4971
5097
6686
7978
8609
9499
9853
10658
13385
13397
7214
2663
6494
10812
7194
488
-2574
-2452
-674
539
-2926
-8957
-10511
-7394
-5064
-5499
-7359
-8662
-7609
-5363
-4329
-3824
-2784
-2062
-1410
-212
564
1227
2731
3297
1909
1059
1928
2873
2860
1685
-311
-1461
-1128
-901
-1600
-2707
-4025
-4813
-4401
-4066
-4757
-5171
-4636
-4267
-4819
-5400
-4185
-1456
-578
-2428
-3168
-1092
1418
3049
3726
2994
2659
4747
7381
8173
7927
8156
9091
10837
13139
13485
9077
3560
4732
10366
9630
2168
-2277
-1745
-695
-81
-1504
-6835
-10648
-8343
-5076
-5634
-7528
-8133
-7689
-6440
-5043
-4211
-3358
-2258
-1463
-828
-26
977
2363
3231
2418
1238
1634
2816
3079
2213
571
-1005
-1231
-643
-1045
-2445
-3741
-4500
-4447
-4169
-4857
-5502
-4797
-4521
-5444
-5183
-3440
-2402
-2162
-1911
-1892
-1251
800
2618
3126
3437
4203
5224
6528
7673
8263
8846
9676
10861
12869
13462
9346
4092
5102
9984
9285
2599
-2178
-2264
-632
280
-1763
-6889
-10255
-8646
-5702
-5415
-7021
-8181
-7900
-6579
-5256
-4201
-2994
-2065
-1713
-1174
-118
1144
2510
3215
2313
997
1324
2800
3339
2219
303
-1122
-1219
-594
-726
-2238
-4071
-4673
-4098
-3971
-4664
-4897
-4830
-5238
-5150
-4183
-3542
-2909
-1893
-1909
-2389
-1027
1104
1850
2161
3013
3782
4767
6202
7076
7494
8418
9408
10179
11716
13124
11125
6003
4000
7775
10189
5647
-524
-2207
-1145
-332
-726
-4072
-8829
-9757
-6851
-5327
-6479
-7658
-7862
-7299
-6000
-4623
-3580
-2607
-1894
-1505
-795
448
1811
2781
2636
1489
997
2014
3082
2740
1223
-486
-1368
-1024
-650
-1460
-3002
-4306
-4879
-4441
-3877
-4496
-5427
-5260
-4852
-4720
-3802
-2650
-2526
-2406
-1478
-692
86
1538
2829
3638
4496
5035
5414
6730
8485
9448
9694
9952
11352
13301
11459
5516
3572
8241
10061
4557
-1002
-2146
-1455
-477
-767
-4773
-9580
-9800
-6576
-5056
-6451
-8104
-8095
-6920
-5673
-4456
-3320
-2697
-2193
-1287
-373
525
1835
2842
2556
1489
1162
2190
3237
2591
712
-628
-894
-749
-885
-1835
-3294
-4187
-4130
-3936
-4543
-5338
-4935
-4047
-4585
-5334
-4102
-2369
-2024
-1990
-1696
-1492
-204
1971
2861
2857
3698
4707
5417
6721
7960
8474
9173
10229
11650
13140
11307
5722
3759
8152
10256
5416
-206
-2137
-1618
-129
-300
-4397
-8954
-9464
-7072
-5362
-5826
-7594
-8262
-7029
-5728
-4906
-3595
-2455
-2147
-1655
-729
205
1576
2880
2629
1345
979
1960
3014
2778
1107
-698
-1308
-868
-663
-1565
-3134
-4135
-4324
-4487
-4742
-4532
-4370
-5006
-5491
-4775
-3507
-2548
-2017
-2046
-2087
-1050
708
1946
2776
3723
4367
4776
5755
7256
8474
9114
9419
10218
12111
12860
9408
4640
5018
9021
8530
2834
-1315
-1642
-821
-397
-1859
-6078
-9353
-8312
-5736
-5451
-6944
-7925
-7432
-6152
-5243
-4547
-3405
-2361
-1752
-1011
-227
514
1795
2834
2309
1221
1352
2351
2805
2106
575
-789
-1183
-898
-942
-1897
-3313
-4228
-4442
-4349
-4172
-4355
-5016
-5243
-4678
-4076
-3394
-2453
-2137
-2321
-1629
-191
876
1743
2910
3959
4568
5156
6233
7618
8703
9335
9831
10915
12596
12003
7301
3813
6651
9957
6594
523
-1940
-1627
-627
-198
-3164
-8256
-9668
-7000
-5231
-5921
-7284
-8041
-7328
-5613
-4582
-4050
-2919
-1910
-1494
-825
164
1160
2273
2685
1752
1045
1741
2659
2593
1518
-98
-1136
-893
-601
-1390
-2587
-3531
-4324
-4503
-4023
-4015
-4692
-5018
-4888
-4582
-3735
-2659
-2302
-2285
-1737
-839
210
1502
2690
3671
4545
5032
5560
6927
8524
9339
9676
10286
11676
12553
9747
4833
4689
8847
8482
2545
-1395
-1556
-1289
-891
-1536
-5673
-9690
-8701
-5587
-5163
-6705
-7662
-7597
-6612
-4990
-3686
-3088
-2668
-1880
-912
-107
772
1922
2542
2053
1276
1323
2194
2776
2075
471
-816
-1190
-889
-730
-1636
-3315
-4291
-4039
-3394
-3401
-4391
-5202
-4556
-3307
-3007
-3583
-3996
-2985
-683
144
-1211
-1275
946
2895
4064
4588
3684
3714
6565
8729
8368
8230
9055
10491
12564
11084
4867
2719
7814
9996
4811
-511
-2083
-1489
394
332
-4467
-9125
-8536
-5570
-4611
-5826
-7514
-7813
-6268
-4845
-4456
-3877
-2915
-2025
-1107
-638
-402
1036
2680
2261
848
770
1770
2602
2514
1006
-872
-1323
-635
-444
-1396
-2955
-3944
-3690
-3257
-3765
-4517
-4623
-4369
-4272
-4335
-3985
-2816
-1789
-1914
-2121
-1191
247
1485
2651
3455
3786
4435
5705
6951
7971
8816
9324
10029
11710
12415
9149
4508
4855
8891
8523
2786
-1425
-1639
-693
-176
-1582
-5931
-9396
-8188
-5320
-5178
-6887
-7796
-7344
-6187
-5021
-4179
-3416
-2567
-1681
-846
-296
309
1581
2603
2140
1176
1291
2122
2480
1905
525
-797
-1068
-723
-976
-2002
-3180
-3986
-3939
-3370
-3845
-5401
-5573
-3981
-3499
-4522
-4292
-2759
-1965
-1553
-936
-887
-287
2082
4119
4278
4156
4903
6167
7862
9345
9569
9638
11373
12971
10522
5464
4524
8434
9394
4216
-1008
-2106
-932
174
-869
-5299
-9434
-8881
-5881
-5099
-6544
-7751
-7708
-6655
-5308
-4291
-3474
-2594
-1866
-1344
-742
256
1712
2798
2377
1077
919
2147
2991
2401
869
-687
-1248
-646
-372
-1492
-3028
-3952
-4052
-3352
-3207
-4713
-5598
-4216
-3444
-4525
-4412
-2743
-2042
-1931
-1299
-1046
-534
1342
2970
3315
3680
4508
5443
6703
7877
8535
9133
10050
11656
12443
9178
4331
4970
9248
8437
2800
-889
-1613
-1067
281
-881
-5982
-9438
-7909
-5327
-5022
-6308
-7689
-7665
-6105
-4811
-4311
-3542
-2592
-1894
-1210
-605
183
1615
2502
1806
931
1166
1916
2459
2151
479
-1179
-1140
-448
-740
-1777
-3013
-4203
-4244
-3280
-3311
-4337
-4461
-4384
-5194
-4685
-2344
-1631
-2869
-2810
-1449
-337
1157
2433
2308
2667
4532
5858
6254
7074
8092
8870
9808
11069
12248
11100
6564
3946
7174
9621
5592
385
-1274
-1478
-944
-209
-3034
-8116
-9199
-6604
-5357
-5984
-6753
-7358
-7063
-5694
-4551
-3707
-2585
-1798
-1555
-1097
-167
1157
2369
2376
1337
827
1417
2256
2355
1305
-279
-1222
-1198
-824
-945
-2111
-3622
-4066
-3744
-3862
-4012
-3781
-4260
-5107
-4690
-3430
-2668
-2232
-1964
-2018
-1419
136
1516
2433
3369
4109
4679
5661
6787
7886
9137
9818
10095
11610
12457
8882
4464
5767
9394
7714
2322
-1012
-1675
-827
337
-1630
-6686
-9314
-7614
-5477
-5322
-6499
-7801
-7649
-5946
-4624
-4056
-3133
-2266
-1908
-1252
-260
673
1828
2536
1806
792
1116
2177
2549
1843
406
-926
-1200
-669
-713
-1753
-2988
-3856
-3961
-3188
-3102
-4653
-5392
-4085
-3512
-4271
-3706
-2377
-2306
-2139
-1068
-623
-201
1473
2992
3523
4101
4851
5678
7009
8268
8897
9489
10648
12072
11432
7112
3876
6657
9776
6335
749
-1220
-1322
-753
245
-2290
-7777
-9387
-6584
-4975
-5684
-6743
-7581
-7285
-5650
-4387
-3841
-2978
-2118
-1641
-1089
-377
741
2196
2518
1355
557
1166
2312
2703
1567
-377
-1337
-982
-572
-911
-2024
-3496
-4320
-3915
-3148
-3293
-4351
-4978
-4566
-4003
-3501
-2609
-2171
-2460
-1984
-779
-133
608
2113
3215
3643
4384
5375
6292
7456
8633
9276
9769
11216
12517
10112
5024
4297
8535
9165
3776
-754
-1606
-1123
-63
-433
-4708
-9035
-8558
-5649
-4746
-5996
-7445
-7609
-6366
-5041
-4197
-3274
-2496
-2011
-1325
-723
-126
1314
2603
2084
784
658
1618
2517
2323
742
-993
-1429
-869
-581
-1248
-2695
-3931
-3863
-3068
-3354
-4505
-4426
-3436
-3755
-4610
-3853
-2479
-2030
-1729
-1415
-1523
-666
1527
3052
3300
3513
4146
5212
6702
7929
8562
9052
9961
11625
11947
8280
4297
5881
9440
7500
1975
-1069
-1318
-509
276
-1718
-6449
-8947
-7322
-5211
-5225
-6585
-7598
-7224
-5939
-4888
-3947
-2867
-2309
-2012
-1264
-463
395
1770
2449
1438
459
1050
2219
2518
1560
-133
-1249
-1059
-571
-984
-2130
-3168
-3607
-3588
-3643
-3846
-3715
-3530
-4036
-4426
-3547
-2650
-3022
-2805
-1231
-823
-1569
-575
1466
2396
3269
4224
3830
4006
6370
8243
8540
8922
9497
10656
12119
9767
4471
4431
9062
8599
2832
-644
-1088
-903
169
-628
-5474
-9138
-7617
-4880
-4752
-6202
-7377
-7342
-6067
-4690
-3895
-3273
-2573
-1800
-1058
-598
67
1429
2336
1742
744
813
1807
2472
1886
364
-931
-1295
-927
-775
-1718
-3161
-3822
-3647
-3359
-3549
-4389
-4730
-3792
-3431
-4272
-3884
-2343
-1942
-1941
-1301
-1085
-459
1676
3118
3042
3506
4590
5397
6660
8138
8740
9055
10240
12058
11856
7578
3796
6170
9766
7019
1343
-1164
-1397
-649
372
-2092
-7322
-9057
-6754
-5105
-5331
-6465
-7709
-7280
-5475
-4575
-4100
-2851
-2008
-1700
-912
-197
441
1867
2669
1600
598
1099
2047
2376
1658
-49
-1415
-1383
-872
-1103
-2012
-3180
-4204
-4222
-3326
-3184
-4270
-4807
-4312
-4092
-3801
-2612
-1999
-2459
-2086
-809
-143
548
2062
3297
3793
4297
4960
5946
7541
8911
9215
9386
10937
12505
10411
5587
4542
8119
8894
4299
-70
-1406
-1305
-375
-541
-4285
-8528
-8630
-6117
-4994
-5798
-7024
-7406
-6516
-5168
-4108
-3158
-2429
-1953
-1214
-448
90
1157
2377
2178
981
666
1425
2171
2078
874
-746
-1505
-1253
-967
-1430
-2639
-3958
-4302
-3487
-3103
-4134
-4902
-4076
-3488
-4139
-3901
-2500
-1977
-1888
-1124
-805
-613
1077
2960
3437
3632
4271
5076
6511
8106
8617
8686
9721
11660
12191
8747
4254
5191
9390
8210
2263
-1044
-1135
-823
-13
-1013
-5898
-9464
-7622
-4814
-4964
-6420
-7367
-7339
-5987
-4385
-3659
-3163
-2410
-1696
-964
-312
312
1519
2489
1843
693
886
1824
2230
1811
409
-1254
-1669
-1087
-1030
-1820
-3015
-4008
-3983
-3529
-3763
-3826
-3380
-3801
-4331
-3756
-3453
-3009
-905
-194
-2379
-2540
545
2482
3175
4181
3541
2746
5403
8635
8879
8375
8782
9850
11923
11766
6947
3875
6890
8978
5562
1311
-942
-1805
-542
306
-3341
-8098
-8459
-6153
-5034
-5468
-6803
-7724
-6689
-4864
-4110
-3698
-2854
-2040
-1196
-421
-108
619
1957
2250
1320
855
1291
1910
2113
1158
-649
-1519
-1171
-1025
-1644
-2758
-3824
-3959
-3418
-3424
-3798
-4118
-4796
-4797
-3442
-2775
-3226
-2663
-1587
-1519
-1047
302
924
1666
3475
4479
4355
5135
6695
7956
9065
9561
9803
11364
11871
8083
4435
6328
9197
6933
2073
-970
-1817
-736
471
-1880
-6699
-8796
-7288
-5319
-4804
-5916
-7396
-7184
-5591
-4382
-3466
-2465
-2035
-1788
-985
-182
630
1897
2409
1442
519
789
1640
2134
1541
-230
-1764
-1847
-1253
-1271
-2147
-3471
-4470
-4371
-3594
-3470
-4093
-4468
-4520
-4482
-3726
-2418
-1905
-2151
-1850
-981
-147
1012
2512
3627
4182
4612
5279
6560
8390
9687
9867
10258
11576
11051
7150
4783
7457
9366
5500
490
-1063
-887
-341
-178
-3180
-7827
-8784
-6404
-5124
-5692
-6763
-7583
-6989
-5314
-4307
-3602
-2500
-1920
-1650
-715
200
885
2032
2491
1397
567
1138
1943
2045
1269
-406
-1807
-1763
-1163
-1460
-2568
-3754
-4445
-4225
-3634
-3717
-4276
-4432
-4335
-4253
-3566
-2363
-1720
-1772
-1664
-1026
70
1492
2840
3744
4142
4426
5356
7076
8608
9272
9588
10563
11810
10618
6599
4805
7610
9040
5152
518
-1142
-1089
-190
62
-3253
-7881
-8479
-5901
-4728
-5545
-6581
-7141
-6707
-5286
-3997
-3214
-2483
-1821
-1318
-771
-15
1139
2254
2200
1108
626
1286
2011
2011
1082
-553
-1624
-1338
-947
-1663
-2768
-3506
-3954
-3799
-3278
-3548
-4287
-4359
-4210
-4135
-3311
-2309
-2275
-2344
-1658
-771
120
1034
1832
2940
4166
4609
4974
6360
7959
8974
9684
10425
11315
10790
7345
4711
6911
9216
6060
1187
-697
-924
-486
151
-2259
-7069
-8659
-6388
-4796
-5275
-6317
-7090
-6858
-5544
-4351
-3604
-2732
-1982
-1510
-935
-257
619
1760
2196
1368
557
869
1748
2049
1235
-303
-1460
-1629
-1305
-1419
-2382
-3578
-3989
-3646
-3502
-3803
-4020
-4008
-4034
-4101
-3795
-2853
-1752
-1353
-1564
-1289
-107
1464
3045
4177
4264
4081
5217
7399
9025
9595
9855
10776
11650
9783
5857
5375
8693
8735
3791
-206
-1018
-704
105
-476
-4614
-8607
-8107
-5548
-4798
-5773
-7053
-7455
-6370
-4910
-3966
-3036
-2288
-2009
-1363
-363
407
1378
2262
1840
873
978
1735
2041
1727
690
-801
-1546
-1179
-951
-1808
-3037
-3798
-4017
-3685
-3252
-3697
-4465
-4200
-3717
-4018
-3739
-2447
-1722
-1777
-1578
-1056
-121
1553
3185
3808
3685
4004
5557
7653
8857
9059
9504
10898
11591
9104
5341
5516
8696
8367
3788
-36
-1305
-878
400
-455
-4869
-8527
-7947
-5495
-4523
-5572
-7232
-7539
-6252
-4901
-3868
-2870
-2448
-2171
-1163
-302
111
1308
2463
1827
642
754
1563
2029
1860
596
-1144
-1713
-1155
-1003
-1791
-3004
-4093
-4246
-3558
-3492
-4249
-4450
-4208
-4335
-3995
-2894
-2329
-2175
-1522
-969
-631
545
2260
3518
4214
4458
4799
6267
8373
9531
9637
10164
11396
10796
7188
4988
7260
8918
5707
1423
-482
-1110
-667
-61
-2567
-7045
-8397
-6402
-4989
-5368
-6285
-6868
-6679
-5668
-4306
-3141
-2448
-1943
-1345
-864
-312
886
2156
2229
1173
408
766
1749
2120
1172
-506
-1710
-1755
-1135
-1113
-2265
-3731
-4332
-3945
-3448
-3552
-3994
-4300
-4413
-4191
-3410
-2464
-1913
-1768
-1658
-1094
61
1427
2779
3828
3975
3965
5285
7358
8654
9233
9763
10763
11593
9714
5728
5257
8718
8810
3885
-49
-887
-687
150
-256
-4428
-8724
-8163
-5097
-4439
-6050
-7292
-7313
-6411
-5021
-3875
-3320
-2841
-1991
-1132
-654
-86
1112
2186
1905
701
404
1350
2094
1767
670
-834
-1888
-1623
-1014
-1585
-2994
-4009
-4276
-3986
-3696
-3894
-4293
-4458
-4400
-4047
-3277
-2350
-1722
-1572
-1416
-574
765
2197
3692
4490
4249
4606
6473
8404
9431
9823
10160
11164
11212
7976
5001
6899
9212
6294
1652
-359
-1037
-752
274
-1740
-6689
-8825
-6780
-4708
-4729
-5996
-7220
-7115
-5620
-4037
-3087
-2662
-2380
-1649
-718
-184
556
1767
2212
1386
529
602
1412
2065
1475
-302
-1831
-2040
-1456
-1268
-2171
-3657
-4425
-4063
-3654
-3917
-4258
-4245
-4222
-4238
-3860
-2956
-1963
-1488
-1506
-1183
-137
1331
3053
4310
4237
4012
5400
7515
8796
9453
10046
10940
11481
9340
5538
5543
9054
8757
3426
-571
-959
-145
535
-575
-4707
-8460
-8041
-5313
-4272
-5611
-7217
-7320
-6166
-4910
-3813
-2893
-2482
-2161
-1344
-516
155
1319
2350
1845
552
446
1463
2072
1652
406
-1154
-1883
-1401
-1105
-1941
-3191
-4039
-4176
-3795
-3890
-4497
-4351
-3846
-4231
-4376
-3248
-2162
-1723
-1243
-946
-714
653
2908
4387
4468
4164
4919
6959
8936
9724
9736
10415
11740
10783
6743
4874
7758
9174
5262
767
-965
-1178
-146
376
-3033
-7799
-8491
-6119
-4795
-5162
-6340
-7360
-6826
-5182
-4072
-3393
-2601
-2100
-1646
-811
-44
764
1879
2199
1134
289
812
1731
1904
1036
-632
-1870
-1696
-1145
-1591
-2680
-3671
-4220
-3893
-3538
-4288
-4839
-4070
-3670
-4239
-3992
-2805
-1979
-1372
-877
-920
-443
1667
4087
4820
4102
4015
5780
8379
9973
9978
9779
10943
11644
8797
5192
6209
9042
7205
2428
-172
-958
-1047
-138
-1108
-5557
-8776
-7544
-5164
-4805
-5851
-6919
-7217
-6313
-4719
-3396
-2788
-2538
-1970
-1117
-467
326
1506
2041
1415
759
901
1376
1651
1396
327
-1161
-1986
-1746
-1404
-1993
-3271
-4228
-4423
-4159
-3941
-4199
-4760
-4841
-4317
-3809
-3323
-2527
-1793
-1338
-755
18
1162
3162
4910
4950
4497
5575
7897
9873
10591
10664
11402
11332
8088
5161
7115
9579
6754
1914
-349
-1046
-783
183
-1670
-6465
-8797
-7139
-5262
-5042
-5830
-6925
-7252
-6199
-4596
-3336
-2633
-2314
-1857
-1132
-445
538
1788
2158
1404
708
781
1405
2022
1615
-79
-1577
-1763
-1343
-1377
-2144
-3388
-4309
-4269
-3845
-3880
-4221
-4411
-4490
-4511
-4040
-2902
-1914
-1714
-1599
-854
160
1569
3539
4667
4338
4481
6069
7978
9568
10487
10716
11425
11332
7892
4942
7341
9922
6484
1309
-487
-700
-429
283
-1903
-6828
-8811
-6647
-4726
-5021
-6212
-7045
-6863
-5813
-4610
-3465
-2635
-2347
-1916
-1094
-487
285
1614
2167
1234
323
603
1460
1830
1162
-302
-1523
-1763
-1458
-1452
-2213
-3465
-4294
-4283
-4108
-4145
-4051
-4060
-4517
-4664
-3913
-2801
-1908
-1475
-1466
-1117
110
1796
3452
4495
4420
4399
5949
8213
9614
10060
10430
11429
11479
8239
4932
6732
9670
6917
1599
-385
-553
-734
-118
-1411
-5978
-8694
-6929
-4791
-4911
-5918
-6618
-6666
-5829
-4545
-3385
-2553
-2162
-1783
-1111
-452
348
1522
2032
1253
464
694
1314
1542
1174
28
-1367
-1945
-1622
-1434
-2073
-3337
-4378
-4488
-4002
-3751
-3872
-4201
-4599
-4470
-3506
-2493
-1990
-1654
-1255
-722
340
2033
3643
4351
4350
4856
6523
8482
9678
10104
10710
11758
10941
7165
4859
7337
9390
6073
1171
-958
-1190
-436
242
-2338
-7114
-8628
-6424
-4743
-4956
-5870
-6782
-6787
-5481
-4024
-3126
-2433
-1873
-1526
-1127
-451
629
1752
1886
907
208
565
1228
1411
821
-549
-1854
-2021
-1523
-1756
-2826
-3795
-4299
-4419
-4183
-3957
-4120
-4340
-4229
-3944
-3503
-2636
-1568
-929
-791
-428
861
2854
4435
4814
4665
5320
7144
9224
10311
10448
11160
11858
9563
5597
5583
8818
8341
3433
-305
-1198
-887
105
-438
-4613
-8578
-7946
-5143
-4333
-5380
-6458
-6774
-6071
-4625
-3296
-2566
-2197
-1717
-1151
-775
-97
1260
2103
1478
387
36
514
1339
1425
-44
-1811
-2174
-1640
-1603
-2215
-3152
-4074
-4309
-3931
-3887
-4273
-4221
-3766
-3834
-4162
-3492
-2017
-1202
-1146
-906
-353
797
2982
4672
4387
3968
5419
7539
8951
9874
10476
11098
11360
9092
5421
5479
8594
8154
3462
-205
-1270
-965
186
-361
-4453
-8130
-7588
-5142
-4222
-4932
-6104
-6679
-5935
-4481
-3302
-2500
-2000
-1735
-1370
-811
-68
1043
1830
1293
167
-91
479
1005
910
-180
-1755
-2415
-1985
-1745
-2350
-3331
-4195
-4489
-4073
-3795
-4256
-4539
-4051
-3716
-3750
-3168
-2049
-1215
-592
-54
424
1823
4123
5294
5060
5408
6811
8451
10099
11293
11787
11465
8990
5462
5740
9214
8744
3342
-746
-1488
-940
111
-594
-4883
-8559
-7756
-5339
-4634
-5170
-6070
-6613
-5877
-4530
-3496
-2364
-1377
-1189
-1160
-730
-6
1250
2302
1754
247
-340
318
1185
1201
-162
-2047
-2915
-2442
-1764
-2052
-3334
-4510
-4804
-4509
-4085
-3771
-3852
-4213
-4292
-3797
-2709
-1464
-778
-647
-310
731
2561
4505
5296
5033
5358
6921
8755
10045
11018
11998
11566
8205
4854
6027
9211
8120
3067
-942
-2078
-979
547
-930
-5523
-8426
-7487
-5404
-4387
-4722
-5949
-6455
-5477
-4223
-3149
-1882
-1134
-1041
-743
-336
147
1453
2510
1654
109
-159
444
915
899
-245
-2241
-3235
-2633
-2002
-2390
-3394
-4434
-4986
-4682
-4031
-3871
-4020
-3974
-4001
-3916
-2895
-1383
-608
-451
-190
556
2422
4767
5459
4751
5159
6965
8682
9938
10868
11542
11316
8438
4755
5631
9309
8071
2485
-703
-1113
-1161
-300
-710
-4884
-8337
-7229
-5061
-4654
-4748
-5144
-5883
-5521
-4204
-2939
-1591
-676
-822
-937
-302
541
1581
2333
1603
133
-130
654
1017
482
-702
-2051
-2876
-2861
-2476
-2576
-3438
-4410
-4843
-4823
-4482
-3850
-3431
-3793
-4459
-4146
-2566
-1086
-586
-482
-207
743
2982
5166
5318
4781
5840
7655
8929
10133
11308
11861
10926
7578
4596
6243
9287
7147
1710
-1250
-1694
-1230
-254
-1592
-5989
-8592
-7258
-5258
-4551
-4764
-5623
-5998
-5107
-3856
-2559
-1160
-624
-749
-454
-7
680
2144
2778
1386
-40
6
656
1059
597
-1182
-2892
-3140
-2715
-2748
-3286
-4213
-5135
-5322
-4883
-4441
-4193
-4088
-4131
-4139
-3730
-2583
-1008
-53
-17
234
1758
4101
5689
5769
5546
6570
8596
10247
11050
11761
12008
9613
5551
5085
8421
8667
3876
-366
-1702
-1802
-900
-819
-4361
-8398
-8288
-5971
-4977
-5143
-5622
-5990
-5355
-4073
-2990
-1776
-655
-264
-92
237
639
1758
2978
2498
877
96
313
832
1052
-30
-2150
-3397
-3213
-2826
-3043
-3875
-5009
-5677
-5432
-4852
-4515
-4333
-4263
-4374
-4128
-3065
-1755
-848
-96
533
1166
2697
4829
5825
5769
6296
7585
9061
10653
11855
12109
10751
7387
4850
6560
9025
6567
1353
-1422
-1921
-1664
-904
-2109
-6256
-8967
-7576
-5256
-4749
-5244
-5686
-5823
-5163
-3601
-1927
-904
-430
-88
141
383
1303
2649
2961
1773
410
141
768
1112
371
-1226
-2817
-3554
-3242
-2979
-3737
-4863
-5544
-5893
-5696
-4903
-4509
-4579
-4307
-4077
-3921
-2648
-766
2
114
965
2580
4477
5929
6238
6293
7439
9163
10454
11660
12803
11798
7901
5113
6833
9099
6765
2091
-699
-1926
-2055
-1071
-2094
-6165
-8707
-7683
-6176
-5567
-5196
-5453
-5895
-5313
-4055
-2622
-956
114
205
247
598
1318
2689
3508
2474
864
498
1029
1320
879
-491
-2295
-3340
-3209
-2873
-3316
-4352
-5241
-5757
-5901
-5496
-4716
-4226
-4386
-4718
-4319
-2994
-1511
-498
-15
106
1039
3570
5742
5800
5486
6628
8320
9690
10986
12121
12282
10174
6482
5409
8049
8829
4950
653
-1346
-1979
-1225
-677
-3560
-7742
-8503
-6682
-5525
-5270
-5465
-6031
-5910
-4763
-3398
-2039
-871
-292
7
278
627
1697
3043
2996
1650
670
614
1069
1365
562
-1304
-2873
-3211
-2807
-2786
-3753
-5017
-5669
-5723
-5533
-5202
-4908
-4767
-4684
-4544
-3982
-2692
-1180
-219
154
766
2441
4603
5728
5926
6656
7957
9165
10601
12318
13174
11635
7722
5118
7162
9927
7449
1787
-1421
-1779
-1077
-377
-2269
-6816
-9192
-7468
-5394
-5312
-5964
-6242
-5977
-5271
-4217
-2701
-1175
-390
-26
334
454
1132
2871
3709
2366
767
664
1336
1645
1110
-433
-2280
-3121
-2729
-2452
-3265
-4473
-5284
-5754
-5777
-5298
-4943
-4894
-4833
-4991
-4908
-3442
-1375
-442
-373
164
1667
3868
5673
6095
6084
7113
8990
10804
12238
13055
12009
8367
5310
6809
9741
7813
2491
-660
-1451
-1547
-843
-1733
-5889
-9007
-8007
-6030
-5543
-5651
-5963
-6326
-5840
-4554
-3090
-1618
-547
-114
37
195
860
2349
3421
2783
1275
478
818
1662
1708
114
-2065
-3132
-2830
-2304
-2653
-3878
-5128
-5739
-5665
-5232
-4831
-4692
-4846
-5175
-5061
-3825
-2040
-896
-567
-359
756
3083
5142
5594
5632
6766
8485
10053
11636
13028
12703
9425
5725
6222
9421
8882
4184
354
-1278
-1614
-496
-711
-4691
-8379
-8068
-6309
-5579
-5333
-5578
-6199
-6005
-4938
-3573
-2003
-841
-383
-111
46
438
1852
3167
2751
1443
718
706
1318
1808
739
-1398
-2683
-2686
-2407
-2613
-3528
-4730
-5532
-5616
-5159
-4701
-4718
-4922
-4934
-4749
-3898
-2270
-1081
-803
-198
1368
3251
4708
5366
5667
6838
8856
10298
11177
12532
12745
9488
5683
6259
9149
8373
4035
258
-1647
-1604
-227
-1059
-5238
-8253
-7639
-6046
-5359
-5454
-6063
-6115
-5209
-4507
-3811
-2263
-907
-367
11
72
199
1653
3084
2462
1022
468
553
1067
1535
518
-1605
-2750
-2552
-2239
-2461
-3254
-4401
-5218
-5232
-4779
-4453
-4358
-4376
-4591
-4658
-3825
-2333
-1311
-1013
-685
470
2497
4235
4762
4955
5978
7741
9494
10660
11585
12348
10722
6523
5197
8444
9401
5213
1300
-280
-1446
-1162
-148
-2531
-6926
-8132
-6390
-5033
-4746
-5098
-5660
-5661
-4990
-3781
-2145
-1031
-725
-340
-30
112
1228
2757
2671
1393
671
627
940
1361
915
-694
-2237
-2646
-2192
-1957
-2642
-3856
-4799
-5109
-4770
-4254
-4086
-4109
-4266
-4616
-4287
-2777
-1328
-832
-673
-19
1527
3544
4758
5065
5802
7236
8611
10082
11939
12748
10434
6229
5036
8151
9755
6028
1040
-1068
-1042
-362
-359
-2912
-6719
-7944
-6305
-4837
-4900
-5535
-5627
-5131
-4695
-4081
-2614
-1063
-446
-344
-295
-166
845
2477
2839
1502
252
259
1000
1381
657
-953
-2395
-2868
-2470
-2106
-2722
-4070
-4976
-5038
-4829
-4540
-4023
-3779
-4248
-4640
-3910
-2265
-857
-475
-650
148
2326
4186
4686
5007
6152
7677
9144
10443
11505
11573
9232
5771
5497
8213
8144
4006
520
-660
-1244
-1141
-1062
-3499
-6973
-7494
-5653
-4793
-5107
-5099
-4946
-5045
-4514
-3023
-1636
-941
-386
37
-37
162
1329
2370
2060
1020
370
394
763
866
52
-1493
-2668
-2839
-2473
-2432
-3169
-4364
-5022
-4789
-4446
-4344
-3958
-3618
-3949
-4012
-3014
-1733
-795
-154
205
1008
2768
4281
4708
5144
6382
7891
9222
10390
11413
11030
7908
4883
6090
8544
6622
2420
329
-770
-1676
-924
-1131
-4691
-7473
-6496
-4893
-4746
-4792
-4734
-4914
-4579
-3491
-2337
-1441
-725
-84
295
202
306
1311
2269
1902
707
-14
136
643
639
-368
-1882
-2845
-2816
-2406
-2477
-3280
-4290
-4805
-4639
-4270
-4074
-3831
-3647
-3853
-3849
-2926
-1690
-892
-353
208
1111
2691
4146
4637
5064
6332
7743
8798
10160
11618
11058
7576
4665
5918
8408
6989
2733
-257
-1454
-1402
-350
-1113
-4904
-7591
-6630
-4794
-4282
-4443
-4816
-5024
-4375
-3221
-2200
-1219
-408
30
230
244
528
1584
2477
1927
587
-67
192
697
683
-365
-1932
-2923
-2876
-2395
-2433
-3148
-3944
-4593
-4971
-4506
-3407
-3004
-3579
-4040
-3873
-2932
-1187
50
-170
-242
1382
3463
4466
4821
5393
6466
7989
9315
10292
11252
10531
7036
4613
6376
8150
5705
1774
-390
-1401
-1419
-738
-2062
-5569
-7386
-6161
-4670
-4449
-4600
-4590
-4515
-4134
-3171
-1897
-863
-165
279
329
272
816
1846
2274
1563
429
-121
178
554
122
-1102
-2427
-3167
-3058
-2711
-3084
-4106
-4823
-4823
-4537
-4260
-3928
-3640
-3569
-3493
-2973
-1980
-893
-7
626
1449
2792
3995
4488
5004
6283
7760
8665
9331
10514
11144
8961
5350
4780
6799
6553
3490
612
-1495
-2363
-1179
-979
-4104
-6965
-6759
-5470
-4471
-3755
-4109
-4752
-4073
-2904
-2125
-1070
-47
244
413
563
582
1278
2219
1891
614
-205
-280
178
511
-471
-2297
-3195
-2947
-2575
-2582
-3242
-4367
-4819
-4300
-3971
-3977
-3523
-3148
-3459
-3457
-2520
-1454
-598
104
446
1197
3020
4395
4368
4718
6358
7832
8545
9579
10916
10605
7630
4632
5081
7224
6353
2591
-374
-1567
-1659
-989
-1511
-4577
-7220
-6639
-4794
-4221
-4411
-4396
-4304
-4021
-3161
-2003
-992
-139
443
468
203
495
1591
2305
1655
432
-171
-80
230
190
-773
-2277
-3082
-2996
-2782
-2802
-3405
-4433
-4780
-4388
-4273
-3974
-3047
-3052
-3923
-3430
-1832
-925
-398
252
724
1904
3911
4840
4592
5300
7126
8520
9308
10349
11066
9371
5707
4379
6601
7329
4011
393
-1166
-1805
-1637
-1286
-3142
-6403
-7445
-5947
-4533
-4233
-4368
-4397
-4179
-3670
-2685
-1277
-193
198
392
483
420
968
2084
2233
1023
-104
-385
-122
294
47
-1446
-3019
-3371
-2920
-2632
-3039
-4004
-4594
-4395
-4245
-4029
-3137
-2776
-3517
-3515
-2307
-1342
-541
417
794
1418
3251
4472
4316
4947
6851
8218
8675
9440
10598
10308
7385
4627
5401
7081
5336
1753
-460
-1636
-1991
-1322
-2153
-5349
-7301
-6254
-4749
-4346
-4301
-4273
-4249
-3734
-2672
-1610
-793
-25
620
740
521
775
1617
2065
1448
307
-383
-321
-8
-126
-985
-2293
-3242
-3321
-2881
-2783
-3516
-4363
-4266
-3898
-4245
-4021
-2636
-2347
-3433
-3195
-1637
-680
115
1111
1433
2088
3756
4566
4564
5875
7633
8082
8604
10277
10790
8252
4932
4600
6582
6464
3200
47
-1468
-1945
-1427
-1378
-3797
-6727
-6906
-5163
-4086
-4112
-4315
-4187
-3745
-3099
-2127
-990
-256
239
704
638
418
1105
1991
1665
538
-314
-615
-361
-92
-696
-2017
-3045
-3257
-2889
-2688
-3262
-4061
-4120
-3686
-3579
-3733
-3579
-2980
-2439
-2400
-2409
-1602
-272
620
1253
2255
3155
3486
4016
5268
6687
7740
8526
9461
10292
9302
6134
4265
5842
7087
4635
926
-1054
-1607
-1309
-985
-2643
-5797
-7092
-5688
-4178
-4057
-4373
-4238
-3889
-3531
-2645
-1372
-629
-222
436
644
236
647
1815
1905
817
-77
-443
-440
-122
-292
-1490
-2710
-3032
-2850
-2728
-2859
-3439
-4070
-3943
-3383
-3378
-3510
-2900
-2320
-2594
-2721
-1765
-449
349
863
1647
2687
3458
3873
4594
6002
7462
8265
8866
10033
10307
7660
4338
4618
6922
6107
2440
-339
-1657
-1946
-1004
-1292
-4526
-7134
-6370
-4670
-4148
-4105
-4218
-4381
-3801
-2723
-1945
-1182
-264
298
372
273
442
1215
1879
1387
181
-579
-637
-290
-169
-1076
-2524
-3169
-3002
-2839
-2817
-3291
-4367
-4642
-3622
-3117
-3628
-3517
-2745
-2561
-2529
-1764
-805
-57
878
2037
2960
3431
3874
4838
6239
7453
8145
8719
9955
10754
8332
4187
3901
6864
6483
2503
-181
-1530
-2734
-1824
-683
-3464
-7294
-7192
-4920
-3937
-3840
-3787
-4064
-4061
-3040
-1525
-493
-208
101
671
588
241
1003
2021
1554
272
-511
-899
-878
-421
-685
-2053
-3249
-3495
-3125
-2713
-2972
-3858
-4260
-4022
-3904
-3452
-2353
-2062
-2787
-2716
-1651
-653
489
1739
2228
2553
3530
4352
4984
6342
7664
8070
8776
10190
9941
7011
4442
4983
6387
4933
1547
-444
-1166
-1924
-1997
-2110
-4374
-6834
-6201
-4337
-4160
-4373
-3742
-3538
-3583
-2599
-1350
-773
-233
448
655
470
496
992
1497
1220
126
-747
-947
-876
-822
-1203
-2406
-3491
-3257
-2551
-2744
-3479
-3880
-3920
-3775
-3441
-3000
-2532
-2269
-2403
-2373
-1579
-348
680
1497
2378
3227
3693
4046
5119
6854
8005
8249
8812
9935
9540
6682
4230
4817
6089
4548
1208
-975
-1743
-1915
-1751
-2535
-5075
-6953
-5983
-4073
-3757
-4261
-3977
-3375
-3075
-2343
-1096
-337
-15
568
844
433
567
1513
1640
636
-205
-552
-817
-899
-1029
-1802
-2845
-3344
-3236
-2993
-3154
-3703
-3938
-3717
-3710
-3690
-2959
-2096
-1998
-2350
-2297
-1358
174
1376
2002
2721
3413
3715
4539
6243
7461
7717
8369
9862
10158
7669
4553
4429
6215
5702
2611
-118
-1652
-2156
-1341
-1274
-3951
-6705
-6541
-4807
-3752
-3584
-3914
-4152
-3603
-2542
-1517
-658
-166
126
450
415
300
1028
1737
1046
-171
-718
-805
-673
-644
-1417
-2628
-3248
-3244
-3026
-2951
-3420
-3958
-3916
-3833
-3807
-3062
-2134
-2120
-2478
-2250
-1396
-147
1113
2021
2797
3522
3929
4458
5752
7397
8416
8653
9070
9570
8198
5297
4449
5799
5393
2622
248
-1271
-2151
-1658
-1558
-3826
-6265
-6388
-5106
-3939
-3464
-3829
-4129
-3622
-2736
-1723
-695
-287
-114
416
555
305
763
1331
852
27
-489
-983
-1090
-759
-1168
-2514
-3470
-3428
-3042
-3170
-3822
-4185
-3901
-3533
-3338
-3115
-2914
-2524
-1769
-1271
-1180
-600
710
2163
3491
4238
4089
4235
5841
7880
8774
8850
9263
9440
7872
5462
4871
5621
4762
2361
460
-1123
-2369
-2008
-1618
-3615
-6090
-6308
-5133
-4074
-3299
-3255
-3795
-3673
-2645
-1496
-601
-116
74
318
447
397
726
1127
765
-65
-758
-1223
-1210
-948
-1458
-2672
-3440
-3491
-3325
-3402
-3785
-4021
-3748
-3453
-3321
-2936
-2456
-2157
-1776
-1419
-1218
-432
1022
2228
3136
3928
4087
4232
5738
7703
8465
8765
9525
9198
6951
4968
5176
6060
5019
2090
-499
-1444
-1245
-1006
-1870
-4152
-6197
-6032
-4286
-3277
-3506
-3824
-3717
-3264
-2344
-1317
-787
-439
107
287
-15
118
788
1036
508
-347
-1050
-1231
-955
-1008
-1779
-2759
-3340
-3381
-3215
-3400
-3879
-3985
-3684
-3440
-3167
-2788
-2447
-1988
-1507
-1496
-1269
26
1506
2460
3437
4032
3708
4260
6699
8582
8555
8666
9352
8386
6213
5504
5988
5375
3499
1445
-345
-1214
-976
-1250
-3042
-4975
-5687
-5282
-4266
-3374
-3344
-3735
-3605
-2966
-2109
-1058
-284
-155
-207
-123
47
520
1005
656
-290
-897
-1131
-1198
-1062
-1356
-2387
-3229
-3350
-3286
-3303
-3491
-3953
-4119
-3660
-3204
-2978
-2543
-2078
-1882
-1568
-997
-338
631
2023
3293
3832
3663
3887
5538
7642
8433
8346
8857
8909
7146
5491
5599
5516
3938
2393
1056
-824
-1605
-885
-1577
-4012
-5259
-4945
-4545
-3824
-2932
-3077
-3581
-3155
-2308
-1589
-760
-201
-239
-314
-173
26
413
621
-35
-1014
-1341
-1206
-1223
-1517
-2083
-2848
-3272
-3105
-2969
-3338
-3786
-3732
-3314
-3083
-3035
-2679
-2042
-1649
-1588
-1423
-881
29
1187
2355
3221
3458
3355
4130
6173
7768
7802
7933
8880
8511
6320
5090
5505
5174
3604
2147
549
-1099
-1089
-254
-1558
-4350
-5349
-4333
-3298
-2881
-2910
-3320
-3435
-2667
-1611
-1027
-872
-696
-351
-219
-313
-149
177
4
-675
-1277
-1525
-1503
-1493
-1832
-2470
-3058
-3286
-3171
-3135
-3437
-3625
-3513
-3428
-3143
-2517
-2252
-2303
-1845
-1175
-860
-406
398
1319
2708
3992
3878
3402
4567
6631
7685
7945
8411
8490
7124
5329
5056
5581
4632
2596
1065
-253
-1155
-702
-693
-2817
-4637
-4305
-3634
-3454
-2854
-2538
-2950
-2790
-2000
-1556
-1089
-300
-34
-332
-513
-425
-113
203
-110
-1057
-1758
-1756
-1515
-1625
-2182
-2865
-3286
-3221
-2999
-3242
-3747
-3713
-3230
-2948
-2786
-2559
-2355
-1899
-1235
-1002
-940
-275
871
2229
3511
3689
3025
3596
5661
7194
7493
7637
8075
7946
6490
4868
4830
5310
4149
2121
643
-660
-1172
-358
-758
-3308
-4766
-3948
-3130
-2856
-2421
-2547
-3090
-2674
-1603
-1045
-796
-406
-204
-365
-560
-415
-73
-82
-635
-1299
-1735
-1914
-1850
-1815
-2307
-3110
-3444
-3236
-3197
-3393
-3364
-3388
-3537
-3110
-2416
-2334
-2232
-1557
-1212
-1240
-609
520
1723
3040
3664
3134
3117
4722
6620
7432
7492
7828
8055
6874
5173
5071
5422
4174
2597
1624
33
-1022
-249
-370
-2639
-4026
-3698
-3410
-2864
-1945
-2209
-3016
-2626
-1717
-1240
-783
-346
-271
-321
-355
-367
-225
-179
-525
-1102
-1740
-2150
-2005
-1821
-2221
-2943
-3432
-3471
-3273
-3155
-3240
-3374
-3483
-3237
-2583
-2222
-2222
-1898
-1519
-1434
-855
234
1097
2109
3206
3241
2878
3836
5629
6800
7266
7585
7792
7327
6009
5078
5109
4633
3286
2209
924
-574
-524
69
-1434
-3478
-3621
-3220
-3076
-2150
-1586
-2520
-2946
-1984
-1276
-1033
-490
-241
-478
-404
-162
-189
-221
-386
-980
-1507
-1699
-1912
-2115
-2222
-2647
-3275
-3549
-3574
-3502
-3263
-3369
-3845
-3650
-2747
-2315
-2313
-1983
-1676
-1475
-702
335
1138
2188
3168
3156
3081
4184
5668
6368
6543
7073
7948
7719
5784
4390
4735
4742
3514
2152
441
-928
-193
485
-1414
-3279
-3249
-3226
-2892
-1506
-1485
-2721
-2253
-1190
-1461
-1249
-197
-236
-560
-122
-263
-815
-394
-27
-824
-1657
-1925
-2132
-2135
-2059
-2594
-3410
-3641
-3465
-3352
-3288
-3369
-3604
-3483
-2882
-2435
-2229
-1876
-1512
-1282
-785
47
1064
2310
3135
2895
2831
4122
5571
6054
6365
7033
7471
7079
5765
4586
4641
4684
3287
1739
881
-133
-569
62
-583
-2760
-3474
-2582
-2187
-2013
-1574
-1784
-2152
-1623
-994
-844
-655
-429
-367
-342
-491
-672
-525
-464
-946
-1562
-1977
-2223
-2229
-2235
-2651
-3261
-3627
-3735
-3647
-3438
-3390
-3490
-3386
-3093
-2782
-2201
-1490
-1260
-1317
-860
237
1709
3027
3167
2473
2880
4581
5761
6145
6658
7030
6801
6293
5382
4432
4393
4203
2473
765
552
348
-421
-604
-1097
-2700
-3255
-2091
-1579
-1990
-1679
-1290
-1706
-1581
-696
-447
-611
-260
-103
-545
-647
-361
-472
-911
-1312
-1763
-2104
-2041
-2014
-2414
-2915
-3217
-3384
-3425
-3356
-3361
-3324
-3087
-2865
-2710
-2339
-1846
-1450
-1103
-759
-215
1035
2547
3004
2483
2543
3713
5057
5773
5984
6196
6630
6622
5641
4455
3894
3628
3131
2184
788
-239
-219
-58
-740
-1720
-2370
-2563
-2009
-1137
-1047
-1504
-1527
-1283
-1059
-625
-385
-560
-557
-438
-690
-906
-827
-1024
-1469
-1761
-2045
-2327
-2285
-2228
-2594
-3046
-3315
-3529
-3490
-3013
-2693
-2952
-3161
-2809
-2311
-1910
-1383
-1033
-1099
-771
603
2120
2653
2318
2177
3037
4473
5371
5518
5731
6370
6635
5798
4456
3814
3910
3755
2792
1342
154
-48
438
195
-1187
-2347
-2329
-1654
-1097
-969
-1248
-1506
-1371
-1031
-808
-770
-717
-509
-420
-772
-1190
-1129
-924
-1159
-1687
-2188
-2448
-2261
-1958
-2211
-2956
-3539
-3598
-3136
-2623
-2678
-3064
-3012
-2510
-2065
-1863
-1755
-1446
-889
-236
598
1552
2035
2035
2443
3384
4110
4450
4831
5593
6535
6530
5154
3900
3894
4103
3554
2548
1412
502
316
454
63
-903
-1775
-1888
-1413
-1116
-1145
-1049
-993
-1186
-1148
-846
-785
-801
-586
-594
-985
-1284
-1290
-1265
-1440
-1843
-2271
-2481
-2520
-2396
-2377
-2963
-3686
-3508
-2814
-2676
-2839
-2728
-2564
-2343
-1885
-1609
-1511
-1077
-488
11
805
1784
2226
2288
2642
3287
3943
4522
5053
5506
5667
5404
4827
4147
3673
3400
2769
1735
1159
1051
602
121
-73
-612
-1287
-1180
-765
-794
-814
-694
-822
-924
-810
-794
-804
-757
-920
-1118
-1162
-1264
-1472
-1667
-1952
-2246
-2297
-2279
-2415
-2681
-3010
-3196
-3070
-2888
-2880
-2886
-2803
-2598
-2201
-1781
-1593
-1512
-1217
-649
-8
755
1741
2269
1901
1776
2849
4103
4436
4243
4229
4785
5675
5601
4229
3166
3123
3083
2636
1871
826
380
745
528
-347
-693
-755
-896
-500
-165
-621
-714
-222
-392
-836
-637
-654
-1080
-1024
-991
-1609
-1986
-1853
-2046
-2434
-2562
-2748
-3040
-3012
-2848
-3029
-3348
-3246
-2795
-2576
-2722
-2726
-2387
-1963
-1576
-1382
-1452
-1259
-429
638
1469
1801
1605
1601
2513
3679
4075
3838
3762
4406
5533
5789
4514
3119
3014
3541
3331
2067
761
549
1108
1045
136
-701
-1011
-721
-56
10
-679
-780
-69
168
-304
-608
-604
-569
-534
-767
-1419
-1864
-1738
-1694
-2158
-2733
-2993
-3021
-2961
-3043
-3433
-3727
-3418
-2864
-2697
-2872
-2899
-2494
-1795
-1379
-1470
-1475
-977
-235
559
1293
1575
1466
1675
2414
3149
3545
3691
3717
3977
4879
5491
4578
3331
3472
3635
2565
1939
2109
1322
498
937
669
-635
-549
172
-425
-814
-189
-219
-499
11
-12
-763
-793
-513
-779
-969
-1117
-1667
-1962
-1904
-2193
-2620
-2823
-3037
-3164
-3164
-3399
-3671
-3483
-3082
-2929
-3032
-3072
-2703
-2037
-1597
-1501
-1487
-1250
-530
508
1241
1486
1461
1453
1964
3013
3713
3694
3516
3669
4441
5464
5330
3991
3281
3441
3074
2494
2414
1884
879
694
817
130
-395
-20
63
-555
-809
-432
-59
71
-43
-447
-905
-893
-467
-372
-944
-1568
-1758
-1826
-2031
-2206
-2515
-3045
-3408
-3465
-3492
-3469
-3342
-3322
-3432
-3388
-3091
-2644
-2160
-1865
-1788
-1606
-1127
-368
495
1147
1340
1161
1141
1848
2936
3349
3064
3082
3575
4131
4832
5235
4408
3143
2959
3313
3036
2516
2088
1330
673
754
830
301
-128
-118
-273
-525
-306
15
-178
-448
-420
-602
-949
-747
-474
-965
-1562
-1582
-1668
-2031
-2118
-2263
-2894
-3313
-3259
-3293
-3382
-3222
-3209
-3473
-3442
-3047
-2710
-2452
-2142
-1914
-1713
-1204
-388
405
1034
1368
1216
1103
1847
2963
3284
2940
2885
3312
4052
4829
4831
3800
2999
3195
3374
2756
2131
1994
1671
1035
795
697
218
124
603
274
-697
-552
348
358
-168
-411
-819
-1123
-648
-361
-1059
-1740
-1721
-1665
-1944
-2246
-2473
-2772
-3058
-3205
-3303
-3369
-3145
-2845
-3030
-3418
-3218
-2628
-2233
-2034
-1956
-1884
-1323
-269
560
803
738
830
1385
2130
2577
2703
2770
2969
3418
3924
4089
3917
3633
3427
3365
2983
2189
2032
2514
2028
877
693
853
490
736
1070
-29
-846
202
894
51
-437
-325
-730
-904
-472
-731
-1547
-1642
-1373
-1677
-2228
-2431
-2400
-2478
-2800
-3220
-3313
-2973
-2691
-2820
-3153
-3265
-2979
-2433
-2099
-2246
-2282
-1703
-930
-372
174
585
558
663
1338
1988
2335
2655
2817
2810
3226
3898
4094
3892
3507
2954
2793
3059
2740
2039
1965
1810
927
622
1143
1114
614
517
318
24
387
713
192
-286
-311
-554
-753
-631
-857
-1373
-1518
-1667
-2119
-2234
-2094
-2463
-3028
-3068
-2848
-2814
-2762
-2697
-2891
-3069
-2839
-2448
-2297
-2255
-2090
-1801
-1379
-793
-138
309
295
209
694
1489
1870
1991
2301
2476
2540
3080
3742
3731
3360
3273
3163
2814
2691
2794
2474
1771
1374
1333
1195
1038
1100
933
406
193
539
671
289
-33
-147
-381
-637
-691
-799
-1141
-1451
-1574
-1699
-1952
-2270
-2443
-2460
-2551
-2724
-2703
-2569
-2559
-2584
-2608
-2757
-2689
-2209
-1907
-2029
-2021
-1653
-1089
-393
108
-31
-332
90
1032
1518
1473
1610
1950
1924
1916
2611
3429
3504
3045
2526
2268
2767
3499
3071
1754
1175
1508
1782
1773
1557
1035
612
652
726
496
374
506
353
-272
-805
-817
-644
-677
-1018
-1578
-2068
-2074
-1746
-1697
-2098
-2532
-2704
-2574
-2332
-2228
-2293
-2408
-2525
-2574
-2385
-2044
-1858
-1840
-1747
-1478
-1018
-436
-52
-196
-455
23
1009
1359
1089
1225
1801
2200
2481
2740
2703
2673
3004
3179
2919
2701
2665
2406
1927
1713
1828
1736
1225
1003
1296
1225
697
546
617
352
226
354
-57
-697
-655
-500
-1023
-1653
-1752
-1676
-1790
-1995
-2246
-2498
-2542
-2361
-2279
-2480
-2659
-2539
-2300
-2244
-2256
-2136
-1941
-1762
-1584
-1342
-964
-479
-219
-391
-524
-105
559
920
995
1005
1109
1609
2370
2659
2351
2260
2646
2979
3000
2775
2517
2529
2518
1991
1414
1412
1611
1619
1477
971
454
722
1170
738
78
-20
-70
-247
-239
-530
-1150
-1297
-1184
-1575
-2031
-2016
-1956
-2086
-2193
-2417
-2676
-2498
-2168
-2256
-2501
-2344
-2026
-1853
-1704
-1545
-1398
-1037
-483
-307
-581
-615
-104
437
598
450
386
731
1320
1698
1741
1686
1775
2138
2564
2597
2319
2327
2552
2443
2015
1714
1647
1634
1517
1334
1113
876
825
1011
930
354
84
310
154
-377
-484
-473
-876
-1172
-1186
-1564
-2023
-1909
-1754
-2101
-2431
-2357
-2285
-2331
-2315
-2294
-2281
-2133
-1862
-1650
-1480
-1174
-740
-432
-488
-630
-314
275
485
377
444
623
823
1223
1504
1252
1092
1566
2025
1949
1858
2038
2188
2192
2024
1715
1571
1675
1696
1546
1259
842
758
1077
1053
562
328
374
224
96
68
-246
-606
-602
-640
-981
-1220
-1288
-1398
-1554
-1790
-2056
-2039
-1881
-2004
-2261
-2230
-2060
-1983
-1884
-1769
-1661
-1343
-829
-568
-707
-731
-315
147
220
100
258
680
979
1041
1026
1086
1272
1576
1702
1471
1356
1760
2139
1916
1485
1398
1542
1625
1546
1272
982
943
1080
1029
683
383
410
515
347
11
-160
-173
-241
-400
-581
-817
-989
-968
-969
-1220
-1492
-1510
-1489
-1644
-1779
-1792
-1824
-1797
-1646
-1616
-1716
-1604
-1242
-890
-687
-698
-773
-610
-150
122
38
-21
194
502
738
895
912
931
1160
1425
1388
1221
1351
1687
1772
1497
1245
1268
1366
1362
1308
1107
727
639
939
851
351
282
493
239
-90
13
-6
-295
-292
-252
-631
-885
-687
-645
-903
-1024
-1044
-1193
-1287
-1238
-1260
-1382
-1460
-1439
-1383
-1329
-1274
-1172
-956
-714
-581
-574
-594
-433
-80
138
67
-41
48
296
630
836
773
702
876
1068
1137
1258
1364
1269
1173
1202
1159
1121
1216
1191
888
658
709
742
602
467
345
178
80
99
54
-106
-206
-262
-409
-529
-553
-593
-672
-730
-800
-890
-880
-855
-943
-1032
-1055
-1067
-1032
-957
-988
-1039
-913
-733
-624
-492
-354
-359
-328
-114
52
71
92
154
175
282
476
557
589
693
732
734
914
1113
1055
912
926
943
909
932
891
724
638
712
685
496
366
314
212
110
110
70
-114
-214
-184
-269
-455
-535
-562
-640
-670
-679
-766
-801
-726
-731
-872
-945
-893
-802
-730
-721
-767
-756
-603
-380
-242
-262
-285
-165
-13
56
77
105
122
196
302
326
326
432
546
535
518
564
660
801
873
742
554
560
706
772
636
389
288
447
565
375
106
53
152
162
34
-113
-161
-76
-60
-235
-448
-462
-342
-351
-546
-704
-655
-523
-519
-646
-763
-766
-661
-576
-604
-678
-626
-436
-267
-254
-306
-256
-102
9
27
29
87
181
251
273
280
324
405
452
428
374
417
555
627
539
451
502
564
543
468
376
322
389
418
274
123
118
161
134
40
-75
-126
-64
-17
-108
-202
-217
-210
-233
-315
-411
-432
-395
-403
-485
-548
-514
-434
-413
-495
-550
-488
-390
-334
-318
-299
-261
-203
-155
-142
-141
-71
52
109
108
167
268
321
350
361
331
328
396
445
420
396
392
395
380
344
329
319
281
242
228
184
115
114
96
18
-28
-25
-62
-110
-92
-97
-160
-184
-173
-217
-261
-238
-210
-253
-329
-352
-308
-268
-258
-274
-318
-342
-290
-202
-175
-225
-236
-186
-150
-141
-130
-109
-104
-106
-81
-37
32
115
156
154
152
197
274
284
266
279
295
301
326
352
322
273
267
247
203
182
177
151
124
99
45
-10
-7
20
-18
-83
-126
-147
-127
-86
-103
-185
-226
-192
-159
-168
-180
-197
-207
-183
-171
-198
-206
-165
-125
-169
-229
-199
-117
-82
-89
-134
-174
-136
-57
-44
-110
-120
-67
-16
2
4
29
76
117
109
100
135
214
264
238
178
171
233
287
270
191
140
168
213
191
123
87
86
87
49
-1
-21
-11
-21
-70
-99
-108
-101
-96
-109
-163
-187
-123
-84
-143
-173
-121
-102
-123
-143
-143
-136
-121
-110
-121
-140
-129
-98
-88
-104
-115
-93
-69
-65
-63
-53
-31
-4
12
7
15
55
101
122
117
130
145
173
204
205
169
156
196
213
185
163
160
143
125
140
119
54
37
48
11
-31
-30
-54
-76
-67
-80
-113
-103
-85
-110
-139
-122
-109
-89
-65
-103
-149
-115
-87
-115
-118
-89
-94
-114
-106
-91
-98
-105
-93
-74
-94
-104
-40
-12
-51
-56
-8
-25
-40
45
108
68
43
95
128
136
147
144
123
149
194
180
132
124
158
158
130
103
93
113
120
72
16
-2
10
-12
-46
-56
-74
-95
-87
-102
-148
-148
-116
-115
-129
-104
-99
-128
-109
-68
-90
-113
-85
-59
-65
-70
-60
-49
-46
-41
-23
-14
-14
-14
-3
-4
6
39
38
28
54
81
87
84
81
70
86
120
129
128
132
132
116
121
114
109
115
112
86
63
80
84
45
1
-1
-21
-34
-43
-50
-85
-111
-101
-115
-139
-133
-124
-156
-159
-137
-143
-135
-102
-98
-115
-99
-66
-70
-66
-53
-39
-19
-9
-10
-9
0
15
10
-6
6
37
50
57
57
56
60
79
81
66
59
84
102
77
79
97
90
72
86
108
93
81
95
98
93
82
63
46
52
52
34
1
-19
-16
-19
-25
-49
-71
-85
-76
-77
-106
-122
-129
-127
-118
-109
-108
-104
-90
-85
-93
-72
-37
-22
-29
-33
-14
5
5
3
7
13
29
56
53
49
76
81
76
82
77
55
76
104
74
64
85
66
33
58
65
35
39
53
50
59
54
33
26
21
7
5
3
-18
-26
-10
-30
-57
-52
-56
-74
-86
-80
-82
-94
-112
-127
-115
-100
-88
-97
-102
-80
-59
-55
-52
-38
-23
-14
-5
6
6
32
40
24
32
57
86
91
90
96
91
93
98
90
83
92
94
81
63
59
66
67
50
34
53
65
61
56
37
16
6
12
5
-12
-11
-21
-27
-21
-20
-39
-46
-43
-58
-64
-55
-62
-91
-92
-85
-101
-98
-64
-58
-70
-59
-36
-35
-30
-15
-21
-22
-7
7
17
20
19
18
12
26
60
84
64
56
66
72
89
89
65
53
65
67
58
57
59
47
38
42
32
25
27
12
-6
-12
-5
-7
-35
-50
-39
-34
-58
-64
-47
-56
-66
-58
-58
-60
-69
-80
-83
-67
-44
-45
-53
-60
-51
-31
-14
-15
-25
-19
1
21
32
39
31
29
46
53
49
54
76
83
75
67
82
88
87
87
67
60
76
84
50
40
30
23
26
35
11
-18
-8
-8
-24
-35
-23
-12
-13
-25
-33
-19
-9
-19
-39
-60
-57
-27
-20
-43
-51
-49
-50
-46
-32
-18
-18
-19
-11
-5
2
4
13
14
6
5
19
26
28
36
40
35
40
55
50
58
55
42
48
58
75
81
85
69
49
40
54
61
43
29
23
14
14
24
1
-31
-36
-27
-30
-37
-27
-12
-26
-39
-43
-37
-26
-27
-29
-42
-45
-35
-24
-22
-29
-23
-13
-20
-23
-3
11
17
8
4
3
13
34
36
27
11
23
45
53
49
50
52
56
54
50
59
46
45
57
57
40
42
52
48
34
29
33
25
28
30
25
1
-12
-8
-10
-10
-16
-14
-27
-33
-22
-28
-32
-36
-31
-29
-37
-36
-32
-24
-30
-32
-20
-14
-11
-5
-8
-12
9
25
27
20
18
24
21
24
34
41
47
40
22
39
51
41
37
42
39
36
44
54
53
43
49
40
32
38
34
39
43
33
16
2
21
26
23
11
-10
-11
4
14
2
-6
-16
-15
-6
-11
-27
-29
-25
-25
-20
-20
-33
-38
-16
-17
-32
-29
-11
-9
-14
-3
5
9
15
20
26
29
30
35
50
62
51
45
52
45
45
56
53
37
36
53
50
41
45
43
40
35
29
26
24
34
22
9
3
4
3
-12
-15
-18
-12
-5
-11
-12
-6
-11
-19
-27
-31
-34
-36
-31
-29
-35
-28
-29
-40
-34
-19
-26
-32
-29
-23
-15
-4
8
-5
-7
21
37
27
45
50
44
49
64
72
70
64
52
56
53
51
51
51
45
40
47
44
37
34
32
26
22
16
18
9
-6
-6
-6
-6
-18
-14
-9
-9
-12
-14
-16
-23
-26
-23
-25
-30
-40
-34
-18
-23
-30
-26
-18
-9
-8
-21
-23
-13
-6
-2
-4
1
-2
14
40
26
21
25
36
51
55
52
46
52
49
53
48
44
42
43
45
34
30
38
36
28
22
24
25
21
15
2
-6
-8
-4
5
-1
-10
-17
-10
-15
-17
-18
-26
-24
-32
-24
-31
-33
-28
-19
-22
-24
-12
-16
-19
-14
-12
-21
-10
4
0
-5
-2
10
14
15
23
29
27
33
32
36
40
39
44
33
38
44
42
43
35
28
38
47
49
34
26
28
39
31
16
19
30
23
7
8
6
6
1
-9
-12
-6
-8
-20
-23
-15
-16
-16
-16
-23
-22
-26
-21
-15
-15
-21
-20
-11
-4
-5
-1
4
-5
-3
13
17
18
17
25
25
23
32
32
27
26
38
36
35
43
44
31
28
36
23
30
39
33
21
19
19
20
18
13
6
6
13
10
7
5
5
2
0
-2
7
5
0
-9
-9
-2
-10
-9
-16
-17
-14
-18
-27
-21
-8
-11
-12
-6
-9
-7
-1
-4
-5
-3
-6
-8
3
2
2
6
4
8
7
4
8
10
18
19
16
9
15
28
26
17
16
24
28
25
18
14
13
19
16
11
9
13
13
8
7
9
10
8
13
5
3
13
10
3
0
5
2
3
4
5
5
9
3
-2
0
4
1
8
9
-2
-3
5
6
-1
6
11
10
18
18
7
10
12
11
14
15
11
19
17
2
0
12
13
-1
9
11
4
4
12
10
6
14
11
7
14
16
13
5
8
3
3
8
12
8
-2
0
14
13
-1
4
7
-6
4
9
5
3
3
9
8
-2
-6
3
5
1
-4
1
5
5
8
9
13
5
6
11
6
7
2
1
7
12
16
7
-3
-1
-1
-6
-6
-8
-6
1
6
5
14
11
10
9
4
1
5
7
5
-1
-2
4
1
6
-2
-9
0
6
4
-2
-4
0
1
1
-3
1
7
5
-2
-1
-2
0
-1
-3
0
-5
1
3
12
12
-2
-6
-1
6
8
5
8
13
9
13
11
6
9
15
9
-3
2
6
9
6
8
9
6
13
9
10
6
1
0
-7
-4
-1
0
8
6
3
0
1
2
8
7
-2
-5
4
1
-1
0
-2
-7
0
8
-3
-6
-7
-9
1
5
4
4
-9
-12
-6
-4
-5
-16
-14
-7
-10
-14
-16
-12
-10
-7
-1
-5
-4
-7
-6
-1
-7
-3
-2
0
-2
-1
-3
-6
-2
-1
-9
-7
-4
-6
7
5
-3
5
5
7
7
16
12
-2
8
15
8
14
10
6
7
9
8
9
15
12
12
12
10
6
7
2
1
4
1
-1
-1
-1
-5
1
1
-8
-11
-4
-12
-19
-15
-12
-18
-12
-10
-19
-20
-15
-14
-19
-12
-7
-7
-11
-13
-14
-8
-7
-6
-4
-7
-8
-4
-4
-5
-3
0
7
5
0
1
1
3
5
2
-1
-5
-2
2
-1
1
-1
9
2
-6
-14
7
13
2
3
4
6
2
8
3
-1
3
12
12
3
-5
-5
-4
-4
-9
-13
-7
-2
-4
-12
-13
-13
-13
-16
-17
-18
-14
-13
-16
-19
-19
-15
-18
-23
-29
-25
-21
-5
-2
-12
-11
-14
-11
-10
-11
-7
-12
-16
-10
-16
-15
-6
-5
-9
-4
-9
-14
-7
-6
-2
-6
2
6
-4
-6
0
0
-8
-7
0
3
0
2
-3
-6
-4
-6
-3
-4
-3
1
-4
-10
0
-1
-8
-1
-7
-15
-4
-2
-12
-11
-5
-3
-8
-13
-10
-7
-11
-1
0
-4
-6
-5
-2
-8
0
12
0
-11
-11
-10
-6
-1
-5
-3
-7
-11
-10
-11
1
5
-4
-1
9
6
7
1
2
7
10
10
2
-4
1
7
-1
3
-1
2
2
0
2
-3
-1
-3
-6
-6
-7
-20
-16
-11
-5
-11
-7
-9
-19
-15
-9
-14
-10
-4
-7
-5
-8
-9
-5
-3
-2
2
-6
-2
0
-8
-10
-6
-6
-10
-7
-3
-4
-5
-2
-5
-5
0
-9
-8
-6
-3
-2
1
1
5
2
-8
-6
-8
2
3
-4
-2
3
-2
-4
-9
-5
-1
-5
-10
-12
-13
-11
-12
-17
-14
-8
-7
-14
-12
-15
-15
-13
-13
-14
-12
-3
-7
-7
-1
-10
-8
-8
-10
-5
-1
-7
-12
-4
0
-4
1
2
-5
-7
-2
-2
-1
-3
-7
-7
2
8
3
2
-6
-2
0
1
-3
-1
-3
-10
1
-4
-6
-3
-4
-2
-4
-13
-13
-5
-3
0
-4
-6
-10
-6
-4
-13
-15
-16
-13
-14
-9
-9
-10
-6
-7
-10
-6
-2
-8
-7
-12
-7
-10
-1
-3
-13
-8
-7
-7
-5
-2
-2
-1
-5
-8
-3
-8
-3
-1
-5
-5
-4
-2
-3
1
6
5
4
1
1
-3
-2
-3
-4
2
-3
-5
-10
-5
-7
-5
-7
-8
-3
-2
-6
-13
-7
-16
-13
-12
-8
-6
-9
-7
-14
-6
-8
-12
-9
-3
-4
-6
-6
-4
-7
-6
-4
-10
-6
-3
-4
-2
1
1
-2
-2
-2
-5
-2
6
0
-6
-3
-2
-3
-4
5
1
-1
8
-8
-4
1
3
1
0
1
-4
-11
-7
-3
-5
-7
-5
-7
-12
-11
-5
-8
-7
-7
-4
-6
-15
-12
-10
-9
-9
2
-1
-1
-3
4
4
2
3
2
1
-2
3
4
1
4
3
-6
-4
-5
1
5
1
3
0
-1
1
7
5
-3
-2
-1
2
4
3
0
2
1
5
5
2
-1
1
-5
-10
-8
2
0
-6
-7
-9
-3
-8
-6
-3
-8
-3
-1
-3
-5
-7
-3
4
3
3
2
0
7
5
0
-3
-1
0
1
1
2
-1
0
4
-5
-3
-5
-3
3
0
-3
0
-5
-6
-3
0
-2
-2
-3
-3
4
6
0
-1
0
-7
-6
-3
-2
-3
-5
-4
-4
-4
-6
-8
0
-1
-5
-6
-5
-1
5
0
-1
-2
0
0
2
5
1
5
6
7
6
1
-4
-1
3
1
4
0
2
6
0
3
-1
-6
0
2
7
2
-1
5
-4
-1
1
7
-2
-3
4
-2
5
3
-6
-4
6
5
0
-3
-1
-4
-3
3
1
6
3
2
2
5
6
5
6
7
6
5
10
7
9
6
4
5
5
12
2
5
9
6
5
9
4
3
5
9
3
-1
6
5
8
10
6
3
3
12
8
11
5
6
7
7
7
9
5
1
3
1
4
3
1
-3
1
-4
1
0
-2
3
4
8
6
4
3
1
5
7
6
6
7
4
4
2
2
0
-4
-2
1
6
3
7
1
6
1
2
8
0
3
8
8
4
10
6
5
10
16
5
6
9
9
7
4
9
9
4
9
7
1
5
8
7
4
1
4
5
6
8
6
7
2
4
4
6
6
7
5
4
7
2
6
7
5
2
2
10
8
7
4
9
13
7
9
4
4
8
11
9
12
15
5
6
11
12
13
17
18
15
14
16
11
13
17
19
20
17
12
11
11
8
9
11
11
9
7
6
7
7
7
6
10
8
10
7
8
13
8
4
4
8
9
7
9
9
7
6
6
7
11
11
7
9
9
10
9
3
9
10
11
9
9
13
9
8
12
13
14
20
13
8
12
13
9
4
11
14
9
10
9
7
9
18
14
9
10
4
5
5
6
7
3
4
2
0
-1
-4
0
-5
1
7
4
7
2
1
-1
-4
-6
0
-3
1
-3
-3
0
3
5
-1
-1
-2
3
2
2
5
4
1
5
5
0
5
8
-2
3
6
4
3
1
7
6
6
5
4
3
4
6
5
6
9
0
4
3
6
4
3
3
2
8
8
4
1
2
3
12
8
4
3
3
1
8
10
2
1
6
3
2
3
4
1
6
11
2
3
3
-2
-4
4
6
2
2
7
6
6
6
7
4
11
12
4
5
8
4
4
4
-2
7
6
8
7
7
5
1
3
0
8
0
6
8
5
3
1
11
3
10
4
7
10
6
12
1
4
1
5
8
1
1
-3
6
6
10
9
0
-1
1
2
6
0
-1
1
0
-4
-3
2
0
2
0
1
-1
-3
0
-6
-10
0
-7
-10
-4
-6
-5
-5
-8
-8
-5
-4
-8
-7
-10
-11
-4
-10
-12
-15
-10
-8
-13
-8
-7
-6
-5
0
-8
-6
-8
-8
-2
-5
-6
-7
-5
-3
0
-4
-3
-5
-7
-7
-1
0
-2
8
8
5
0
5
8
7
5
6
7
9
-3
-1
-2
-1
11
12
2
-7
-3
2
-1
-8
-4
-5
-5
-1
0
0
0
-3
-5
0
-6
-7
-1
0
-3
-6
-9
-6
-8
-6
-3
0
2
6
5
-1
0
-3
0
5
7
7
-1
0
2
1
7
2
-3
-2
1
-3
0
1
0
-7
-3
1
0
3
2
0
-1
0
1
3
0
-3
-4
0
-2
-3
-5
-3
3
-4
-2
1
-2
-3
0
-1
0
4
1
4
6
5
5
7
2
0
0
-3
0
-2
-1
-3
-4
-7
-3
-7
-7
-3
-6
-7
-2
-1
1
1
4
-2
-5
2
0
-4
-4
4
2
0
1
-3
-6
-1
-5
-8
-8
-5
5
0
-1
-6
-4
1
2
9
-1
1
1
3
3
0
3
-1
6
6
2
7
1
1
0
8
6
4
5
5
2
-3
-3
-4
5
7
5
-1
0
5
-1
3
2
2
2
5
5
7
6
3
1
1
-1
2
0
-2
-3
4
5
-1
-4
-1
4
-2
2
-1
-2
-9
-3
-7
-8
-4
-2
0
-6
-4
-7
-2
-5
-7
-5
-5
-8
-5
-2
-2
-4
-5
-3
-4
-9
-4
-2
4
1
-9
-5
-5
-8
-6
-3
-5
-5
1
-5
-2
-1
-3
-5
-8
-1
1
-4
-8
-6
-5
-4
-2
-5
-8
-5
-8
-12
-12
-11
-2
-2
-1
3
-3
-1
-2
-3
7
0
2
5
0
-1
2
3
-4
-5
1
3
-6
-8
-4
-2
1
1
0
-2
-6
-8
-2
1
-6
-6
-3
1
-2
1
-4
-6
3
2
2
-4
-8
-3
3
1
0
3
-1
2
0
-1
-1
4
5
-2
0
-3
-11
-7
-6
0
-3
-5
-5
-6
-5
-5
-6
0
7
-2
-2
-4
0
0
0
1
0
-3
-5
-3
-1
-4
-3
-1
-1
-6
-9
-8
-7
-4
-1
0
-4
1
1
-3
-1
-4
1
-4
-4
0
-3
-2
-5
-7
-2
-2
-1
-6
-2
-2
-1
-3
-7
-5
-2
-3
-2
-3
-3
-2
-7
-2
-3
0
-8
-11
-11
-3
-5
-6
-8
-6
-1
-3
-6
-10
-8
-7
-4
-1
-4
-6
-1
-9
-3
-7
-16
-12
-9
-9
-11
-12
-18
-14
-12
-11
-11
-13
-6
-9
-7
-5
-2
-5
0
-5
-10
-3
-7
-3
-4
-5
-8
2
-3
-9
-8
-7
-7
-3
0
-3
2
7
-3
-1
1
3
-6
-6
-2
-5
-8
-6
-3
-3
-3
-5
-1
-6
-1
-4
-2
-5
-3
-6
-2
4
-2
1
3
1
2
0
-6
-11
-10
-11
-10
-7
-2
-7
-8
-4
-5
-6
-10
-6
-6
-10
-8
-14
-12
-11
-15
-13
-10
-12
-12
-9
-12
-14
-14
-12
-9
-7
-7
-7
-10
-12
-7
-9
-9
-10
-8
-9
-5
-9
-10
0
-9
-8
0
-1
-7
-7
-1
3
-5
-3
-4
-6
-4
-6
-3
1
-5
-6
-5
-7
-4
-9
-7
-12
-9
0
-11
-9
-8
-2
-5
-9
-8
-7
-4
-12
-6
-3
-14
-14
-9
-14
-8
-9
-12
-13
-14
-9
-14
-13
-11
-15
-15
-13
-8
-7
-14
-10
-11
-8
-5
-8
-6
-5
-10
-12
-8
-7
-8
-10
-8
-7
-13
-12
-5
-7
-5
-10
-11
-10
-7
-8
-8
-9
-4
-5
-8
-3
-9
-6
-6
-2
-6
-2
1
-5
-8
-9
-2
-8
-8
-6
-3
0
-9
-5
-6
-6
-5
-6
0
-4
-2
-3
-5
-4
-3
-2
-5
1
-6
-4
-3
0
1
0
-3
0
-4
-7
-2
-2
-1
-3
0
-3
-4
-7
-9
-2
-2
-2
4
2
0
-5
-5
-9
-2
0
-4
-2
-2
-5
-8
-4
-9
-6
-5
-10
-7
-8
-7
-5
-13
-7
-5
-9
-10
-12
-5
0
-6
-6
-8
-7
-10
-6
-6
-7
-4
-3
-14
-8
-5
-12
-10
-10
-7
-4
-3
-6
-7
-13
-8
-13
-6
-9
-8
-5
0
-2
-6
-4
-5
-3
-5
-7
-15
-5
-1
-5
-3
-7
-4
-5
-6
-7
-7
-9
-4
-2
-5
-7
-7
-8
-9
-4
-7
-11
-9
-9
-9
-8
-3
-6
-7
-8
-10
-7
-3
-6
-8
-3
-5
-2
-9
-10
-1
-7
-9
-11
-5
-3
-7
-5
-6
-11
-4
-11
-10
-7
-12
-13
-8
-6
-8
-7
-10
-8
-10
-6
-8
-8
-7
-6
-4
-4
-9
-12
-10
-13
-10
-12
-10
-8
-4
-14
-13
-9
-5
-10
-10
-11
-11
0
-6
-13
-11
-10
-6
-11
-8
-8
-10
-11
-14
-7
-16
-17
-12
-10
-12
-18
-17
-11
-9
-12
-10
-9
-7
-11
-9
-11
-10
-1
-7
-6
-1
-5
-9
-4
-2
-9
-7
-9
-2
-2
-8
-5
-5
-10
-12
-11
-7
-6
-9
-10
-6
-2
-11
-14
-11
-7
-6
-7
-8
-2
-8
-17
-10
-5
-5
-10
-14
-7
-7
-9
-7
-3
-3
-12
-6
-4
-3
-7
-8
-2
-6
3
-2
-3
-2
-1
-6
0
0
-6
-9
-15
-5
-5
-7
-7
-4
-6
-1
1
-3
-2
-1
-3
-6
3
-4
-5
-7
-6
-5
-4
-4
-4
-2
-6
0
-1
0
-3
3
3
-5
2
0
0
4
4
1
4
2
1
-3
-1
1
-3
0
0
3
-4
-1
0
-2
-4
-5
-6
-2
0
-4
-5
-3
0
1
-5
-8
1
0
-5
3
3
-2
-5
-3
1
-3
-6
3
4
3
-1
0
2
3
6
0
-4
-4
5
0
-1
-2
1
2
-7
-9
0
-7
-9
-2
-4
0
-3
-5
0
-4
-8
-2
-6
2
1
-4
2
-6
0
-2
4
6
2
0
5
3
-2
-7
-3
0
3
3
-3
0
1
0
-2
-2
-3
2
-2
-3
-4
-12
-5
-4
-4
-4
-2
-3
2
3
0
6
-1
-6
-1
1
2
3
1
-4
-1
-1
3
-1
-2
2
-3
-5
-2
-2
-1
-1
0
-3
-1
5
1
1
3
4
5
2
8
8
6
0
-1
4
5
6
2
7
5
3
6
11
6
5
6
4
7
8
6
5
3
-2
1
0
-2
-1
-6
-7
-4
1
1
0
4
0
-2
-7
-3
0
-9
-3
7
2
-1
-1
1
0
-2
-7
-1
-3
-3
-4
-11
-5
-7
-4
-5
-1
2
-1
2
1
-4
-3
-4
0
2
3
2
0
-8
-5
-3
-7
1
0
-6
-1
1
-2
-4
4
-3
-2
-2
3
4
1
0
-2
4
4
5
-4
-2
-2
1
0
-3
-1
-2
2
-3
4
-2
-10
-6
0
-1
-3
3
-5
-5
-5
-1
-10
-5
-8
-11
-6
-9
-5
-10
-14
-7
-7
-8
-8
-8
-7
-12
-11
-4
-6
-7
-4
-5
-7
-3
-4
-7
-2
-5
-3
-5
-7
1
-7
-2
-4
-4
-2
-5
-4
-8
-3
0
-4
-3
-5
-7
-6
-9
-4
-6
-11
-7
-10
-7
-10
-10
-5
-6
-7
-3
-8
-13
-14
-9
-10
-7
-6
-6
-7
-12
-7
-14
-13
-6
-9
-8
-6
-9
-4
-7
-8
-8
-10
-7
-9
-12
-8
-4
-8
-9
-13
-10
-11
-10
-11
-8
-5
-13
-9
-7
-3
-9
-10
-7
-5
-14
-12
-11
-14
-13
-13
-7
-10
-10
-12
-6
-7
-13
-10
-11
-6
-6
-5
-4
-9
-10
-5
-3
-8
-5
-11
-5
-5
-10
-13
-9
-7
-15
-8
-10
-6
-7
-9
-6
-13
-8
-6
-7
0
-10
-11
-3
-8
-4
-5
-7
-4
-12
-8
-9
-5
-9
-12
-12
-19
-13
-10
-8
-5
-10
-7
-7
-8
-9
-8
-10
-11
-13
-9
-9
-3
-5
-6
-3
-10
-5
-13
-5
-1
-8
-8
-9
-9
-6
-12
-8
-5
-10
-11
-13
-10
-12
-10
-11
-10
-5
-15
-13
-11
-9
-8
-11
-9
-6
-13
-11
-6
-7
-7
-15
-19
-15
-10
-9
-12
-8
-10
-10
-6
-12
-4
-7
-9
-9
-12
-13
-14
-9
-14
-10
-6
-17
-13
-10
-12
-9
-11
0
-5
-8
-7
-10
-5
-10
-6
-6
-5
-7
-6
-10
-9
-8
-16
-11
-7
-8
-11
-11
-8
-6
-6
-6
-9
-4
-11
-10
-5
-9
-12
-12
-4
-10
-12
-9
-9
-9
-11
-10
-7
-12
-13
-10
-7
-11
-8
-5
-9
-10
-5
-7
-6
-8
-11
-6
-7
-10
-9
-7
-9
-14
-5
-5
-5
-13
-12
0
-10
-13
-12
-13
-10
-9
-12
-14
-9
-11
-15
-17
-12
-18
-12
-8
-9
-8
-8
-7
-7
-8
-8
-7
-4
-8
-7
-3
-6
-4
-10
-4
-4
-7
-5
-7
-2
-9
-4
-3
-6
-3
-6
-9
-4
-5
-4
0
-5
0
-1
-6
-9
-6
-3
-2
1
-7
-6
-1
-7
-2
-1
-7
-6
0
0
-4
-6
-10
-5
-7
-8
2
-2
-5
-5
-5
-11
-11
0
-5
-4
-1
0
-3
-8
-6
-10
-5
-4
-3
-10
-8
-8
-11
-9
-15
-15
-12
-5
-5
-7
-11
-10
-13
-10
-10
-3
-12
-11
-2
-7
-13
-16
-7
-8
-7
-12
-9
-6
-8
-11
-9
-15
-14
-4
-4
-12
-12
-9
-10
-9
-7
-5
-8
-9
-13
-10
-13
-14
-7
-15
-12
-10
-11
-10
-10
-9
-9
-5
-4
-9
-10
-3
-2
-9
-10
-8
-7
-5
2
-5
-8
-9
-8
-4
-13
-8
-8
-8
-2
-2
-1
-5
-10
-7
-9
-9
-5
-7
-5
-10
-14
-6
-8
-5
-6
-7
-4
-7
-8
-7
-6
-6
-5
-3
-3
-5
-4
-4
-8
-10
-2
-4
-2
-1
2
1
-3
1
-1
-8
-2
-2
-2
0
-4
-2
-4
-5
0
4
6
-1
-4
-4
0
-2
-3
6
2
5
8
4
7
2
3
6
7
6
2
3
3
2
5
6
3
6
7
8
6
13
8
9
12
8
4
7
7
10
8
13
14
6
6
1
6
9
9
2
7
10
9
11
8
12
12
13
12
12
13
20
16
11
15
12
10
12
13
9
10
7
13
9
9
14
10
11
11
19
11
15
10
7
14
6
6
10
6
7
11
10
16
9
13
13
7
13
10
17
13
12
11
12
11
8
17
18
14
12
10
9
10
12
16
15
9
8
12
8
6
10
12
4
4
7
8
5
6
6
14
12
6
3
4
11
12
9
11
8
8
15
7
9
9
12
10
10
17
13
9
11
17
14
19
23
15
15
17
18
15
18
14
15
17
13
13
15
12
12
14
16
18
15
14
12
11
18
17
11
18
15
15
21
15
23
23
18
15
13
17
12
13
13
10
14
10
8
12
14
12
14
10
6
16
14
10
13
11
12
12
11
7
1
12
7
10
6
8
12
9
5
10
13
7
12
8
10
8
11
9
6
5
7
9
9
8
4
10
14
12
12
12
16
12
8
12
2
4
5
8
6
5
6
9
8
9
7
1
2
3
2
2
2
-1
2
2
6
6
3
1
-1
2
-2
2
3
2
3
-2
3
3
-1
0
6
5
6
-1
0
-1
-1
0
-5
0
2
0
2
2
-1
1
-5
-4
4
-1
0
5
2
0
5
-2
5
3
8
6
6
9
6
6
6
3
5
7
7
10
12
10
7
4
8
14
5
7
6
5
10
6
6
5
7
1
-2
2
-1
7
2
-1
2
2
-1
1
-1
-2
3
-3
0
1
-1
1
5
6
-3
3
3
3
11
5
2
-1
8
5
4
4
8
13
7
4
7
4
5
5
7
5
2
1
-3
0
1
-2
5
7
6
1
2
7
1
0
1
5
5
6
2
0
5
0
-4
5
4
5
7
8
6
7
8
9
2
5
3
5
7
9
8
9
6
2
2
0
-1
1
4
5
5
4
2
-3
4
4
-3
-3
1
0
3
1
2
-1
2
4
4
3
2
4
4
3
4
2
9
8
7
6
5
-1
8
8
5
15
10
8
8
1
3
4
5
5
1
9
5
4
9
1
4
4
7
6
5
4
1
7
6
3
2
4
7
1
3
5
7
9
8
8
6
9
17
12
5
12
3
9
8
8
3
7
3
2
3
7
9
7
2
2
8
5
5
1
3
2
0
2
4
6
4
7
4
-2
8
3
4
6
1
9
9
6
14
8
2
7
6
8
6
4
6
2
2
8
9
6
8
3
5
-1
-1
7
9
6
7
13
11
13
12
8
5
4
5
8
10
17
12
11
11
15
9
8
15
10
9
9
6
7
7
5
10
2
5
4
8
6
5
11
7
6
6
6
5
11
6
11
6
9
11
8
17
11
9
4
13
12
8
12
10
10
11
10
10
17
16
7
11
12
11
10
15
8
9
17
7
20
12
14
10
4
13
12
12
15
8
13
13
7
9
12
7
3
6
7
6
11
14
13
8
10
7
8
10
11
2
3
5
4
13
11
6
5
5
6
6
11
11
3
6
5
7
7
7
12
5
3
7
2
6
9
10
9
7
7
0
5
10
8
9
7
8
8
7
15
15
7
3
6
4
11
11
12
9
7
7
9
8
7
7
9
7
8
14
8
8
8
2
3
6
7
10
10
5
7
8
15
14
12
13
3
5
4
2
9
10
8
9
8
7
9
11
3
3
8
6
5
8
4
4
5
10
10
5
7
4
8
9
10
14
14
14
15
15
12
6
10
13
8
14
18
16
13
12
14
13
11
20
16
10
18
17
16
16
9
10
10
10
8
9
11
9
15
9
9
12
11
8
10
12
11
5
4
4
2
4
8
4
3
6
1
5
4
6
5
5
1
-2
2
2
8
4
1
3
5
4
5
12
1
0
5
1
4
4
0
1
-1
3
4
1
5
7
1
3
0
3
4
7
10
11
14
4
6
0
7
11
5
6
3
3
7
3
7
7
6
3
5
10
8
7
7
4
3
3
6
2
4
5
-1
3
4
2
8
0
-1
1
0
1
4
4
4
-1
6
9
0
-2
2
2
1
3
1
4
8
9
5
5
1
5
3
3
7
2
-1
-3
-1
5
0
-2
5
1
9
2
6
6
4
-2
-2
1
-3
0
0
-3
-2
-3
-5
-4
-1
-3
-3
4
-1
4
-1
-4
-2
2
0
-1
0
2
0
4
5
2
8
3
0
4
3
-1
6
2
5
0
2
3
-4
0
1
-1
6
4
0
6
2
2
-2
3
4
-2
1
2
1
11
7
10
6
5
6
-1
3
1
2
6
0
4
3
2
4
4
6
6
2
1
9
6
12
8
7
5
5
7
4
6
6
4
9
9
3
10
11
1
1
3
3
1
11
10
8
6
3
-3
1
5
3
10
4
2
-2
-1
-1
0
4
3
4
6
7
4
1
2
0
0
0
0
2
5
4
2
3
1
4
7
6
6
3
3
6
5
1
-1
9
4
5
4
9
9
4
5
7
10
6
7
7
10
9
10
9
3
4
-1
-1
1
4
9
7
7
2
3
2
-1
0
0
2
3
2
5
3
1
4
4
0
3
5
1
3
8
7
3
9
5
6
3
4
5
7
5
6
5
-1
-3
0
1
0
5
10
10
5
6
1
-2
0
-2
0
-3
3
-5
1
4
1
3
5
5
0
-2
2
5
-4
6
4
3
4
-1
1
3
3
1
8
4
0
2
-2
-4
-3
1
-2
-1
2
5
0
-4
-3
-3
-1
-6
2
2
1
-3
2
0
-5
1
1
4
-3
-4
-5
-4
-8
-8
0
0
-4
-3
-2
-3
-6
-1
-2
-6
-2
-5
-4
0
-4
-2
-1
0
1
-2
-3
-9
-3
-4
-5
-1
-2
-5
-4
-4
-2
-1
0
-6
-2
-1
-2
1
3
4
5
4
-3
-3
-3
1
-4
-6
1
-4
-7
-4
1
0
1
-3
1
-2
-1
-1
-5
-6
-8
2
-2
-3
-6
-8
-3
3
-3
-3
3
0
-2
-2
-1
4
-3
-4
-6
-2
2
0
1
-1
0
2
3
-7
-9
-6
-7
-3
3
-1
4
1
-6
-3
-8
-3
-6
-6
0
0
-3
-9
-2
-7
-4
-4
-9
1
-4
-6
-6
2
-3
-2
4
3
1
2
5
-3
-1
-2
-6
2
7
6
1
4
-3
4
7
-2
0
-9
-6
-5
-1
1
1
1
-3
-3
-2
-5
-4
-3
-7
-4
-2
-2
-3
-4
-3
-2
-5
-5
-4
1
-1
0
-3
-6
-2
1
3
-1
1
-5
0
-1
-5
1
-3
-7
-5
-2
-4
-5
-7
-4
-6
-6
-1
-6
-6
-7
-6
-4
1
-5
-7
-7
-11
-12
-11
-8
-10
-11
-12
-10
-10
-9
-9
-9
-6
-8
-9
-8
-4
-3
-6
-1
-4
-4
-9
-11
-11
-7
-5
-11
-7
-9
-5
0
-3
-7
0
3
1
1
-7
-5
-6
-2
0
1
-1
-2
-1
-2
-2
-7
-3
-3
-8
-3
-6
-3
-3
-5
-4
-4
2
3
0
-2
3
1
3
1
-5
-4
0
-2
0
-2
-1
0
-3
4
0
-5
-3
-5
-8
0
-1
-2
-9
-10
-3
-3
-4
2
-6
-4
-4
-7
-6
-4
-3
-6
-6
0
1
-2
0
1
3
5
5
4
7
-1
-4
-3
-2
-8
-5
1
-6
3
-4
-3
-1
-2
1
-2
1
-3
-2
2
-2
-3
-6
-3
-4
1
2
3
4
4
6
3
0
-4
-2
-2
4
2
0
4
1
2
3
5
7
6
8
7
3
3
6
2
2
9
9
5
8
8
7
9
7
13
10
5
9
6
8
7
4
4
2
3
0
-1
0
-3
4
4
5
11
11
2
3
5
4
9
8
10
5
8
10
10
9
9
12
12
17
14
7
8
8
6
9
8
12
9
9
12
11
13
14
11
8
8
6
7
9
4
3
8
7
-1
6
8
3
6
4
3
8
10
7
7
3
4
4
3
4
2
7
8
4
4
1
-1
3
2
10
4
4
1
3
8
4
11
11
13
12
8
6
9
5
5
8
5
3
5
4
3
3
0
5
2
-5
3
1
1
4
2
2
-1
-2
3
-1
-2
0
5
2
3
9
8
4
-1
5
0
3
2
5
4
4
8
2
2
0
0
1
1
4
4
3
5
5
6
4
-1
-1
-1
1
-1
-4
0
1
0
0
0
-4
0
-1
-4
1
-4
-3
1
0
4
2
5
4
-3
1
-1
3
4
4
-1
-2
1
-1
-1
-2
1
-7
0
-2
-1
3
1
1
-1
0
-1
4
1
2
1
0
-1
-4
-5
-1
0
0
5
1
0
4
1
-5
0
-1
-3
1
-6
1
-2
-5
-3
-6
-3
-3
-4
-1
-4
-4
-1
-6
-10
0
-3
-10
-6
-2
-3
-5
-3
0
-2
-2
0
-4
-8
-7
-8
-8
-8
-10
-7
-7
-6
-6
-8
-10
-8
-4
-7
-10
-6
-5
-4
-5
-5
-3
-2
-5
-8
-6
-8
-6
-8
-11
-8
-10
-6
-9
-2
3
-3
-1
-4
-5
-11
-7
-3
-3
3
-6
-4
1
0
-5
-9
-8
-6
-2
-1
3
1
4
-1
-9
-6
-7
-1
0
-4
-5
-2
-7
-3
-5
-10
-3
-4
-4
-7
-3
-2
-4
-7
-9
-7
-6
0
-1
-2
3
-5
-3
-6
-5
-1
-5
-2
0
4
-2
-4
-5
-4
-2
-7
-8
-6
-2
-1
-5
-5
-8
-11
-6
-4
-5
-11
-1
-1
-1
-9
-8
-7
-2
-1
-8
-2
-7
-2
3
1
-6
0
1
-1
4
-1
-1
5
5
7
2
-3
1
7
6
4
-1
-2
1
-3
-3
-2
-2
3
0
5
3
-2
-1
-1
5
0
-3
1
5
5
2
2
-4
0
2
5
3
3
2
4
5
-2
-1
0
-1
3
0
5
4
4
5
6
8
1
5
4
4
-1
2
7
7
3
3
4
1
3
-2
3
2
4
3
5
6
1
-3
4
2
3
7
2
0
9
6
1
0
-5
2
4
6
1
1
-1
-3
0
-4
3
0
0
5
4
1
1
8
3
1
6
6
2
1
2
1
0
1
5
3
0
-3
-4
2
-2
5
-1
0
2
1
0
2
2
1
3
0
-3
-6
-2
-5
2
1
-4
0
6
-4
-2
-2
-4
2
1
4
4
8
0
8
4
-1
-1
0
-1
2
3
4
4
0
2
-2
1
2
0
-1
-3
-2
4
2
0
1
-4
0
3
-1
4
2
1
-1
-3
2
-1
-3
-4
1
5
-2
0
3
-1
-1
-1
1
-3
1
-4
2
3
2
1
-4
-1
-1
4
-1
6
0
2
2
2
2
0
-2
3
0
7
9
-1
2
-2
5
5
4
2
4
4
0
-1
5
-4
-6
4
-2
1
0
6
6
2
2
-3
1
-7
1
1
2
-2
-3
2
2
6
3
-3
0
-3
-4
-4
-5
-3
-4
0
-1
6
-1
-4
-4
-2
-1
2
4
2
5
0
6
0
-1
2
6
2
-3
-1
0
3
-1
4
2
2
-6
0
3
-3
5
1
0
-1
-1
-5
0
-2
1
5
0
-1
1
-1
-2
3
-1
-2
3
2
4
2
1
0
0
4
6
7
8
5
9
6
7
9
5
6
8
11
7
5
9
9
3
10
4
10
11
12
6
5
8
5
10
5
7
6
10
6
3
-1
0
2
8
5
0
2
2
5
5
6
4
-2
0
0
-4
3
-6
-3
-1
-6
-7
-7
3
-5
-3
-2
-6
-8
-2
-3
-3
0
-3
-1
-3
-3
-7
-7
-6
-8
-7
-6
-5
-5
-4
-3
-5
-8
-8
-13
-6
-9
-9
-6
-3
-4
-6
-7
-12
-7
-6
-8
-6
-5
-8
-7
-6
-7
-6
-1
1
-5
-1
-4
-8
-4
-4
0
-3
-2
0
-3
-2
0
-1
-1
-4
-1
1
0
1
-3
-1
1
4
2
-3
-2
-2
3
3
2
3
-2
3
0
7
4
1
1
-2
0
-6
6
3
1
3
-1
1
-3
-2
-8
-3
1
5
-2
-5
-4
-6
0
2
0
-3
-7
-5
-6
-4
-3
-7
0
2
1
-1
-4
-4
0
4
2
1
-1
2
3
-4
-4
-1
1
-2
-3
-1
-8
-9
-4
-10
-6
-9
-9
-6
-4
