-4
-6
-2
-3
-4
-7
-9
-7
-6
-6
-5
-4
-3
0
-7
-4
-5
-8
-7
-4
-2
-2
-4
-6
-2
-5
-6
-5
-1
0
-3
-3
-3
-3
-7
-3
-2
0
2
-2
5
-1
2
2
-2
7
-3
-2
-2
-3
4
-1
3
0
-1
0
-1
4
-5
-4
0
-4
0
5
-3
0
5
3
0
4
3
-1
4
-3
1
-1
1
4
-2
3
5
0
-4
-3
2
-1
0
-3
-3
-3
-6
-2
-8
-4
-3
-1
-1
1
4
-1
-1
5
4
-5
0
-1
2
0
1
0
-1
1
-2
1
5
1
2
0
-2
-4
-1
0
-2
2
0
1
2
1
-6
-2
-4
0
0
1
5
-1
2
3
5
-3
1
5
2
3
0
1
-1
3
8
8
10
5
7
2
6
8
8
0
2
2
-3
4
2
7
-1
0
5
-2
-7
0
-1
-8
-2
0
-3
-4
0
3
0
-2
0
-4
-3
5
1
2
0
2
3
5
7
6
8
5
3
9
1
8
11
6
9
5
9
4
6
7
6
9
7
11
8
9
7
6
7
6
13
10
9
2
5
6
5
6
6
13
10
16
13
10
11
12
9
12
10
11
14
15
13
11
13
13
10
10
11
10
11
5
10
7
7
7
13
13
11
12
19
13
8
12
8
14
13
10
4
13
12
9
13
11
10
8
7
6
7
6
8
9
10
6
4
7
9
6
5
7
6
8
0
0
4
6
6
8
7
7
3
8
6
5
6
7
6
7
7
5
5
10
11
7
12
8
6
7
5
8
6
6
5
7
10
7
10
12
11
13
11
10
8
8
2
4
6
2
4
6
3
4
8
1
2
4
1
9
12
3
8
7
5
10
2
10
2
1
8
7
3
1
3
2
4
1
4
6
2
3
2
0
5
-3
0
-2
-4
0
5
5
3
2
-1
-3
-5
2
2
-2
-6
0
2
3
2
-5
0
3
0
-1
1
1
5
2
1
3
2
2
1
4
4
7
10
9
4
0
6
-2
5
3
3
4
4
6
4
4
1
7
4
5
4
5
2
9
3
-1
-3
-2
1
-5
-1
1
1
-3
1
2
-3
-1
1
2
2
-2
-2
-4
-3
-8
-5
0
-3
-2
-7
-2
-3
-4
-4
-6
-6
-5
-3
-4
-7
-4
-4
-1
-5
-7
-6
-4
-3
-7
-5
-6
-6
-4
-7
-5
-6
-3
-4
1
-1
-5
-2
-5
-3
-7
-5
-1
-1
-6
-7
-2
-3
-4
-4
-3
0
-7
-4
-1
0
-6
-4
-2
-4
-3
-3
-3
0
0
-5
-6
-4
-4
-2
-4
-8
-8
-12
-5
-8
-11
-5
-6
-6
-9
-10
-10
-4
-6
-1
-2
-14
-10
-5
-6
-5
-4
-11
-9
-5
-5
-2
-2
-2
-6
-3
-6
-9
-9
-3
-6
-5
-3
-11
-5
-5
-10
-10
-2
-6
-8
-3
-8
-2
-3
-6
-5
-5
-1
-1
-6
-8
-9
-5
-6
-5
0
-7
-5
-8
-7
-3
-3
-5
-6
-9
-9
-5
-7
-7
-8
0
-7
-5
-3
-8
-10
-6
-1
-7
0
0
-6
-3
-5
-6
-3
-5
-7
-1
-5
-1
-7
-6
1
0
-3
1
-4
-4
1
-7
-2
1
-2
-4
1
-2
0
-4
-2
0
-8
0
-3
-5
1
-4
-1
-1
5
2
4
5
-2
-4
1
10
5
5
1
5
0
8
1
0
5
3
10
9
11
9
8
4
5
4
-2
3
-1
0
3
-6
-6
-3
2
-2
0
-4
-5
-5
-1
-3
-2
-4
-9
-3
-4
-5
-3
-5
-1
-3
-9
-3
-3
-1
-7
-3
-5
-4
-4
-3
0
-1
-2
-4
5
0
0
1
5
3
1
-3
3
-1
-1
7
2
-1
0
-2
-1
1
-4
2
1
2
1
3
-3
1
0
-2
2
2
4
0
-2
4
3
0
4
5
7
3
-5
-1
-3
-3
0
0
-4
-2
0
2
-8
-4
2
-4
-1
0
-4
-3
0
-3
3
1
-6
-3
0
0
5
6
-3
-3
-2
-6
-1
0
2
0
-4
0
-2
-3
2
9
3
-3
-5
2
-2
-1
-4
-6
-3
-2
-2
1
2
-6
-7
-3
-2
-3
0
-2
-7
-7
-2
1
-6
4
-2
-6
-2
-7
-4
-5
0
-3
-4
-3
-1
-7
-6
-5
-6
-5
-6
-9
0
-2
-5
-4
-10
-11
-10
-2
-5
-9
-7
-9
-6
-11
-8
-3
-11
-14
-12
-12
-13
-12
-11
-8
-11
-12
-6
-7
-11
-12
-9
-7
-11
-3
-6
-6
-6
-9
-11
-11
-7
-7
-8
-9
-9
-10
-9
-9
-5
-7
-3
-10
-5
-1
-4
-5
-6
-6
-9
-8
-10
-8
-7
-9
-10
-19
-13
-9
-7
-8
-6
-12
-15
-15
-10
-7
-6
-12
-12
-7
-15
-8
-6
-6
-8
-5
-5
-6
-6
-7
-5
-8
-6
-9
-5
-10
-9
-3
-9
-8
-6
-4
-7
-4
-2
-4
-6
-7
-1
3
-7
-5
-8
-3
-4
-1
1
-12
-6
2
-3
-5
-3
2
-7
-2
-1
-4
-2
-3
-2
-10
-6
-4
5
-2
-3
-6
-7
-7
-8
1
3
-6
-3
-1
2
2
-4
2
-5
-2
-1
-2
-1
3
1
-1
1
0
-1
-4
-1
-1
-6
1
6
7
7
7
3
3
5
5
2
1
3
0
-4
1
7
0
1
-2
1
1
1
-2
-3
2
2
1
2
3
8
8
5
6
11
6
10
11
13
13
2
7
8
9
13
14
15
11
11
15
11
9
18
13
10
12
16
13
15
16
12
9
8
16
12
17
17
14
14
14
10
12
11
14
9
12
16
16
15
14
18
11
18
19
18
17
20
14
14
10
10
6
12
12
7
10
10
12
10
9
12
13
12
17
19
17
15
19
15
11
13
16
18
14
15
12
9
15
12
14
10
12
8
14
17
15
16
11
12
13
12
13
17
13
7
10
14
12
7
11
10
14
16
12
19
16
14
18
12
13
13
12
14
13
11
10
7
18
13
13
13
7
15
13
6
7
6
4
7
5
-1
2
4
-1
-2
1
0
2
0
7
5
6
15
10
4
6
9
3
4
7
8
-1
7
4
8
9
3
12
12
9
7
6
10
10
12
8
9
11
10
5
6
9
9
14
7
6
3
5
4
7
16
8
5
7
8
10
5
4
3
8
1
1
-1
0
6
5
2
4
4
3
0
-2
2
5
-1
0
2
2
5
6
0
4
3
3
8
2
3
3
3
5
3
0
-5
4
2
-2
4
4
7
2
3
3
5
5
4
4
2
1
-2
5
3
-2
1
6
0
1
9
-4
0
-1
-1
1
1
3
6
3
5
5
2
3
-1
4
4
6
3
1
-1
2
-6
-8
-7
-5
-1
-3
-5
-1
2
3
2
2
-2
-1
-1
2
-1
-2
5
2
4
0
0
6
5
7
7
11
7
2
4
2
6
5
6
6
8
9
5
10
10
6
7
6
4
1
3
5
6
2
-2
-4
-7
-2
-3
-3
4
-1
1
-2
-1
-1
0
2
2
-1
3
5
-3
6
5
10
2
6
5
3
7
2
2
6
6
6
4
2
4
1
10
7
4
3
4
3
2
6
4
2
4
3
0
8
7
4
3
0
-1
1
-2
-1
1
-2
-3
2
6
5
4
2
9
9
5
9
8
14
12
10
6
11
11
8
14
13
15
10
13
9
14
10
10
13
7
9
11
7
9
6
11
12
14
10
13
15
8
10
10
15
15
14
8
9
7
13
10
7
14
10
12
12
11
9
6
5
11
12
6
15
15
12
15
14
17
14
17
13
10
8
9
14
11
12
10
11
12
9
13
12
13
13
7
10
9
11
10
12
4
11
8
3
9
9
13
10
9
7
8
9
16
7
13
14
15
14
14
7
7
10
11
12
7
9
7
15
12
12
10
10
14
8
5
9
10
8
9
3
6
10
9
4
12
7
6
9
3
13
9
14
11
12
9
12
15
6
11
12
9
8
7
5
12
9
3
4
13
13
6
7
8
8
10
7
5
7
5
6
5
6
6
7
2
9
7
5
2
3
2
3
9
4
7
7
5
5
4
-2
3
4
6
4
3
5
5
2
4
1
3
11
5
5
2
3
3
-2
-1
1
3
2
3
-1
-6
0
0
-2
0
-2
2
0
-1
-4
0
5
1
-1
-1
3
4
2
5
8
6
6
5
8
7
3
6
4
3
2
4
1
3
3
4
6
1
7
7
9
8
7
7
6
3
5
9
8
8
8
5
3
6
3
3
8
9
4
8
5
3
-2
3
2
7
5
6
1
1
9
2
2
3
4
3
3
5
8
3
8
9
7
9
5
8
6
7
7
8
3
4
10
11
12
3
4
9
12
7
6
9
12
13
9
10
7
9
6
8
6
5
11
11
6
9
9
11
10
7
12
12
8
8
14
13
8
14
13
11
12
11
12
12
15
13
3
3
6
10
6
8
11
8
12
6
8
7
12
15
12
7
9
10
12
14
9
14
13
15
13
12
9
8
10
8
14
12
18
17
11
10
10
9
10
10
8
10
8
9
12
10
8
10
11
13
10
14
4
5
10
18
15
14
18
13
12
14
13
10
11
19
17
19
18
17
14
14
14
21
14
18
19
15
18
17
17
15
18
15
16
15
21
19
20
19
18
14
16
17
18
18
18
18
18
18
21
23
20
24
14
19
16
16
19
17
16
14
14
11
21
16
17
14
16
16
14
18
13
13
10
11
10
13
13
14
14
6
7
12
5
5
10
6
8
14
8
7
10
9
5
6
4
8
6
8
11
13
12
1
12
12
11
7
6
3
1
4
3
6
6
2
1
2
5
8
9
5
1
0
1
2
2
7
6
7
1
3
1
0
3
0
7
4
1
6
5
4
4
1
2
-2
2
4
0
2
4
-2
3
1
3
0
5
-1
0
4
-2
5
-1
-4
-2
2
-5
-3
-1
-1
-1
6
1
7
8
2
6
0
2
3
8
5
7
4
3
8
13
9
8
8
3
8
4
3
1
8
9
7
10
-2
2
1
-3
-3
7
6
5
4
3
-2
0
0
-2
1
2
2
3
0
1
-3
-4
4
3
6
5
9
5
4
5
4
-1
0
0
5
3
10
5
2
8
-2
2
0
2
1
5
5
4
-2
-4
-2
-2
-6
0
1
2
-1
1
-1
-5
0
3
2
9
10
7
0
-6
2
-4
-1
1
4
10
8
-1
0
-8
-4
-5
-4
11
6
5
8
2
-7
-12
-6
-4
3
5
6
5
4
1
-8
-4
-2
1
6
10
8
2
1
-9
-14
-15
-16
-4
-2
0
6
11
13
-3
-9
-8
-8
-10
0
5
11
16
12
8
-8
-19
-19
-15
-5
6
12
15
8
15
2
-16
-24
-7
17
20
25
27
18
-4
-13
-5
-13
-16
11
39
45
25
11
-2
-21
-28
-23
-5
18
36
43
41
22
-1
-28
-37
-29
-13
22
52
54
41
14
-14
-32
-39
-33
-24
29
70
67
53
22
-17
-54
-44
-17
0
39
84
95
55
8
-54
-129
-110
-7
36
59
113
126
64
-9
-78
-106
-90
-51
25
113
139
100
59
-10
-85
-128
-97
-22
44
102
134
119
47
-38
-92
-113
-85
-11
66
127
145
105
37
-39
-103
-133
-93
-3
87
137
136
102
16
-67
-110
-121
-80
-8
106
192
166
103
18
-70
-114
-116
-50
36
97
149
140
73
-22
-96
-109
-92
-39
46
118
142
107
42
-34
-93
-109
-65
12
75
110
120
84
4
-64
-94
-79
-46
16
72
104
98
44
-10
-47
-72
-64
-20
41
71
69
65
33
-14
-56
-60
-28
0
40
64
67
44
-4
-27
-38
-36
-23
10
48
51
40
19
-4
-26
-40
-25
-6
14
30
35
24
-1
-19
-32
-34
-16
11
17
12
7
-3
-14
-22
-20
-18
-8
9
7
1
-16
-21
-26
-25
-5
-3
0
1
-3
-15
-29
-29
-19
-9
5
9
3
-3
-15
-23
-24
-18
-18
-7
10
9
-2
-14
-22
-25
-26
-14
-6
8
11
-5
-12
-19
-28
-26
-24
-16
-9
1
11
2
-13
-33
-34
-21
-12
-13
-9
-1
-1
-11
-20
-33
-37
-31
-25
-7
-5
-1
-6
-9
-15
-28
-29
-22
-11
-2
3
-5
-8
-14
-16
-20
-21
-14
-2
4
2
0
-8
-13
-16
-15
-11
-1
8
5
-1
0
-6
-10
-14
-16
-13
-6
2
-2
-9
-8
-6
-8
-7
-7
-5
-4
0
-3
-2
0
-7
-7
-11
-8
-8
-15
-16
-7
-8
-10
-13
-10
-11
-12
-11
-9
-10
-14
-16
-7
-3
-6
-4
-8
-8
-13
-9
-4
-7
-6
0
4
-1
-12
-12
-7
-9
-5
-6
-2
-1
-4
-4
-4
-7
-15
-14
-3
-1
-7
-8
-7
-12
-14
-9
-15
-14
-10
-5
1
-3
-5
-1
-8
-7
-8
-6
-6
-7
0
-3
-1
-8
-7
0
-6
-9
-8
-5
-4
-12
1
2
-2
-9
-2
5
-2
-2
-3
-4
-3
-4
-4
2
1
0
-3
-3
-1
-5
-2
-8
-12
-1
6
6
-1
-1
-8
3
10
1
-3
0
2
2
-4
-7
-13
-11
-8
-9
0
-5
-8
-1
2
0
1
-8
-7
-6
-4
-6
-4
-1
2
7
0
-3
0
-5
-3
-4
-4
2
6
4
5
0
-4
-5
-6
-2
3
6
5
5
-6
-6
-6
-7
0
-2
5
3
10
7
-3
-8
-9
2
0
7
7
7
4
-1
3
-2
-4
1
4
4
6
1
1
-8
4
0
-1
6
10
8
1
9
-2
-8
-7
-2
10
10
13
6
7
3
-2
-3
-1
-3
-4
8
16
13
4
0
-4
-1
-8
-6
6
7
11
13
6
-2
-11
-9
-3
-2
-2
4
7
15
9
-2
-8
-12
-4
-1
5
3
-4
8
4
-6
-14
-16
-3
-5
-3
-1
-1
1
0
-5
-11
-11
-7
3
-4
-7
-1
-3
-4
-4
-4
-4
-8
-11
7
-5
-14
-8
-6
0
-4
-4
-9
-10
-7
-8
-12
-10
-7
-2
3
-5
-5
0
-8
-4
-4
-7
-4
6
5
3
-4
-9
-4
-11
-7
-5
-10
-1
4
7
-1
-7
-3
-2
-6
-1
0
-1
2
7
10
-4
-12
-2
-10
-16
-4
2
6
2
8
2
-4
-7
-6
-4
-5
2
10
11
8
3
-1
0
-7
-7
2
2
2
6
9
1
-10
-7
-5
-5
0
0
1
1
-2
3
-6
-14
-13
-11
-2
0
-5
-8
0
-4
-6
-12
-14
-11
-3
9
8
-8
-14
-10
-12
-13
-13
-11
-8
1
4
0
-4
-14
-21
-16
-12
-11
-4
7
1
-4
-14
-15
-15
-21
-12
-7
-1
-5
-7
-11
-15
-27
-21
-13
-13
-9
-11
-2
-9
-16
-20
-19
-12
-14
-8
-9
-5
-11
-8
-13
-16
-16
-16
-9
-12
-5
-12
-11
-10
-12
-9
-16
-14
-11
-3
-9
-17
-15
-18
-14
-17
-11
-10
-10
-10
-15
-20
-21
-31
-25
-16
-15
-9
-12
-6
-13
-25
-26
-20
-17
-14
-15
-19
-14
-9
-17
-29
-24
-20
-13
-12
-17
-22
-22
-15
-15
-25
-29
-20
-18
-11
-11
-23
-22
-26
-20
-15
-21
-20
-12
-5
-5
-11
-14
-10
-8
-3
-8
-16
-12
-9
-4
-13
-21
-19
-18
-9
-14
-19
-14
-13
-10
-19
-23
-23
-11
-8
-11
-11
-12
-7
-9
-11
-16
-19
-15
-5
-2
-8
-15
-14
-16
-8
-13
-20
-13
-5
1
-7
-13
-23
-16
-12
-12
-15
-15
-8
-3
-5
-14
-19
-20
-15
-7
-10
-13
-11
-2
-6
-12
-16
-19
-13
-6
-10
-8
-8
0
-3
-11
-15
-22
-2
-1
-1
-11
-14
-5
0
-8
-28
-23
-12
-8
1
-8
-13
-7
-6
-12
-22
-23
-18
-1
0
-13
-20
-20
-14
-18
-13
-14
-15
-12
-9
-9
-22
-26
-20
-9
-9
-12
-15
-13
-9
-22
-24
-27
-26
-12
-12
-15
-19
-17
-10
-14
-24
-28
-21
-11
-8
-4
-17
-11
-8
-15
-9
-25
-17
-12
-4
-4
-7
-16
-6
-4
-16
-19
-25
-11
3
1
-6
-19
-16
-3
2
-11
-19
-13
4
11
-4
-19
-16
-3
2
-5
-16
-17
-8
9
-1
-12
-23
-9
-2
-5
-14
-17
-6
-3
0
-11
-15
-11
-5
-1
-5
-17
-20
-9
-3
-19
-27
-24
-10
-1
-13
-26
-28
-11
-1
-3
-18
-21
-7
7
5
-14
-15
-9
6
7
-15
-23
-17
-2
0
-14
-20
-22
-11
5
-6
-14
-18
-12
4
-6
-24
-25
-8
-1
4
-8
-19
-6
2
0
-24
-27
-13
-3
0
-18
-25
-14
-4
0
-15
-20
-20
-2
7
-10
-23
-27
-9
1
-1
-22
-23
-1
11
6
-18
-25
-10
1
4
-7
-20
-12
10
16
-3
-17
-14
4
9
-6
-14
-13
6
14
0
-23
-20
-3
7
4
-15
-12
-3
10
2
-23
-27
-13
5
4
-13
-17
-4
11
3
-12
-24
-14
9
8
-7
-13
-2
6
10
-7
-24
-15
4
15
-1
-17
-15
1
16
3
-18
-17
-1
11
10
-18
-13
1
14
9
-14
-26
-17
9
-2
-14
-19
-7
14
9
-4
-21
-15
-4
8
-5
-20
-14
1
9
-7
-28
-15
2
3
2
-16
-20
1
7
0
-19
-28
-2
13
9
-14
-20
-9
15
8
-17
-29
-13
16
16
-13
-18
-7
7
16
-9
-23
-23
4
12
-3
-16
-17
4
14
2
-13
-18
6
10
2
-14
-14
10
21
11
-8
-9
5
21
15
-7
-16
-1
19
14
0
-16
-6
21
21
3
-14
-7
17
20
0
-18
-11
11
19
3
-12
-8
7
24
6
-18
-20
6
24
9
-5
-13
6
22
5
-15
-22
-4
18
10
-4
-18
-3
19
15
1
-16
-4
13
19
6
-20
-11
11
19
6
-16
-11
8
16
1
-16
-18
0
18
11
-9
-16
0
15
11
-7
-19
-2
15
14
-1
-21
-8
12
15
-4
-14
-11
13
17
1
-13
-10
8
21
6
-12
-4
9
25
7
-10
-9
9
14
12
-7
-10
2
16
15
-3
-10
1
20
16
5
-3
3
14
21
2
-9
-6
7
10
1
-9
-7
7
15
7
-9
-13
-1
16
12
-3
-4
6
16
8
-4
-11
1
15
8
-3
-7
1
4
7
-7
-7
-2
10
17
5
-3
-11
10
17
4
-3
-8
5
12
12
-4
-5
4
8
8
-10
-7
-2
6
9
-2
-3
-1
9
8
0
-6
5
9
5
1
-1
3
5
2
3
-3
-11
1
3
3
-1
-4
-4
3
-4
-8
-8
-2
3
1
-1
-7
-4
2
2
-8
-5
0
-2
-3
-1
-2
-4
2
4
1
-4
-3
3
2
-3
-7
0
0
6
4
-3
2
-1
4
3
1
-4
-2
3
5
-5
-10
-6
-2
-5
-9
-8
-5
-2
-2
-4
-10
-9
-8
-2
-6
-15
-10
-3
-2
-3
-7
-10
-7
-10
-13
-9
-14
-10
-5
-10
-11
-14
-15
-11
-5
-7
-17
-12
-5
-1
-1
-14
-14
-8
2
0
-6
-17
-9
-2
-8
-14
-14
-7
-5
-9
-14
-15
-13
-13
-14
-17
-18
-9
-9
-8
-16
-17
-14
-7
-7
-15
-16
-14
-11
-5
-11
-22
-22
-11
-7
-9
-13
-15
-10
-9
-6
-12
-20
-11
0
-2
-4
-10
-11
-5
-5
-9
-12
-6
-2
0
-7
-10
-12
-7
-4
-4
-17
-16
-1
1
-6
-11
-19
-17
-3
-8
-18
-15
-4
0
-1
-4
-10
-15
-7
-4
-10
-12
-13
-5
0
-8
-12
-7
-6
-6
-6
-17
-20
-7
3
-9
-17
-13
-4
-3
-2
-13
-20
-13
-4
-3
-11
-16
-10
-6
-6
-11
-26
-19
-7
-7
-15
-19
-17
-9
-5
-10
-15
-17
-7
-4
-6
-19
-17
-10
-11
-8
-20
-19
-12
-13
-10
-15
-17
-9
-7
-11
-16
-17
-19
-9
-9
-14
-17
-20
-5
-5
-14
-12
-8
-8
-6
-1
-7
-12
-4
-9
-3
-8
-13
-8
-3
-3
-7
-8
-10
-3
-4
-6
-3
-4
2
2
-6
-7
-8
-8
-5
-7
-2
-8
-4
-1
-4
-1
-5
-4
6
9
3
-3
0
4
7
5
-2
1
0
5
3
3
2
3
2
3
3
-3
-2
-1
2
3
0
-1
-3
-4
0
-2
-1
-3
-7
3
2
-2
-4
-8
0
7
1
-5
-4
-7
-3
-1
1
3
3
1
0
4
1
8
4
-1
-3
-3
-6
1
6
-1
-1
2
9
1
-1
4
3
3
5
3
4
6
7
3
3
7
6
5
1
1
2
4
5
1
1
6
7
2
5
-1
-2
4
5
0
3
9
8
8
8
6
1
6
8
7
10
3
7
6
9
11
5
3
2
8
6
2
6
0
0
7
1
7
5
2
5
2
10
6
7
5
-1
1
3
0
7
5
7
4
6
7
1
4
-3
-1
-4
1
3
-4
3
9
6
7
-1
3
4
2
2
-2
0
0
6
3
0
-2
-1
-1
1
5
-2
-2
0
-5
0
-5
-5
0
-5
-12
-8
-5
-5
-1
-5
-8
-8
2
1
2
-2
-6
-8
0
0
-8
-8
-11
-4
-2
-6
-11
-2
-1
-2
1
-6
0
-1
-1
-1
-2
1
3
1
2
-2
-10
-6
4
-3
-5
-4
-8
-1
-3
-10
-7
-4
-2
-4
-9
-8
-9
-7
-2
-10
-15
-10
-10
-10
-5
-9
-15
-8
-7
-8
-7
-10
-6
-2
-5
-12
-6
-9
-7
-4
-6
-12
-9
5
-3
-5
-2
-4
-5
-4
-6
-9
-7
-5
-1
-4
-3
-5
-2
1
-4
-5
-4
1
5
6
-3
-5
-2
3
-1
-1
-2
-2
-1
5
-2
-5
-6
-1
0
-3
-7
-5
3
-2
1
-6
-8
-7
-4
-6
-7
-3
2
6
-1
-5
-2
2
1
2
-4
-6
-4
0
3
-4
-10
-4
-4
-1
3
-1
1
3
0
1
-2
-8
-3
-1
-2
-2
-8
-3
5
-8
-4
-9
-8
-2
-1
-2
-16
-9
-5
-2
-8
-8
-5
-1
0
-3
-3
-7
-5
-2
3
-1
-10
-5
-2
-5
-6
-2
1
1
-3
-4
-11
-5
0
-1
-3
-8
-5
2
4
3
-2
3
10
0
0
-5
-1
-1
4
0
-6
-8
-4
-1
-2
-1
-7
3
5
12
5
5
3
8
10
-3
-3
2
9
7
4
-2
6
6
12
10
5
3
9
10
8
7
6
7
5
8
4
5
2
5
3
-4
4
5
5
8
6
6
5
5
7
-1
7
4
2
2
7
-1
7
10
1
7
-6
2
3
0
1
0
2
-1
-3
-1
-7
-10
-1
-2
2
4
-2
-3
1
-1
-6
-6
-6
-2
-7
-8
-7
-3
-3
-4
-7
-9
0
-3
3
0
-5
-5
-3
-2
-2
0
-3
-6
-1
-2
-4
-4
-5
2
-5
2
-3
-4
-3
-3
1
-5
4
1
-2
-2
-2
-7
-8
-1
-5
-10
-10
-10
-3
-5
-4
-5
-2
-3
1
0
-6
-1
-2
-3
1
0
-7
-8
-5
1
-5
-2
0
-7
-2
-5
-11
-9
-12
-6
-10
-11
-5
-12
-4
-6
-6
-4
-7
-3
-5
-7
-5
-9
-7
-5
-10
-7
-11
-5
-2
-6
-10
-13
-9
-3
-5
-8
-10
-5
-5
-9
-9
-10
-9
-9
-3
-7
-6
-3
-4
-1
-4
-6
-12
-4
-10
-9
-5
-3
-4
-3
-6
-5
-4
-8
0
-2
-11
-7
-8
-7
-7
-11
-7
-3
-10
-6
-6
-6
-7
-14
-12
-13
-11
-12
-10
-17
-10
-15
-15
-13
-10
-8
-15
-10
-16
-12
-10
-7
-10
-6
-6
-10
-5
-4
-7
-6
-6
-12
-5
-9
-1
2
-8
-1
-3
0
1
-5
1
3
-1
0
3
-3
-5
-4
-8
-5
-2
3
4
-4
-1
-6
-2
6
4
6
3
-4
2
5
4
5
5
4
6
4
-2
3
-1
0
1
2
0
1
5
8
-1
1
11
7
7
9
9
7
7
9
9
9
2
3
6
7
7
6
8
8
12
8
10
11
7
10
14
10
6
5
3
1
3
11
7
5
7
6
4
7
2
2
6
8
3
5
5
5
9
6
3
5
-2
4
9
9
6
4
5
3
8
5
4
3
3
6
7
3
6
7
7
3
-4
5
6
6
6
6
6
13
13
6
9
11
9
9
7
6
3
4
7
5
4
5
9
9
11
10
10
9
6
16
8
4
6
15
12
11
12
11
4
12
11
5
13
6
13
14
9
11
10
12
11
11
8
16
14
13
10
11
11
9
14
4
0
4
6
9
9
7
7
13
15
6
1
4
4
5
7
3
3
9
13
2
8
3
6
10
6
6
1
1
9
8
3
5
0
7
9
7
-3
5
-1
4
0
-3
-8
-6
4
-4
0
-4
1
3
-1
-6
-7
-4
-7
-7
-10
-8
-4
-5
-3
-8
-7
-4
-5
-5
-11
-12
-11
-4
1
-6
-13
-13
-4
-6
-5
-10
-14
-13
-6
-10
-6
-5
-7
-7
-5
-7
-12
-7
-4
-6
-9
-10
-17
-13
-9
-11
-11
-5
2
-3
-7
-1
-9
-9
-8
-5
-4
-5
0
-2
-5
-4
-1
-5
-12
-4
2
-12
-14
-5
-9
-16
-11
-4
-7
-8
-4
-6
-13
-6
-5
-11
-16
-8
-4
-13
-8
-2
-9
-18
-6
-7
-15
-17
-8
-9
-7
6
-2
-25
-17
6
-5
-14
-14
-18
-19
-1
5
-22
-28
-19
-6
-2
-5
-20
-36
-23
5
3
-12
-34
-31
1
16
1
-29
-37
2
23
10
-16
-35
-15
16
26
-5
-38
-42
10
31
4
-29
-39
-22
3
15
-12
-31
-37
-13
18
10
-21
-40
-20
4
18
-13
-36
-17
5
2
-8
-15
-18
-9
0
2
-15
-22
-19
1
8
-5
-16
-27
-39
-6
43
10
-52
-53
-8
35
25
-45
-52
2
21
20
1
-31
-23
25
19
-11
-9
-4
10
32
3
-40
10
53
18
-14
9
9
-7
20
45
18
-31
9
62
23
-13
33
25
2
41
9
-39
40
81
-8
-26
30
30
22
46
26
-8
5
30
52
49
7
5
17
28
62
53
-19
-12
68
67
27
22
7
31
85
51
-13
-7
48
86
50
-39
-38
37
73
51
-18
-65
7
94
33
-22
1
0
-3
0
-29
5
48
-26
-45
19
3
-26
19
-1
-18
2
-46
-53
88
82
-78
-69
42
22
-20
-13
-50
-70
7
44
-143
-270
-118
56
63
-107
-825
-1141
282
1253
-767
-2442
-567
1178
3
-1177
-1138
-1149
-283
868
-297
-1987
-1009
585
201
-618
-556
-380
-166
361
361
-136
-30
521
448
256
727
1004
627
553
893
1073
1321
1357
827
645
1180
1391
1213
983
514
427
976
904
253
117
38
-262
-90
-117
-833
-1076
-913
-1287
-1550
-1278
-1484
-1977
-1895
-1674
-1793
-1823
-1757
-1796
-1604
-1176
-1083
-1239
-1045
-548
-100
196
292
337
760
1512
2646
3692
2015
-1212
1174
7765
6220
-1945
-1462
5886
5867
1730
2273
1643
-1462
2011
6632
1375
-4361
-228
3326
-679
-2153
937
-545
-4116
-1822
904
-1669
-3209
-1428
-2174
-3728
-1190
701
-2027
-4086
-2282
-222
-57
-752
-1438
-1973
-1807
69
1955
65
-3209
-1710
1903
1294
-863
-631
-652
-1060
626
1328
-1073
-2109
-316
341
-444
118
809
-421
-913
990
2070
1745
2136
257
-3163
1077
8792
4059
-5890
-1640
7614
4510
-688
1814
1130
-2288
2822
7087
-460
-5287
1484
4290
-1580
-1868
2482
-470
-4660
-612
2792
-811
-3463
-2514
-1922
-486
701
-2144
-4457
-2162
-241
-1029
-1822
-2673
-2957
-1143
-311
-1784
-2125
-1370
-1590
-1348
-515
-844
-1261
-943
-1138
-984
333
800
-51
-190
881
1892
2323
3035
4044
2287
-1655
643
9139
8556
-2595
-4014
7047
9451
1614
394
2794
-509
673
7744
3922
-5904
-2370
5447
916
-3994
622
1063
-4889
-3314
2079
-417
-4164
-2207
-2028
-4324
-1567
1714
-2197
-6475
-3725
353
-107
-2380
-3518
-3470
-1826
351
71
-2537
-3618
-1530
479
-170
-1426
-1294
-1166
-1259
-184
614
-196
-407
581
1018
1509
2803
3665
3701
1648
-1601
1456
9899
8019
-3701
-3540
8371
9409
1046
477
2581
-561
1763
8023
2652
-6148
-1401
5379
343
-3696
756
550
-4973
-3009
2063
-514
-4183
-2488
-2231
-3715
-874
1241
-2671
-5349
-3293
-1599
-497
370
-3157
-6740
-2639
2779
729
-3846
-4459
-2564
-18
1460
-725
-3834
-3119
-251
682
-355
-1310
-936
273
1100
1725
2510
2848
3442
3428
403
-510
6729
11080
1731
-5635
3679
12385
5682
-943
1965
2408
799
6025
6905
-3169
-5431
4171
4921
-3116
-2360
1769
-2412
-4824
370
1248
-3543
-4144
-2163
-3041
-2533
231
-1189
-5275
-4387
-1056
-1618
-2634
-1233
-2878
-5779
-2140
2444
-797
-5192
-3655
-1198
-485
346
-941
-3986
-3261
405
1130
-1078
-1782
-274
835
1330
2495
3086
3002
4169
3251
-766
1904
11031
8947
-3220
-2638
9639
10807
2175
552
2830
1180
3079
7943
3065
-5642
-1843
5856
1689
-4141
-525
823
-4449
-3645
1489
-670
-4974
-3556
-2462
-3705
-1695
134
-3342
-5899
-3419
-1499
-1780
-1412
-2738
-5827
-4001
1271
974
-3869
-5102
-2576
-416
371
-759
-3276
-3630
-1070
671
-305
-1834
-1410
349
1278
1555
2354
2905
3680
4878
2680
-854
4096
12402
6990
-4697
-28
12632
9863
132
1301
4216
1410
4202
8564
789
-6333
1263
6731
-767
-4202
981
-105
-5228
-2323
1595
-2114
-5237
-3231
-2858
-3614
-1296
-716
-4488
-5833
-3445
-1866
-1089
-1416
-5132
-6681
-1568
2152
-1239
-5120
-4644
-2055
383
528
-2285
-4086
-2290
-20
-6
-1365
-1900
-612
851
844
1198
2844
3163
2654
4764
5374
616
610
10270
11525
-1336
-3620
10289
12832
1352
135
5906
2494
1154
7960
4890
-5416
-2108
6455
1792
-4873
-932
1390
-3894
-4543
285
-553
-5015
-4426
-2493
-3739
-3262
-1095
-3131
-5993
-4477
-2551
-2286
-1519
-3297
-6795
-4343
1092
17
-4491
-4992
-2846
-899
232
-1167
-3510
-3082
-1136
-412
-416
-775
-1429
-777
1019
2214
2744
2722
2289
4213
6754
3324
-814
6246
13657
4463
-4984
5258
14756
5700
-903
4972
4689
340
6092
8052
-2841
-5133
5023
4926
-4173
-3266
1783
-1945
-5369
-1343
38
-4097
-4976
-2958
-3798
-4397
-1938
-2063
-5937
-6468
-2463
-823
-3381
-5229
-4375
-3078
-2056
-1386
-2637
-4507
-3233
-550
-1017
-2740
-1991
-1017
-1806
-1842
-665
-331
-456
-64
192
767
2692
4074
2927
2802
6486
6589
74
928
12354
12368
-1754
-2381
11817
12474
1599
1901
6267
1719
1834
9137
4654
-6002
-1711
6865
1154
-5437
-407
1434
-4944
-4776
704
-1338
-5853
-4438
-3200
-4608
-2975
-1805
-5537
-7112
-3165
-1457
-4007
-5200
-4200
-3650
-3045
-2321
-3012
-4021
-3203
-1807
-2067
-2767
-1937
-1160
-2068
-2377
-796
-17
-846
-598
875
1482
1976
3280
3964
4719
6698
5215
454
3350
12964
11066
-999
-357
11542
11823
3155
2709
5058
2089
3528
8468
3129
-5397
-1126
6151
1130
-5840
-2478
1146
-3100
-5561
-2227
-1934
-5074
-4843
-3714
-5394
-4912
-2073
-3682
-7525
-5878
-1718
-2155
-5062
-5392
-3947
-2747
-1729
-2123
-4093
-4062
-1339
-515
-2322
-2471
-997
-1044
-1563
-654
-111
-666
-367
1065
1839
2158
3159
4189
4619
6063
6183
2079
1613
10502
13400
1955
-2588
9240
13912
4390
1231
5659
3603
1985
7307
5629
-3579
-2732
4608
1935
-4295
-1746
593
-4181
-5539
-1214
-1463
-5284
-5445
-4719
-5398
-3755
-2383
-5412
-7693
-5312
-2625
-2819
-4603
-6015
-5119
-2608
-1729
-3004
-4130
-3943
-2389
-914
-1449
-2444
-1723
-966
-1264
-668
290
-184
-240
1474
2418
2402
3605
4985
5472
6429
5178
1399
4423
13304
10730
-1229
382
12581
11808
2554
2671
5306
2355
4001
8267
2382
-4794
-101
4721
-491
-3983
-587
-1095
-5361
-4052
-792
-2848
-5704
-5395
-5302
-5023
-2864
-3172
-6784
-7509
-4328
-2252
-3265
-5384
-6240
-4519
-2147
-1916
-3457
-4565
-3908
-1825
-833
-2029
-2697
-1643
-1245
-1401
-310
482
-315
-175
1571
2762
3312
4175
4695
5923
7057
4230
1658
8022
14079
6427
-1801
5722
13974
8141
2031
4503
4586
2579
6312
6941
-1039
-3587
2794
3406
-2645
-3114
-350
-2805
-5241
-2648
-1664
-4526
-5882
-5480
-5433
-4118
-3056
-5224
-7462
-6097
-3419
-2693
-4398
-6377
-5617
-2841
-1884
-3059
-4023
-4038
-2870
-1103
-1070
-2449
-2330
-976
-674
-862
-477
-96
277
1276
1830
1984
3408
5220
5345
6019
6697
3352
1898
10102
14506
3832
-2701
8144
14737
6199
1423
5108
3961
2219
6963
6234
-2587
-3373
3538
2532
-3619
-2613
-85
-3853
-5910
-2144
-1454
-5144
-6387
-5614
-5447
-3882
-2976
-5755
-7892
-5781
-2963
-2756
-4823
-6598
-5362
-2466
-1843
-3246
-4143
-3929
-2502
-895
-1316
-2585
-2075
-924
-861
-826
-382
-228
167
1218
1778
2148
3495
4959
5355
6237
6197
2947
2794
10662
13305
3247
-1409
8697
13812
6154
2090
4738
3699
3149
7198
5246
-2678
-2430
3603
1959
-3391
-2257
-513
-4010
-5325
-2054
-1966
-5254
-6307
-5723
-5242
-3736
-3538
-6212
-7618
-5446
-3004
-3138
-5353
-6674
-4955
-2484
-2343
-3511
-4195
-3975
-2415
-955
-1651
-2641
-1815
-1139
-1456
-630
676
-10
-821
913
3020
3333
3500
4264
5266
7350
7046
2445
3000
12026
12899
1957
114
10631
12430
4814
3430
5256
2748
3874
8024
3531
-3728
-706
4358
286
-4023
-1459
-923
-4732
-4518
-1818
-3381
-5781
-5545
-5793
-5738
-3646
-3902
-6951
-7351
-4874
-3286
-3671
-5524
-6563
-4549
-2220
-2574
-3786
-4118
-3593
-1885
-794
-1978
-2821
-1552
-537
-712
-838
-546
35
1014
1573
1559
2398
4347
5264
5093
6520
6792
2862
2972
11606
13101
2195
-605
10133
12963
5040
2954
5309
2964
3187
7694
4539
-3286
-1790
3889
1117
-3734
-1838
-701
-4626
-5117
-1700
-2517
-5859
-6207
-5602
-5310
-3802
-3958
-6714
-7432
-5042
-3157
-3622
-5625
-6445
-4430
-2431
-2787
-3674
-4000
-3810
-2219
-857
-1892
-2893
-1757
-863
-1095
-704
-24
-221
28
1390
2290
2681
3900
4995
5390
6860
6814
3107
3692
11692
12408
2519
754
10447
12420
5304
3450
5222
3433
4115
7427
3706
-2785
-771
3785
669
-3479
-1777
-1075
-4360
-4562
-2062
-3132
-5835
-6095
-5654
-5246
-4044
-4553
-6919
-7247
-4951
-3345
-4192
-6157
-6260
-4013
-2629
-3308
-3954
-3945
-3456
-1987
-1222
-2280
-2597
-1246
-682
-1004
-692
-365
-292
750
1948
1732
2005
4232
5702
5342
6596
7148
3223
2789
11418
13820
3118
-885
9474
13533
5864
2824
5254
3376
2945
7339
5167
-2780
-2409
3380
1436
-3550
-2154
-853
-4618
-5402
-2018
-2480
-5878
-6554
-5837
-5398
-4084
-4209
-6679
-7470
-5253
-3353
-3858
-5796
-6281
-4271
-2682
-3137
-3679
-3684
-3521
-2357
-1334
-2008
-2339
-1091
-806
-1617
-935
622
451
-442
539
2419
3376
3960
4541
4803
6808
8131
4133
1824
9648
14475
5284
-817
7932
13464
6967
3277
5308
3646
2974
7448
5875
-2221
-2457
3593
2107
-3372
-2422
-580
-3893
-5158
-2285
-2708
-5888
-6235
-5348
-5623
-5094
-4621
-6034
-7095
-5910
-4297
-4203
-5452
-5994
-4743
-3502
-3449
-3486
-3548
-3800
-2893
-1528
-1788
-2366
-1548
-905
-1146
-591
94
-396
-212
1835
2694
1975
3098
5533
5829
6468
7655
4336
1647
9256
15352
6292
-1812
6604
14179
7992
2876
5021
3869
2292
6850
6817
-1523
-3383
2738
2408
-3088
-2574
-512
-3920
-5771
-2617
-2202
-5487
-6541
-5702
-5609
-4954
-4390
-5855
-7304
-6162
-4079
-3836
-5376
-6014
-4698
-3482
-3347
-3228
-3385
-3843
-2905
-1406
-1679
-2288
-1418
-849
-1358
-894
233
216
-91
947
1993
2512
3770
5147
5127
6272
7720
4701
2054
8859
14578
6488
-1122
6622
13944
8134
2915
4921
4111
2611
6877
6787
-1516
-3376
3058
2874
-3139
-2944
-530
-3673
-5529
-2453
-2550
-6048
-6207
-5026
-6003
-5692
-4322
-5761
-7545
-6165
-4346
-4511
-5334
-5589
-5127
-4109
-3299
-3147
-3569
-3836
-2936
-1606
-1623
-2102
-1418
-812
-1306
-1024
379
780
137
662
1997
3023
4231
5266
5065
6335
7977
4903
2190
9166
14668
6142
-1066
7303
14049
7647
2926
5163
3857
2564
7209
6495
-2065
-3160
3324
2515
-3257
-2737
-864
-4041
-5275
-2368
-2864
-6115
-6227
-5222
-5835
-5446
-4575
-5982
-7444
-6196
-4278
-4268
-5544
-5967
-4965
-3896
-3436
-3240
-3696
-4143
-2927
-1357
-1713
-2359
-1620
-1182
-1353
-472
484
-132
-281
1452
2698
2795
3832
5154
5616
7302
7597
3286
2846
11775
14247
3443
-494
9907
13750
6193
3419
5492
3278
3500
8209
5017
-3229
-1661
4310
1276
-3807
-1906
-927
-4706
-4956
-2062
-3504
-6480
-5982
-5271
-6026
-5337
-4641
-6357
-7585
-5900
-3893
-4316
-6022
-6082
-4428
-3478
-3522
-3475
-3821
-3973
-2459
-1200
-2060
-2516
-1302
-971
-1429
-513
576
-41
-114
1591
2738
2925
4196
5398
5786
7333
7100
3014
4069
12731
12770
2009
903
11369
12685
5148
3827
5340
2803
4262
8338
3423
-3747
-487
4257
7
-3762
-1307
-1543
-5262
-4473
-2009
-4088
-6520
-5941
-5675
-5925
-4856
-5007
-6977
-7227
-5254
-4066
-4813
-5960
-5662
-4282
-3599
-3590
-3428
-3641
-3673
-2434
-1501
-1956
-2017
-1304
-1324
-1195
-49
498
-251
157
1828
2745
3094
4467
5386
5881
7525
6855
2836
4790
13162
11921
1553
1821
11864
12062
4875
4064
5185
2772
4688
8230
2798
-3710
-51
4085
-350
-3586
-1167
-1831
-5349
-4108
-1859
-4401
-6798
-5708
-5294
-6082
-5278
-4859
-6497
-7169
-5449
-4076
-4714
-5736
-5443
-4453
-3838
-3311
-3057
-3729
-3803
-2273
-1346
-1966
-1963
-1250
-1398
-1212
54
455
-414
171
1847
2709
3142
4477
5127
5947
7720
6380
2340
5553
13789
10874
561
2615
12644
11393
4263
4148
4921
2632
5442
8276
1521
-4108
869
4190
-1170
-3702
-980
-2227
-5455
-3616
-2026
-5127
-6737
-5213
-5537
-6447
-4990
-4774
-6940
-7087
-4967
-4178
-5008
-5576
-5401
-4598
-3588
-3062
-3301
-3835
-3445
-2048
-1380
-1880
-1802
-1180
-1169
-840
175
308
-229
759
2201
2602
3040
4716
5591
6344
7537
5855
2489
6501
14010
10016
166
3256
12927
10885
3978
4194
4681
2569
5746
7979
816
-4053
1181
3686
-1642
-3440
-999
-2754
-5518
-3426
-2369
-5451
-6563
-5159
-5893
-6661
-4862
-4616
-6932
-7189
-5054
-4185
-4877
-5345
-5344
-4797
-3568
-2661
-3110
-4037
-3466
-1817
-1304
-1871
-1624
-1122
-1328
-816
513
483
-350
559
2135
2725
3306
4667
5307
6418
7649
5388
2412
7307
13932
8761
2
4316
12920
9986
3850
4261
4263
2702
6286
7451
-78
-3720
1859
3355
-2018
-3079
-952
-3177
-5301
-2927
-2586
-5703
-6186
-5137
-6428
-6501
-4004
-4584
-7760
-7403
-4330
-3666
-5047
-5752
-5528
-4517
-2920
-2431
-3664
-4361
-2944
-1306
-1379
-2060
-1648
-1112
-1047
-462
362
72
-294
834
2090
2438
3152
4691
5298
6065
7487
5947
2506
6047
13422
10127
540
2849
12271
10899
4070
3855
4593
2617
5345
7686
1169
-3869
910
3755
-1271
-3442
-1068
-2369
-5165
-3509
-2453
-5135
-6092
-4969
-6031
-6722
-4519
-4204
-6761
-7175
-5101
-4236
-4603
-4943
-5357
-5073
-3576
-2475
-2974
-3878
-3465
-2026
-1321
-1632
-1538
-1195
-1247
-775
346
479
-64
616
1909
2601
3400
4848
5430
6139
7382
5852
2720
6604
13700
9750
266
3393
12825
10787
3934
3985
4522
2649
5803
7747
614
-4027
1288
3750
-1594
-3460
-1099
-2777
-5394
-3373
-2623
-5622
-6252
-4911
-6295
-7017
-4498
-4221
-7032
-7419
-5174
-4213
-4547
-5073
-5688
-5245
-3414
-2349
-3173
-4205
-3625
-1978
-1247
-1675
-1803
-1466
-1213
-565
277
179
-126
959
2279
2572
3235
5127
5995
6446
7034
5139
2887
8249
14276
7912
-734
5259
13946
9515
3144
4410
4364
2748
6698
7324
-784
-3712
2450
3288
-2373
-2895
-826
-3575
-5417
-2509
-2598
-6173
-6284
-4817
-6239
-6518
-4306
-4854
-7339
-6912
-4773
-4248
-4666
-5225
-5641
-4840
-3122
-2437
-3330
-4198
-3463
-1775
-1223
-1738
-1764
-1504
-1261
-376
452
27
-92
1200
2183
2568
3934
5489
5576
6416
7176
4505
3147
9894
13810
5475
-429
7733
13568
7546
3279
4866
3472
3074
7664
6024
-2306
-2756
3259
2121
-2932
-2339
-1258
-4308
-4846
-2189
-3467
-6525
-5807
-4882
-6530
-6275
-4337
-5345
-7351
-6534
-4744
-4384
-4704
-5297
-5621
-4577
-2907
-2515
-3569
-4231
-3155
-1514
-1244
-1778
-1743
-1466
-978
20
504
-82
160
1515
2436
2969
4302
5364
5812
7073
6735
3486
4360
11845
12442
3066
917
10119
12581
6003
3715
4765
2839
4356
8309
3820
-3424
-964
3881
578
-3215
-1639
-1878
-4958
-4126
-2040
-4418
-6752
-5449
-5210
-6736
-5711
-4324
-6217
-7667
-5836
-4206
-4785
-5395
-5341
-5099
-4179
-2894
-2855
-3957
-3966
-2371
-1333
-1776
-1927
-1340
-1168
-864
45
331
-124
698
1991
2311
2841
4800
5828
6040
7021
6056
3153
5980
13050
10620
1445
2666
11735
11395
4956
3967
4454
2796
5452
7998
1938
-3549
382
3642
-484
-2951
-1357
-2634
-5067
-3380
-2125
-4993
-6702
-5415
-5328
-6193
-5221
-4828
-6631
-7172
-5229
-4098
-4947
-5621
-5257
-4612
-3892
-3042
-3018
-3851
-3710
-2159
-1284
-1738
-1792
-1271
-1227
-748
351
418
-326
647
2155
2451
2969
4906
5616
5915
7166
5835
2696
6479
13514
9520
405
3513
12501
10481
4110
4083
4341
2623
5903
7809
730
-3812
1325
3702
-1410
-3135
-1069
-2884
-5111
-2998
-2529
-5626
-6208
-4904
-5912
-6533
-4692
-4699
-6877
-7025
-5142
-4271
-4648
-5265
-5540
-4835
-3452
-2723
-3227
-4005
-3516
-1940
-1222
-1734
-1794
-1291
-1115
-531
367
292
-209
951
2156
2347
3114
5148
5673
5995
7008
5521
3040
7322
13193
8388
612
4644
12308
9628
4288
4329
3931
2826
6375
7122
138
-3148
1561
2919
-1513
-2598
-1289
-3228
-4811
-2856
-2798
-5461
-5842
-5049
-6131
-6296
-4349
-4642
-6913
-7036
-5062
-4038
-4355
-5202
-5718
-4901
-3149
-2351
-3258
-4286
-3521
-1711
-1088
-1662
-1785
-1476
-1196
-262
509
44
-384
973
2150
2443
3214
4873
5324
6136
7226
5269
2701
7428
13311
8105
325
4738
12336
9269
4036
4344
3793
2663
6519
7038
-401
-3289
1947
2970
-1874
-2665
-1149
-3313
-4850
-2452
-2526
-5879
-6270
-4521
-5348
-6432
-4984
-4744
-6556
-6665
-4805
-4311
-4969
-5087
-4914
-4719
-3658
-2503
-3031
-4141
-3333
-1530
-1291
-1861
-1527
-1097
-1070
-280
425
17
-195
1199
2202
2359
3009
4662
5451
6325
7060
5103
2711
7015
13050
8716
642
3815
11784
9861
4377
4053
3811
2618
6066
7240
352
-3345
1338
3037
-1529
-2680
-1136
-3061
-5008
-3016
-2684
-5244
-5655
-4917
-6314
-6584
-4079
-4024
-6904
-7631
-5143
-3494
-4053
-5397
-5876
-4888
-3037
-2070
-3149
-4540
-3631
-1343
-946
-1976
-1856
-997
-907
-446
407
307
-118
1055
2168
2273
3001
4918
5414
5666
7017
5933
2799
5863
12622
9606
1076
3020
11216
10076
4536
4053
4002
2342
5374
7443
1228
-3423
659
3201
-988
-2750
-1273
-2818
-4902
-3113
-2659
-5193
-5706
-4885
-6128
-6484
-4379
-4341
-6564
-7111
-5465
-4151
-3986
-4967
-5820
-5031
-3206
-2339
-3058
-4060
-3630
-1886
-1104
-1590
-1697
-1229
-1070
-476
409
427
-39
829
1945
2293
3031
4842
5444
5775
6845
5476
2813
6668
12899
8655
548
3933
11843
9592
4245
4177
3824
2507
6032
7209
417
-3216
1395
3029
-1427
-2549
-1058
-3070
-4956
-2891
-2723
-5372
-5633
-4896
-6361
-6428
-4165
-4471
-6858
-7082
-5345
-4163
-4032
-5006
-5901
-5010
-3089
-2286
-3074
-4081
-3599
-1837
-976
-1413
-1584
-1249
-1048
-327
558
507
0
778
1898
2543
3337
4813
5233
5795
7000
5635
2857
6493
12618
8750
852
3816
11401
9535
4385
4045
3653
2493
5774
6927
554
-3167
967
2816
-1194
-2604
-1354
-3037
-4844
-3058
-2709
-5202
-5753
-5016
-6115
-6284
-4315
-4401
-6615
-7012
-5319
-4019
-3991
-5010
-5772
-4924
-3152
-2276
-2960
-4060
-3612
-1786
-950
-1478
-1595
-1201
-1041
-339
559
442
-87
896
2075
2523
3114
4715
5458
6166
6877
5068
2840
7181
12772
8066
557
4292
11602
9253
4300
4070
3440
2604
6180
6725
-72
-3029
1453
2620
-1542
-2401
-1268
-3311
-4751
-2782
-2864
-5391
-5563
-4944
-6282
-6253
-4099
-4409
-6706
-6945
-5211
-4026
-3974
-4961
-5816
-4962
-3030
-2156
-2934
-4034
-3551
-1741
-875
-1425
-1696
-1297
-979
-252
555
455
-97
743
1939
2545
3151
4541
5061
5707
7027
5772
2733
5820
12338
9367
1143
3068
10892
9843
4599
4067
3835
2414
5456
7220
1070
-3175
806
3022
-1054
-2626
-1113
-2643
-4776
-3235
-2658
-4920
-5506
-4946
-6211
-6511
-4253
-4007
-6405
-7262
-5518
-3946
-3827
-4917
-5792
-5048
-3172
-2163
-2829
-3963
-3597
-1853
-946
-1480
-1731
-1254
-979
-442
357
493
10
678
1747
2370
3043
4509
5147
5743
6713
5349
2867
6229
12163
8891
1201
3274
10761
9781
4748
3892
3608
2557
5587
7027
1043
-3020
677
2776
-950
-2422
-1240
-2867
-4775
-3157
-2653
-4858
-5499
-5060
-6246
-6390
-4178
-3999
-6419
-7322
-5482
-3774
-3761
-4940
-5719
-5021
-3222
-2069
-2698
-4050
-3700
-1853
-908
-1408
-1657
-1344
-1050
-300
516
457
-62
720
1897
2572
3140
4445
5189
6147
6788
4745
2701
7152
12461
7842
747
4130
11117
9290
4576
3780
3218
2811
6204
6592
195
-2830
1259
2586
-1240
-2244
-1329
-3244
-4611
-2834
-2920
-5098
-5239
-5060
-6511
-6152
-3889
-4267
-6619
-7061
-5331
-3742
-3585
-4933
-5938
-4922
-2824
-1923
-2882
-4134
-3505
-1647
-866
-1364
-1521
-1281
-977
-119
654
461
42
903
1875
2529
3426
4758
5100
5921
6770
4819
2866
7419
12225
7187
809
4864
11116
8628
4365
3917
3165
2936
6297
6058
-240
-2514
1501
2268
-1400
-2158
-1489
-3436
-4421
-2665
-3092
-5293
-5184
-4892
-6332
-5955
-3889
-4519
-6665
-6677
-5053
-3926
-3896
-5000
-5799
-4731
-2823
-2199
-3103
-4023
-3351
-1720
-1015
-1468
-1656
-1366
-894
-69
474
193
-55
947
1978
2488
3130
4444
5089
5990
6812
4918
2664
6793
12187
8019
1097
4121
10663
9021
4827
4133
3211
2661
6081
6539
421
-2560
1162
2426
-1053
-2078
-1313
-3114
-4509
-2932
-2892
-4896
-5146
-4940
-6259
-5997
-3915
-4279
-6461
-6771
-5244
-3997
-3794
-4807
-5735
-4924
-3031
-2167
-2903
-3975
-3538
-1900
-1058
-1408
-1555
-1397
-1136
-241
523
236
-64
998
1898
2232
3125
4742
5233
5841
6591
4814
2881
7268
12260
7420
730
4619
11140
8724
4399
4101
3260
2727
6295
6409
-60
-2612
1526
2420
-1309
-2058
-1281
-3277
-4504
-2690
-2893
-5101
-5218
-4859
-6239
-5968
-3883
-4363
-6591
-6749
-5128
-3982
-3858
-4883
-5747
-4821
-2918
-2221
-3037
-3964
-3450
-1886
-1067
-1374
-1555
-1407
-1111
-292
409
262
36
891
1747
2300
3219
4674
5117
5720
6433
4879
3061
7138
11878
7408
1020
4601
10843
8659
4533
4085
3238
2781
6272
6339
42
-2516
1484
2461
-1128
-2008
-1340
-3187
-4324
-2601
-2828
-4925
-5104
-4881
-6132
-5743
-3844
-4392
-6417
-6631
-5204
-3907
-3637
-4843
-5783
-4756
-2891
-2168
-2900
-3934
-3554
-1846
-919
-1294
-1507
-1367
-1078
-170
598
312
68
1074
1970
2409
3303
4756
5248
6005
6438
4401
3073
8077
12071
6404
694
5463
11087
8179
4453
4013
2807
2954
6744
5833
-707
-2339
1767
2005
-1399
-1838
-1671
-3753
-4158
-2366
-3277
-5224
-4880
-4994
-6498
-5602
-3666
-4761
-6706
-6461
-5050
-3984
-3768
-5017
-5934
-4662
-2741
-2340
-3271
-4009
-3350
-1823
-1138
-1448
-1542
-1340
-974
-140
529
328
257
1199
2020
2543
3539
4903
5464
6330
6127
3721
3650
9476
11574
4704
930
7046
11082
7313
4295
3791
2509
3810
7308
4604
-1634
-1445
2446
1419
-1638
-1572
-1930
-3934
-3624
-2173
-3609
-5224
-4810
-5197
-6234
-5072
-3827
-5265
-6700
-6049
-4585
-3793
-4093
-5288
-5533
-4093
-2592
-2469
-3407
-3910
-2980
-1571
-1200
-1477
-1528
-1420
-893
88
439
46
339
1327
1775
2366
3861
5038
5235
6162
5788
3269
4163
10314
10712
3252
1298
8203
10731
6409
4035
3588
2315
4305
7441
3628
-2279
-934
2797
963
-1856
-1419
-2111
-4159
-3370
-2046
-3893
-5354
-4774
-5300
-6216
-4866
-3923
-5570
-6752
-5857
-4475
-3874
-4204
-5302
-5487
-4022
-2433
-2377
-3495
-3930
-2779
-1331
-1053
-1441
-1579
-1362
-649
276
523
38
257
1362
2146
2682
3821
4885
5398
6401
5801
3236
4432
10484
10420
3189
1781
8375
10285
6303
4272
3520
2202
4549
7379
3144
-2334
-547
2728
558
-1870
-1307
-2242
-4203
-3250
-2253
-4133
-5161
-4610
-5525
-6323
-4671
-3817
-5563
-6753
-5922
-4430
-3614
-4155
-5515
-5468
-3736
-2307
-2455
-3507
-3808
-2590
-1197
-1028
-1442
-1495
-1245
-534
347
503
-4
420
1538
2161
2660
3960
4970
5592
6439
5157
2712
5416
11343
9130
1762
2586
9383
9563
5505
4102
2965
2030
5442
7236
1566
-2772
354
2681
-244
-1849
-1247
-2839
-4260
-2696
-2430
-4570
-4953
-4510
-5869
-6085
-4052
-3913
-6002
-6673
-5536
-4184
-3535
-4266
-5715
-5440
-3409
-2024
-2600
-3822
-3760
-2257
-1011
-1016
-1495
-1634
-1169
-135
578
358
20
868
1901
2268
2842
4413
5366
5915
6334
4671
2899
6829
11819
7797
1055
3778
10224
9098
4999
3760
2607
2499
6235
6652
390
-2716
968
2413
-705
-1829
-1513
-3383
-4254
-2529
-2736
-4806
-4999
-4934
-6198
-5731
-3801
-4310
-6433
-6672
-5174
-3783
-3653
-4788
-5785
-4921
-3043
-2081
-2877
-3951
-3491
-1848
-1001
-1261
-1534
-1558
-1157
-102
617
270
6
951
1828
2272
3219
4627
5151
5928
6271
4130
3144
8162
11675
6034
908
5456
10606
8115
4607
3636
2374
3165
6906
5607
-833
-2178
1822
2026
-1196
-1753
-1770
-3723
-3870
-2240
-3196
-5110
-4872
-5035
-6229
-5374
-3688
-4710
-6651
-6480
-4856
-3608
-3770
-5150
-5907
-4500
-2520
-2064
-3281
-4107
-3169
-1439
-857
-1389
-1760
-1480
-720
232
554
37
-110
1058
2112
2417
3081
4427
5046
5956
6501
4272
2782
7655
11742
6437
884
5075
10405
8096
4648
3805
2405
2827
6678
5772
-748
-2312
1859
2147
-1299
-1822
-1585
-3582
-3939
-2256
-3086
-5042
-4843
-4907
-6114
-5362
-3649
-4591
-6556
-6402
-4719
-3590
-3831
-5011
-5615
-4440
-2627
-2044
-3115
-3948
-3078
-1444
-952
-1356
-1533
-1314
-773
133
561
123
34
1152
1995
2283
3198
4625
5111
6011
6356
3947
2984
8352
11590
5544
893
5919
10458
7567
4636
3887
2162
3023
7051
5312
-1301
-1961
2209
1737
-1497
-1568
-1766
-3946
-3767
-2151
-3488
-5163
-4625
-5080
-6437
-5229
-3552
-4844
-6709
-6373
-4789
-3597
-3764
-5184
-5863
-4396
-2449
-2110
-3331
-4076
-3046
-1397
-936
-1405
-1613
-1350
-690
241
580
114
139
1357
2173
2389
3278
4730
5305
6232
6249
3656
3198
8962
11452
4876
896
6409
10399
7290
4515
3527
1940
3440
7187
4631
-1661
-1688
2179
1358
-1519
-1552
-2061
-4093
-3656
-2231
-3617
-5081
-4691
-5320
-6352
-4933
-3545
-4954
-6667
-6239
-4593
-3371
-3733
-5240
-5704
-4167
-2322
-2021
-3240
-4071
-2954
-1204
-759
-1351
-1608
-1336
-584
382
717
180
111
1312
2278
2626
3416
4614
5084
6243
6479
3741
2981
8806
11499
4941
869
6384
10257
7079
4513
3733
1897
3186
7152
4700
-1786
-1746
2314
1267
-1789
-1531
-1867
-4170
-3786
-2189
-3668
-5256
-4693
-5237
-6471
-5080
-3545
-4985
-6727
-6190
-4628
-3575
-3765
-5204
-5856
-4268
-2232
-2116
-3439
-4018
-2861
-1319
-820
-1296
-1596
-1341
-576
336
696
232
108
1281
2332
2621
3227
4532
5376
6403
6006
3282
3351
9366
11257
4358
819
6693
10379
7045
4374
3421
1805
3589
7416
4380
-2090
-1559
2510
1246
-1689
-1424
-2011
-4227
-3540
-1983
-3636
-5236
-4686
-5238
-6349
-4838
-3380
-5106
-6950
-6081
-4217
-3485
-4051
-5310
-5638
-4086
-2123
-2083
-3531
-4013
-2565
-1093
-883
-1224
-1308
-1204
-520
593
817
118
249
1575
2284
2509
3417
4648
5315
6473
5977
2980
3390
9708
11038
3722
779
7056
10316
6678
4157
3288
1729
3731
7417
3993
-2331
-1359
2626
1039
-1800
-1385
-2106
-4359
-3495
-1918
-3632
-5213
-4727
-5361
-6261
-4592
-3361
-5302
-7000
-5955
-4093
-3417
-4098
-5450
-5616
-3873
-2030
-2230
-3661
-3954
-2466
-1116
-979
-1267
-1301
-1145
-469
554
755
149
205
1410
2214
2602
3411
4435
5051
6478
6355
3139
2825
9101
11273
4229
620
6508
10065
6775
4472
3538
1559
3312
7393
4388
-2121
-1520
2456
1091
-1718
-1329
-2061
-4372
-3568
-1931
-3638
-5225
-4604
-5251
-6412
-4723
-3149
-5041
-6973
-6030
-4111
-3361
-3862
-5171
-5637
-4060
-1907
-1848
-3509
-4063
-2488
-973
-850
-1220
-1373
-1212
-337
757
757
96
165
1359
2334
2791
3226
4139
5020
6498
6735
3764
2220
7664
11861
6128
295
4656
10064
7802
4542
3645
1819
2294
6666
5746
-1185
-2701
1688
1800
-1615
-1731
-1615
-4193
-4454
-2155
-2988
-5264
-5055
-5124
-6444
-5214
-3115
-4645
-7100
-6415
-4212
-3386
-3868
-5036
-5623
-4344
-2149
-1709
-3176
-3968
-2721
-1146
-754
-993
-1204
-1246
-554
697
962
258
217
1492
2316
2503
3208
4646
5489
6415
6067
3268
2962
9035
11636
4502
39
6071
10661
7167
4028
3276
1657
3098
7269
4757
-2177
-2152
2268
1425
-1763
-1534
-2030
-4506
-3972
-1907
-3393
-5386
-4950
-5364
-6465
-4771
-3071
-5147
-7348
-6251
-3994
-3293
-4050
-5413
-5723
-4077
-1962
-1788
-3392
-4119
-2605
-827
-630
-1155
-1347
-1174
-363
864
970
109
224
1700
2446
2495
3380
4850
5320
6183
6263
3606
2926
8859
11583
4604
263
6324
10519
6808
4041
3618
1751
2949
7200
4728
-2198
-2025
2387
1299
-1932
-1499
-1950
-4523
-4043
-1962
-3469
-5453
-5008
-5345
-6369
-4703
-3217
-5409
-7371
-5947
-3860
-3614
-4377
-5362
-5515
-3974
-2068
-2113
-3613
-3927
-2346
-953
-912
-1223
-1260
-1115
-321
845
895
36
266
1769
2559
2615
3381
4718
5435
6412
6086
3299
3124
9145
11331
4437
483
6382
10310
6863
4025
3338
1719
3167
7034
4386
-2131
-1927
2132
1060
-1861
-1579
-2227
-4679
-4053
-2043
-3551
-5524
-5218
-5488
-6277
-4592
-3357
-5589
-7364
-5778
-3719
-3584
-4394
-5317
-5344
-3711
-1851
-2113
-3654
-3714
-2058
-873
-859
-1031
-1113
-1055
-166
962
903
145
545
1848
2530
2794
3691
4837
5712
6666
5506
2701
4229
10493
10304
2870
1310
7836
9949
6242
4025
2790
1489
4380
7340
2752
-2773
-863
2375
324
-1789
-1446
-2921
-4803
-3256
-2028
-4244
-5541
-5027
-5793
-6181
-3994
-3573
-6279
-7252
-5155
-3597
-3759
-4536
-5471
-5226
-3222
-1628
-2439
-3884
-3489
-1754
-811
-885
-1031
-1123
-934
105
1030
720
129
824
2012
2542
2811
3807
4949
5976
6609
4893
2373
5050
11064
9315
1776
1710
8533
9586
5626
3656
2363
1430
4870
7117
1685
-3218
-478
2421
-44
-1878
-1585
-3287
-4853
-2928
-2081
-4513
-5602
-5103
-5901
-5812
-3583
-3893
-6668
-6906
-4612
-3567
-3894
-4561
-5412
-4943
-2799
-1527
-2610
-3792
-3127
-1513
-691
-718
-906
-1060
-763
384
1254
825
203
1022
2267
2793
3034
4086
5177
6255
6350
4069
2449
6761
11483
7255
687
3348
9494
8585
4899
3361
1747
1943
6147
6244
-334
-3044
798
2041
-913
-1730
-1875
-4127
-4620
-2287
-2616
-5109
-5494
-5297
-6164
-5151
-3219
-4714
-7164
-6308
-4024
-3509
-4052
-4877
-5477
-4379
-2225
-1684
-3099
-3784
-2634
-1137
-685
-807
-980
-1128
-585
749
1298
514
252
1494
2600
2909
3372
4457
5508
6710
5929
2899
3169
9315
11148
4275
572
6059
9805
7031
4457
2953
1052
3235
7344
4227
-2311
-1859
1992
952
-1576
-1447
-2672
-4890
-3671
-1808
-3769
-5630
-5124
-5527
-6148
-4289
-3463
-5910
-7100
-5313
-3722
-3650
-4235
-5272
-5291
-3421
-1799
-2268
-3510
-3425
-2055
-769
-560
-967
-1253
-920
102
1025
916
279
679
2030
2857
2928
3549
5008
6452
6667
4221
2140
5791
11387
8499
1196
2150
8713
9257
5539
3524
1743
1426
5503
6917
859
-3239
-50
2202
-293
-1724
-1795
-3914
-4848
-2525
-2140
-4810
-5683
-5229
-5923
-5311
-3366
-4399
-7003
-6493
-4264
-3441
-3787
-4669
-5565
-4540
-2264
-1630
-2914
-3652
-2738
-1237
-463
-629
-1043
-1106
-448
667
1186
619
273
1262
2481
2892
3217
4195
5328
6545
6301
3406
2564
7984
11496
5647
304
4697
9792
7711
4496
3134
1198
2344
6765
5307
-1614
-2747
1450
1607
-1286
-1743
-2509
-4774
-4034
-1780
-3227
-5754
-5545
-5197
-5689
-4631
-3803
-5534
-6832
-5555
-4047
-3705
-4095
-4990
-5277
-3751
-1968
-1951
-3092
-3379
-2262
-829
-281
-655
-1089
-916
6
1084
1266
553
645
1997
2975
3141
3829
5087
6270
6591
4489
2399
5987
11361
8291
1190
2537
8804
8954
5409
3618
1645
1237
5476
6808
573
-3403
-19
2059
-504
-1751
-1987
-4375
-4952
-2278
-2291
-5218
-5934
-5315
-5758
-5096
-3745
-4940
-6804
-6190
-4514
-3736
-3764
-4686
-5532
-4536
-2420
-1605
-2584
-3561
-2971
-1238
-152
-370
-1054
-1265
-484
919
1481
721
439
1630
2821
3032
3592
4979
6351
6610
4555
2353
5448
11174
9170
1658
1642
8270
9580
5952
3750
1863
1031
5003
7311
1685
-3271
-613
2153
138
-1410
-1769
-4061
-5034
-2487
-1893
-4677
-5885
-5422
-5814
-5218
-3573
-4544
-6790
-6477
-4667
-3691
-3533
-4346
-5618
-4903
-2522
-1443
-2452
-3448
-3094
-1642
-320
-171
-887
-1403
-803
527
1379
911
353
1057
2335
2948
3429
4551
5740
6552
5314
2677
3857
9918
10607
3315
465
6617
9998
6817
4107
2488
813
3495
7447
3700
-2818
-1959
1941
888
-1363
-1564
-3392
-5316
-3300
-1556
-4059
-6035
-5458
-5552
-5702
-4149
-4068
-6161
-6704
-5317
-4153
-3588
-3829
-5147
-5358
-3452
-1650
-1808
-2956
-3340
-2252
-581
131
-416
-1210
-1093
188
1485
1395
398
745
2294
3200
3247
4089
5470
6759
6194
3279
2658
8291
11740
5697
189
4516
9732
7970
4866
3051
783
2162
6844
5387
-1542
-2846
1032
1350
-1077
-1485
-2684
-5083
-4140
-1782
-3325
-5772
-5397
-5173
-5897
-4863
-3780
-5255
-6505
-5698
-4513
-3855
-3596
-4410
-5192
-4214
-2336
-1564
-2267
-3082
-2680
-1135
76
60
-740
-1190
-354
1169
1692
850
694
1769
2859
3346
4131
5165
6397
6307
3588
2270
7287
11649
6654
305
3473
9264
8313
5055
3288
977
1484
6213
6063
-733
-3258
502
1533
-884
-1535
-2370
-4866
-4445
-1955
-2968
-5630
-5523
-4935
-5711
-5240
-3961
-4785
-6240
-5932
-4644
-3796
-3591
-4275
-5010
-4393
-2652
-1572
-2071
-3038
-2763
-1241
-81
-26
-494
-896
-525
810
1717
1065
722
1812
2905
3108
3945
5388
6596
6310
3632
2098
6816
11828
7452
428
2757
9018
8764
5435
3480
1057
1202
6028
6609
-135
-3395
152
1643
-616
-1421
-2253
-4818
-4592
-2011
-2813
-5612
-5619
-4952
-5708
-5410
-4134
-4849
-6149
-5772
-4753
-4107
-3619
-4015
-4962
-4487
-2737
-1713
-2091
-2766
-2640
-1462
-253
-12
-414
-781
-440
657
1521
1109
956
1861
2754
3088
4195
5700
6776
5911
2927
2484
8197
11713
5820
206
4181
9357
7988
5111
3212
631
1804
6698
5555
-1402
-2902
897
1109
-1095
-1281
-2589
-5252
-4159
-1746
-3392
-5851
-5334
-5072
-5929
-5056
-3983
-5251
-6358
-5491
-4426
-3920
-3654
-4275
-5022
-4134
-2286
-1580
-2253
-2882
-2345
-1000
-70
-114
-503
-729
-197
958
1551
913
920
2027
2899
3211
4374
5868
6791
5523
2584
2990
8971
11251
4784
332
4996
9471
7753
4873
2596
470
2680
7001
4637
-1926
-2524
1016
1015
-1063
-1621
-3148
-5073
-3722
-1885
-3732
-5894
-5414
-5190
-5824
-4971
-4099
-5349
-6425
-5602
-4339
-3655
-3667
-4586
-5228
-3960
-1939
-1420
-2470
-3173
-2295
-684
166
-123
-701
-863
70
1358
1479
742
1162
2321
2922
3494
4788
6192
6855
4909
1953
4177
10629
10257
2773
903
6691
9405
7101
4539
1704
268
4215
7468
2793
-2880
-1561
1315
289
-1169
-1777
-4005
-5069
-2871
-2128
-4666
-5805
-5081
-5555
-5952
-4520
-4097
-5682
-6417
-5392
-4191
-3476
-3749
-4899
-5097
-3351
-1626
-1626
-2729
-3067
-1935
-369
185
-249
-776
-633
434
1491
1321
924
1560
2510
2989
3950
5512
6906
6181
2983
2168
7677
11694
6590
738
3561
8691
8447
5982
3360
347
1523
6608
6082
-593
-2985
104
968
-756
-1277
-2756
-5217
-4384
-2027
-3316
-5733
-5440
-5128
-6134
-5520
-3926
-4663
-6313
-6166
-4858
-3806
-3313
-4063
-5258
-4623
-2325
-1178
-2027
-3007
-2567
-1194
10
228
-360
-895
-207
1219
1679
1057
1277
2248
2791
3309
4742
6358
7026
4899
1933
4158
10579
10238
2977
1143
6602
9063
7092
4976
1966
65
3893
7419
3001
-2646
-1612
964
-22
-1162
-1639
-4128
-5371
-3126
-2296
-4829
-5784
-4958
-5679
-6361
-4726
-3886
-5384
-6418
-5737
-4505
-3361
-3240
-4639
-5358
-3614
-1440
-1303
-2555
-2952
-1911
-452
255
3
-754
-773
558
1716
1324
991
1900
2678
2853
3970
5784
7013
6011
2847
2398
8091
11588
6022
602
3981
8733
8107
5767
3239
298
1785
6621
5526
-874
-2685
156
629
-869
-1291
-2957
-5304
-4253
-2204
-3773
-5790
-5145
-5168
-6523
-5602
-3808
-4657
-6283
-6050
-5016
-4021
-3173
-3756
-5207
-4698
-2303
-1060
-1912
-2871
-2432
-1114
13
361
-228
-900
-215
1360
1727
1201
1549
2399
2782
3594
5181
6745
6791
3864
1665
5903
11641
8506
1505
2288
7705
8494
6533
4496
1077
414
5270
6939
1166
-2817
-664
837
-617
-1221
-2050
-4655
-5050
-2813
-3073
-5393
-5407
-4959
-6376
-6321
-4124
-4040
-5939
-6358
-5404
-4363
-3231
-3336
-4963
-5158
-2903
-1094
-1492
-2657
-2719
-1463
-124
367
15
-598
-441
881
1731
1456
1584
2375
2685
3188
4830
6737
7131
4290
1439
4880
11305
9503
2204
1749
7077
8484
6698
4960
1667
105
4322
6990
2118
-2465
-965
759
-687
-1354
-1606
-4067
-5289
-3310
-3005
-5189
-5346
-4703
-6343
-6812
-4353
-3647
-5679
-6466
-5576
-4588
-3498
-3227
-4630
-5197
-3359
-1357
-1329
-2389
-2608
-1590
-433
149
163
-286
-380
691
1531
1441
1759
2662
2712
2983
4791
7026
7099
3938
1586
5541
11263
8759
2068
2380
7378
8285
6557
4712
1459
517
4826
6563
1397
-2417
-560
769
-886
-1569
-1948
-4121
-4900
-3181
-3417
-5368
-5074
-4625
-6466
-6666
-4164
-3735
-5634
-6218
-5516
-4549
-3228
-3130
-4792
-5093
-3032
-1241
-1350
-2313
-2556
-1562
-249
315
-13
-549
-301
884
1506
1400
1709
2537
2766
3265
4877
7047
6857
3343
1654
6624
11303
7465
1826
3303
7435
7875
6765
4508
856
981
5611
5985
619
-2058
-271
330
-958
-1354
-2480
-4533
-4509
-3179
-4029
-5163
-4717
-5295
-6845
-5911
-3973
-4412
-5738
-5897
-5487
-4387
-3006
-3461
-4983
-4606
-2653
-1491
-1631
-2183
-2258
-1410
-267
199
-89
-407
-40
820
1374
1667
2031
2421
2751
3803
5571
7141
5928
2575
2776
8495
10759
5373
1574
4979
8218
7362
5854
3733
982
2334
6199
4665
-641
-1614
577
115
-1537
-1649
-2722
-4640
-4326
-3351
-4439
-5118
-4667
-5797
-6974
-5373
-3825
-4868
-6041
-5945
-5237
-3839
-2946
-4060
-5106
-3989
-2258
-1527
-1756
-2335
-2267
-979
169
87
-401
-251
383
935
1414
1912
2189
2410
3054
4301
6073
7305
5124
1835
4077
10199
9665
3410
2061
6312
8034
6948
5529
2623
737
3863
6558
2850
-1593
-892
709
-600
-1737
-1869
-3484
-4859
-3927
-3603
-5135
-5269
-4673
-6097
-7053
-5113
-3794
-5079
-6199
-5860
-4865
-3517
-2908
-4020
-4860
-3574
-1573
-995
-1839
-2366
-1604
-361
214
182
-134
-165
531
1208
1407
1898
2577
2568
2826
4384
6524
7053
4272
1644
4906
10503
8780
2627
2271
6596
7856
6672
4997
1937
893
4571
6251
1818
-1696
-372
336
-1473
-1686
-1417
-3787
-5495
-4137
-3595
-4908
-4955
-5129
-6946
-6819
-4128
-3641
-5657
-6489
-5637
-4308
-3086
-3106
-4411
-4605
-2923
-1196
-1096
-1964
-2162
-1217
-300
127
302
45
-304
262
1349
2029
2179
2163
2426
3688
5479
6712
5619
2827
3059
8104
10154
5268
1906
5136
8000
6849
5400
3800
1591
2741
5837
4168
-446
-966
608
-653
-2030
-1146
-2325
-5406
-5143
-2992
-3987
-5780
-5444
-5817
-6812
-5286
-3712
-5272
-6615
-5458
-4312
-4035
-3541
-3632
-4261
-3540
-1805
-1197
-1847
-2003
-1267
-567
-262
75
184
-93
57
826
1529
1852
2149
2605
3262
4301
5876
6542
4300
2372
5652
10094
7766
2820
3673
7354
7424
6049
4943
2416
1633
4846
5664
1379
-1285
-233
-124
-1041
-960
-2377
-5134
-4926
-3057
-3898
-5704
-5625
-5698
-6456
-5643
-4502
-5257
-6033
-5422
-4891
-4507
-3599
-3418
-4135
-3715
-2246
-1494
-1570
-1633
-1560
-1066
-158
275
13
-205
109
766
1484
1746
1849
2481
3420
4175
5377
6344
4749
2697
5046
9253
7981
3522
3571
6882
7417
6071
5003
2965
1836
4154
5386
1857
-1288
-410
486
-961
-2083
-2529
-3838
-4629
-3994
-4160
-5456
-5654
-5303
-5971
-6246
-5145
-4656
-5357
-5591
-5005
-4284
-3595
-3320
-3676
-3572
-2484
-1324
-1140
-1611
-1684
-842
69
255
-64
-273
165
1156
1662
1327
1552
2818
3681
3940
4989
6003
4649
2941
5105
8771
7539
3488
3587
6753
7253
5894
4917
3079
1897
4060
5309
1901
-1275
-394
569
-873
-2026
-2454
-3843
-4700
-3882
-3900
-5434
-5879
-5391
-5869
-6111
-5037
-4747
-5662
-5693
-4713
-4083
-3705
-3479
-3700
-3516
-2319
-1310
-1424
-1849
-1526
-671
-145
-88
-95
36
299
831
1415
1773
2184
2856
3467
4174
5535
5933
3979
2983
6355
9218
6439
2965
4612
7380
6957
5660
4493
2574
2668
5176
4531
353
-1126
670
504
-1659
-2385
-2622
-3882
-4371
-3930
-4798
-5864
-5413
-5307
-6427
-6341
-5036
-4862
-5621
-5730
-5094
-4164
-3336
-3400
-3897
-3480
-2136
-1274
-1394
-1680
-1297
-539
-75
93
209
232
316
983
1934
2385
2509
3049
3985
5082
5917
5126
3395
4540
8188
8200
4404
3642
6584
7471
6013
5075
3825
2576
3894
5084
2366
-592
23
768
-1009
-2190
-2032
-3154
-4645
-4349
-4230
-5417
-5724
-5366
-6166
-6655
-5429
-4727
-5513
-5955
-5303
-4483
-3808
-3532
-3687
-3638
-2850
-1814
-1349
-1510
-1510
-896
-295
-12
264
380
134
354
1507
2506
2615
2551
3177
4425
5901
5849
3716
3078
6593
8965
6018
3117
4917
7133
6634
5648
4313
2428
2907
4965
3691
366
-253
589
-450
-1605
-1536
-2500
-4243
-4376
-3999
-4914
-5456
-5211
-5900
-6620
-5663
-4760
-5260
-5698
-5399
-4956
-4151
-3369
-3555
-3957
-3333
-2112
-1424
-1479
-1699
-1371
-565
24
157
156
84
336
1412
2511
2466
2162
3016
4448
5608
5777
4130
2922
5782
9121
6969
3121
4294
7222
6943
5600
4658
2937
2689
4697
4176
750
-350
840
40
-1724
-1750
-1998
-3671
-4394
-4146
-4855
-5410
-4994
-5552
-6710
-6094
-4832
-5041
-5669
-5566
-5119
-4310
-3457
-3554
-3922
-3387
-2381
-1759
-1544
-1536
-1331
-750
-254
15
219
278
602
1682
2430
2241
2522
3805
4794
5357
5316
3996
3760
6871
8808
5806
3160
5301
7585
6643
5277
4222
2752
3170
4939
3614
238
-349
695
-216
-1581
-1714
-2496
-4023
-4311
-4094
-4701
-5177
-5348
-6088
-6408
-5471
-4805
-5287
-5815
-5684
-4919
-3809
-3322
-3804
-3971
-3134
-2059
-1453
-1402
-1693
-1403
-435
116
45
165
522
1041
1893
2416
2346
2865
4141
5083
5289
4560
3618
5027
7898
7412
4137
3843
6362
7119
6001
4730
3091
2700
4437
4484
1484
-175
593
323
-1131
-1614
-2026
-3267
-3931
-3940
-4493
-4942
-4844
-5331
-6201
-5915
-4997
-4864
-5344
-5592
-5343
-4428
-3519
-3602
-4034
-3567
-2570
-1888
-1605
-1686
-1627
-898
-185
-118
-48
420
1009
1698
2097
2042
2535
3808
4722
5122
4719
3604
4274
7366
7974
4867
3514
5667
7026
6366
5277
3640
2489
3681
4739
2770
341
100
165
-745
-1182
-1502
-3159
-4497
-4116
-3820
-4694
-5196
-5389
-6014
-5912
-4881
-4736
-5485
-5608
-5162
-4542
-3711
-3386
-3857
-3903
-2968
-1906
-1536
-1748
-1772
-1174
-406
36
269
495
1007
1834
2320
2414
2957
3902
4743
5282
4765
3718
4918
7669
7458
4590
4015
5994
6952
6223
4844
3132
2705
4079
4273
1924
73
141
126
-753
-1433
-2202
-3401
-4026
-3947
-4338
-4986
-5197
-5522
-6020
-5699
-4888
-4759
-5130
-5288
-5012
-4151
-3185
-3195
-3745
-3513
-2478
-1593
-1324
-1619
-1739
-1036
-99
220
259
563
1226
1974
2445
2600
2993
3929
5069
5255
4008
3551
5873
7888
6214
3829
4541
6364
6556
5614
4175
2687
2873
4109
3460
1019
-167
80
-169
-1068
-1703
-2579
-3686
-3972
-3810
-4370
-5057
-5191
-5545
-5943
-5395
-4691
-4958
-5317
-4967
-4369
-3801
-3373
-3373
-3519
-3087
-2181
-1566
-1570
-1680
-1349
-782
-338
70
492
880
1381
1926
2356
2776
3392
4332
5114
4498
3356
4596
7280
7071
4498
3959
5528
6368
6099
5014
3072
2366
3799
4146
1893
25
45
-30
-834
-1346
-2036
-3303
-3937
-3801
-4154
-4747
-4836
-5177
-5875
-5706
-4862
-4593
-4927
-5158
-4848
-3910
-3097
-3183
-3553
-3264
-2447
-1674
-1362
-1563
-1550
-871
-155
118
485
1133
1571
1741
2229
2974
3637
4339
4917
4392
3646
4831
7012
6885
4825
4105
5298
6420
6330
4937
3092
2731
3810
3910
2162
474
-88
-212
-488
-1174
-2339
-3324
-3569
-3809
-4396
-4718
-4797
-5296
-5751
-5546
-5156
-4955
-4794
-4815
-4797
-4077
-3182
-3042
-3260
-3021
-2498
-1859
-1228
-1131
-1371
-1003
-180
284
641
1302
1685
1714
2207
3171
3841
4306
4640
4175
3678
4949
6902
6446
4232
3884
5609
6331
5444
4390
3318
2515
3159
3838
2183
-169
-504
20
-592
-1562
-2239
-3246
-4046
-3928
-3877
-4591
-5247
-5466
-5615
-5520
-4979
-4729
-5146
-5347
-4579
-3557
-3238
-3417
-3432
-3038
-2276
-1487
-1257
-1501
-1353
-568
197
738
1291
1520
1433
2132
3514
4083
4020
4527
4686
4168
4975
6753
6439
4725
4623
5569
5687
5522
5079
3565
2507
3135
3435
2028
545
-99
-668
-1130
-1272
-2035
-3408
-4107
-4042
-4200
-4681
-5098
-5533
-5813
-5615
-5221
-5094
-5212
-5208
-4763
-4032
-3573
-3454
-3309
-2971
-2426
-1675
-1182
-1200
-1089
-475
251
980
1690
1797
1659
2459
3763
4193
4255
4715
4679
4382
5365
6651
6065
4814
4922
5648
5677
5394
4683
3466
2848
3221
2984
1658
489
-29
-534
-1096
-1578
-2362
-3326
-3877
-4058
-4343
-4728
-5162
-5592
-5732
-5508
-5291
-5237
-5268
-5158
-4626
-3988
-3798
-3736
-3294
-2782
-2376
-1809
-1356
-1207
-842
-125
554
1223
1727
1854
2307
3378
4030
4225
4879
5234
4631
4842
6389
6751
5444
4920
5535
5678
5495
5234
4073
2869
3050
3317
2121
748
171
-450
-1169
-1487
-2088
-3197
-3830
-3961
-4368
-4858
-5072
-5368
-5788
-5790
-5473
-5301
-5340
-5289
-4943
-4418
-4032
-3783
-3538
-3228
-2702
-1986
-1555
-1475
-1110
-380
326
1042
1569
1650
2134
3366
4089
4091
4644
5170
4773
5036
6490
6625
5233
5055
5977
5814
5109
4951
4234
3105
3109
3327
2040
622
398
22
-1143
-1792
-1955
-2781
-3801
-4108
-4220
-4694
-5093
-5264
-5564
-5776
-5488
-5115
-5246
-5370
-4859
-4254
-4087
-3907
-3503
-3185
-2746
-2063
-1694
-1631
-1126
-249
432
880
1239
1688
2542
3389
3697
4112
4855
4912
4667
5487
6459
6040
5327
5493
5660
5502
5486
4914
3669
3191
3432
2919
1739
926
293
-372
-848
-1349
-2180
-2914
-3392
-3801
-4126
-4425
-4853
-5179
-5231
-5239
-5179
-5000
-4914
-4833
-4487
-4118
-3907
-3555
-3149
-2922
-2604
-2086
-1679
-1346
-911
-349
325
849
1113
1724
2689
3149
3445
4281
4587
4178
4773
6078
5859
4938
5207
5726
5442
5279
5014
4032
3552
3849
3223
1868
1346
1114
177
-660
-1093
-1731
-2332
-2672
-3344
-4070
-4158
-4124
-4578
-5025
-5093
-5004
-4844
-4722
-4683
-4489
-4172
-3980
-3710
-3232
-2893
-2720
-2386
-1969
-1618
-1133
-518
-72
204
611
1352
2182
2645
2951
3563
4022
3958
4326
5221
5338
4777
4829
5158
5048
4978
4805
3956
3367
3527
3243
2243
1540
1061
343
-263
-683
-1356
-2026
-2461
-2932
-3388
-3558
-3754
-4178
-4524
-4536
-4390
-4314
-4353
-4381
-4214
-3872
-3543
-3392
-3305
-3071
-2607
-2104
-1797
-1667
-1353
-684
12
337
494
1044
1909
2514
2860
3316
3613
3664
4129
4917
4999
4515
4452
4740
4781
4669
4322
3648
3177
3164
2955
2263
1462
833
380
-11
-583
-1222
-1738
-2243
-2717
-2950
-3124
-3468
-3764
-3956
-4148
-4104
-3806
-3773
-3987
-3908
-3541
-3242
-3048
-2901
-2803
-2521
-2052
-1680
-1470
-1138
-607
-148
150
599
1298
1848
2143
2598
3175
3376
3501
4015
4396
4260
4232
4408
4298
4129
4191
3874
3156
2865
2774
2210
1573
1275
707
-135
-532
-661
-1239
-1947
-2279
-2551
-2912
-3041
-3120
-3488
-3782
-3644
-3480
-3490
-3440
-3325
-3317
-3163
-2799
-2562
-2490
-2323
-2036
-1743
-1440
-1063
-640
-309
-142
197
971
1695
1851
1943
2516
3044
3166
3487
3929
3801
3567
3966
4227
3778
3494
3558
3158
2609
2511
2236
1491
1010
721
30
-574
-723
-1128
-1926
-2306
-2329
-2608
-2972
-3138
-3338
-3482
-3368
-3319
-3454
-3360
-3074
-2969
-2903
-2683
-2434
-2215
-1929
-1747
-1608
-1283
-818
-388
-73
74
348
1055
1771
1948
2060
2641
3125
3143
3343
3813
3868
3650
3778
3900
3668
3459
3362
3023
2596
2306
1910
1395
995
580
-61
-628
-948
-1282
-1803
-2288
-2568
-2754
-2960
-3132
-3269
-3389
-3433
-3366
-3252
-3101
-2990
-2954
-2835
-2471
-2063
-1889
-1895
-1741
-1317
-828
-429
-127
13
174
788
1589
1871
1802
2130
2793
3167
3239
3344
3500
3585
3639
3671
3577
3319
3086
2978
2754
2289
1844
1500
1073
591
183
-289
-857
-1284
-1583
-1963
-2392
-2733
-2961
-3112
-3183
-3269
-3432
-3507
-3352
-3097
-2991
-2989
-2877
-2589
-2220
-1899
-1780
-1727
-1434
-922
-510
-232
4
218
595
1286
1818
1851
1941
2536
3082
3173
3174
3375
3600
3688
3611
3444
3324
3266
3096
2758
2311
1944
1721
1453
864
240
-148
-458
-885
-1321
-1771
-2260
-2541
-2624
-2861
-3201
-3324
-3367
-3477
-3409
-3164
-3101
-3180
-3031
-2712
-2395
-2088
-1911
-1845
-1535
-987
-549
-269
-74
132
591
1314
1782
1785
1917
2517
3104
3213
3123
3293
3620
3706
3648
3561
3329
3133
3173
2989
2365
1916
1749
1385
844
416
-89
-671
-963
-1192
-1722
-2232
-2424
-2645
-2978
-3084
-3085
-3350
-3561
-3361
-3116
-3117
-3110
-2954
-2771
-2465
-2074
-1894
-1849
-1530
-1011
-612
-331
-79
156
572
1260
1751
1762
1833
2434
3049
3169
3049
3091
3359
3673
3716
3331
3005
3088
3176
2830
2272
1862
1595
1354
983
419
-167
-566
-852
-1227
-1696
-2087
-2347
-2593
-2823
-2977
-3077
-3161
-3196
-3173
-3091
-2950
-2764
-2664
-2575
-2298
-1926
-1694
-1561
-1325
-922
-487
-163
-24
177
694
1269
1520
1573
1832
2335
2844
3004
2789
2780
3230
3486
3255
3007
2877
2726
2760
2738
2136
1483
1409
1355
821
297
-44
-556
-961
-1059
-1405
-2034
-2323
-2338
-2532
-2800
-2939
-3045
-3044
-2922
-2909
-2920
-2740
-2515
-2341
-2112
-1895
-1727
-1429
-1048
-777
-492
-148
89
367
889
1369
1465
1520
1927
2506
2808
2719
2604
2828
3206
3324
3086
2719
2532
2677
2798
2284
1534
1316
1358
980
423
47
-342
-741
-925
-1208
-1687
-2004
-2163
-2378
-2575
-2664
-2760
-2818
-2800
-2847
-2794
-2526
-2380
-2399
-2219
-1890
-1655
-1425
-1111
-887
-606
-156
129
250
668
1254
1438
1406
1746
2305
2621
2652
2587
2654
2966
3258
3108
2653
2442
2585
2648
2305
1744
1336
1150
992
662
135
-399
-738
-948
-1217
-1594
-1925
-2182
-2378
-2558
-2700
-2748
-2722
-2774
-2918
-2861
-2560
-2306
-2245
-2211
-2026
-1688
-1273
-977
-861
-676
-255
180
473
735
1050
1343
1610
1898
2191
2485
2685
2680
2658
2864
3114
3090
2805
2516
2426
2518
2391
1861
1336
1145
946
573
208
-199
-759
-1091
-1193
-1539
-2015
-2181
-2301
-2716
-2933
-2741
-2699
-2960
-3044
-2883
-2696
-2449
-2224
-2201
-2155
-1748
-1226
-954
-805
-565
-212
215
632
915
1135
1401
1693
2018
2354
2572
2635
2699
2814
2964
3086
3042
2774
2546
2543
2501
2231
1854
1489
1140
875
641
235
-264
-632
-900
-1274
-1622
-1811
-2046
-2418
-2711
-2761
-2723
-2775
-2928
-3071
-3011
-2700
-2418
-2392
-2417
-2193
-1734
-1313
-1078
-935
-672
-222
233
544
811
1125
1418
1735
2109
2355
2482
2708
2893
2893
2939
3112
3078
2816
2652
2572
2424
2210
1897
1423
1044
901
673
173
-358
-714
-946
-1202
-1522
-1880
-2208
-2449
-2561
-2609
-2711
-2866
-2939
-2867
-2749
-2605
-2468
-2378
-2269
-1990
-1587
-1297
-1118
-892
-581
-207
219
578
784
986
1340
1742
2017
2196
2330
2471
2650
2831
2896
2828
2753
2705
2603
2445
2266
2051
1741
1389
1085
827
540
168
-269
-663
-955
-1169
-1411
-1774
-2162
-2348
-2343
-2411
-2655
-2832
-2790
-2656
-2557
-2491
-2455
-2307
-1982
-1706
-1553
-1315
-931
-614
-392
-101
293
677
965
1164
1386
1726
2092
2306
2360
2422
2580
2762
2824
2720
2557
2457
2387
2235
2023
1766
1442
1104
855
586
236
-142
-496
-864
-1154
-1321
-1587
-1958
-2202
-2300
-2430
-2509
-2519
-2604
-2698
-2577
-2323
-2192
-2099
-1923
-1747
-1477
-1040
-693
-580
-404
11
464
807
1022
1141
1353
1775
2137
2209
2184
2300
2491
2637
2635
2443
2237
2226
2230
1991
1626
1365
1149
872
563
230
-140
-455
-721
-1027
-1362
-1583
-1765
-2008
-2243
-2327
-2336
-2408
-2500
-2485
-2366
-2222
-2075
-1951
-1796
-1484
-1103
-891
-762
-429
46
409
604
781
1072
1451
1767
1916
1987
2089
2255
2498
2591
2333
2123
2269
2359
2053
1691
1476
1254
1087
927
479
-53
-198
-267
-668
-1104
-1295
-1477
-1737
-1883
-2008
-2188
-2253
-2218
-2291
-2312
-2116
-1941
-1936
-1858
-1581
-1244
-971
-846
-730
-373
131
416
464
598
956
1367
1611
1647
1653
1819
2058
2194
2166
2022
1934
1960
1957
1802
1581
1334
1062
884
802
561
128
-233
-409
-533
-710
-986
-1331
-1571
-1597
-1562
-1688
-1937
-2069
-1962
-1775
-1728
-1768
-1721
-1540
-1305
-1034
-830
-780
-647
-264
98
257
369
553
794
1075
1288
1342
1372
1533
1728
1786
1724
1648
1666
1682
1569
1388
1273
1096
877
766
635
299
-7
-86
-239
-548
-739
-851
-1115
-1285
-1250
-1352
-1579
-1605
-1547
-1618
-1591
-1423
-1402
-1432
-1256
-1000
-828
-696
-593
-468
-162
191
327
325
470
772
1054
1181
1121
1089
1323
1600
1584
1393
1308
1379
1449
1393
1159
892
801
790
664
378
116
-58
-207
-337
-488
-706
-943
-1071
-1106
-1167
-1270
-1376
-1482
-1522
-1408
-1258
-1274
-1350
-1265
-1043
-826
-634
-533
-535
-373
67
384
344
331
583
864
1044
1183
1169
1075
1226
1537
1550
1284
1181
1283
1286
1155
1050
885
620
488
502
364
43
-205
-321
-433
-563
-678
-892
-1143
-1180
-1055
-1120
-1371
-1474
-1341
-1215
-1190
-1217
-1251
-1119
-838
-627
-614
-587
-400
-80
226
323
263
381
748
1025
1100
1055
999
1126
1471
1618
1324
1068
1201
1405
1340
1097
808
618
675
726
433
-15
-173
-136
-227
-482
-740
-879
-932
-997
-1123
-1223
-1271
-1307
-1352
-1352
-1302
-1221
-1144
-1154
-1122
-891
-629
-550
-528
-368
-131
130
329
360
416
706
950
940
982
1176
1248
1239
1306
1299
1242
1325
1345
1066
871
1004
1033
715
399
275
263
229
19
-371
-607
-544
-504
-708
-1013
-1181
-1141
-1001
-1073
-1328
-1387
-1211
-1121
-1143
-1100
-1049
-970
-746
-555
-544
-449
-158
4
56
254
484
542
607
814
964
1031
1083
1091
1124
1266
1333
1170
1012
1042
1104
1014
810
573
426
447
441
168
-191
-333
-300
-327
-496
-765
-998
-998
-833
-860
-1131
-1288
-1199
-1053
-972
-987
-1083
-1079
-839
-573
-532
-566
-445
-223
-29
121
240
297
393
576
753
834
882
932
964
1013
1091
1132
1046
930
916
942
862
704
604
492
351
254
174
13
-160
-247
-373
-552
-595
-578
-732
-944
-945
-876
-921
-943
-939
-1022
-988
-771
-681
-748
-674
-503
-427
-300
-75
-7
-22
113
326
456
565
650
587
621
864
1045
932
764
782
905
958
883
700
544
513
569
503
265
52
22
-4
-169
-300
-341
-473
-645
-652
-598
-711
-843
-836
-836
-857
-768
-708
-802
-805
-609
-472
-465
-436
-302
-149
-40
41
116
208
348
491
530
480
582
835
869
678
665
859
923
830
737
598
575
745
685
307
144
318
299
38
-144
-235
-271
-224
-367
-695
-731
-496
-555
-868
-933
-793
-716
-733
-811
-912
-799
-511
-441
-604
-606
-339
-120
-73
-69
-3
151
354
452
471
525
619
694
786
834
818
816
866
855
773
796
839
652
457
511
538
332
205
179
-38
-212
-53
-64
-464
-652
-508
-530
-636
-611
-789
-1060
-899
-566
-663
-921
-935
-810
-627
-398
-409
-615
-573
-252
45
141
33
-86
82
475
690
592
414
408
702
1030
970
682
631
787
880
900
802
577
490
570
506
345
346
253
-74
-189
-29
-53
-273
-441
-600
-685
-521
-426
-684
-941
-906
-759
-640
-626
-782
-891
-743
-499
-394
-399
-450
-406
-177
40
61
43
183
314
330
378
524
667
688
610
524
602
851
963
692
341
396
746
847
518
121
38
255
456
307
-147
-434
-257
10
-89
-408
-617
-645
-514
-380
-469
-708
-771
-651
-548
-484
-487
-568
-580
-435
-288
-227
-188
-162
-143
-25
138
199
243
331
339
320
456
637
614
522
512
471
512
711
694
329
189
437
506
308
188
114
-46
-42
89
-1
-218
-322
-378
-412
-260
-180
-464
-747
-638
-351
-244
-368
-654
-791
-458
-14
-81
-471
-557
-273
57
203
38
-216
-123
291
485
335
180
217
381
527
526
430
410
424
395
422
512
445
273
245
254
196
217
242
34
-184
-108
11
-66
-170
-278
-424
-404
-201
-182
-409
-540
-510
-388
-215
-209
-445
-582
-384
-108
-28
-175
-375
-306
68
254
53
-91
26
165
283
379
282
140
239
404
409
391
379
229
177
418
494
238
93
179
232
202
170
-1
-124
7
100
-119
-291
-163
-84
-213
-329
-308
-232
-186
-262
-406
-373
-167
-107
-281
-404
-283
-45
25
-157
-277
-91
158
139
-19
-14
99
212
260
224
155
169
248
266
306
317
191
90
207
375
289
63
-40
41
198
209
-19
-224
-159
38
55
-149
-324
-268
-125
-111
-229
-292
-263
-231
-209
-215
-213
-172
-140
-195
-201
-49
60
-20
-99
-45
72
188
228
116
8
117
320
367
246
92
79
263
422
305
87
51
160
250
250
116
-67
-69
70
94
-38
-137
-179
-199
-139
-94
-180
-288
-270
-225
-210
-194
-195
-232
-264
-225
-136
-70
-88
-154
-144
-38
61
112
88
2
22
223
348
228
102
155
297
389
357
198
121
289
395
261
165
212
152
85
215
246
42
-95
-59
8
109
31
-366
-527
-113
139
-278
-644
-493
-225
-135
-251
-551
-657
-277
8
-284
-594
-404
-111
-122
-241
-288
-217
-37
34
-77
-130
43
181
96
-8
55
215
261
151
70
163
283
250
153
129
173
233
232
142
92
145
180
132
69
41
48
69
46
-22
-53
-22
-2
-43
-96
-88
-45
-41
-95
-117
-77
-46
-72
-87
-68
-37
-8
-11
-41
-11
73
86
25
14
68
106
113
85
30
49
124
118
34
24
71
57
46
45
10
-13
20
-3
-57
-20
-7
-77
-115
-54
-39
-84
-104
-108
-120
-70
-38
-99
-131
-83
-37
-44
-45
-40
-49
-18
33
24
-2
16
58
86
87
84
94
103
110
124
122
109
93
116
118
83
76
79
83
61
41
34
31
36
17
-28
-51
-33
-12
-49
-108
-103
-63
-58
-86
-119
-119
-103
-70
-64
-121
-135
-71
-20
-75
-126
-76
-3
10
-34
-60
-16
56
97
43
-26
29
118
131
35
4
82
131
107
61
50
76
125
119
46
20
79
99
26
-13
15
49
32
-27
-70
-29
33
-5
-94
-118
-50
6
-48
-142
-134
-40
-12
-95
-150
-101
-29
-23
-68
-118
-82
10
27
-49
-78
-11
32
23
2
-22
-7
47
57
12
4
44
62
36
33
60
63
41
34
42
53
49
41
20
10
37
44
21
0
15
25
17
22
46
24
-18
-13
36
41
-15
-41
-35
-12
34
40
-41
-88
-2
90
33
-67
-56
18
39
6
-47
-84
-34
41
-1
-92
-74
12
18
-37
-67
-29
9
9
-46
-62
-1
33
-15
-61
-34
15
35
-5
-51
-29
42
49
-19
-55
-15
37
42
-13
-43
-8
44
24
-29
-25
9
14
3
-5
-19
-6
13
7
-17
-17
10
14
-14
-19
2
7
-15
-16
0
-10
-20
0
1
-24
-13
10
-21
-36
7
15
-31
-32
11
14
-9
-11
-9
-2
25
22
-22
-11
38
44
-1
-20
4
34
45
14
-20
0
48
36
-14
-15
26
34
12
-14
-15
9
36
6
-29
-15
3
7
-5
-26
-30
0
12
-21
-50
-25
-16
-29
-25
-37
-61
-41
-5
-28
-58
-41
-36
-43
-31
-25
-48
-51
-20
-28
-43
-20
-15
-51
-47
-9
8
-18
-34
-21
-7
9
5
-14
-31
-6
24
11
-15
-31
-17
8
23
-1
-29
-23
11
32
2
-20
-10
12
15
0
-16
-18
0
0
-7
-17
-12
1
-6
-9
-15
7
18
2
-11
7
20
7
-6
-5
-2
10
19
-3
-31
-7
18
7
-27
-18
14
7
-15
-16
-2
-9
-18
-14
-20
-20
-6
-12
-40
-29
6
2
-27
-17
6
3
-2
9
0
-4
16
9
-12
21
57
20
-18
18
61
39
20
11
16
35
50
35
-5
3
41
41
3
2
24
2
-16
0
8
-25
-43
-27
-18
-21
-20
-24
-47
-44
-14
-15
-43
-42
-32
-22
-23
-32
-44
-36
-22
-30
-29
-25
-27
-29
-18
-14
-16
-9
-11
-25
-15
5
-4
-7
-7
-7
-2
12
5
-14
0
24
15
1
9
8
6
22
14
-11
-6
19
13
-14
-4
6
7
10
-7
-19
-7
6
1
-12
-16
-18
-7
3
-18
-39
-20
-1
-12
-23
-18
-20
-25
-5
-15
-35
-19
-11
-16
-18
-19
-24
-17
-10
-16
-23
-9
-1
-31
-28
4
-6
-38
-25
-6
-7
-5
-12
-33
-11
17
-13
-49
-26
12
8
-14
-15
-8
5
9
-4
-13
-6
21
11
-11
4
21
7
-4
-3
12
4
0
-9
-9
12
11
-7
-26
-5
11
7
-15
-24
-13
5
3
-7
-18
-8
11
12
-2
-17
2
11
3
-9
4
4
-6
-4
-2
-4
-2
4
-5
-12
-3
15
-6
-14
-3
2
-3
-1
-6
-21
-12
0
-12
-35
-19
1
-18
-27
-12
-3
-23
-36
-28
-18
-16
-16
-29
-50
-29
-1
-13
-41
-40
-11
-6
-18
-22
-23
-24
-8
4
-16
-25
-18
11
15
5
-4
-2
8
20
19
17
9
1
18
22
15
0
3
4
9
17
7
-3
6
7
0
-4
1
3
-12
-21
-7
3
-8
-20
-24
-16
-9
-11
-29
-30
-16
-9
-14
-20
-24
-26
-18
-11
-11
-24
-23
-10
-5
-9
-11
-9
-12
-9
10
9
-12
-23
-16
11
13
-12
-27
-6
10
5
-2
-17
-14
10
16
-10
-18
-3
5
-7
-6
0
-8
-4
4
-2
1
9
4
5
14
13
-3
-2
17
17
5
4
0
7
26
19
0
4
23
26
8
7
2
5
17
2
-11
1
7
-9
-10
7
1
-23
-16
-3
-12
-16
-10
-16
-23
-12
-12
-26
-20
-9
-15
-20
-2
-2
-20
-14
-7
-6
-13
-5
-3
-6
5
5
0
8
15
13
6
9
14
23
23
12
19
26
24
10
10
16
22
18
6
5
10
14
5
-4
-3
5
2
-12
-19
-9
-1
-14
-31
-21
-10
-8
-20
-26
-20
-9
0
-15
-24
-9
1
-13
-18
0
-2
-11
1
10
5
1
-1
-5
10
22
17
-16
-2
30
23
8
2
13
17
18
11
-2
4
24
17
-8
-6
9
6
-6
0
5
3
9
4
-10
-1
4
4
-6
-5
0
5
3
2
1
-9
-1
3
4
0
-3
-1
7
6
-7
-10
5
11
-2
-4
2
7
-2
-2
3
-1
-7
-1
5
-7
0
7
-9
-12
-5
-1
-6
-7
-8
-5
1
6
4
-3
-4
0
8
11
8
5
5
10
21
21
15
19
23
36
31
24
22
27
39
35
29
21
23
31
29
20
17
22
25
14
20
24
16
12
15
19
9
0
-4
3
6
0
-9
-13
-4
1
0
-17
-18
6
10
2
-11
2
13
16
12
9
8
14
20
26
16
14
20
20
20
28
27
18
22
32
35
20
16
18
20
18
24
14
8
17
20
15
5
8
12
12
7
0
-2
10
2
-7
-8
0
3
-3
-2
-10
-9
5
4
-4
-3
3
6
14
12
0
5
14
16
13
9
5
10
25
29
16
13
16
23
18
26
18
7
15
26
22
15
13
17
20
19
11
5
11
16
26
13
3
6
18
18
12
10
11
12
14
8
7
15
20
11
2
7
12
11
6
6
14
14
8
4
12
15
10
7
11
12
10
15
10
2
8
20
11
0
9
14
5
10
12
8
10
11
4
2
11
13
3
-1
10
12
11
13
1
0
10
12
2
0
14
9
12
11
14
5
6
13
6
4
10
9
-5
6
13
8
6
9
11
5
4
8
6
-3
-5
1
2
-1
-4
-1
2
1
0
-5
2
1
0
0
1
0
-4
-4
-3
4
1
-4
-2
-3
-5
-9
-2
2
-3
-9
-5
-1
-6
-10
-8
-5
-3
4
3
-3
-9
3
5
-2
-3
-4
-3
-5
-4
-9
-10
-4
0
-1
1
-2
3
11
9
0
1
10
10
8
8
9
11
11
11
12
5
11
14
9
13
10
9
16
17
15
7
10
12
10
7
4
2
2
1
1
0
-5
-5
0
-1
-1
-2
-5
-1
1
0
-3
-5
-13
-2
7
-1
-3
-1
10
10
9
8
6
14
14
13
7
12
15
9
9
12
15
13
7
7
14
12
9
10
9
14
15
10
0
3
11
13
-2
-13
-7
-1
-6
-4
-5
-10
-6
-1
-6
-13
-8
-3
2
-16
-8
-5
-2
5
-5
-2
0
2
-2
5
0
-9
7
12
6
0
3
6
-5
-2
3
-5
-4
2
3
-4
-3
7
0
-7
-4
-1
-4
-7
-10
-5
-4
-4
-6
-13
-10
-9
-7
-12
-11
-12
-11
-11
-13
-18
-12
-9
-16
-8
-8
-11
-20
-12
-8
-12
-6
-10
-8
-6
0
-4
-13
-3
3
0
2
8
3
1
1
4
8
6
5
5
7
4
3
-3
5
1
-1
2
-2
-3
-5
1
-8
-6
-6
-8
-9
-5
-6
-11
-1
-10
-8
-9
-12
-13
-16
-6
-12
-16
-11
-10
-6
-3
-8
-12
-9
-2
-1
-6
-3
7
1
2
6
5
4
6
2
1
3
3
0
-4
2
2
0
-1
-2
-4
-6
-11
-9
-9
-7
-13
-12
-5
-9
-12
-20
-17
-9
-11
-8
-15
-18
-12
-4
-13
-13
-7
-10
-9
-10
-9
-11
-9
-9
-11
-13
-10
-10
-10
-7
-8
-7
-9
-10
-12
-9
-6
-13
-12
-9
-13
-14
-9
-5
-5
-10
-9
-10
-7
-8
-14
-10
-9
-12
-8
-10
-13
-13
-7
-4
-2
-5
-8
-3
0
4
-8
-12
2
8
-1
1
-5
0
6
6
7
-6
-2
5
8
-4
-6
0
2
2
-2
-7
-9
-3
3
-3
-7
1
0
-5
-2
2
-3
-8
-4
-2
2
0
-5
-13
-6
3
-2
0
4
12
3
-2
0
0
10
4
-2
3
10
3
7
4
1
7
11
13
-2
-4
1
11
8
0
1
-2
1
-1
-4
-12
-6
0
-5
-5
-8
1
-3
-7
-10
-2
-3
-6
-7
-12
-4
1
3
-2
-8
-1
7
5
0
-1
2
11
4
2
3
5
3
5
6
0
-2
2
6
5
3
-1
5
0
-10
-6
2
1
-2
-6
-10
-4
-3
-5
-7
-14
-12
-5
-8
-3
-11
-16
-12
-7
-6
-11
-11
-12
-3
-6
-9
-12
-12
-12
-7
-3
-12
-9
-10
-5
-5
-6
-7
-9
-9
-4
-6
-9
-10
-8
-6
-11
-9
-14
-10
-11
-12
-15
-17
-18
-14
-9
-12
-14
-14
-21
-12
-13
-19
-23
-21
-20
-15
-17
-21
-23
-19
-20
-17
-12
-15
-13
-17
-9
-10
-8
-8
-6
-11
-7
-8
-5
-10
-14
-9
-10
-8
-10
-9
-12
-14
-6
-10
-15
-13
-8
-11
-20
-19
-12
-14
-18
-16
-18
-10
-11
-12
-18
-12
-13
-11
-12
-13
-19
-21
-13
-15
-16
-16
-13
-24
-14
-14
-18
-14
-15
-11
-10
-10
-12
-12
-14
-11
-17
-10
-9
-18
-16
-12
-10
-6
-11
-17
-12
-12
-9
-17
-18
-14
-7
-6
-9
-11
-14
-11
-12
-13
-13
-14
-11
-14
-11
-15
-17
-23
-16
-13
-14
-11
-12
-15
-16
-13
-14
-18
-15
-10
-11
-13
-10
-11
-11
-9
-13
-8
-9
-7
-6
-6
-8
-13
-8
-6
-12
-12
-15
-4
-7
-11
-15
-13
-2
-4
-7
-9
-7
-8
-8
-5
-13
-15
-5
-2
-12
-8
-12
-15
-18
-16
-7
-16
-12
-8
-13
-6
-7
-5
-11
-11
-9
-9
-5
-7
-7
-10
-1
-3
-5
-2
-7
-5
-5
-5
-2
-3
0
-2
-4
-4
-6
-2
-4
-11
-12
-14
-8
-9
-12
-7
-10
-13
-15
-12
-9
-6
-6
-12
-13
-8
-9
-13
-14
-10
-8
-11
-13
-7
-7
-6
-6
-7
-4
-6
-1
1
-7
-1
-3
-4
-5
-3
0
-5
-1
-9
-1
-2
-6
-9
-11
-5
-5
-7
-8
-6
0
2
-1
-6
-9
-5
-5
-5
-3
-4
-3
4
2
2
0
3
0
2
6
3
5
2
3
2
6
6
2
-4
0
0
2
-1
5
1
-7
7
7
1
0
5
1
3
-1
0
5
2
2
1
3
3
4
-1
5
-1
-4
-2
-3
5
6
0
3
2
6
9
5
2
2
6
3
7
8
5
2
0
8
11
8
5
4
6
5
5
8
-5
-2
9
6
6
3
4
4
4
1
2
4
-3
2
4
4
3
-2
-1
9
1
-3
1
1
8
11
7
0
1
5
7
6
2
6
4
4
6
5
4
4
8
7
4
8
11
6
6
11
6
7
11
7
1
8
9
8
14
9
3
5
8
13
3
6
5
7
8
3
5
6
8
6
8
12
6
12
10
7
11
10
11
4
8
17
12
12
11
17
13
8
12
12
14
15
15
12
17
13
14
18
19
19
16
17
23
21
20
11
16
19
13
12
9
13
14
17
20
8
10
14
10
15
14
10
15
15
13
19
18
20
20
16
13
21
20
14
13
15
18
21
22
18
21
14
12
15
15
12
15
17
14
18
15
12
17
23
21
12
20
15
14
16
19
14
7
10
11
16
4
13
11
8
19
14
20
22
18
16
18
19
17
15
16
17
20
19
17
20
19
20
14
20
19
18
14
19
18
17
21
18
21
21
18
16
20
18
20
20
14
14
10
20
17
10
7
11
11
14
13
8
13
15
13
15
19
14
11
13
16
14
17
14
14
19
17
13
15
16
22
19
17
19
20
16
16
16
14
19
19
17
12
14
16
15
17
9
12
14
8
17
18
15
13
15
12
12
7
7
14
10
9
10
10
0
8
12
17
9
3
7
13
12
6
13
8
11
15
16
5
7
10
5
15
4
6
3
3
14
10
7
-1
9
10
10
7
10
8
7
4
6
12
6
9
13
7
5
3
4
1
2
4
4
5
6
7
7
4
6
5
10
3
6
8
6
3
5
3
0
13
4
4
5
6
10
13
6
3
8
5
6
1
7
10
5
4
-1
5
5
1
0
1
9
8
6
1
0
6
-1
5
-2
0
2
3
-2
-2
3
4
1
-4
0
1
3
-3
-1
-2
-1
3
-1
-4
-1
-1
1
2
1
2
1
1
-2
5
1
-5
2
2
2
3
-3
-6
-4
3
2
-1
2
-1
6
10
7
6
3
6
7
1
1
3
4
3
9
6
8
5
2
7
5
12
5
11
9
6
6
7
9
5
9
6
2
6
6
5
6
3
6
2
4
7
8
7
7
6
1
5
10
3
3
5
0
5
8
3
5
4
7
4
2
3
-2
-2
4
8
3
2
0
2
2
7
8
2
8
4
1
-1
-3
0
3
1
0
4
0
3
2
2
2
9
13
3
8
4
6
13
14
10
3
4
14
12
9
13
11
12
7
4
5
11
10
4
9
5
3
7
8
11
8
10
10
8
4
9
15
7
9
12
14
7
8
9
3
9
7
2
2
4
0
1
0
3
2
-1
3
3
8
4
8
4
4
1
2
4
5
4
3
1
3
3
-1
1
-2
1
1
2
0
0
6
1
0
-2
-3
-1
-5
-4
1
4
-3
0
0
1
0
-2
-1
-6
3
1
-2
6
2
2
2
0
1
-3
0
0
5
-3
1
3
4
3
0
1
1
4
0
4
2
0
5
0
3
0
1
6
1
2
-5
-4
-1
-3
-3
-2
2
-2
-3
1
1
5
0
0
-1
-7
-1
-3
3
2
0
3
1
5
10
4
-2
1
5
6
6
6
-2
2
6
8
4
5
3
10
6
4
2
3
17
2
8
8
11
8
11
10
9
4
11
6
7
-1
5
13
6
12
5
6
6
13
8
10
8
7
4
14
12
13
10
6
13
13
12
7
8
10
8
10
8
9
13
6
10
6
-2
8
5
0
5
1
4
-2
2
4
1
3
1
4
4
1
-5
2
2
5
7
2
-4
2
5
5
3
2
8
7
4
8
6
-1
2
0
3
1
8
9
8
5
5
6
6
6
8
9
10
5
11
10
7
7
6
7
9
13
5
13
3
1
4
8
6
11
12
10
16
9
12
13
13
6
15
15
15
12
6
11
11
11
10
10
10
14
11
8
8
8
8
6
12
8
9
14
10
10
12
12
11
13
12
14
10
9
10
11
11
16
17
9
15
8
9
6
9
12
7
8
10
7
6
8
6
13
6
7
3
7
10
9
10
9
5
9
8
12
12
11
11
10
15
7
6
9
10
8
7
10
14
8
9
6
12
10
10
7
7
12
8
9
7
7
6
6
5
7
12
10
1
7
10
7
-1
1
8
6
9
7
4
7
12
11
13
11
10
9
10
7
5
12
8
4
6
6
8
10
8
4
11
16
10
15
10
9
11
9
11
9
8
9
7
5
7
7
4
8
8
7
13
8
5
9
7
8
8
6
-1
5
6
-1
6
8
3
8
8
9
7
8
10
5
2
6
6
5
7
5
4
-1
2
1
12
6
1
6
0
-1
1
2
-3
-3
2
0
1
-4
4
2
-5
0
-6
-3
-4
-1
-2
1
2
-3
-1
0
4
-1
-5
2
5
2
2
2
4
2
-3
7
2
-3
5
8
-1
2
5
2
-1
0
3
1
-1
-1
1
5
4
5
8
-3
-3
-2
-6
5
7
0
0
1
7
8
-1
-3
-4
-2
3
-2
-2
3
3
-1
-2
3
6
2
4
-5
-7
0
4
1
-4
0
2
2
-3
4
-1
-1
7
-2
7
2
-3
3
-1
3
5
4
4
7
6
0
6
-2
2
6
3
4
-1
0
7
1
4
3
-4
-2
-3
2
-2
3
0
-3
-4
2
0
0
-2
-4
-3
1
3
-1
6
1
0
0
5
5
1
7
5
10
10
7
3
7
7
15
15
4
7
9
12
12
10
6
12
11
12
10
6
4
14
7
4
3
5
3
1
1
7
13
10
10
10
8
9
9
5
11
11
11
10
3
8
12
7
10
9
10
14
8
18
18
13
12
12
17
11
13
15
8
9
11
6
5
9
7
4
10
11
14
11
11
13
12
7
18
13
13
11
8
11
8
11
15
14
8
17
16
19
17
9
11
6
10
12
10
18
11
14
15
12
9
11
13
12
11
11
14
12
12
10
7
8
8
10
9
10
11
8
13
11
11
7
8
10
3
4
6
9
4
4
7
2
3
2
7
7
7
8
4
8
4
8
5
11
7
11
10
5
11
11
14
17
14
12
14
17
12
13
14
14
13
8
4
7
10
7
8
8
5
5
13
8
3
6
11
10
8
11
7
3
6
7
11
12
6
3
3
6
5
-2
5
8
6
7
8
1
0
4
2
5
4
11
7
6
6
8
9
7
11
1
11
4
7
9
5
9
11
4
7
6
3
6
6
3
2
3
0
6
5
4
7
2
3
1
0
-1
-7
0
-5
-2
0
-2
0
-3
-1
1
4
5
4
-2
4
-2
-5
3
0
0
0
-1
3
3
-1
0
-4
0
0
-3
7
1
-1
-6
-1
1
2
1
-5
-1
2
-2
-2
-3
-6
-5
0
-1
-4
-4
0
4
-5
-7
-1
-7
0
1
-1
2
-3
-3
-5
1
-1
-3
-7
-5
-5
-3
-4
-8
-7
-4
-3
-3
2
-3
-4
-7
-5
-5
-4
-11
-9
-6
-6
-5
-11
-8
-8
-6
-8
-5
-4
-8
-9
-11
-9
-12
-14
-11
-10
-10
-10
-10
-10
-13
-15
-15
-9
-14
-12
-10
-8
-9
-3
-2
-9
-10
-11
-16
-11
-9
-13
-8
-5
-9
-8
-9
-12
-8
-7
-6
-7
-11
-8
-12
-8
-8
-9
-8
-8
-4
-9
-12
-8
-4
-6
-9
-11
-10
-7
-3
-11
-11
-12
-12
-10
-7
-3
-4
-4
-9
-6
-4
-3
-2
-3
1
-4
-4
-1
-7
-6
-4
-4
-9
-14
-9
-10
-9
-11
-11
-10
-8
-6
-10
-6
-6
-10
-9
-10
-5
-4
-2
0
-5
-1
-2
-4
-8
-3
-3
-6
-6
-3
-3
-6
-1
0
-5
-2
-8
-5
-1
-5
-11
-8
-11
-5
-5
-3
-4
-5
-5
-6
-4
-12
-7
-6
-5
-10
-6
-1
-4
3
-2
-3
-4
-2
-5
-3
0
4
1
3
6
2
-1
-3
6
2
1
2
-1
2
4
1
2
2
-3
5
7
3
7
7
3
3
6
4
4
5
5
7
1
4
8
5
5
8
3
3
7
6
7
2
4
5
5
2
0
3
4
6
7
5
-1
2
0
4
1
3
6
2
1
6
2
-1
2
-3
-1
8
5
2
2
5
8
3
6
0
-1
-1
2
0
-7
-1
0
-3
-1
-7
-6
-3
-3
-3
-3
-4
-4
-2
0
-4
-10
-12
-3
2
1
1
2
1
0
3
-1
1
3
2
3
4
1
5
4
5
-4
-1
2
-1
2
-2
-2
-4
-1
-2
-2
0
-1
1
-3
-5
-2
-6
-7
-8
-9
-5
-2
-1
-2
-1
-6
-2
-5
-5
-3
2
-8
-3
-2
-7
0
2
3
3
3
2
5
1
0
-5
0
-3
-4
-6
-3
1
0
-4
-2
-6
-11
-5
-9
-8
-11
-9
-12
-14
-11
-11
-10
-9
-8
-12
-15
-5
-7
-13
-7
-8
-5
-5
-5
-9
-8
0
-6
-7
-8
-6
5
0
-5
-1
2
-1
-2
-4
-1
2
1
-3
-5
-6
-6
2
-2
0
-1
-2
0
-4
-4
-7
-3
-5
0
-3
-5
-4
-6
-3
-1
-4
-2
-1
-2
-3
-10
-12
-6
-2
-6
-6
-5
-2
-3
-5
-3
-5
-5
1
-2
-1
-4
-4
-3
-5
-4
-3
-5
0
3
-2
-4
-6
2
-4
-5
-5
-4
-1
-1
2
-5
-9
-12
-5
-8
-9
-10
-10
-10
-10
-8
-11
-11
-12
-9
-10
-8
-11
-8
-6
-9
-3
-6
-9
-8
-9
-13
-13
-9
-9
-13
-8
-9
-12
-13
-16
-13
-11
-10
-12
-10
-8
-8
-13
-11
-7
-7
-8
-12
-10
-4
-9
-12
-10
-11
-10
-10
-14
-11
-9
-9
-10
-13
-9
-9
-13
-14
-12
-8
-9
-12
-7
-6
-6
-6
-4
-6
-4
-2
0
-5
-4
-8
-8
-12
-10
-5
-5
-5
-8
-6
-7
-11
-10
-9
-6
-7
-11
-12
-6
-6
-6
-7
-6
-6
-8
-5
-4
-2
-8
-3
-1
-4
-6
-4
-7
-3
-9
-3
-6
-6
-8
-4
1
-1
4
1
-6
-1
2
-3
-2
-1
1
-3
3
-2
-6
0
-6
-3
-2
-1
-1
1
-5
-5
-2
-5
-2
-1
-5
-9
-1
-7
-2
3
1
2
1
5
-1
1
-1
-1
-4
-5
6
4
-1
-2
0
-1
3
2
-1
6
1
1
2
3
0
5
2
2
2
7
6
6
5
2
7
2
3
-4
0
0
-5
3
-2
-11
-2
2
1
2
-3
-4
-1
-3
-2
1
1
7
7
4
5
5
10
8
4
3
-1
8
7
0
5
7
9
4
4
3
1
3
8
3
-5
1
6
4
0
6
6
5
5
7
10
4
2
-1
2
-1
-1
5
0
1
5
8
-2
0
0
1
-4
-6
4
2
-1
-1
4
-2
-4
1
0
-3
-1
-6
-1
-2
-3
-3
3
0
4
4
-2
-4
-4
-1
-4
-3
-2
-3
-7
-2
-7
-5
-1
-6
-6
1
-6
0
-2
3
0
-1
-1
-5
-2
1
3
-2
-2
0
4
0
-1
-4
-2
-4
-7
-3
-2
-2
-2
-3
3
-6
-7
-8
-6
-5
-9
-8
1
-2
-11
-2
-4
-8
-2
-2
-9
-9
-9
-5
-7
-1
-4
-10
-8
-3
-7
-7
-3
-9
-7
-2
-11
-4
-4
-6
-5
-4
-7
-3
-6
-7
-2
-7
-3
-2
-4
-1
-10
-9
-7
-9
-6
-8
-5
-5
-10
-8
-2
-6
-3
-4
-7
-15
-12
-8
-7
-4
-5
-4
-4
-6
-10
-6
-12
-12
-6
-7
3
-7
-3
-3
-1
-2
-3
-4
-5
1
-5
-2
-2
-3
-7
-5
-13
-10
-9
-7
-8
-11
-9
-6
-4
-8
-7
-8
-8
-5
-7
-10
-14
-9
-10
-8
-11
-6
-5
-4
-2
-4
-4
-6
-3
-5
-1
-8
-2
-7
-6
0
-3
-6
-8
0
0
-5
-4
-4
-3
1
-6
-4
-5
-2
-3
-5
-2
3
-1
-8
-1
-3
0
2
-1
-8
-1
-1
-2
0
-3
-4
-10
-4
-7
-4
-6
-8
-2
-6
-3
-4
-5
0
-2
-1
-4
-3
-3
-5
-4
-2
2
-1
-2
-7
-5
-5
-7
-5
-2
-10
-9
-9
-8
-9
-5
-7
-8
-3
-8
-4
0
0
2
4
-1
-4
-2
-9
-3
-8
-5
-4
-3
-2
0
-1
-2
2
-3
-3
-3
-1
-1
-5
-6
-2
-4
-7
-3
1
4
0
0
3
-2
-8
-1
-6
-5
-2
-10
-5
-7
-5
-6
-9
0
-5
-5
-3
-6
-3
-8
-3
-3
-3
-7
-9
-5
0
3
-5
-6
-4
-1
-3
-6
-4
-6
-4
-8
-6
-4
-2
-5
-8
-7
-4
-11
-12
-5
-7
-8
-8
-5
-5
-2
-1
-4
0
1
-2
2
0
2
5
1
2
-2
1
-1
-3
2
-1
2
5
4
4
3
6
6
5
-3
1
2
2
2
1
1
-2
-1
1
-1
3
6
2
4
1
6
9
3
5
1
6
6
2
3
6
1
-2
2
-4
-4
-5
8
6
2
5
6
3
2
4
4
7
4
6
6
8
5
9
5
6
-2
4
8
16
13
15
10
9
15
12
15
10
9
13
13
10
16
10
7
11
9
13
10
4
5
3
9
6
2
4
4
1
1
7
2
2
-1
0
4
2
2
-2
0
3
1
0
4
7
6
0
1
3
-3
1
1
3
4
-3
-1
1
6
4
0
4
-3
2
1
-1
-4
-6
-2
1
-3
-8
-1
-7
-4
-5
3
1
-3
-1
-5
-2
-5
-4
-5
-4
-2
-6
-7
-5
-5
-6
-1
-2
-2
1
-5
-3
-4
-3
-4
-6
-5
-5
-7
-5
-5
-4
-3
-3
1
2
-4
-5
-4
-9
-8
-11
-6
-6
-11
-9
-5
-7
-6
-5
-11
-9
-6
-11
-8
-8
-7
-12
-15
-10
-15
-11
-10
-8
-6
-10
-5
-6
-5
-6
-11
-5
-10
-8
-8
-7
-7
-4
-2
-8
-4
-8
-4
-4
-7
-4
-6
-3
-11
-11
-8
-9
-8
-10
-11
-8
-3
-15
-11
-8
-12
-3
-4
-7
-6
-4
-5
-5
-11
-9
-10
-8
-10
-8
-13
-6
-11
-12
-9
-10
-8
-8
-7
-6
-10
-14
-9
-11
-10
-10
-10
-9
-7
-5
-9
-9
-10
-9
-8
-13
-13
-14
-9
-13
-12
-14
-13
-12
-13
-12
-14
-12
-14
-15
-12
-11
-10
-12
-12
-12
-16
-11
-11
-11
-11
-9
-12
-11
-14
-10
-12
-12
-7
-11
-12
-10
-8
-11
-8
-14
-17
-10
-19
-18
-13
-10
-7
-10
-15
-7
-7
-13
-16
-16
-10
-6
-7
-15
-10
-11
-12
-13
-10
-4
-9
-7
-11
-10
-6
-6
-5
-4
-7
-9
-12
-14
-10
-7
-1
-2
-10
-8
-9
-11
-7
-6
-8
-7
-3
-10
-9
-6
-8
-10
-9
-5
-11
-14
-5
-12
-6
-9
-11
-7
-12
-12
-10
-9
-7
-9
-12
-6
-7
-8
-9
-9
-7
-8
-5
-6
-8
-7
-14
-8
-9
-4
-9
-5
-10
-7
-2
-13
-8
-11
-5
-9
-3
-5
-7
-7
-11
-10
-11
-11
-8
-6
-8
-7
-4
-4
-8
0
-3
2
1
-3
-5
-7
-3
1
-4
-10
-1
-2
-6
-7
-4
4
-1
-3
1
-9
-4
0
4
-3
-3
6
4
1
5
4
1
2
0
2
-3
6
-1
-3
-4
0
11
6
3
4
2
8
9
7
6
0
4
7
9
7
9
11
7
9
13
3
3
11
6
4
6
3
10
3
3
7
1
6
4
4
5
4
9
5
6
6
5
6
5
4
7
4
4
4
4
5
7
2
2
8
4
10
8
8
6
1
6
-1
3
4
4
8
8
6
4
2
3
2
5
6
2
0
2
5
2
8
7
1
4
7
0
3
4
-3
0
4
-2
-2
3
0
-6
-1
2
1
-1
2
-3
0
3
-6
3
-2
-6
2
2
-2
2
-1
-3
-1
0
-1
1
2
3
4
0
-2
-2
-4
2
5
1
6
4
-1
2
6
3
5
-3
0
4
1
1
0
4
-3
-3
-2
4
4
6
8
-1
3
2
1
8
6
0
1
-1
7
6
1
3
4
5
0
4
8
3
2
5
4
8
3
0
3
3
-1
3
0
-4
2
-2
1
0
-2
0
2
6
0
-3
0
-4
-3
2
-3
-1
-4
-5
1
-1
0
-4
3
-3
-1
-3
-1
2
-1
2
4
1
2
-5
-1
0
-7
-3
-7
-3
-6
-4
3
-2
-5
-2
-1
0
-2
-3
2
3
1
-1
-1
1
-2
-6
-1
1
-1
-1
-1
5
2
-1
-2
2
0
2
-1
-6
-1
-2
1
-1
1
-2
1
-4
-1
0
-4
3
-2
-2
0
-6
-5
-3
4
-1
0
1
-3
0
3
0
-1
3
-7
1
5
1
3
9
1
-3
7
1
0
-3
2
4
4
9
10
6
4
2
3
2
1
2
2
0
1
-1
1
4
6
5
0
6
2
5
4
6
5
9
8
9
7
-1
10
9
6
5
13
14
6
10
11
10
10
5
5
10
9
8
11
7
7
5
6
9
6
2
4
7
4
7
9
1
4
4
7
5
1
1
4
9
7
5
5
6
8
5
3
6
7
9
4
6
4
2
7
9
13
9
7
9
8
3
5
8
12
13
16
10
12
6
10
7
10
9
6
10
4
6
5
4
4
7
5
8
6
5
4
2
2
-2
2
3
5
11
4
8
8
0
4
1
0
1
2
2
5
1
-1
5
5
5
9
7
-1
2
2
3
8
11
6
6
7
7
9
6
5
7
9
3
12
10
9
9
8
8
7
13
7
7
6
8
4
10
6
10
9
7
11
9
2
4
10
4
9
11
4
0
6
6
3
6
6
2
4
12
8
5
6
4
6
7
6
0
3
2
5
-1
6
7
4
6
6
7
0
5
9
5
0
-1
2
5
3
2
1
-4
-1
-1
0
-3
-6
2
4
9
3
7
1
5
5
2
2
-4
2
0
3
1
1
2
4
0
0
-4
1
2
4
5
2
0
-2
8
3
1
4
4
7
7
5
3
5
5
5
3
-3
7
5
0
2
3
1
-3
-3
-9
-3
-7
-6
-2
-6
-4
-5
-5
0
-2
2
-2
0
-1
2
0
-6
-3
-3
-7
-6
-4
1
-2
-7
3
-6
0
0
-9
-4
4
-2
-2
-2
-2
2
-8
0
2
0
-1
-2
-2
-7
-2
-5
-2
1
-2
1
0
-3
-1
4
1
0
1
3
0
2
-2
0
1
0
2
0
6
6
4
2
2
3
0
3
3
5
3
1
-1
-2
3
-4
-5
-7
-5
-7
-1
0
1
0
-2
2
4
3
-3
-3
-1
3
1
-1
-2
1
2
0
-4
3
3
3
-1
0
-3
0
-2
-6
-6
-6
-2
-8
2
1
-5
