-1
2
8
11
7
6
3
5
6
3
4
2
3
3
-1
3
6
7
9
2
7
6
8
6
1
5
8
8
4
0
1
0
6
4
1
4
3
4
-3
7
5
12
8
7
8
4
4
14
9
8
7
9
11
11
13
6
9
10
11
11
14
10
15
12
14
14
7
7
4
12
11
12
16
13
12
10
11
18
10
7
12
14
13
11
16
15
14
12
12
10
12
16
11
17
21
21
23
16
12
13
21
19
16
16
20
21
17
23
22
15
7
9
16
14
12
10
12
7
6
15
10
17
14
11
15
13
14
17
16
14
14
9
15
15
16
17
16
18
13
13
16
13
11
12
18
13
10
18
16
13
15
16
15
10
7
18
17
11
15
16
20
16
15
13
16
16
14
16
19
15
10
12
18
15
15
18
17
14
20
20
15
17
19
22
16
20
21
21
24
18
19
20
23
22
18
23
21
22
17
21
24
23
18
22
23
19
14
16
25
20
22
24
24
18
15
23
18
18
23
18
17
17
14
10
16
19
12
13
13
18
10
16
12
12
11
7
5
9
8
10
11
9
14
11
8
9
12
7
10
5
10
3
-2
3
6
9
4
3
1
6
4
6
3
2
4
2
-3
4
6
2
1
8
5
1
3
5
9
3
10
9
4
5
8
2
10
7
9
5
7
7
8
7
11
14
10
17
14
10
11
16
12
9
8
6
4
1
12
10
9
10
4
11
13
12
10
10
9
15
14
8
13
14
11
11
15
21
15
8
15
14
12
11
9
12
14
13
17
17
13
10
14
8
15
16
13
15
15
12
7
11
12
9
11
11
15
13
11
14
9
10
8
9
12
11
10
9
14
11
11
13
10
9
8
9
12
9
13
10
6
16
12
8
10
11
10
8
10
11
10
5
6
7
7
6
8
9
10
13
8
4
7
6
4
5
5
11
8
4
6
5
6
3
2
5
5
2
2
-1
3
-1
7
7
2
5
10
8
6
6
7
12
10
8
9
9
7
6
6
6
2
9
3
-2
5
7
12
5
5
1
7
4
2
4
10
9
4
5
8
9
-1
0
1
5
3
0
-1
3
6
8
5
2
5
2
1
-3
0
-1
-9
-2
1
1
3
0
0
-2
-3
0
0
0
-3
0
-3
-4
-4
-5
-5
1
0
-2
2
-5
-6
-4
-4
-5
-6
-4
-4
1
-3
-2
1
-1
2
-1
5
-1
2
4
3
6
6
3
4
3
4
0
2
2
-1
0
-2
4
1
4
1
1
-4
-5
-6
-6
-4
-2
-2
-1
-5
0
0
-6
-4
-2
-3
-6
-6
-3
-2
1
-3
-5
-2
-2
2
-7
4
2
-3
2
5
3
3
4
1
5
-1
2
-1
-2
4
-4
-6
-4
-4
-6
-6
-4
-5
-4
-3
-8
-2
-6
-9
-14
-10
-9
-10
-4
-3
0
-10
-6
-5
-8
-5
-7
-6
-3
-3
-3
-5
-7
-3
-6
1
1
-4
-1
-3
0
1
-1
3
-2
-2
4
-1
0
-1
0
-3
-7
-2
-2
-5
-2
-1
2
1
-3
0
-2
0
-3
0
0
1
-3
1
0
-2
-4
-4
-2
-9
-4
-1
-3
-4
-7
-7
-4
-1
3
5
-3
-7
0
6
8
1
2
1
4
4
4
4
1
6
6
4
6
6
2
2
2
-2
-1
1
0
-3
4
3
-2
-4
-3
-4
-8
1
0
-3
0
-5
-2
0
-7
-4
-2
1
-1
-6
-6
-7
-10
-4
-8
-10
-3
-5
-6
-8
-3
-5
-1
-1
-1
-3
-8
-6
-4
2
-5
-1
-4
-8
-4
-1
-3
-4
1
-3
-1
-1
0
-3
2
-2
-2
-3
-4
0
-5
-5
-3
2
2
-10
-4
1
-2
-5
-4
-2
-5
1
-2
-5
-4
-3
-8
-9
-5
-5
-4
-5
-1
-2
-1
0
-2
-2
-7
-5
-3
-5
-2
-1
-3
1
0
-1
4
-3
-7
-1
-1
-2
-3
0
-3
-5
-2
-2
-6
0
0
0
-5
1
2
-1
-5
-1
3
-3
-4
-2
1
-3
-7
-4
-1
-3
-1
-4
-2
-1
-7
-6
-11
-6
-6
0
-5
-12
-9
-4
-2
-1
-4
-11
-8
-7
-3
-5
-7
-6
-9
-8
-3
-7
-10
-8
-12
-13
-14
-17
-11
-14
-9
-9
-11
-14
-10
-12
-13
-11
-11
-8
-9
-10
-12
-15
-21
-10
-14
-8
-12
-10
-6
-10
-7
-10
-6
-9
-10
-5
-8
-10
-6
-3
-5
-7
-3
-5
-4
-5
-8
-3
-2
-5
-6
-6
-8
-4
-4
-2
-5
-1
-9
-4
2
-2
3
3
3
4
2
1
0
0
-1
-3
2
1
2
4
0
1
5
5
-1
0
-7
-5
5
-1
3
-5
1
3
1
2
2
2
4
2
2
4
1
3
4
6
1
1
0
1
-1
1
-3
1
2
1
-1
-1
1
-2
4
-2
-1
2
-3
-3
0
1
-1
-2
-2
-1
-1
-7
1
-5
-3
-4
0
1
-2
1
2
2
0
-3
0
4
-1
3
2
5
3
-2
3
5
-1
-3
-2
6
3
3
-7
0
0
-1
4
1
2
-5
0
-3
0
0
0
2
-2
3
-4
-9
-4
0
1
1
-1
-1
1
-4
-3
-7
-7
-1
-5
-4
-4
-5
-7
-5
-8
-4
1
-6
-4
2
-4
-2
5
2
-1
0
1
-4
-5
-2
-6
-8
-7
-9
-5
-4
-2
-2
-5
-3
-2
0
-6
-6
-1
-4
-4
-5
-6
-3
-2
-6
1
-1
-5
-1
-2
-7
-7
-9
-5
-7
-10
-5
-5
-8
-5
-8
-8
-10
-11
-4
-12
-6
-7
-11
-13
-11
-5
-7
-1
-1
-1
-4
-6
-8
-9
-7
-14
-9
-7
-4
-7
-5
-1
-11
-3
-3
-4
-1
-2
-1
-4
-5
-6
-8
-6
-6
-8
-3
-3
-8
-5
-10
-6
-6
-7
-10
-5
-5
-5
-5
-7
-8
-6
-3
-7
-2
-5
-7
-6
-9
-8
-10
-10
-11
-14
-12
-8
-7
-8
-8
-7
-5
-12
-14
-8
-7
-12
-11
-13
-14
-21
-12
-13
-16
-7
-12
-10
-6
-8
-7
-11
-12
-12
-16
-13
-14
-7
-11
-6
-6
-3
-6
-8
-7
-9
-12
-13
-7
-9
-5
-7
-6
-8
0
-5
-7
-6
-4
-9
-11
-4
-14
-9
-9
-9
-4
-6
-11
-6
-7
-7
-4
-11
-13
-12
-12
-11
-6
-10
-8
-8
-5
-12
-13
-5
-3
-1
-3
-2
-9
-9
-4
3
2
6
-2
-5
-4
-9
-7
-4
-2
-6
-5
-4
-8
-5
-6
-6
1
-3
-10
-7
-7
-2
-1
-1
-6
-7
0
-10
-3
-5
-4
0
-3
0
-4
0
-2
-6
-3
-7
-6
0
-7
4
-3
-9
-6
-6
-1
-2
-6
-4
-4
-9
-1
-4
-5
-6
-5
-6
-8
-7
-4
2
-4
-4
-4
-2
-6
-5
-7
-11
-6
-9
-7
-12
-8
-9
-14
-2
-8
-10
-8
-8
-9
-8
-5
-9
-8
-10
-8
-12
-10
-5
-7
-8
-9
-15
-13
0
-10
-12
-12
-14
-11
-8
-6
-8
-2
-8
-11
-10
-6
-3
-6
-9
-12
-10
-10
-6
0
-4
-5
-5
0
-1
-7
-4
-5
0
-1
-2
-3
-4
4
2
0
6
-2
0
2
2
7
6
8
4
0
-5
1
1
-4
-2
4
1
2
-1
2
1
-6
-1
-5
-1
-2
2
-1
-8
-5
-6
-8
-6
-8
-3
-8
-9
-6
-7
-8
-10
-7
-12
-12
-12
-16
-13
-11
-19
-15
-12
-15
-13
-18
-17
-18
-14
-11
-15
-11
-11
-18
-17
-11
-17
-17
-15
-12
-14
-16
-18
-18
-18
-17
-12
-21
-16
-14
-15
-17
-13
-16
-18
-11
-16
-12
-14
-13
-14
-13
-14
-18
-20
-14
-11
-16
-14
-15
-16
-12
-10
-12
-13
-13
-12
-14
-12
-11
-9
-11
-12
-15
-15
-9
-9
-8
-5
-5
-8
-11
-9
-4
-5
-3
-8
-5
-4
-9
-6
-4
-8
-9
-9
-14
-12
-6
-7
-13
-15
-11
-11
-4
-11
-6
-8
-10
-13
-10
-4
-7
-5
-9
-9
-9
-10
-9
-9
-16
-12
-9
-12
-13
-16
-13
-8
-12
-9
-10
-10
-6
-6
-7
-6
-7
-13
-11
-11
-10
-12
-12
-13
-5
-6
-5
-6
-11
-8
-4
-5
-9
-8
-11
-13
-11
-12
-11
-11
-13
-7
-10
-10
-17
-9
-9
-4
-7
-10
-9
-9
-10
-9
-9
-6
-9
-10
-10
-15
-13
-10
-10
-13
-7
-8
-12
-13
-6
-9
-11
-6
-9
-5
-9
-12
-12
-7
-5
-11
-11
-8
-8
-9
-5
-12
-6
-10
-12
-10
-10
-7
-10
-10
-7
-8
-8
-3
-6
-9
-10
-9
-7
-7
-10
-9
-15
-15
-14
-12
-11
-9
-7
-9
-6
-10
-6
-10
-12
-14
-6
-7
-7
-9
-15
-4
-11
-11
-11
-16
-14
-10
-11
-7
-7
-10
-7
-10
-12
-13
-10
-11
-8
-13
-6
-9
-7
-3
-9
-9
-7
-11
-9
-9
-4
-8
-6
-3
-5
-6
-6
-5
-7
-6
-9
-1
-4
-4
-2
0
-3
-4
1
-1
1
1
4
0
3
6
5
4
8
6
0
7
2
5
6
9
8
9
8
10
9
3
1
1
4
3
6
7
5
4
2
0
4
1
3
3
7
2
-1
5
4
7
10
6
6
9
9
8
12
8
12
13
9
7
6
7
7
5
1
4
5
7
8
7
7
7
7
7
6
2
10
8
9
14
8
6
8
6
5
8
9
7
7
11
10
7
5
11
7
9
7
5
7
7
15
10
6
11
18
14
14
11
9
11
8
9
14
14
6
12
15
17
11
12
12
17
15
16
18
13
19
12
14
17
17
15
16
20
17
16
19
17
16
14
19
13
18
18
16
16
10
14
16
17
18
18
12
12
17
14
13
19
16
20
17
17
19
15
16
15
15
11
16
16
13
19
14
16
18
14
18
12
12
16
14
12
15
13
13
12
11
9
9
16
15
16
15
14
8
6
11
15
16
13
8
9
8
14
14
10
12
10
10
13
12
9
8
12
14
11
10
9
14
9
10
10
10
10
18
12
18
18
12
10
13
15
11
14
12
16
16
12
8
13
7
13
13
12
12
9
8
8
9
10
11
11
11
13
9
16
21
10
9
11
15
15
9
12
8
9
10
12
12
11
13
4
9
4
5
6
6
4
13
12
5
7
5
3
1
6
5
8
4
-4
3
2
6
8
6
5
5
11
4
5
3
8
3
2
2
-6
2
9
5
4
4
5
2
6
3
4
6
1
3
3
6
2
1
4
2
1
0
7
-1
0
2
2
-1
0
6
0
3
0
4
4
2
4
3
1
3
7
7
4
0
0
2
8
1
3
4
2
4
7
11
8
9
12
10
4
6
9
13
6
4
11
8
6
10
12
8
5
3
6
7
8
4
5
8
7
9
5
7
9
10
11
9
11
12
11
13
6
8
14
7
7
9
10
6
5
8
7
9
8
6
15
8
11
6
6
9
1
5
4
6
5
5
4
6
9
8
9
5
9
6
8
11
6
9
5
4
7
7
6
10
10
14
15
15
15
14
11
13
12
10
7
6
7
13
16
13
16
10
11
13
14
16
10
13
15
15
19
14
16
15
14
14
17
14
10
19
19
16
15
17
12
17
11
15
17
7
13
14
15
9
13
14
12
12
14
13
13
12
13
10
11
17
13
7
10
6
12
15
12
7
10
11
9
6
7
12
9
6
7
9
8
12
10
15
18
10
14
12
8
12
7
6
9
16
16
11
10
10
6
6
8
9
7
6
9
8
10
12
2
5
9
10
7
8
5
12
10
4
11
5
5
3
6
14
11
10
11
9
10
15
6
6
10
6
8
8
11
11
11
11
9
4
11
6
5
7
5
5
8
11
5
3
3
9
9
11
4
8
10
10
2
3
3
-2
4
6
7
7
9
5
9
8
9
10
13
11
11
11
8
12
12
7
2
11
8
5
4
9
11
10
10
7
9
9
7
6
10
11
6
8
2
7
5
3
6
-5
0
4
1
-3
-3
-4
-7
-3
-7
-6
-7
-11
-6
-5
-4
-6
-7
-4
-3
-3
-3
-5
-9
-8
-4
-6
-5
0
3
-3
-3
-7
-1
-2
-7
-3
-7
-5
1
3
-6
-3
-3
-5
3
1
4
1
2
2
3
0
-1
6
7
6
2
8
7
12
12
6
10
7
6
8
5
10
9
7
9
10
5
7
11
5
8
9
7
9
6
5
5
9
14
9
5
9
4
3
1
4
4
4
5
6
2
8
10
5
8
5
9
6
13
11
10
7
2
-1
5
7
7
5
5
10
8
9
0
6
5
11
9
3
4
6
9
8
6
7
6
14
12
7
6
4
0
3
6
5
5
5
2
3
4
2
5
-3
1
2
8
3
7
7
9
9
6
8
5
9
4
5
10
12
11
10
12
8
11
11
14
12
10
11
13
9
8
8
8
7
11
9
9
11
4
4
11
12
6
6
1
6
8
9
7
6
2
-1
-3
2
1
6
3
-1
2
0
0
-1
-1
-2
-3
-1
-2
-3
-1
-1
3
5
3
2
-1
-1
5
-1
-4
-1
-2
1
1
-3
-1
3
2
3
-1
3
8
5
7
5
3
0
6
7
7
0
4
7
3
5
3
-1
1
6
6
6
4
4
0
0
3
7
2
4
2
3
-5
2
5
2
6
-2
-1
-5
-1
1
3
5
1
2
3
-2
-1
-2
-2
-1
-4
-4
-1
-2
-3
-5
-1
1
-4
-2
-7
-2
2
4
2
-2
5
1
-2
-2
-7
-7
-7
-4
3
-4
-3
-1
0
-5
-1
-1
-8
-6
-9
-6
-4
-1
-3
0
-3
-1
-1
2
-1
0
-1
-3
-1
-5
-10
-4
-4
-3
-5
-5
-4
-9
-7
-3
-7
-5
0
1
-1
-1
-5
-1
5
1
-3
-2
-1
-4
-2
-2
5
1
-1
1
-2
0
-4
-6
4
1
0
-3
-2
-2
-5
0
-3
-7
0
0
-4
-2
-6
-5
-4
-4
2
-7
-2
-3
-6
0
-1
-2
-1
-4
-2
-2
-3
-3
-1
4
3
0
4
5
-2
1
-5
0
1
0
2
-3
-6
-2
-6
-4
-5
-3
-2
-2
-6
-5
-5
-6
-3
-6
-3
-8
-8
-11
-5
-7
-6
-10
-5
-7
-8
-6
-5
-3
-10
-6
-5
-3
-3
-8
-5
-11
-8
-3
-8
-3
-7
-5
-7
-5
-6
-9
-5
-3
-6
-10
-12
-6
-7
-2
0
-4
-4
-11
-2
-5
-7
-8
-4
-4
-7
-3
-6
-9
-3
-5
-7
-7
-7
-4
-11
-6
0
-6
-6
-4
-8
-7
-5
-6
-7
-8
-4
-4
-11
-10
-7
-9
-12
-7
-7
-9
-1
-9
-11
-9
-11
-6
-11
-12
-9
-14
-11
-9
-7
-12
-10
-6
-8
-7
-11
-8
-6
-11
-6
-7
-6
-6
-8
-11
-15
-9
-2
-6
-2
-5
-7
-8
-11
-5
-6
-7
-6
-8
-8
-8
-10
-8
-9
-11
-8
-7
-11
-14
-11
-11
-8
-9
-14
-10
-15
-13
-9
-15
-13
-15
-14
-10
-9
-8
-11
-14
-12
-13
-13
-11
-10
-13
-17
-10
-19
-14
-12
-15
-12
-9
-7
-12
-12
-13
-12
-10
-11
-16
-10
-9
-7
-9
-13
-11
-12
-10
-5
-11
-12
-13
-11
-10
-14
-13
-14
-13
-11
-12
-10
-12
-10
-9
-7
-4
-6
-8
-6
-12
-7
-11
-10
-8
-5
-4
-6
-2
-2
1
-2
0
-3
-5
-4
-3
-6
-1
-3
-5
-2
-4
-3
-5
-6
-5
-5
-4
-3
-6
-8
-2
-1
2
-1
-1
-4
-3
-5
-5
-3
-2
3
0
0
1
-1
-3
-4
-2
2
0
0
0
-2
2
1
5
5
1
6
5
3
5
9
3
1
3
3
1
2
-2
-3
3
-2
-2
0
-3
0
-2
-3
1
0
-2
3
3
-2
2
6
2
-5
2
-1
-1
-4
-9
-6
-6
-7
-5
-10
-8
-2
-5
-9
-2
0
-7
-4
-1
-3
-7
-6
-4
-8
-5
-1
-3
-6
-5
3
-1
1
1
-3
-3
-1
0
-3
-4
3
3
5
5
-1
8
1
-1
0
0
2
0
-3
0
-1
-5
3
1
-1
0
1
1
-3
-2
-5
1
0
-3
-1
-8
-14
-5
-6
-10
-14
-8
-5
-12
-6
-8
-4
-7
-10
-10
-14
-15
-10
-10
-10
-9
-8
-7
-5
-6
-3
-3
-4
-4
-2
-4
-3
-3
-5
-5
-5
-2
-4
-1
0
1
-4
-3
-5
-9
-6
-7
-5
-9
-6
-8
-9
-8
-13
-7
-6
-7
-5
-2
-3
-5
-4
1
-2
-8
-6
-5
-2
2
-6
-6
0
-4
-3
-3
-1
1
0
-4
-2
-2
-4
-2
1
2
-3
0
-4
-5
-5
0
-3
-6
-6
-2
-1
-3
-1
0
-4
-7
0
-7
-5
5
-1
-7
-2
0
0
-4
-6
-1
-6
-7
-5
-5
-2
-3
-1
-5
-6
-6
-6
-9
-2
-3
-7
-15
-13
-7
-8
-8
-5
-6
-12
-4
-6
-2
-12
-8
-7
-7
-4
-11
-10
-15
-6
-8
-9
-10
-13
-13
-14
-15
-12
-16
-15
-19
-8
-7
-14
-10
-14
-9
-9
-10
-6
-9
-8
-9
-2
-8
-9
-5
-6
-6
-10
-8
-3
-3
2
-1
0
3
-3
-6
-4
-7
-2
1
-1
1
-5
-3
-5
-2
-1
-3
-1
1
3
4
-1
-2
-3
1
0
-4
1
-1
-5
2
-1
-3
1
-3
1
2
3
1
-4
-2
2
2
-8
-9
-1
1
-5
-5
-1
-5
-7
-9
-5
-8
-7
-8
-6
-4
-6
-10
-12
-9
-9
-8
-4
-5
-10
-11
-8
-8
-12
-5
-11
-14
-8
-11
-9
-12
-10
-3
-5
-9
-9
-12
-13
-7
-7
-8
-10
-9
-3
-11
-11
-8
-11
-11
-11
-11
-12
-16
-11
-9
-14
-12
-8
-11
-11
-9
-11
-8
-14
-11
-10
-14
-16
-4
-8
-9
-6
-11
-10
-7
-5
-3
-5
-3
-5
-11
-5
-5
1
-5
-3
0
-4
-3
-3
-2
-1
-6
-8
-4
-4
-1
-5
-1
-7
-5
-4
-6
-5
-5
-6
-6
-5
-1
-5
-8
-2
-4
-1
-1
-2
-9
-10
-5
-5
-2
-10
-6
2
-3
-6
1
-6
-5
2
-2
-6
-8
-7
-6
-3
-4
-8
-9
-8
0
-8
-9
-3
-11
-12
-14
-5
-4
-14
-9
-8
-6
-10
-5
-5
-7
-11
-10
-9
-12
-10
-13
-16
-14
-6
-8
-9
-6
-1
-5
-9
-6
-10
-9
-3
-4
-5
-7
-6
-5
-4
-2
-5
-6
-8
-2
-5
2
-2
-4
3
-1
0
-2
-4
-5
-3
5
2
-4
-1
-9
-1
-3
-5
-6
0
1
-8
-6
2
-9
-9
-2
-2
-6
-5
-2
-6
-2
-1
-7
3
-2
-5
-2
-2
3
2
0
-2
0
4
-1
1
5
8
1
0
3
5
4
2
6
1
2
1
1
4
4
7
3
3
5
5
6
3
9
12
6
7
7
9
9
3
9
3
3
8
3
2
-1
5
1
-3
6
0
2
4
-3
-1
-1
2
-4
-1
2
0
-1
-1
-1
-1
1
-3
-3
1
-2
1
-2
-7
1
1
-1
-3
-1
-1
-2
0
-1
-3
0
-2
2
-2
0
-3
3
-2
-5
-1
-8
2
-2
7
3
1
7
3
-4
-1
-1
1
4
-2
0
-3
4
4
3
0
-2
1
1
-3
-4
0
2
5
2
-3
-4
-2
-1
-2
-1
-1
0
2
-5
-4
-3
-4
-6
-6
-4
-3
1
-2
-5
-3
1
-4
-6
0
-3
-1
-2
-6
0
2
-2
-9
-6
-5
2
-3
-5
4
-1
1
6
3
0
0
2
2
-2
-2
3
-1
-2
-3
-2
1
3
1
-2
-2
0
-1
-2
1
-2
-5
-1
-1
-2
-3
-1
3
-2
-8
-4
-1
-1
0
-4
0
-1
-2
-2
-3
0
-2
-4
-7
-3
-6
-4
-3
-5
-2
-8
-8
-3
-10
-3
-7
-10
-6
-13
-8
-13
-10
-10
-8
-9
-14
-8
-10
-8
-1
-5
-5
-6
-8
-9
-8
-9
-7
-6
-4
0
-4
-4
-7
-3
-9
-6
-7
-7
-4
-9
-7
-7
-10
-9
-6
-6
-11
-11
-6
-9
-10
-10
-13
-14
-12
-14
-10
-17
-17
-17
-18
-18
-16
-16
-14
-13
-17
-18
-13
-6
-12
-8
-11
-7
-6
-11
-10
-12
-10
-10
-9
-8
-9
-9
-9
-8
-10
-11
-11
-13
-7
-6
-10
-10
-7
-11
-11
-12
-13
-16
-14
-7
-8
-8
-11
-14
-14
-12
-12
-11
-7
-10
-6
-11
-8
-12
-9
-7
-4
-8
-10
-3
-6
-10
-11
-5
-7
-8
-9
-5
-9
-9
-7
-7
-10
-11
-8
-7
-12
-13
-5
-12
-10
-13
-11
-7
-13
-6
-7
-6
-6
-4
-8
-9
-8
-10
-15
-10
-5
-13
-11
-8
-7
-7
-8
-3
-8
-6
-8
-8
-13
-13
-3
-11
-9
-8
-5
-10
-11
-13
-10
-13
-14
-12
-9
-12
-12
-8
-10
-10
-9
-5
-11
-9
-8
-11
-10
-9
-6
-5
-5
-4
-2
-7
-13
-4
-6
-4
-5
1
-2
-6
-2
-7
-6
-5
2
0
0
6
1
-1
3
3
8
3
1
1
6
3
4
8
6
11
9
3
4
6
4
3
0
13
13
19
20
11
1
-1
8
10
11
7
1
-5
1
7
9
-1
-3
6
2
0
4
0
-7
-7
-1
-5
-2
6
13
7
-1
-13
-7
2
-2
-4
-7
-8
-12
-4
5
6
3
-6
-9
-10
-1
-2
1
-2
-9
-8
-14
-3
-2
-3
-9
-7
-5
-4
1
0
0
-5
-7
-12
-5
-1
1
0
-6
-8
-1
-6
-6
0
-2
-2
-5
-3
-3
-13
-8
-11
-10
-4
-4
-6
-4
-7
-10
-3
-5
-5
-8
-9
-9
-12
-11
-8
-3
-1
1
-5
-4
-5
-9
-2
-6
-2
-4
-4
1
-5
-6
-2
-1
2
-1
-6
-6
-5
-2
-6
2
2
2
-2
3
4
-2
2
-2
1
1
1
-2
-6
4
5
6
9
2
3
3
4
8
4
2
7
10
7
6
9
7
6
9
9
3
0
5
5
6
5
8
11
6
8
7
2
3
1
5
1
1
5
7
2
3
6
2
3
0
-1
3
-1
2
4
-5
2
1
-1
-5
-2
1
-7
-4
-4
-3
-1
1
1
-5
-5
-2
1
-2
-4
4
-2
-1
1
-2
0
-4
5
-1
-5
0
-4
-1
0
0
-2
3
3
3
3
1
4
5
2
3
2
-2
-2
-1
2
1
1
-1
0
-3
0
-1
-3
5
3
-3
3
1
4
2
-3
2
-1
0
-2
2
5
1
6
3
-3
1
3
3
3
0
8
11
6
6
1
2
3
5
-1
-2
1
2
3
-4
3
0
-5
-2
-2
0
-4
-1
-5
-3
-4
-5
-8
-2
-4
-4
-6
-7
-1
-5
-3
-8
-5
-4
-4
-4
-4
-3
-7
-4
-3
-6
-4
0
0
-8
-8
-5
-3
-4
-2
-4
-3
-5
-5
-2
-3
0
1
-3
0
-4
-7
-3
-4
-3
-3
-1
1
-4
0
0
-1
-1
-5
-2
-7
-5
1
-2
0
-4
-3
-1
-3
-3
-2
2
1
0
-1
-5
-3
-7
-2
-4
-3
-1
-1
5
3
3
-3
0
-2
-5
-4
-4
-3
-5
-2
-2
2
-5
-3
0
0
-2
0
1
4
0
4
8
4
3
4
3
-2
8
6
4
4
3
-1
1
5
2
4
-3
3
2
2
-2
4
7
2
4
4
9
-2
4
7
5
8
10
3
6
3
8
7
1
11
8
10
3
7
7
7
0
8
6
7
6
3
10
-1
3
2
2
3
0
8
3
12
7
4
8
6
0
2
5
5
4
2
6
3
1
-1
3
6
-1
-2
-4
2
0
2
6
6
4
2
10
5
1
4
7
6
7
-12
19
22
-7
0
17
20
-11
-4
2
-1
1
-1
-6
0
9
0
-4
1
1
0
2
5
-2
-1
3
-4
-7
-1
6
-1
4
6
-1
7
8
8
3
6
7
5
6
1
3
3
-1
5
-3
-1
5
2
-2
1
4
0
2
7
8
8
4
4
4
5
8
10
14
13
10
14
6
7
19
16
15
18
18
11
2
7
14
11
17
23
14
9
7
3
0
2
17
19
8
6
10
-4
-8
-1
3
9
9
5
1
-1
0
2
-2
5
0
-5
0
4
5
1
0
2
5
-5
-13
5
3
-2
13
17
1
-7
-7
-4
4
7
13
17
7
-7
-15
-19
-9
5
7
11
15
12
-7
-30
-18
6
11
19
24
4
-12
-37
-38
-19
9
33
40
35
-8
-38
-45
-26
-13
11
60
64
28
-19
-60
-61
-17
13
46
79
73
54
-89
-223
-83
21
-24
61
162
97
5
-100
-180
-100
16
75
98
93
99
24
-161
-183
-57
36
98
123
116
66
-48
-143
-124
-63
40
149
145
82
14
-79
-128
-98
-22
77
137
126
58
-52
-115
-110
-58
11
89
138
119
12
-85
-101
-95
-31
59
106
116
77
-32
-109
-110
-70
11
85
103
89
22
-70
-104
-96
-38
31
90
104
65
-14
-71
-84
-70
-2
57
80
87
36
-44
-68
-63
-47
17
67
61
49
15
-41
-63
-43
1
33
49
51
19
-10
-29
-44
-31
12
36
33
27
-9
-22
-30
-40
-10
18
33
23
6
-3
-18
-23
-18
-4
17
16
2
1
-10
-27
-15
-2
8
21
7
-11
-7
-2
-8
-11
6
30
14
-7
-3
1
5
0
3
21
19
0
-11
-8
1
13
20
8
13
17
-5
-10
-9
-1
17
23
14
19
19
-4
-8
-10
-3
12
22
22
15
10
4
-14
-10
6
5
14
25
15
-5
-7
-4
-7
-3
10
16
19
12
0
0
-10
-4
8
9
15
17
18
8
-2
-5
1
13
15
16
9
8
8
-1
-8
-4
10
19
15
10
10
13
-2
-9
6
19
16
16
13
2
4
6
-3
2
15
18
15
6
5
9
-1
-5
3
4
6
20
12
-2
5
1
-1
-3
5
15
3
3
10
1
-2
8
14
3
6
13
9
6
7
13
12
4
8
7
1
3
11
20
6
4
7
0
1
1
0
2
9
4
5
3
-4
0
-5
3
5
1
9
4
-9
-1
1
-12
-3
10
14
7
-2
4
3
-7
-6
5
5
11
20
4
0
0
-3
0
-3
11
24
4
-2
6
-7
-9
-3
7
17
15
14
13
1
-13
0
-1
-1
17
20
13
1
-15
-6
-16
-6
23
14
9
12
4
-16
-15
-9
6
20
15
21
15
-4
-7
-3
-5
1
20
19
10
5
-1
-9
-11
-5
4
2
13
23
2
-22
-14
-16
-10
1
0
15
9
1
-10
-19
-11
1
-5
-2
13
15
1
-13
-22
-22
-15
-6
5
6
9
2
-11
-18
-17
-17
-8
7
4
0
7
0
-6
-12
-12
-7
1
-1
2
1
-4
-3
-11
-20
-13
3
3
6
0
-2
-3
-11
-18
-12
-6
-5
1
-10
-2
9
-11
-15
-4
-1
-5
4
3
4
2
-10
-2
1
6
6
2
0
2
-1
-3
1
3
5
4
6
7
1
-8
-8
0
-1
4
20
11
1
3
8
-1
-15
-4
14
4
13
9
-6
1
-2
-15
-12
6
17
15
-3
2
5
-7
-15
-5
3
11
11
1
0
-10
-10
-11
-11
-8
11
11
-11
-1
3
-21
-11
3
2
6
0
0
-7
-15
-11
-2
-3
2
0
-8
-1
-1
-12
-10
8
9
3
-1
7
3
-11
-7
3
6
16
14
6
10
-3
-9
-6
-6
7
9
0
1
0
-7
-14
-6
4
8
11
5
5
-7
-9
-1
-5
4
10
5
-3
-8
-10
-12
-4
4
7
4
-2
6
-6
-13
-4
-2
-3
12
20
2
-3
-1
3
-4
-3
11
5
-2
0
3
-10
9
17
4
9
8
12
-1
-11
2
9
10
7
6
0
-7
-9
-9
-10
-3
9
9
-4
-3
-1
-15
-16
-6
4
11
10
5
1
-11
-9
2
0
4
6
7
5
-7
-18
-1
4
-2
16
7
0
4
-3
-13
-3
5
9
10
2
9
6
-10
0
4
6
9
9
9
3
-3
-3
-9
-10
7
11
1
2
6
-1
-14
-8
4
5
3
6
7
-10
-10
-3
-6
-1
10
8
0
3
0
-7
-9
5
4
-1
9
12
3
-5
0
2
2
1
3
1
2
-5
-5
-6
-4
1
2
3
1
6
-2
-10
-1
6
5
2
-1
5
0
3
2
1
5
3
-3
-6
-7
0
3
-3
2
4
-7
-5
0
-6
-5
-2
6
6
-1
3
9
-7
-9
-13
1
10
8
7
0
3
-4
-8
-3
2
10
5
-3
0
1
-8
-8
-4
-7
7
3
0
2
0
-8
-13
-8
-2
2
1
-1
5
-3
-9
-4
0
-5
-4
-2
-9
-2
2
-8
-8
-3
-3
-2
-10
-7
-11
-13
-5
-7
0
-2
-12
-9
-9
-20
-11
-2
-6
-6
-6
-7
-15
-14
-15
-11
-5
2
-3
-15
-4
-6
-12
-8
-6
-8
-12
-6
-5
-4
-9
-10
-6
-3
-4
-11
-10
-4
-4
-7
-1
1
3
-3
-12
-10
-3
-5
-6
4
8
-1
-5
-9
-9
-7
-5
-2
1
-1
2
-4
-19
-13
-4
-6
-5
7
4
-5
-7
-10
-11
-6
-4
1
6
1
-1
-8
-11
-5
-5
2
5
6
10
2
-1
4
4
2
5
5
5
2
0
6
6
-1
4
4
1
-1
-3
3
1
-3
-2
0
-4
3
9
-4
-1
3
-4
0
2
-5
0
1
-7
0
-1
-13
-2
1
-3
1
-3
-7
-8
-5
-5
-10
-6
2
2
-10
-9
-8
-9
-8
-13
-9
-3
-6
-3
-5
-6
0
-3
-6
-1
-8
-6
-8
-15
-8
-1
-2
-8
-9
-2
-3
-8
-13
-5
-10
-13
3
-8
-15
-8
-4
-8
-4
-8
-4
5
-3
-1
-6
-13
-4
-1
-2
-5
1
-4
-4
-8
-12
-7
-9
-2
-2
2
-1
-8
-8
-14
-17
-8
-2
-4
-3
-1
-11
-16
-8
-7
-5
2
3
4
-4
-6
-8
-12
-4
5
0
-6
-3
-7
-7
-5
3
6
7
4
-1
0
-7
-6
-1
1
1
1
8
1
-8
-6
-1
3
-3
-2
2
-1
-1
-3
-1
-4
1
2
2
-1
-4
1
-10
-4
6
4
0
4
4
-3
0
-1
-1
0
-2
8
10
1
-2
1
-4
1
5
1
0
2
7
-9
-9
1
3
1
3
9
3
-2
-6
1
-4
1
7
4
0
4
8
-3
-7
-3
1
-2
-3
0
-2
0
4
-2
-9
2
7
3
-3
1
3
-5
-5
1
4
-8
6
4
-1
3
-2
-4
-4
-1
-1
-2
-8
2
5
1
4
4
4
-1
-2
-3
8
6
0
-3
-2
-1
4
3
-2
5
7
7
-1
-4
2
4
1
1
10
13
10
6
3
4
1
7
8
6
8
14
9
2
4
9
9
8
9
14
10
4
9
6
13
18
10
6
10
8
10
7
7
13
14
10
12
10
8
8
4
8
9
13
6
9
13
2
-3
2
3
4
13
9
12
13
10
6
4
9
8
6
11
13
10
7
4
5
2
0
13
12
8
8
11
6
1
6
9
13
10
10
12
6
-2
1
4
8
6
7
7
6
9
6
7
5
7
5
3
8
6
3
7
6
11
15
2
1
14
16
10
9
12
5
6
10
9
13
18
21
6
9
17
10
8
7
21
21
11
9
15
13
8
7
12
16
17
17
12
7
3
6
4
8
16
10
8
14
10
6
8
8
15
13
14
9
10
7
5
7
7
13
10
11
8
13
14
6
12
17
14
7
8
12
10
12
10
4
19
19
13
18
14
9
11
10
11
20
17
17
13
13
16
12
12
17
15
16
18
18
18
12
9
6
9
17
13
9
13
11
11
9
9
14
11
13
9
12
15
14
13
22
22
16
16
12
15
14
14
21
21
16
14
11
20
15
9
15
17
19
11
14
9
7
10
13
11
12
16
8
3
4
8
3
14
17
20
17
9
7
8
12
9
12
11
17
19
12
18
15
13
12
13
17
19
18
16
13
15
12
7
15
15
12
18
19
18
12
15
20
18
16
12
19
20
9
11
18
10
5
7
11
13
13
13
11
9
9
7
6
8
8
11
13
15
15
18
13
11
9
9
9
16
17
19
22
15
18
15
14
18
18
16
18
21
17
16
20
19
13
14
16
19
18
17
15
15
13
21
14
10
12
11
22
15
14
15
11
8
15
11
17
16
14
12
14
22
14
14
17
21
15
13
11
12
15
15
19
15
11
7
9
8
9
15
16
15
10
8
8
3
6
6
11
10
13
14
6
11
9
8
14
17
14
15
6
7
8
3
7
8
11
9
10
7
16
11
4
15
9
11
9
15
13
6
10
2
6
8
8
5
6
11
7
5
9
6
6
5
0
6
5
3
5
10
8
3
11
2
1
6
5
3
3
6
4
3
4
6
0
3
4
4
6
6
11
8
9
10
8
10
7
5
6
10
5
6
9
13
15
13
10
15
13
3
9
7
9
10
8
9
11
10
11
13
6
4
9
6
5
10
6
2
5
8
9
7
7
11
2
7
12
9
9
5
1
4
8
5
-1
4
14
12
7
0
2
7
7
5
2
5
11
9
18
11
8
14
10
10
10
12
4
11
10
4
9
3
5
4
5
10
4
0
6
14
8
5
11
10
4
11
5
-1
5
10
10
8
19
6
-2
7
1
0
12
13
-3
6
13
3
1
13
14
3
6
13
-1
0
15
4
0
12
3
0
16
20
3
4
14
-2
9
34
21
-6
4
14
8
15
16
1
4
19
13
-4
9
16
-11
-3
12
3
0
24
22
-3
-7
1
-10
6
36
4
-19
3
15
-4
3
17
5
-7
0
-2
-26
-17
0
-11
-6
7
-10
-24
1
3
-18
-1
7
-11
-6
29
19
1
16
0
-17
19
21
-27
-11
14
-25
-31
0
-24
-52
-12
9
-8
14
-7
-61
-33
34
14
-31
-14
-8
-18
16
14
-45
-19
34
8
-17
38
69
22
-9
-3
10
-9
-38
-39
-25
-21
5
49
48
10
0
-15
-44
-19
11
-29
-48
9
18
-7
12
17
-20
-11
28
-1
-3
44
37
-14
5
1
-57
-51
-18
-18
-12
29
18
-6
35
72
54
69
138
128
36
0
1
-32
-4
61
38
-11
-2
-17
-33
29
44
0
28
70
24
-12
-3
-4
-6
13
17
-12
-47
-19
85
170
176
210
239
150
71
79
54
-5
-11
-42
-60
28
-1
-109
105
285
245
577
-165
-3243
-3691
2066
5426
-884
-7165
-3534
2662
2618
-230
-1771
-2762
-1696
1842
2645
-772
-2480
10
1772
81
-1322
243
1889
925
-802
-1014
-117
1063
1893
947
-1244
-1474
832
2245
1113
-254
-53
955
1797
2318
2394
1393
-612
-1399
1024
3736
2235
-1472
-1963
281
965
-107
-628
-721
-1290
-1654
-1329
-993
-986
-909
-769
-1196
-1738
-986
587
855
-255
-995
-1148
-1027
102
1198
37
-2020
-1943
-551
-185
-481
-631
-1179
-1694
-1140
-216
-55
-325
-454
-402
83
905
1313
1212
1052
1182
2074
3623
4922
6551
7858
3465
-5907
-6498
6634
14841
4194
-10585
-10482
87
5873
2984
-2712
-6540
-6762
-3158
1090
1296
-1953
-3364
-1705
-637
-916
256
2952
4198
2521
-368
-891
2320
4708
1975
-1010
1197
2651
-1600
-3933
-565
763
-1604
-2294
-2773
-4720
-3595
-445
-817
-3092
-3453
-2379
-763
325
-133
-435
-49
-89
918
2483
1552
405
1609
1391
-652
-2
1748
699
-1043
-1127
-720
-493
-402
-619
-620
-370
-168
256
633
926
1842
2646
2534
2892
4509
5423
3342
-388
-502
4258
6468
1803
-3075
-2564
89
1044
104
-2168
-4113
-3891
-2325
-1577
-2242
-2964
-2407
-1673
-2166
-2200
-382
1141
827
-12
-224
350
1602
2499
1922
429
-456
20
1005
1002
-223
-1403
-1756
-1611
-1280
-941
-1248
-2155
-2591
-2194
-1323
-695
-1908
-3798
-2126
1397
587
-2159
-970
1105
822
1330
2298
1423
1471
2827
2367
1552
2597
3900
4539
4700
4939
5770
3685
-2128
-2510
5095
8029
809
-6027
-5273
-763
1912
559
-3054
-5446
-5033
-2402
-107
-963
-2965
-2336
-845
-1232
-1316
510
2077
1785
364
-547
286
2057
2861
1989
-115
-2112
-1941
540
1933
-422
-3819
-3965
-1792
-940
-1411
-1936
-2939
-3648
-2503
-702
-409
-1727
-2668
-1531
-187
-730
-600
1318
1138
-843
-329
1461
1785
2142
2550
1553
1051
2274
3538
4119
4096
3953
5527
7530
5090
-1020
-2583
3665
8869
4253
-4667
-6506
-1523
1919
1056
-2098
-5612
-6344
-3152
-387
-1401
-3555
-3415
-1851
-1565
-1991
-552
1695
1637
24
-514
174
1534
3021
2779
451
-1271
-572
1040
1134
-410
-1882
-2450
-2395
-1761
-1202
-1700
-2730
-3326
-3153
-2144
-1215
-1101
-1235
-2143
-3529
-2087
1331
1441
-739
-822
-220
-60
1735
3002
1607
989
2114
2331
2439
3533
3967
3914
4457
5402
7055
7237
2432
-2636
381
7560
7419
-570
-6193
-4188
508
1648
-1125
-4516
-6095
-5064
-2576
-1604
-3020
-3985
-2976
-2159
-2476
-1835
343
1755
1044
-388
-573
857
2504
2820
1637
25
-655
130
1154
806
-654
-1904
-2444
-2352
-1853
-1665
-2331
-3363
-3633
-2877
-2136
-1828
-1539
-2138
-3435
-2496
269
805
-322
-124
135
22
1691
3337
2750
2298
2806
2795
3195
4327
4809
5191
5840
6442
7455
5854
-191
-2331
4456
9045
3089
-4974
-5933
-1853
1262
388
-3434
-6424
-6302
-3916
-1730
-2047
-3852
-3858
-2409
-2093
-1971
-239
1600
1656
435
-297
672
2514
3115
2024
609
-56
225
780
566
-451
-1535
-2300
-2549
-2347
-2220
-2520
-3266
-3962
-3712
-2817
-2291
-1908
-1980
-3459
-3881
-1010
1250
20
-1091
-326
216
1197
3085
3330
2308
2503
3333
3951
4792
5192
5439
6579
7847
8377
6701
1381
-1705
3992
10080
5037
-4726
-6661
-2027
1080
68
-3483
-6837
-7338
-4994
-2608
-2822
-4727
-4784
-2988
-2644
-2967
-969
1541
1545
156
-358
701
2695
3726
2764
1106
179
477
1514
1489
-134
-1661
-2295
-2554
-2464
-2374
-2925
-3771
-4406
-4455
-3729
-2865
-2313
-2401
-3879
-4567
-1692
1197
281
-1002
-234
430
1688
3969
4044
2732
3266
4207
4442
5367
5978
5779
6466
7816
8902
7830
2129
-2276
2877
9766
5707
-3940
-6896
-3184
480
332
-3459
-7150
-7491
-5272
-2863
-2639
-4726
-5266
-3100
-2172
-2766
-1276
1347
1831
651
-123
574
2655
4113
3155
938
-61
892
2000
1308
-528
-1721
-2182
-2442
-2549
-2756
-3161
-3706
-4378
-4602
-4078
-3310
-2499
-2541
-4220
-4598
-1544
836
-125
-1030
-387
374
1884
3645
3533
2995
3778
4471
4786
5477
5901
6403
7307
7820
8750
8719
3616
-1797
1913
9201
6906
-2537
-6899
-3961
-158
165
-2995
-6874
-8239
-6325
-3482
-3004
-5008
-5734
-3871
-2707
-3044
-1863
819
1805
555
-416
534
2512
3760
3522
2084
425
243
1756
2281
433
-1564
-2171
-2370
-2607
-2651
-3102
-3986
-4586
-4745
-4264
-3327
-3381
-4323
-3811
-2228
-2102
-2260
-608
682
92
232
1918
3144
3873
4598
4417
4098
5075
6424
7061
7247
7340
8414
10352
8757
2263
-1169
3905
9363
5485
-3607
-7162
-3655
-75
-727
-4307
-7891
-8707
-6210
-3769
-4246
-5657
-5136
-3688
-3348
-3147
-1086
1689
2310
806
-94
1140
3589
5017
3784
1387
723
1698
2187
1514
-8
-1707
-2467
-2533
-2926
-3372
-3648
-4449
-5433
-5607
-4999
-4114
-3356
-3224
-4194
-5303
-3639
501
1813
-815
-1751
646
2834
4257
5091
3988
3128
4932
6742
6597
6268
6659
7550
9116
10308
8816
3673
-753
2182
8756
7130
-2234
-7018
-4196
-866
-670
-3326
-7304
-8811
-6652
-4393
-4285
-5146
-5368
-4411
-3464
-3256
-1965
852
2237
1122
133
1021
3025
4531
4115
2172
928
1405
2193
1823
302
-1434
-2303
-2424
-2815
-3435
-3766
-4386
-5343
-5627
-5447
-5240
-4343
-3572
-4179
-4446
-3109
-1721
-740
365
656
587
1882
3698
4746
5408
5465
5166
5868
7038
7652
8461
9168
9503
10384
8919
2834
-378
5048
9690
4279
-4500
-6795
-3528
-714
-1415
-5184
-8890
-9248
-6574
-4264
-4631
-6119
-5837
-4234
-3627
-3168
-875
1644
1841
653
504
1986
4082
5171
3968
1456
673
2371
3294
1458
-882
-1780
-2052
-2437
-2802
-3547
-4628
-5265
-5489
-5732
-5592
-4594
-3668
-4440
-5911
-4802
-1432
132
-698
-1043
-291
1072
3336
5033
4684
4019
4674
5979
7069
7526
7546
7932
8773
10092
11265
8763
2264
-143
5372
9267
3935
-4245
-6469
-3329
-679
-1921
-5891
-8904
-8641
-6222
-4672
-5434
-6423
-5410
-3902
-3834
-3495
-1078
1532
1914
771
461
1914
3968
4851
3711
1673
1082
2283
2759
1338
-320
-1383
-2348
-2815
-2807
-3463
-4502
-4982
-5472
-6213
-6023
-4883
-4277
-4609
-4819
-4192
-2987
-1619
-358
309
340
897
2685
4504
5199
5251
5414
5934
6899
8037
8773
8914
9237
10787
11770
8024
1386
789
7404
9806
2186
-6137
-6376
-2002
-307
-2901
-7030
-9568
-8758
-5791
-4360
-5921
-7101
-5488
-3822
-4016
-3315
-376
1813
1396
228
618
2730
4751
4817
3001
1309
1554
2920
2825
902
-827
-1634
-2188
-2638
-3177
-3939
-4493
-5171
-6186
-6363
-5311
-4203
-4231
-5738
-6418
-3715
-586
-888
-1906
-763
570
1796
3832
4544
3899
4658
6034
6349
6738
7486
8153
9066
9513
10085
11495
9241
2269
268
6767
10051
3309
-4890
-6261
-2788
-414
-2144
-6374
-9283
-8844
-6249
-4655
-5709
-6921
-5715
-4133
-4255
-3743
-961
1512
1488
282
214
2020
4342
5047
3418
1158
921
2734
3395
1311
-1040
-1768
-1944
-2441
-3001
-3689
-4581
-5349
-5919
-6159
-5603
-4443
-4235
-5785
-6470
-3945
-1155
-1225
-1896
-1084
48
1677
3867
4384
3751
4649
6237
6864
7254
7704
8305
9543
10559
11198
11547
8385
2285
1736
7911
9436
1825
-5486
-5650
-2182
-781
-3273
-7518
-9755
-8614
-6273
-5438
-6504
-7237
-5934
-4348
-4223
-3541
-705
1639
1329
252
874
2975
4830
4959
3299
1639
1725
2979
3180
1429
-854
-1963
-2113
-2504
-3228
-3754
-4449
-5750
-6558
-5923
-5195
-5574
-5629
-4588
-4202
-4405
-3141
-1196
-578
-350
663
1726
2867
4405
5244
5168
5484
6560
7635
8209
8461
9023
10227
11740
11794
7553
1437
1852
8684
9620
832
-6301
-5228
-1717
-975
-3281
-7473
-10183
-8722
-5700
-5141
-6654
-7200
-5856
-4594
-4314
-3136
-468
1277
898
175
784
2738
4835
5183
3133
946
1338
3387
3642
1271
-1237
-2152
-1983
-2031
-2947
-4064
-4839
-5760
-6382
-5875
-5211
-4853
-4557
-5663
-6791
-4128
-447
-920
-2500
-1279
441
1921
4118
4672
3718
4510
6180
6814
7468
8071
8184
8936
9998
11048
12139
9592
2929
928
6710
9796
3790
-4056
-6053
-3281
-962
-2313
-6301
-9460
-9464
-6914
-4973
-5906
-7424
-6460
-4588
-4116
-3475
-1183
924
1204
602
820
2279
4051
4822
3863
2023
1421
2537
3073
1640
-323
-1554
-2296
-2641
-2850
-3559
-4560
-5468
-6224
-6337
-5539
-4509
-4203
-5373
-6664
-5026
-1554
-643
-1812
-1564
-268
1139
3354
4580
3660
3595
5444
6748
7080
7425
7783
8498
9576
10609
12045
11369
5555
660
4432
10456
7499
-1550
-6073
-3966
-739
-790
-4505
-8821
-9901
-7436
-5123
-5739
-7400
-6977
-5267
-4633
-4289
-2452
-20
1046
539
-33
1013
3474
5115
4362
2183
1027
2173
3713
2884
303
-1492
-1943
-2043
-2373
-3186
-4223
-5063
-5818
-6293
-5940
-4973
-4302
-5078
-6674
-5871
-2450
-905
-1968
-1905
-610
565
2757
4584
3925
3613
5449
6700
6918
7628
8292
8839
9662
10399
11969
12533
7346
919
3243
10028
8569
-174
-5591
-4660
-1828
-1147
-3868
-7995
-10061
-8752
-6147
-5602
-7256
-7546
-5679
-4716
-4734
-3077
-309
1025
699
148
835
3091
5042
4709
2750
1455
2049
3341
2973
744
-1185
-1804
-1976
-2516
-3436
-4123
-4542
-5527
-6509
-6116
-5138
-4627
-4441
-5451
-6696
-4570
-646
-205
-1970
-1662
113
2135
4453
5078
3881
4160
6202
7551
7828
7988
8654
9621
10211
11472
12958
9590
2383
1678
8292
9889
2746
-3982
-5158
-3305
-1525
-2399
-6497
-10085
-9739
-6929
-5656
-6933
-7764
-6442
-5154
-4938
-3806
-1367
553
988
391
319
2108
4473
5004
3549
1924
1784
2927
3079
1297
-537
-1394
-2060
-2646
-3158
-4042
-4851
-5394
-6218
-6728
-6084
-4854
-4291
-5531
-7092
-5255
-1328
-504
-1920
-1462
99
1572
3808
4894
4135
4737
6531
6940
7187
8258
8905
9494
10325
10954
11948
10743
4984
1559
5903
9519
4743
-2489
-5069
-3827
-1944
-2107
-5625
-9419
-9729
-7476
-6013
-6473
-7227
-6630
-5378
-4748
-3882
-1782
341
1056
682
514
1749
3928
4856
3750
2360
2017
2399
2671
1952
145
-1541
-2209
-2366
-2796
-3735
-4740
-5367
-5946
-6412
-5966
-5029
-4616
-4656
-5514
-6418
-4153
110
682
-1798
-1808
660
3090
5150
5277
3655
4209
6746
7802
7952
8536
8736
9329
10995
12287
11487
7022
1957
3543
9256
7888
-254
-5090
-4539
-2582
-1539
-3807
-8522
-10284
-8270
-6623
-6694
-7233
-7224
-6150
-5104
-4654
-3034
-394
919
863
734
1045
2693
5019
5152
2931
1470
2120
3133
2716
871
-1043
-2018
-2366
-2788
-3555
-4568
-5449
-5895
-6221
-6468
-5828
-4694
-5147
-6605
-5588
-2672
-1729
-2076
-1052
61
633
2475
4340
4453
4664
5917
6880
7473
7927
8363
9500
10450
10661
12040
12445
7458
2009
4049
9106
7686
683
-4626
-5041
-2610
-1522
-4111
-8220
-10139
-9022
-6887
-6191
-7217
-7575
-6132
-4894
-4666
-3395
-646
1168
1009
509
1125
2862
4666
4988
3495
1906
1938
3026
3060
1220
-965
-1993
-2290
-2861
-3605
-4155
-4982
-6178
-6674
-6156
-5626
-5085
-4584
-5649
-6872
-4511
-691
-424
-1883
-1360
137
2059
4529
4975
3868
4760
6706
7361
7713
8221
8749
10047
11042
11431
12085
9775
3859
2294
7203
9139
3602
-3239
-5657
-3785
-1662
-2960
-6642
-9412
-9986
-8310
-6000
-6016
-7469
-7014
-5391
-4822
-3887
-1273
1009
1210
473
817
2590
4437
4999
4050
2515
1875
2596
3147
1980
-159
-1645
-2204
-2646
-3302
-4049
-4779
-5606
-6539
-6872
-6177
-5341
-4828
-4581
-5715
-6767
-3732
880
629
-2133
-1382
1406
3514
5454
5594
3938
4630
7373
8289
7975
8498
9386
10204
11143
12066
11130
6091
1463
4476
9807
6583
-1903
-5606
-4204
-2299
-2108
-4903
-9005
-10218
-8152
-6138
-6244
-7506
-7300
-5350
-4399
-4430
-2690
169
1390
1095
846
1429
3269
5160
4880
2822
1609
2163
2963
2484
716
-1170
-2199
-2584
-3017
-3653
-4380
-5270
-6188
-6754
-6604
-5435
-4416
-5269
-6530
-5294
-2749
-1554
-1040
-496
-480
506
3120
4688
4685
5120
5901
6507
7515
8313
8843
10033
10685
10805
12333
11875
5875
1588
5520
9710
5738
-1566
-4911
-4347
-2749
-2439
-4978
-8841
-10463
-8857
-6644
-6467
-7521
-7240
-5874
-5243
-4531
-2280
152
1017
759
669
1633
3579
5045
4619
2925
1943
2496
3116
2237
495
-864
-1822
-2532
-2997
-3743
-4644
-5187
-5914
-6789
-6642
-5577
-4758
-5009
-6249
-6242
-3366
-725
-978
-1603
-761
595
2668
4719
4629
4187
5687
6994
7106
7834
8910
9406
10014
10965
12221
12195
7674
2087
3527
9105
8107
510
-4934
-5077
-2817
-1689
-4024
-8282
-10319
-9036
-6887
-6218
-7199
-7697
-6295
-4784
-4483
-3429
-770
1144
1090
591
1148
2800
4622
5067
3558
1881
2006
3081
2781
965
-676
-1616
-2351
-2863
-3290
-4083
-5048
-5821
-6415
-6650
-6074
-4771
-4278
-5918
-7080
-4463
-955
-787
-1790
-1187
-120
1665
4314
4753
3689
4911
6924
7222
7512
8491
9324
10481
11243
11571
12458
10027
3360
2046
8298
9683
2186
-4255
-5132
-3738
-2189
-2845
-7169
-10864
-10095
-7279
-6200
-7310
-8116
-6790
-5024
-4662
-3910
-1340
921
1377
1082
1094
2215
4432
5513
4066
2268
2241
2978
2851
1647
-172
-1740
-2291
-2566
-3531
-4455
-4808
-5575
-6768
-7014
-6294
-5383
-4470
-4865
-6676
-6089
-2029
408
-829
-1730
-488
1546
3895
5229
4614
4536
6151
7333
7625
8231
9190
10127
10868
11613
12168
9727
4259
2717
7015
8559
3462
-2532
-5365
-4793
-2238
-2278
-6534
-10049
-9918
-8115
-6434
-6174
-7328
-7245
-5489
-4371
-3500
-1449
521
1221
1104
1059
2124
4140
5117
4201
2657
1933
2531
3182
2141
5
-1486
-2153
-2501
-2919
-3889
-5036
-5576
-5982
-6572
-6386
-5449
-5100
-5499
-5538
-4649
-3205
-1752
-785
-574
-481
770
2983
4322
4394
4737
5766
6553
7193
8105
8955
9599
10107
10856
12093
11265
6299
2301
4833
8720
6109
-520
-4442
-4544
-3038
-2271
-4330
-8216
-10157
-8821
-6692
-6302
-7150
-7047
-5791
-5020
-4419
-2507
-133
1052
1088
911
1350
2905
4692
4848
3108
1770
2392
3196
2205
492
-513
-1452
-2558
-3086
-3470
-4276
-5068
-5680
-6332
-6786
-6495
-5414
-4486
-4825
-5563
-4697
-2463
-755
-115
22
203
1326
3486
5227
5677
5739
6288
7152
8028
8916
9840
10617
11446
12402
11243
6399
2622
5182
9316
6609
-941
-5073
-4122
-2235
-2363
-4945
-8412
-10002
-8842
-7001
-6570
-7184
-7031
-5780
-4960
-4599
-2857
-67
1407
1143
762
1446
3158
4751
4794
3409
2303
2331
2681
2399
1215
-459
-1818
-2538
-3049
-3597
-4022
-4681
-5853
-6690
-6528
-5955
-5442
-4916
-4747
-4966
-4470
-2741
-950
-169
-121
60
1072
2840
4333
4862
4977
5351
6035
6938
7985
9045
9797
9836
10205
11710
10781
5133
1555
5461
9150
4939
-1917
-4698
-4245
-2584
-1656
-4493
-9161
-10195
-7594
-5628
-5975
-7207
-7129
-5350
-4088
-3829
-2442
-172
881
921
1012
1410
2715
4273
4184
2839
1991
1861
2129
2234
898
-1279
-2206
-2135
-2602
-3414
-4145
-5146
-5856
-5676
-5488
-5757
-5539
-4649
-4221
-4425
-3966
-2398
-898
-330
-218
331
1600
3095
4149
4706
5146
5715
6629
7586
8228
9063
10144
10807
11573
11666
7931
2668
3416
8631
8177
1011
-4393
-4691
-2945
-1867
-3276
-7173
-10096
-9459
-7059
-5915
-6631
-7223
-6268
-5146
-4671
-3110
-369
1111
919
702
1180
2462
4218
4831
3655
2297
1936
2257
2453
1658
-127
-1560
-2128
-2738
-3414
-3594
-4158
-5563
-6299
-5945
-5857
-5799
-4729
-4056
-4949
-5255
-3477
-1411
-567
-417
-260
352
1869
3630
4491
4659
5021
5865
6968
7848
8432
9230
9942
10426
11805
12045
6974
1127
3652
10005
7906
-670
-5084
-4402
-2948
-1732
-2980
-7918
-11085
-8887
-5818
-5887
-7206
-7146
-5928
-4913
-4156
-2560
-343
991
1118
880
1096
2517
4444
4800
3362
1986
1703
2134
2330
1378
-400
-1828
-2624
-3050
-3167
-3531
-4609
-5792
-6284
-6122
-5629
-5008
-4576
-4666
-4970
-4426
-2777
-1175
-397
-150
-51
613
2406
4161
4758
5046
5600
6007
6822
8364
9408
9424
9666
11169
12494
10018
4134
2041
6594
9468
4483
-2777
-5427
-3852
-1629
-1791
-5446
-9595
-10111
-7412
-5415
-6050
-7336
-6881
-5339
-4452
-3605
-1636
406
1123
858
723
1586
3487
4872
4086
2081
1478
2459
2679
1426
74
-987
-2038
-2603
-2835
-3532
-4401
-4965
-5462
-5813
-5877
-5717
-4999
-4147
-4323
-4719
-3653
-2016
-1199
-583
89
279
888
2508
3815
4316
4917
5578
5940
6564
7759
9079
9792
9753
10448
11752
9632
3956
2284
6868
8893
3666
-2624
-4836
-3891
-1799
-1520
-5287
-9689
-9830
-6896
-5292
-6093
-7118
-6602
-5247
-4334
-3301
-1393
347
1053
1025
734
1421
3648
5005
3750
2072
1842
2119
2154
1818
421
-1386
-2188
-2399
-2930
-3521
-4071
-4857
-5535
-5931
-6130
-5653
-4576
-4022
-4409
-4685
-3780
-1914
-377
-6
-230
152
1538
3172
4195
4726
5300
5764
6122
6989
8299
9283
9792
10241
10998
10949
7741
3087
3148
7600
7746
1194
-4450
-4841
-2874
-1731
-3155
-7106
-9984
-8898
-6107
-5249
-6431
-7111
-5901
-4325
-3714
-2705
-564
982
1178
1041
1174
2083
3861
4794
3606
1694
1031
1743
2324
1401
-618
-2165
-2811
-3093
-3221
-3522
-4489
-5547
-5766
-5599
-5778
-5487
-4233
-3676
-4456
-4421
-2741
-1245
-539
46
196
312
1671
3583
4475
4652
4997
5618
6441
7278
8183
9273
9727
9877
11269
11235
6208
1667
4650
9308
6409
-797
-4418
-3876
-2036
-1244
-3830
-8304
-9705
-7325
-5294
-5794
-7013
-6549
-4814
-4156
-4210
-2491
252
1234
708
449
961
2491
4351
4436
2529
1042
1301
2225
2153
616
-1151
-2106
-2686
-3164
-3267
-3629
-4699
-5512
-5654
-5760
-5648
-4841
-4046
-4055
-4327
-3821
-2510
-1179
-297
38
17
550
2126
3635
4270
4786
5422
5784
6446
7670
8610
9053
9616
10702
11504
9395
4261
2039
5840
8638
4455
-2192
-4979
-3809
-1779
-1880
-5175
-8811
-9308
-7099
-5342
-5779
-6838
-6106
-4473
-4102
-3698
-1493
666
1128
958
895
1203
2735
4527
4260
2200
877
1379
2188
1576
-2
-1202
-2139
-3161
-3476
-3313
-3853
-4678
-5165
-5952
-6413
-5183
-3693
-3825
-4457
-4173
-3256
-1864
-345
123
-186
241
1568
2911
3925
4654
5299
5903
6183
6543
7744
9189
9800
10112
10845
10378
6825
2899
3665
7635
7261
877
-4603
-4683
-2125
-1145
-3419
-7486
-9614
-8150
-5721
-5112
-6095
-6787
-5838
-4095
-3257
-2601
-646
1139
1020
409
974
2334
3600
4028
3071
1393
612
1347
2142
1101
-1200
-2542
-2830
-3273
-3412
-3340
-4398
-5770
-5780
-5383
-5445
-4874
-3919
-3852
-4156
-3761
-2678
-1241
-25
310
64
329
1715
3526
4539
4718
4973
5489
6133
7304
8654
9141
8996
9777
11476
10517
5145
1343
4713
9176
6029
-1503
-5148
-4031
-1844
-1281
-3972
-8310
-9794
-7365
-4800
-4940
-6394
-6334
-4752
-3796
-3378
-1676
497
1131
700
586
1046
2330
4065
4257
2193
298
696
2078
1974
195
-1687
-2815
-3245
-3098
-2951
-3682
-5018
-5761
-5630
-5286
-4886
-4256
-3888
-3993
-3815
-3004
-1946
-736
246
213
-51
1013
2768
3729
4250
4849
5179
5638
6743
7699
8014
8367
9346
10886
11187
7774
2869
2590
6767
7864
2908
-2857
-4779
-3295
-1290
-1870
-5729
-9102
-8439
-5619
-4644
-5702
-6150
-5146
-4049
-3492
-2592
-953
579
1298
1174
549
794
2846
4585
3428
928
261
1226
1681
988
-458
-2122
-3167
-3220
-2963
-3343
-4317
-5010
-5239
-5515
-5324
-4257
-3655
-3964
-3764
-3075
-2726
-1757
-141
332
-40
402
1405
2297
3416
4498
4946
4991
5215
6119
7600
8638
8816
8924
9700
10455
8604
3951
2076
5814
8079
3272
-3028
-4507
-2865
-1644
-2168
-5053
-8436
-8688
-5958
-4176
-5176
-6479
-5556
-3671
-3075
-2701
-971
613
868
1003
1264
1243
2203
3993
3799
1396
67
906
1665
948
-639
-2270
-3306
-3335
-2962
-3299
-4419
-5447
-5706
-5306
-4799
-4516
-4239
-3810
-3460
-3173
-2589
-1587
-319
594
489
235
1369
3249
4251
4558
4800
4988
5727
7194
8182
8348
8572
9452
10818
10361
5868
1628
3816
8279
6252
-575
-4414
-3910
-2196
-1292
-3105
-7179
-9140
-7108
-4626
-4621
-5780
-5758
-4461
-3432
-2988
-1780
118
1092
999
782
768
1658
3614
4175
2016
32
474
1545
1310
3
-1723
-3006
-3208
-3020
-3318
-3891
-4574
-5340
-5556
-5136
-4682
-4147
-3472
-3365
-3619
-3071
-1680
-436
170
193
81
785
2447
3822
4199
4272
4646
5315
6214
7195
8041
8519
8778
9748
10786
8517
3373
2171
6500
8016
2759
-2672
-3752
-2893
-1909
-1719
-4496
-8397
-8516
-5541
-4267
-5342
-5890
-4980
-3863
-3294
-2560
-986
549
953
735
671
887
2012
3683
3513
1174
-201
623
1338
582
-694
-1860
-2968
-3537
-3350
-3225
-3836
-4738
-5283
-5432
-5120
-4239
-3394
-3311
-3709
-3641
-2583
-1053
-75
42
-65
254
1272
2741
3838
4166
4274
4629
5310
6335
7427
8170
8531
8866
9845
10424
7725
3115
2792
6808
7294
2052
-2707
-3660
-2689
-1540
-2013
-5236
-8238
-7723
-5312
-4371
-5188
-5678
-4751
-3537
-3123
-2451
-693
670
835
808
808
837
2074
3799
3166
621
-347
746
1252
258
-1165
-2503
-3457
-3471
-3060
-3403
-4403
-5117
-5399
-5443
-4936
-4094
-3632
-3586
-3524
-3260
-2519
-1119
61
202
5
563
1748
2869
3861
4679
4858
4697
5295
6770
8083
8607
8639
9134
10420
10104
6019
2135
3821
7644
6161
181
-3946
-4112
-2205
-885
-2780
-7014
-8893
-6862
-4427
-4184
-5234
-5641
-4623
-3253
-2588
-1783
-188
954
1007
693
450
1132
3149
4033
1931
-358
-9
1301
1123
-325
-1985
-3132
-3255
-2911
-3177
-4002
-4599
-4913
-5195
-5174
-4618
-3753
-3095
-3146
-3645
-3250
-1484
135
361
-80
8
1034
2627
3711
3897
4119
4781
5281
5756
6716
7767
8382
8711
9404
10154
8647
4410
2359
5303
7406
3769
-1497
-3531
-3013
-1835
-1597
-4012
-7431
-8031
-5868
-4251
-4589
-5450
-5140
-3937
-3222
-2632
-1086
356
593
571
679
570
1420
3250
3289
991
-474
209
991
594
-607
-2226
-3445
-3370
-2785
-3153
-4181
-4773
-4946
-5044
-4843
-4286
-3631
-3142
-3151
-3362
-2777
-1303
-19
417
228
165
1124
2767
3834
4167
4338
4465
5016
6297
7326
7637
7967
8466
9320
10382
8705
3569
1437
5554
8186
3655
-2462
-4176
-2721
-1166
-1397
-4377
-7768
-7862
-5175
-3623
-4694
-5832
-4852
-3212
-2881
-2644
-1070
464
838
750
390
314
1893
3640
2673
303
-269
522
790
308
-949
-2716
-3487
-3045
-3031
-3813
-4358
-4533
-4848
-5173
-5009
-4162
-3196
-2916
-3238
-3329
-2591
-1073
372
603
-62
59
1508
3069
3808
3986
4125
4499
5261
6231
6995
7659
8263
8607
9369
10113
7904
3374
2547
6182
6994
2371
-2160
-3313
-2565
-1569
-2002
-4726
-7263
-7076
-5236
-4117
-4533
-5299
-4689
-3216
-2712
-2435
-855
659
765
634
767
669
1469
3170
2939
450
-742
372
949
-98
-1350
-2432
-3379
-3388
-2980
-3560
-4486
-4507
-4478
-5074
-5002
-3859
-3063
-3024
-3008
-2801
-2296
-1157
114
563
253
241
1317
2799
3378
3411
4089
4831
4920
5399
6759
7790
8014
8316
9495
10423
8228
3525
2181
5899
7771
3594
-1940
-3870
-2705
-1057
-1365
-4387
-7443
-7465
-5287
-4076
-4871
-5584
-4585
-3310
-3205
-2854
-1108
524
975
826
391
199
1490
3450
3218
583
-1027
11
1129
317
-1226
-2394
-3438
-3824
-3218
-3126
-4207
-4982
-4897
-4924
-4979
-4210
-3157
-2843
-3046
-2923
-2219
-1080
206
870
539
267
1273
2931
3889
4137
4320
4472
4777
5774
7140
7905
7878
8034
9381
10389
7627
2553
2076
6615
7609
2132
-2828
-3287
-2112
-1436
-1881
-4447
-7314
-7097
-4771
-4009
-5055
-5211
-3892
-3115
-3300
-2562
-575
748
764
499
369
555
1631
3001
2634
357
-1055
-125
868
-44
-1588
-2565
-3415
-3824
-3330
-3157
-3941
-4684
-4874
-4824
-4538
-3965
-3204
-2564
-2724
-3276
-2672
-875
423
538
122
2
948
2728
3840
3752
3629
4151
5005
5983
6896
7463
7822
8258
9308
10498
8724
3444
1172
5552
8785
4148
-2685
-4423
-2416
-730
-1104
-4151
-7724
-7874
-5018
-3514
-4700
-5659
-4609
-3179
-2934
-2695
-1123
606
1105
764
255
263
1705
3431
2740
126
-941
185
825
-115
-1492
-2652
-3443
-3453
-3204
-3667
-4332
-4392
-4536
-5121
-4993
-3885
-3018
-2853
-2924
-2949
-2490
-1107
375
774
304
159
1132
2679
3524
3610
3906
4292
4565
5510
6782
7237
7346
8097
9423
10367
8450
3524
1668
5804
8338
3895
-1828
-3446
-2438
-1099
-1212
-4118
-7129
-7031
-5299
-4462
-4623
-5026
-4615
-3367
-2993
-3043
-1391
688
958
476
270
175
1342
3286
2875
245
-965
-13
716
113
-1230
-2585
-3378
-3450
-3255
-3443
-4070
-4574
-4805
-5011
-4723
-3755
-3129
-3079
-2819
-2594
-2491
-1343
455
952
296
246
1277
2681
3759
4168
4148
4240
4806
5869
6902
7471
7731
8038
9046
10270
8499
3441
1507
5441
7919
3813
-1952
-4034
-2836
-894
-1041
-4339
-7465
-7121
-4900
-3890
-4580
-5307
-4467
-2902
-2590
-2718
-1359
453
1083
925
316
-92
1309
3293
2550
-27
-829
-4
240
-293
-1202
-2565
-3568
-3456
-3116
-3574
-4310
-4414
-4377
-4822
-4760
-3714
-3037
-2984
-2549
-2359
-2578
-1477
516
936
73
-26
1010
2554
3727
3824
3484
3793
4710
5905
6844
6947
7015
7968
9518
10585
8820
3703
1145
5214
8766
4849
-1584
-3827
-2664
-1009
-854
-3607
-6983
-7214
-5151
-4088
-4644
-5205
-4427
-2964
-2743
-3129
-1802
490
1453
1115
335
-185
1006
3167
3087
678
-820
-372
343
84
-1176
-2628
-3357
-3399
-3397
-3703
-4218
-4406
-4271
-4660
-5070
-4285
-3019
-2412
-2255
-2491
-2787
-1677
410
1185
512
52
592
2115
3709
4044
3645
3850
4555
5341
6358
7233
7655
8078
9091
10106
8376
3590
1719
5782
8309
3821
-1866
-3284
-2382
-1294
-959
-3403
-7082
-7545
-5068
-3693
-4479
-5216
-4442
-3243
-3104
-2933
-1225
551
865
630
362
-3
996
3101
3015
400
-1113
-295
540
71
-1191
-2658
-3649
-3674
-3311
-3381
-3943
-4569
-4899
-4856
-4487
-3842
-3098
-2728
-2807
-2768
-2226
-1180
93
716
250
-15
1150
2676
3337
3717
4144
4175
4481
5653
6778
7322
7774
8489
9709
10243
7261
2427
2449
7204
7962
2169
-3038
-3495
-1877
-747
-1457
-4782
-7906
-7214
-4412
-3714
-5050
-5347
-4033
-3091
-3099
-2465
-645
781
975
709
353
375
1828
3455
2415
-260
-911
263
445
-517
-1549
-2771
-3764
-3632
-3138
-3504
-4404
-4889
-4726
-4391
-4222
-3915
-3282
-2756
-2546
-2400
-1986
-951
348
822
419
412
1405
2821
3912
4134
3751
3973
5070
6046
6607
7215
7770
8422
9615
9537
5878
1819
3041
7240
6501
615
-3319
-3026
-1859
-1526
-2343
-4959
-7279
-6548
-4477
-4138
-4749
-4271
-3291
-3185
-3250
-1957
198
1296
946
278
-20
671
2438
3197
1471
-517
-687
-133
-3
-348
-1657
-3348
-3755
-3270
-3347
-3813
-4113
-4413
-4525
-4325
-4106
-3682
-2934
-2255
-2004
-2279
-2320
-941
977
1146
98
285
1637
2683
3460
4067
4063
4024
4761
5822
6656
7403
8083
8909
9815
8725
4566
1840
4686
8274
5623
-727
-3674
-2500
-883
-753
-2747
-6181
-7748
-5786
-3479
-3834
-5190
-4886
-3533
-3001
-2855
-1658
53
837
645
139
-99
939
2889
3053
731
-988
-375
587
316
-737
-2176
-3443
-3564
-3059
-3280
-4017
-4329
-4330
-4443
-4484
-4176
-3510
-2780
-2390
-2358
-2293
-1803
-633
714
1095
564
610
1741
3052
4029
4503
4424
4431
5145
6267
7327
7955
8197
9243
10300
7612
2286
1785
6827
8407
3060
-2624
-4035
-2541
-495
-549
-4116
-7762
-7422
-4603
-3348
-4299
-5052
-4197
-3085
-2954
-2510
-775
836
1199
636
-216
-20
1993
3523
2219
-216
-1057
-331
452
167
-1429
-3266
-4002
-3650
-3161
-3383
-4378
-4978
-4513
-4177
-4499
-4124
-2890
-2329
-2586
-2638
-2264
-1299
385
1346
585
-206
765
2798
4224
4359
3809
3915
5153
6455
7079
7374
7734
8842
10480
9610
4822
1437
4262
8400
6388
-177
-4119
-3140
-784
-575
-2946
-5939
-7202
-5986
-4040
-3767
-4862
-4732
-3154
-2548
-2951
-1983
275
1488
1058
140
-165
911
2727
3003
1103
-685
-738
-49
43
-698
-2133
-3571
-3874
-3368
-3458
-4072
-4308
-4468
-4722
-4315
-3702
-3611
-3191
-2285
-2190
-2498
-1738
-381
415
636
552
695
1718
3010
3749
4123
4339
4604
5398
6297
6877
7751
8819
9469
9610
7746
3645
2398
6204
7985
3324
-1984
-3164
-2231
-1239
-1183
-3686
-6983
-7147
-4877
-3900
-4598
-4791
-3901
-3222
-3181
-2542
-795
647
978
755
96
-230
1375
3373
2472
-148
-944
-160
107
-224
-1094
-2634
-3611
-3440
-3357
-3714
-3909
-4204
-4594
-4449
-4063
-3968
-3551
-2620
-2130
-2370
-2346
-1447
-240
422
516
625
987
1718
2970
4107
4243
4048
4744
5750
6251
7088
8403
8998
9204
9229
6813
2800
2852
7018
7507
1890
-3139
-3450
-1691
-653
-1407
-4435
-7507
-7247
-4419
-2946
-4062
-5130
-4293
-2951
-2543
-1910
-254
878
797
450
66
206
1937
3403
1915
-672
-1090
-123
186
-261
-1495
-3307
-4021
-3362
-3104
-3658
-4085
-4406
-4647
-4281
-3844
-3846
-3324
-2201
-1946
-2538
-2295
-970
297
847
606
200
779
2501
4004
4328
3973
4041
4982
6130
6908
7625
8417
9151
9732
8510
4568
2148
4913
7924
5019
-907
-3675
-2719
-1009
-871
-3200
-6322
-7306
-5787
-4031
-3863
-4750
-4717
-3511
-2875
-2728
-1372
480
1066
698
133
-188
992
3034
2929
544
-1014
-675
73
155
-792
-2488
-3716
-3761
-3315
-3277
-3713
-4231
-4570
-4541
-3987
-3362
-3286
-3122
-2268
-1784
-2047
-1631
-372
400
461
431
633
1363
2615
3705
4153
4085
4123
5022
6309
7019
7590
8587
9532
9710
7853
3981
2380
5701
8196
4230
-1953
-3820
-2013
-525
-1164
-3811
-6727
-7245
-5218
-3518
-3982
-5053
-4581
-3230
-2807
-2555
-1005
616
825
388
59
-34
1084
2901
2566
52
-1198
-385
168
-305
-1185
-2577
-3825
-3709
-3054
-3388
-4173
-4332
-4234
-4289
-3934
-3305
-3230
-3194
-2272
-1523
-1889
-1770
-314
570
210
303
1191
1855
2483
3416
4066
4267
4478
5028
5930
6752
7332
8244
9376
9454
7540
4330
2530
4570
7385
5150
-905
-4017
-2755
-1043
-969
-2869
-6143
-7598
-5612
-3554
-3851
-4545
-4087
-3371
-3008
-2423
-1105
499
1253
789
-97
-309
976
2840
2679
418
-1016
-714
-261
-264
-819
-2319
-3677
-3733
-3368
-3421
-3604
-3897
-4346
-4421
-3845
-3119
-2969
-3123
-2529
-1600
-1605
-1665
-590
342
392
653
1123
1393
2305
3607
4013
3862
4218
5058
5962
6640
7176
8032
9064
9455
8010
4451
2204
4651
7585
4857
-666
-2943
-2546
-1856
-1109
-2215
-5724
-7409
-5532
-3768
-3960
-4289
-3902
-3412
-3038
-2396
-1101
331
899
761
399
-164
317
2309
2926
693
-1233
-947
-383
-519
-873
-1994
-3608
-4085
-3535
-3348
-3608
-3875
-4189
-4438
-4386
-3822
-2759
-2074
-2360
-2663
-2176
-1244
-105
811
604
-28
608
2148
3135
3530
3806
4003
4427
5325
6286
6936
7380
8036
9204
9698
7475
3614
2523
5358
7243
4177
-1257
-3919
-2717
-740
-998
-3632
-6365
-6891
-5186
-3543
-3718
-4589
-4159
-2926
-2481
-2325
-1112
555
1225
709
-139
-63
1386
2629
2017
261
-922
-908
-175
-17
-1303
-2967
-3645
-3634
-3491
-3260
-3515
-4277
-4503
-4121
-3889
-3513
-2713
-2243
-2296
-2286
-1945
-1174
-56
635
405
9
476
1884
3265
3753
3670
3887
4608
5546
6465
7241
7870
8590
9556
9582
6750
2891
3164
6918
6919
1725
-2364
-2823
-2237
-1598
-1707
-4277
-7088
-6634
-4477
-3892
-4497
-4437
-3520
-2816
-2746
-2141
-451
903
1033
591
33
169
1724
2829
1579
-310
-705
-347
-364
-786
-1692
-2901
-3701
-3835
-3643
-3655
-4015
-4173
-4043
-4230
-4398
-3594
-2405
-1984
-2107
-2123
-1926
-1209
151
1078
764
222
688
1946
3221
4101
4275
4014
4302
5406
6628
7461
7904
8550
9724
9200
5153
1828
4120
7883
6060
318
-3095
-2897
-1461
-747
-2190
-5298
-7107
-6055
-4080
-3586
-4357
-4387
-3344
-2848
-2850
-1677
240
1119
830
36
-449
655
2553
2556
681
-689
-871
-456
-19
-630
-2367
-3578
-3625
-3410
-3366
-3609
-4030
-4134
-4015
-3947
-3621
-3123
-2671
-1935
-1553
-2188
-2145
-489
782
680
312
266
909
2499
3711
3764
3767
4111
4598
5811
7179
7468
7619
8950
9939
7969
3776
2162
5314
7687
4160
-1372
-3213
-2235
-1285
-1299
-3309
-6317
-6841
-4830
-3759
-4428
-4727
-3819
-2819
-2676
-2600
-1309
528
1233
630
-174
-95
1220
2501
2020
283
-875
-813
-240
-263
-1400
-2842
-3518
-3491
-3420
-3619
-3888
-3882
-3780
-4055
-4263
-3648
-2595
-1892
-1797
-2153
-2252
-1315
199
1101
916
366
629
1927
3253
3937
4291
4410
4456
5167
6512
7464
7898
8648
9409
8269
4806
2482
4236
6877
5293
371
-3056
-3189
-1714
-855
-2184
-5141
-6963
-6077
-4086
-3372
-4012
-4235
-3435
-2793
-2519
-1364
394
1050
412
-219
-49
913
1976
2023
769
-701
-1217
-645
-124
-968
-2702
-3578
-3416
-3386
-3592
-3548
-3687
-4103
-4086
-3805
-3645
-2992
-1900
-1628
-2199
-2281
-1348
-24
864
787
308
602
1809
3127
3968
4155
4084
4589
5630
6569
7309
7886
8526
9485
8940
5250
2231
4211
7241
5284
455
-2290
-2835
-2383
-1199
-1572
-4700
-7115
-6152
-4080
-3565
-3989
-3876
-3390
-3190
-2684
-1136
435
787
424
181
28
477
1800
2359
1010
-736
-1147
-638
-403
-882
-2005
-3464
-4270
-3680
-2847
-3315
-4244
-4201
-3880
-4003
-3686
-2847
-2276
-1905
-1758
-2059
-1785
-340
881
869
407
484
1395
2812
3979
4477
4387
4105
4770
6684
8020
7918
8253
9450
8556
4818
2537
4559
7025
5098
357
-2596
-2862
-1984
-1099
-1871
-4866
-7052
-6061
-3976
-3370
-3727
-3767
-3477
-3132
-2475
-1094
522
1076
419
-144
81
805
1801
2269
1132
-707
-1235
-534
-255
-866
-1942
-3217
-4017
-3784
-3242
-3269
-3610
-3916
-4202
-4187
-3628
-2784
-2020
-1702
-1972
-2157
-1519
-304
666
886
578
557
1324
2568
3789
4507
4463
4233
4785
6218
7636
8324
8730
9307
8328
4708
2292
4664
7620
5325
-46
-2968
-2769
-1604
-940
-2178
-5145
-6944
-5906
-4037
-3533
-3941
-3868
-3293
-3007
-2716
-1470
315
1143
535
-331
-261
779
1910
2099
933
-679
-1160
-502
-237
-1082
-2297
-3169
-3573
-3610
-3521
-3447
-3540
-3906
-4126
-3856
-3409
-2821
-1943
-1498
-1893
-2072
-1329
-151
737
788
305
554
1693
2683
3533
4356
4354
4004
4882
6603
7588
7762
8321
9327
8412
4494
1955
4482
7353
5030
248
-2484
-3195
-2375
-645
-1294
-4898
-7066
-5815
-3910
-3337
-3479
-3525
-3325
-3039
-2497
-1237
301
1021
641
-165
-397
542
1813
1903
718
-629
-1243
-937
-548
-1135
-2317
-3060
-3449
-3844
-3786
-3281
-3231
-3841
-4196
-3866
-3323
-2713
-1854
-1358
-1812
-2212
-1410
-86
562
615
567
587
996
2172
3688
4505
4352
4067
4690
6264
7784
8405
8784
9349
8084
4279
2336
5154
7638
4745
-301
-2680
-2776
-2033
-977
-1741
-5033
-7241
-5934
-3730
-3355
-3855
-3715
-3320
-3158
-2527
-959
574
927
296
-210
22
845
1742
1871
655
-962
-1315
-586
-491
-1442
-2397
-3067
-3703
-3913
-3495
-3187
-3473
-3909
-4048
-3790
-3197
-2443
-1852
-1688
-1833
-1774
-1032
84
718
667
559
848
1537
2637
3857
4503
4384
4210
4905
6436
7715
8310
9083
9385
6916
3041
2718
6113
7303
3598
-1165
-3311
-2768
-1065
-508
-2827
-6162
-6930
-4989
-3345
-3448
-3918
-3600
-3115
-2963
-2276
-622
760
891
289
-224
-88
1025
2224
1898
113
-1284
-1136
-333
-355
-1404
-2487
-3246
-3935
-3905
-2883
-2534
-3628
-4360
-3903
-3392
-2951
-2055
-1573
-2007
-2212
-1549
-718
-116
382
612
469
542
1379
2605
3526
3979
4123
4156
4719
6162
7541
7919
8139
8806
7916
4454
2266
4507
7130
4950
52
-2651
-2666
-1671
-781
-1786
-4868
-6674
-5463
-3723
-3414
-3614
-3459
-3249
-3027
-2318
-1051
88
596
638
314
-121
297
1543
1920
770
-585
-1107
-926
-644
-1052
-2239
-3256
-3572
-3485
-3251
-3115
-3375
-3755
-3720
-3359
-2976
-2504
-1848
-1360
-1433
-1721
-1365
-261
752
997
587
348
1103
2615
3848
4240
4012
3837
4642
6346
7521
7746
8361
9140
7484
3621
2264
5202
7324
4552
-239
-2833
-2794
-1403
-370
-1858
-5198
-6785
-5400
-3510
-3092
-3542
-3595
-3156
-2865
-2421
-1107
348
804
495
-8
-377
214
1649
2018
537
-1135
-1504
-944
-619
-1065
-2222
-3657
-4289
-3377
-2316
-2887
-4034
-3915
-3332
-3266
-2917
-2185
-1792
-1467
-1187
-1530
-1556
-206
1217
1272
570
322
1099
2709
4041
4268
3884
3777
4564
6318
7787
7921
7987
8732
7592
3873
2155
4819
7080
4596
-183
-2931
-2859
-1394
-451
-1893
-5082
-6727
-5366
-3385
-3045
-3555
-3417
-2933
-2793
-2350
-1012
353
883
684
39
-508
115
1666
2077
545
-1179
-1584
-1122
-820
-1188
-2238
-3398
-3939
-3802
-3344
-2982
-3105
-3621
-3938
-3765
-3210
-2293
-1320
-988
-1515
-2133
-1692
-9
1450
1308
359
313
1410
2806
3958
4453
4199
4023
4888
6417
7410
7940
8968
9177
6174
2311
2735
6289
6720
2807
-1180
-2860
-2591
-1186
-745
-2869
-5577
-6156
-4935
-3752
-3357
-3205
-2871
-2794
-3026
-2333
-432
951
987
522
-46
-438
388
1907
1912
163
-1339
-1607
-1273
-1070
-1390
-2281
-3357
-4052
-3947
-3200
-2676
-2952
-3497
-3734
-3606
-2960
-1847
-1039
-1049
-1510
-1793
-1294
66
1174
1066
465
496
1286
2562
3875
4301
3799
3763
5052
6774
7629
7861
8592
8857
6375
2868
3008
6110
6483
2866
-871
-2677
-2751
-1289
-402
-2530
-5716
-6337
-4724
-3533
-3375
-3298
-3048
-3020
-2998
-2102
-509
479
674
619
46
-592
241
1812
1665
-11
-1231
-1555
-1471
-1226
-1508
-2581
-3600
-4035
-3895
-3235
-2862
-3328
-3699
-3512
-3518
-3293
-2020
-896
-1075
-1671
-1698
-1074
168
1347
1430
816
751
1648
3125
4363
4568
4157
4425
5651
6950
7807
8525
9040
7867
4520
2234
3865
6461
5341
1123
-2400
-3396
-2110
-456
-1193
-4154
-5993
-5394
-4112
-3335
-3008
-2980
-2940
-2717
-2407
-1582
-114
996
1012
335
-382
-340
839
1833
1162
-491
-1575
-1755
-1403
-1179
-1775
-3009
-3915
-4008
-3574
-3119
-3049
-3226
-3383
-3608
-3607
-2727
-1384
-802
-1245
-1894
-1823
-580
1068
1638
984
484
1095
2562
4042
4641
4349
4269
5117
6393
7441
8387
9281
8794
5802
2551
2854
5874
6537
2972
-1463
-3463
-2722
-941
-669
-2937
-5606
-6125
-4735
-3388
-3027
-3130
-2967
-2654
-2613
-2161
-599
949
1133
372
-236
-323
339
1483
1665
207
-1476
-1874
-1381
-1133
-1511
-2398
-3504
-4201
-3878
-2999
-2772
-3324
-3619
-3391
-3263
-2992
-1978
-980
-1004
-1517
-1514
-860
162
1201
1517
958
683
1729
3439
4417
4350
4127
4632
5836
6973
7640
8397
9100
7728
3982
1926
4167
6690
4878
498
-2372
-2959
-2187
-970
-1238
-3800
-6024
-5530
-3736
-2995
-3084
-2755
-2421
-2749
-2696
-1302
327
799
438
-3
-429
-387
624
1537
852
-851
-1767
-1677
-1542
-1573
-1763
-2695
-4041
-4297
-3418
-2919
-3078
-3153
-3389
-3820
-3336
-2014
-1274
-1326
-1387
-1415
-1282
-427
652
1028
936
1033
1638
2804
3970
4377
4380
4809
5697
6641
7488
8476
9374
8478
4907
2079
3574
6543
5785
1648
-2013
-3364
-2472
-722
-893
-3596
-5844
-5608
-4120
-3079
-2830
-2845
-2600
-2408
-2532
-1938
-205
1079
898
148
-437
-591
272
1482
1270
-349
-1648
-1879
-1632
-1439
-1705
-2622
-3703
-4181
-3789
-3110
-2910
-3090
-3238
-3575
-3781
-2775
-1131
-712
-1515
-2018
-1679
-670
629
1165
607
279
1152
2674
3927
4389
4207
4348
5414
6673
7464
8197
9139
8968
6157
2552
2401
5561
6523
2918
-1315
-3065
-2931
-1732
-782
-2330
-5281
-5940
-4307
-3248
-3157
-2739
-2255
-2282
-2363
-1959
-884
475
1147
706
-211
-815
-427
912
1494
158
-1557
-2058
-1942
-1819
-1593
-2175
-3790
-4443
-3418
-2771
-3249
-3372
-2983
-3082
-3286
-2798
-1955
-1226
-854
-1125
-1569
-1209
4
1117
1329
878
1052
2487
4040
4570
4544
4787
5567
6827
7934
8600
9196
8506
5089
2121
3621
6468
5217
1135
-1662
-2713
-2550
-1320
-1337
-3687
-5398
-4854
-4039
-3741
-2994
-2186
-2056
-2205
-2214
-1748
-398
971
1083
262
-536
-790
-52
1045
830
-646
-1727
-2045
-2203
-2061
-1891
-2543
-3635
-4029
-3738
-3302
-2906
-2807
-3133
-3356
-2986
-2230
-1452
-984
-1065
-1392
-1265
-496
399
863
914
1060
1663
2668
3711
4385
4629
4992
5884
6887
7741
8836
9281
7070
3336
2363
4867
6267
3875
144
-2183
-2720
-1863
-981
-1945
-4126
-5066
-4379
-3592
-3212
-2723
-2060
-1695
-1920
-2133
-1344
168
995
696
-36
-698
-797
48
830
247
-1159
-2038
-2251
-2221
-1999
-2029
-2777
-3613
-3749
-3375
-2923
-2564
-2631
-3085
-3137
-2459
-1662
-1184
-996
-1032
-1086
-879
-345
422
1131
1372
1451
2070
3112
3987
4568
5016
5521
6318
7370
8495
9236
8022
4451
2067
3838
6417
4956
754
-1858
-2122
-1718
-1464
-1884
-3312
-4575
-4396
-3515
-3208
-3061
-2158
-1217
-1517
-2279
-1694
-33
963
870
302
-600
-1124
-284
793
262
-1145
-1843
-2183
-2656
-2586
-2201
-2527
-3312
-3719
-3752
-3457
-2740
-2314
-2660
-2998
-2723
-2071
-1322
-802
-841
-1083
-885
-375
219
890
1317
1523
2135
3097
3630
3838
4551
5754
6671
7055
7658
8757
8462
5367
2374
3135
5633
5275
2038
-1089
-2750
-2583
-979
-576
-2905
-5158
-4676
-3089
-2604
-2665
-2218
-1656
-1513
-1490
-1144
-431
363
938
800
-305
-1311
-782
491
424
-954
-2047
-2533
-2800
-2627
-2288
-2685
-3561
-3903
-3670
-3349
-3023
-2763
-2750
-2777
-2591
-2212
-1615
-916
-644
-936
-1097
-575
397
1232
1552
1576
2086
3264
4174
4277
4496
5546
6725
7409
8084
8577
7310
4399
2701
3708
5068
4163
1292
-1674
-3074
-2289
-804
-1151
-3380
-4891
-4342
-3036
-2348
-2078
-1709
-1462
-1462
-1295
-681
159
863
1115
523
-576
-1076
-459
364
92
-1278
-2557
-2939
-2727
-2459
-2445
-2999
-3865
-4087
-3479
-2949
-2844
-2865
-2957
-2930
-2372
-1628
-1259
-1066
-843
-799
-751
-232
556
1189
1620
1982
2423
3111
3856
4365
4962
5881
6602
7011
7882
8705
7325
3896
2143
3784
5341
3759
531
-1852
-2914
-2573
-1265
-1190
-3189
-4788
-4261
-3069
-2467
-1862
-1164
-1157
-1553
-1360
-522
337
905
1051
493
-571
-1136
-605
155
-102
-1301
-2528
-3267
-3285
-2652
-2288
-3026
-4075
-4282
-3782
-3221
-2868
-2896
-3071
-2856
-2363
-2029
-1606
-888
-490
-633
-703
-259
614
1613
2278
2536
2883
3567
4247
4821
5554
6369
6993
7667
8483
8017
5335
2805
3222
4936
4357
1597
-932
-2393
-2742
-1963
-1474
-2641
-4219
-4302
-3294
-2644
-2368
-1643
-781
-729
-1153
-864
133
929
1329
1225
225
-870
-708
157
123
-905
-2004
-2820
-3266
-3175
-2942
-3175
-3754
-4139
-4127
-3850
-3470
-3141
-2940
-2800
-2606
-2243
-1682
-1108
-772
-653
-479
-75
498
1068
1610
2342
3251
3850
3971
4242
5134
6198
6818
7269
8128
8515
6661
3351
2159
4020
5289
3354
-45
-2504
-3326
-2525
-1250
-1656
-3712
-4896
-4181
-2971
-2259
-1711
-1146
-863
-906
-853
-342
557
1454
1735
864
-587
-1076
-172
657
91
-1504
-2996
-3551
-3095
-2523
-2801
-3785
-4438
-4258
-3824
-3832
-3920
-3356
-2571
-2460
-2741
-2482
-1606
-675
-172
-241
-376
166
1269
2286
3109
3741
3949
3951
4337
5407
6712
7468
7724
8188
7999
5606
2820
2987
4917
4676
2068
-635
-2681
-3374
-1984
-830
-2370
-4554
-4569
-3376
-2678
-2192
-1562
-1158
-972
-824
-654
-110
800
1531
1514
521
-731
-848
146
490
-518
-1940
-3077
-3647
-3283
-2665
-3035
-4112
-4591
-4311
-4036
-3994
-3762
-3154
-2691
-2760
-2817
-2264
-1381
-687
-347
-360
-396
238
1587
2798
3385
3702
3968
4155
4729
6092
7393
7702
7898
8618
7922
4823
2506
3583
5419
4406
1052
-1948
-3122
-2569
-1502
-1643
-3330
-4887
-4731
-3339
-2346
-2187
-1923
-1250
-933
-1065
-770
229
1320
1857
1418
157
-688
-173
754
521
-875
-2281
-3026
-3040
-2702
-2772
-3554
-4325
-4414
-4178
-4191
-4269
-3875
-3159
-2834
-3033
-3034
-2315
-1274
-576
-414
-450
-91
903
2176
3195
3764
3995
4193
4780
5836
6877
7529
8246
9122
8476
5502
3014
3703
5397
4617
1841
-779
-2577
-3039
-1955
-1351
-2850
-4620
-4579
-3646
-3139
-2608
-1697
-1175
-1328
-1487
-1098
-178
911
1583
1323
314
-476
-225
590
647
-440
-1693
-2381
-2580
-2472
-2368
-2882
-3790
-4175
-4109
-4298
-4362
-3696
-2982
-3071
-3529
-3493
-2737
-1586
-783
-748
-980
-671
338
1677
2827
3477
3731
3832
4182
5242
6631
7422
7947
8963
8867
5992
2962
3374
5532
5251
2457
-310
-2197
-2964
-2019
-936
-2020
-4143
-4635
-3761
-3144
-2564
-1522
-965
-1331
-1722
-1449
-630
459
1394
1402
204
-1047
-848
367
725
-192
-1314
-2175
-2696
-2409
-1853
-2242
-3208
-3670
-3889
-4234
-3996
-3146
-2737
-3099
-3528
-3485
-2778
-1627
-859
-933
-1218
-922
131
1657
3006
3584
3517
3522
4227
5706
7166
7835
8207
8614
7660
5061
3583
4640
5551
4101
1501
-768
-2318
-2391
-1190
-1013
-2844
-4475
-4219
-3189
-2672
-2261
-1560
-1188
-1424
-1586
-1156
-377
496
1120
761
-522
-1273
-601
384
320
-750
-1970
-2699
-2625
-2082
-1953
-2533
-3197
-3574
-3840
-3867
-3344
-2697
-2567
-2882
-3207
-3134
-2348
-1216
-665
-894
-1148
-728
480
2054
3171
3378
3214
3575
4682
5930
6809
7718
8873
8669
5957
3141
3318
5366
5771
3633
485
-2125
-2919
-1655
-314
-1004
-3090
-4352
-3992
-2957
-2041
-1174
-629
-1033
-1864
-1817
-810
232
969
1049
-88
-1598
-1732
-521
288
-210
-1443
-2629
-3208
-2867
-2118
-1980
-2554
-3055
-3331
-3713
-3643
-2659
-1767
-1891
-2555
-2980
-2760
-1722
-517
-277
-859
-999
-166
1154
2298
2952
3232
3405
3795
4662
5812
6932
8070
8422
6530
3647
3015
4578
5299
4153
2031
-590
-2425
-2012
-678
-743
-2010
-3072
-3465
-3235
-2534
-1667
-860
-557
-1109
-1720
-1436
-471
539
1050
333
-1196
-1864
-1199
-405
-363
-1113
-2317
-3076
-2881
-2490
-2483
-2623
-2974
-3586
-3697
-3157
-2761
-2533
-2150
-2135
-2525
-2287
-1332
-615
-283
51
322
772
1846
3095
3658
3534
3526
4351
5671
6439
6768
7355
7077
4826
2845
3353
4472
3891
2182
154
-1789
-2184
-1014
-726
-2012
-2946
-2931
-2629
-2013
-1270
-993
-896
-727
-863
-989
-481
308
670
323
-729
-1675
-1587
-922
-837
-1460
-2328
-3081
-3250
-2912
-2748
-2870
-3053
-3414
-3651
-3210
-2506
-2202
-2144
-2075
-2027
-1833
-1248
-455
86
78
85
988
2342
3031
3247
3527
3634
4018
5236
6290
6679
7216
7013
4610
2231
2762
4562
4422
2140
-579
-2173
-1955
-999
-870
-1676
-2660
-3193
-2726
-1820
-1570
-1373
-410
-15
-925
-1446
-674
356
890
734
-358
-1559
-1602
-775
-541
-1485
-2554
-2733
-2648
-3145
-3505
-3179
-3068
-3394
-3367
-3276
-3485
-3063
-1972
-1544
-1830
-1795
-1233
-452
214
471
843
1911
2951
3364
3604
3769
4000
5032
6339
6753
6884
6942
5395
3151
3103
4261
3649
1960
763
-830
-2374
-1974
-929
-1563
-2716
-2851
-2795
-2784
-1949
-915
-697
-875
-974
-1043
-690
136
685
556
-130
-1032
-1435
-1009
-678
-1130
-1857
-2494
-3154
-3405
-3102
-3110
-3561
-3597
-3307
-3429
-3594
-3168
-2528
-2065
-1720
-1596
-1458
-688
409
1160
1708
2206
2462
3011
4114
4762
4842
5388
6178
6495
6867
6932
5397
3555
3482
3988
3170
1695
438
-797
-1435
-1271
-1443
-2208
-2659
-2602
-2310
-2021
-2156
-2147
-1183
-405
-905
-1347
-812
-316
-169
27
-341
-1259
-1505
-1154
-1220
-1634
-1955
-2372
-2786
-2905
-3108
-3484
-3374
-2824
-2754
-3217
-3344
-2842
-2183
-1677
-1494
-1644
-1461
-499
595
1210
1701
2352
2946
3379
3702
4097
4866
5855
6562
6892
6600
5320
4003
3802
4079
3727
2903
1657
-96
-1178
-848
-496
-1087
-1776
-2175
-2599
-2505
-1666
-1140
-1280
-1379
-1446
-1759
-1596
-749
-293
-700
-1374
-1899
-2102
-1792
-1399
-1584
-2255
-2878
-3152
-3112
-3019
-3034
-3037
-2989
-3107
-3177
-2831
-2338
-1947
-1553
-1318
-1349
-1114
-290
684
1505
2151
2420
2615
3242
3964
4391
4985
5737
6090
6324
6433
5487
3872
3293
3666
3626
2904
1643
43
-800
-502
-330
-764
-1124
-1537
-2037
-1773
-1151
-1191
-1267
-822
-820
-1442
-1566
-1102
-856
-977
-1439
-2226
-2720
-2544
-2175
-2227
-2770
-3381
-3562
-3471
-3581
-3544
-3060
-2798
-3002
-3009
-2677
-2343
-1855
-1249
-988
-886
-481
204
1120
2050
2413
2505
3142
3847
3992
4428
5455
6025
6135
6467
6071
4355
3228
3804
4317
3339
1753
585
-52
-200
-119
-333
-877
-1192
-1173
-1150
-1230
-1183
-809
-414
-595
-1212
-1388
-955
-703
-969
-1462
-2079
-2629
-2716
-2519
-2637
-3070
-3524
-3926
-4230
-4267
-3954
-3520
-3421
-3668
-3648
-3164
-2648
-2169
-1633
-1339
-1206
-715
161
1225
2241
2688
2665
3123
3864
4090
4403
5310
5990
6311
6618
5810
3940
3346
4359
4624
3309
1604
388
175
606
349
-515
-776
-775
-1100
-944
-442
-612
-786
-340
-428
-1140
-1109
-496
-437
-882
-1511
-2303
-2649
-2359
-2341
-2898
-3431
-3779
-4091
-4201
-4099
-3963
-3792
-3685
-3731
-3692
-3337
-2686
-2001
-1666
-1694
-1461
-642
447
1521
2112
1975
2078
3190
4117
4000
4165
5201
5898
6006
6039
5444
4323
3951
4066
3537
2935
2575
1472
85
-105
348
203
-187
-471
-840
-876
-415
-173
-352
-460
-492
-565
-634
-843
-1071
-1125
-1361
-1895
-2309
-2644
-3036
-3172
-3315
-3953
-4359
-3968
-3670
-3975
-4183
-4018
-3671
-3140
-2729
-2745
-2655
-2008
-1274
-709
-92
614
1262
1801
2236
2555
2837
3285
4091
4857
5094
5175
5314
4824
3890
3801
4336
4027
2887
1979
1518
1201
951
712
508
395
182
-108
-147
2
103
60
-207
-511
-525
-447
-623
-812
-1029
-1632
-2183
-2271
-2382
-2651
-2804
-3262
-4013
-4030
-3427
-3393
-3773
-3741
-3589
-3540
-3154
-2713
-2662
-2440
-1843
-1521
-1276
-346
809
1293
1400
1707
2133
2590
3407
4286
4507
4489
4990
5258
4372
3418
3593
4033
3676
2808
1766
846
742
1242
1249
699
325
95
-51
179
326
27
-54
138
-248
-952
-1033
-821
-909
-1144
-1656
-2522
-2918
-2611
-2609
-3129
-3391
-3431
-3635
-3707
-3542
-3477
-3361
-3054
-3011
-3168
-2969
-2457
-2029
-1597
-964
-255
288
544
795
1318
1941
2563
3255
3646
3717
4336
5214
4940
4048
4024
4121
3467
3112
3051
2178
1381
1572
1374
600
692
986
299
-107
274
61
-385
-15
104
-543
-741
-636
-1076
-1374
-1257
-1640
-2263
-2456
-2768
-3251
-3260
-3113
-3266
-3379
-3438
-3611
-3485
-3095
-2930
-2860
-2696
-2536
-2067
-1278
-701
-147
668
990
825
1179
1900
2291
2806
3555
3829
3931
4354
4426
3776
3286
3503
3712
2695
646
-131
1191
2335
1946
1105
175
-546
479
2132
1581
99
237
504
-297
-447
-112
-647
-934
-817
-2022
-3398
-2818
-1885
-2362
-3102
-3499
-3903
-3600
-2749
-2684
-3095
-2953
-2674
-2698
-2589
-2220
-1702
-1098
-759
-635
-268
273
855
1662
2087
1686
1611
2504
3246
3550
3976
3943
3339
3341
3690
3193
2644
2751
2457
1689
1465
1329
883
1022
1420
1051
492
310
45
130
701
453
-555
-894
-860
-1268
-1486
-1466
-1988
-2627
-2857
-3184
-3458
-3195
-2991
-3194
-3370
-3512
-3531
-3051
-2551
-2563
-2527
-2245
-2055
-1625
-790
-103
332
663
834
1162
1823
2277
2506
2956
3340
3535
3793
3638
3037
3025
3315
2784
2067
2029
1932
1526
1351
1109
820
1108
1422
1012
593
585
517
544
645
223
-350
-462
-668
-1195
-1476
-1704
-2207
-2578
-2886
-3382
-3550
-3259
-3248
-3523
-3530
-3359
-3159
-2809
-2532
-2443
-2131
-1576
-1181
-832
-272
293
628
887
1227
1524
1787
2215
2771
3219
3487
3492
3066
2675
2877
3122
2749
2193
1777
1300
1139
1418
1295
823
884
1071
718
566
829
729
513
677
478
-163
-319
-274
-738
-1167
-1194
-1531
-2204
-2587
-2746
-2946
-3014
-3022
-3222
-3411
-3333
-3074
-2805
-2643
-2452
-2102
-1707
-1297
-707
-120
171
587
1370
1812
1719
1883
2493
3025
3356
3374
2701
1965
2077
2446
2204
1795
1609
1175
665
710
1001
1109
1192
1130
735
471
612
760
690
520
170
-284
-554
-733
-1001
-1196
-1353
-1745
-2260
-2604
-2712
-2559
-2319
-2364
-2625
-2659
-2475
-2290
-2026
-1751
-1658
-1527
-1136
-679
-259
103
313
625
1249
1637
1556
1746
2410
2979
3199
2912
2050
1563
2104
2506
1993
1431
1080
539
401
816
842
593
821
835
230
132
639
746
546
431
-77
-774
-890
-743
-928
-1232
-1596
-2196
-2693
-2792
-2686
-2582
-2564
-2677
-2761
-2704
-2548
-2135
-1519
-1179
-1116
-891
-414
135
697
1094
1349
1724
2045
2049
2125
2646
3209
3244
2665
1923
1684
1920
1914
1551
1178
764
437
578
779
588
567
836
628
148
184
431
379
272
47
-555
-1046
-1105
-1164
-1481
-1857
-2214
-2432
-2447
-2553
-2777
-2763
-2560
-2457
-2393
-2356
-2367
-2091
-1511
-1175
-1034
-574
21
331
562
1041
1607
1985
2136
2273
2628
3045
3102
2720
2221
2022
2258
2338
1737
1049
974
1045
856
849
951
755
678
873
687
336
595
891
447
-92
-287
-671
-1147
-1268
-1457
-2037
-2482
-2588
-2728
-2951
-3034
-2931
-2829
-2789
-2682
-2434
-2203
-2009
-1616
-1146
-808
-327
292
500
574
1258
2068
2172
1991
2239
2764
3094
2874
2074
1394
1478
1833
1728
1257
693
287
398
800
852
698
847
982
828
784
925
897
830
871
568
-121
-612
-801
-993
-1290
-1690
-2128
-2379
-2492
-2680
-2793
-2650
-2501
-2459
-2339
-2208
-2126
-1760
-1177
-840
-648
-259
118
351
793
1344
1541
1590
2027
2610
2636
2122
1758
1805
1765
1392
1120
1095
885
506
415
477
489
722
1035
744
213
378
817
728
438
358
5
-575
-758
-742
-1050
-1468
-1661
-1800
-1977
-2138
-2254
-2204
-1985
-1808
-1721
-1671
-1615
-1408
-955
-537
-273
67
355
441
704
1278
1583
1542
1750
2185
2213
1823
1482
1307
1220
1200
1067
660
250
123
218
359
566
760
687
416
383
675
890
846
680
456
92
-320
-577
-702
-870
-1231
-1707
-2045
-2141
-2145
-2183
-2159
-2060
-1982
-1904
-1764
-1555
-1255
-894
-565
-226
136
327
396
744
1361
1704
1649
1687
1986
2224
2058
1550
1117
1147
1320
1092
587
295
267
356
534
544
345
354
631
654
439
437
529
389
156
-13
-303
-715
-915
-892
-1090
-1605
-1894
-1758
-1720
-1932
-1901
-1664
-1657
-1654
-1375
-1244
-1366
-1114
-536
-160
38
228
301
521
1185
1681
1469
1219
1674
2288
2073
1197
739
1040
1313
999
499
245
190
332
585
521
290
498
828
612
246
383
582
382
171
39
-417
-969
-1085
-994
-1199
-1592
-1743
-1678
-1684
-1766
-1673
-1448
-1337
-1276
-1110
-1008
-970
-689
-244
30
196
424
570
789
1255
1535
1400
1395
1836
2162
1870
1233
919
1130
1240
752
182
134
278
221
174
128
-45
46
427
414
53
68
276
115
-119
-195
-541
-1013
-1013
-944
-1449
-1938
-1738
-1438
-1619
-1857
-1755
-1572
-1394
-1079
-881
-894
-746
-340
-20
225
589
852
909
1129
1548
1682
1547
1658
2040
2172
1910
1506
1180
1044
1021
925
751
624
394
90
98
407
516
358
275
192
12
-44
-55
-260
-438
-550
-960
-1472
-1605
-1689
-2047
-2169
-1880
-1850
-2187
-2255
-1970
-1684
-1403
-1155
-1132
-1103
-763
-316
16
333
598
728
1022
1529
1712
1456
1434
1961
2458
2389
1859
1371
1333
1553
1494
1122
863
809
697
574
642
718
686
673
636
405
202
175
68
-134
-300
-652
-1240
-1543
-1561
-1862
-2208
-2075
-1928
-2217
-2375
-2147
-2016
-1889
-1550
-1375
-1421
-1185
-745
-479
-160
238
325
357
815
1271
1239
1136
1419
1902
2147
1942
1437
1130
1242
1385
1242
1071
1082
1045
812
637
705
885
1038
1060
816
461
378
483
347
5
-279
-560
-917
-1253
-1581
-1830
-1705
-1460
-1665
-2100
-2139
-1891
-1738
-1566
-1365
-1261
-1131
-924
-757
-491
-71
154
192
479
898
917
698
804
1264
1648
1606
1204
863
884
1032
976
759
650
738
872
812
536
442
744
1045
935
609
440
409
368
273
-3
-412
-665
-813
-1186
-1536
-1417
-1209
-1395
-1637
-1575
-1502
-1492
-1317
-1126
-1051
-891
-652
-561
-383
48
301
261
434
829
910
766
919
1292
1410
1278
1111
934
830
891
874
611
396
405
425
346
355
432
460
493
563
489
270
170
202
124
-197
-549
-761
-944
-1207
-1380
-1327
-1293
-1439
-1567
-1526
-1401
-1248
-1095
-1036
-985
-783
-568
-463
-197
229
387
319
518
955
1111
966
975
1160
1308
1455
1485
1175
816
866
1066
946
741
694
570
408
560
768
558
320
508
623
261
-42
24
7
-308
-576
-781
-1137
-1344
-1239
-1212
-1454
-1594
-1511
-1500
-1551
-1448
-1300
-1249
-1131
-963
-892
-793
-424
39
202
124
182
544
886
940
905
1080
1281
1252
1200
1254
1239
1142
1123
1036
807
767
924
866
630
628
726
625
566
627
418
14
-17
135
-127
-600
-755
-770
-952
-1108
-1167
-1289
-1377
-1322
-1363
-1548
-1551
-1316
-1144
-1149
-1189
-1130
-866
-441
-129
-80
-113
68
486
768
731
708
1005
1301
1231
1026
1002
1115
1233
1257
1031
700
661
881
968
847
719
578
453
510
637
494
172
65
48
-204
-502
-516
-442
-606
-873
-1039
-1180
-1273
-1231
-1220
-1349
-1409
-1303
-1284
-1351
-1237
-955
-711
-469
-175
-66
-166
-55
356
635
593
601
799
869
800
827
990
1143
1233
1138
823
658
892
1072
837
571
575
623
526
430
366
267
228
241
75
-238
-374
-294
-297
-485
-668
-845
-1035
-1108
-1099
-1172
-1294
-1294
-1224
-1266
-1299
-1095
-792
-555
-307
-79
-39
-73
92
350
456
471
595
717
663
579
642
837
1031
1070
847
544
579
886
905
566
359
470
556
412
216
143
187
239
168
-38
-234
-255
-181
-230
-421
-568
-610
-736
-963
-1038
-977
-1001
-1065
-1049
-1079
-1113
-873
-499
-328
-217
-1
69
15
219
540
564
446
534
611
503
498
662
676
581
686
857
752
527
502
559
509
476
498
381
167
92
117
113
72
-29
-164
-243
-244
-301
-423
-488
-460
-459
-579
-785
-955
-961
-877
-844
-850
-848
-853
-807
-618
-384
-193
-16
70
48
123
380
524
422
369
485
552
504
483
488
512
682
867
770
534
531
686
685
574
519
463
325
234
207
106
-16
-35
-52
-174
-266
-272
-340
-486
-516
-454
-488
-619
-764
-922
-999
-889
-769
-799
-812
-673
-546
-515
-377
-91
92
62
19
127
257
269
254
280
263
163
172
308
382
397
463
533
521
526
566
574
563
588
529
377
288
298
279
218
162
55
-96
-139
-118
-196
-316
-321
-275
-329
-440
-493
-512
-537
-525
-502
-547
-618
-579
-480
-417
-342
-207
-60
-1
-26
-21
104
290
347
226
107
147
233
204
138
201
349
456
466
410
375
454
564
544
422
363
353
273
188
154
140
105
48
-53
-175
-226
-188
-191
-276
-333
-307
-309
-413
-490
-446
-368
-379
-441
-471
-470
-411
-319
-264
-251
-159
8
45
-38
-23
139
234
206
149
114
94
109
153
161
194
313
408
338
230
282
400
404
362
347
281
169
122
116
72
52
72
23
-98
-133
-112
-168
-200
-109
-53
-144
-235
-261
-307
-343
-273
-228
-332
-414
-362
-324
-346
-279
-115
-31
-36
10
51
31
44
119
141
107
126
139
73
37
140
227
202
223
301
266
181
182
212
191
196
233
150
26
43
111
61
-31
-30
0
-37
-82
-85
-80
-83
-83
-91
-113
-118
-109
-127
-159
-148
-125
-140
-167
-152
-115
-101
-87
-22
57
68
47
47
49
10
-13
13
37
37
51
47
0
2
93
163
120
81
114
141
118
71
31
35
103
119
19
-84
-55
25
26
-10
2
36
33
-23
-92
-113
-65
-25
-74
-159
-164
-118
-122
-164
-174
-129
-61
-35
-66
-62
21
97
81
15
-4
50
100
87
32
15
80
137
108
69
112
159
171
153
141
128
115
102
28
-40
-43
-18
-46
-58
-10
8
-4
-5
2
2
27
58
30
-30
-38
-33
-66
-107
-100
-56
-28
-30
-84
-129
-79
16
29
-27
-14
40
6
-61
-53
-8
6
11
18
-13
-24
37
86
77
62
84
103
85
66
74
84
36
-26
-30
-6
0
16
46
53
47
28
9
2
28
48
34
13
11
7
-15
-23
2
20
2
-35
-55
-52
-30
-9
-29
-71
-66
-24
-21
-65
-82
-25
42
35
-29
-71
-56
17
59
36
-14
5
52
40
2
20
59
65
44
22
-1
-14
24
48
35
25
33
15
-11
15
55
58
41
53
69
82
96
71
12
0
46
50
9
-22
-32
-53
-58
-50
-83
-114
-76
-35
-37
-49
-45
-66
-85
-50
-13
-10
-11
10
-2
-29
-25
14
36
26
32
9
-22
-4
50
71
60
76
101
86
43
24
34
51
51
43
31
39
56
56
27
26
70
91
55
9
2
31
41
8
-45
-55
-31
-26
-30
-40
-44
-35
-17
-28
-52
-41
-18
-17
-44
-64
-81
-73
-40
-31
-44
-47
-37
-41
-43
-14
30
47
36
24
20
28
44
64
67
69
81
101
96
84
90
103
104
101
108
100
83
66
50
36
16
-11
-19
-16
-28
-42
-39
-42
-59
-52
-29
-19
-25
-32
-25
-24
-66
-92
-100
-61
-38
-44
-55
-65
-56
-28
9
13
7
7
13
0
-10
-13
-15
5
28
24
25
39
47
52
67
79
80
80
93
107
83
44
53
78
58
29
37
41
14
-7
9
2
-13
-3
16
-23
-66
-49
-37
-77
-89
-52
-59
-88
-71
-29
-36
-35
-6
19
17
26
29
-6
-20
13
15
-7
13
52
36
40
90
96
60
62
96
89
60
59
76
55
19
4
0
-28
-31
14
26
-15
-31
-5
-20
-49
-33
-7
-11
-30
-23
-25
-39
-42
-35
-33
-40
-32
-22
-6
6
1
-5
9
44
37
10
8
20
-5
-25
0
15
9
18
43
42
48
74
86
61
50
53
49
48
37
17
1
2
-2
-9
6
15
-12
-30
-7
2
-14
-17
-3
-9
-47
-53
-43
-55
-63
-49
-38
-51
-50
-37
-33
-33
-21
-33
-31
6
27
-2
-10
18
10
-14
12
46
34
46
88
82
45
58
76
53
32
54
60
15
1
20
21
-11
-11
8
10
20
32
32
1
-6
17
9
-25
-14
1
-37
-44
0
-3
-47
-41
11
-2
-49
-25
6
-27
-41
-3
-5
-41
-25
18
-2
-33
0
28
-13
-19
37
32
2
22
66
42
10
26
30
-5
-19
5
-6
-24
-6
4
-17
-28
5
9
-22
-15
25
37
12
7
15
-8
-25
-6
-2
-32
-47
-18
-13
-41
-29
10
10
4
25
39
23
28
54
24
-2
6
22
-3
-21
-1
4
-28
-31
1
17
10
-1
6
-5
-18
-10
-6
-22
-28
-14
-23
-42
-39
-26
-25
-25
-6
3
-14
-6
20
20
10
12
17
5
-21
-37
-38
-34
-13
2
-1
-10
4
32
45
49
44
38
25
18
13
2
-16
-25
-25
-43
-39
-7
35
29
20
25
20
8
-8
-6
-10
-12
-16
-18
-31
-46
-42
-33
-42
-40
-15
-1
7
5
11
0
-5
-13
-38
-43
-25
-18
-29
-39
-30
-29
-26
-4
-3
3
31
43
29
19
27
13
-5
-4
0
-4
-1
0
6
24
29
16
5
15
24
7
-14
-9
-10
-15
-18
-29
-30
-24
-8
4
11
15
3
2
8
8
10
14
14
-3
-3
2
-6
-7
-2
-8
-11
-4
9
21
15
10
8
20
26
14
8
-8
-5
3
-14
-9
5
24
29
30
35
27
27
36
25
23
19
14
8
-7
-13
-13
-15
-24
-24
-14
-10
-26
-19
-6
1
-18
-23
-14
-27
-37
-23
-12
-21
-14
0
2
-2
5
8
6
21
23
8
-2
3
18
5
6
16
21
21
11
16
20
33
40
35
26
6
8
13
12
14
18
4
-23
-24
-6
-10
-8
5
9
-2
-7
-2
-23
-37
-22
-12
-32
-49
-36
-18
-19
-15
-7
-9
-12
6
14
12
13
1
-8
-6
-1
7
10
2
7
25
30
25
30
36
40
40
35
32
15
16
25
10
-9
-17
-9
-3
-3
-3
-12
-8
-3
-3
-13
-15
-21
-27
-31
-28
-27
-43
-42
-28
-27
-37
-29
-9
-5
2
20
9
-10
-26
-26
-32
-36
-18
-12
-13
-21
-11
-3
-16
-1
24
33
29
37
31
20
16
13
5
-8
2
11
2
-3
8
8
1
3
7
-3
-4
7
5
-10
-25
-24
-40
-53
-48
-48
-39
-37
-16
-10
-21
-10
7
2
-13
-8
3
-3
-14
-1
8
-12
-20
-14
-7
-6
5
17
13
9
15
17
16
13
5
5
13
11
-12
-17
-9
-5
-3
6
2
3
4
11
3
-10
-5
-1
-16
-35
-25
-16
-26
-25
-20
-22
-22
-17
-8
-11
-3
10
15
-2
-18
3
4
-3
-2
1
-12
-8
0
0
-2
-3
10
15
24
18
10
5
4
18
12
-5
-11
10
12
6
6
7
0
-10
2
8
-9
-5
1
-10
-17
-12
-15
-38
-30
-8
-9
-23
-27
-16
-13
-13
-3
-4
-18
-15
0
3
-11
-1
0
-13
-16
-13
-4
-9
-3
5
8
-1
5
25
21
12
15
30
11
-1
9
11
-3
-6
5
5
-2
5
16
6
2
12
0
-19
-2
7
-5
-9
-4
-4
-17
-14
-10
-16
-11
8
18
1
-9
-3
-5
-3
-2
-1
-6
-11
-4
-6
-14
-16
-10
-12
-16
-6
7
2
-7
-2
3
-1
-10
-7
-5
-3
-5
-9
-19
-21
-8
2
0
-4
1
3
-1
4
15
11
2
-1
-6
-4
-4
-2
-2
-2
4
13
5
-7
-7
3
1
-2
3
3
-2
4
-3
-15
-15
-10
-9
-18
-16
-12
-5
-2
6
2
-15
-10
-6
-14
-8
-1
-3
-15
-8
-1
-9
-9
-4
-1
-3
3
-1
2
5
5
6
-4
4
3
-2
-6
-2
4
-2
-5
-12
-12
-12
-3
-5
-13
-5
2
3
-5
-20
-13
-12
-19
-5
0
-5
-13
0
14
5
5
8
1
-3
3
2
5
-3
1
2
0
9
13
16
14
17
16
12
15
15
7
-1
3
12
15
6
2
7
10
7
1
-6
-6
7
7
6
1
0
2
0
-3
-6
-6
-11
-10
-7
2
16
13
9
3
-1
6
3
0
-1
3
3
6
2
5
12
7
10
8
3
1
2
3
0
15
8
-6
-1
8
0
1
9
12
11
11
3
-7
-4
-1
2
2
3
2
2
2
1
-4
6
3
4
9
3
4
0
2
2
8
9
10
5
0
5
8
8
6
11
4
13
7
10
2
2
6
-2
-4
0
7
-1
-2
-4
-1
2
8
4
-2
-3
4
14
5
-3
-7
0
2
-3
0
-2
-8
2
0
-4
0
0
-5
-8
1
8
0
-5
-3
6
-1
1
7
3
11
8
7
2
0
1
6
-1
-8
-3
-11
-19
-8
-3
-11
-11
0
-4
-13
-3
-2
-4
-7
-2
0
-3
-14
0
12
-3
2
8
-1
-9
1
8
6
-2
9
10
3
8
10
9
3
9
7
-1
-7
3
12
11
11
12
7
4
12
13
8
3
14
16
3
2
8
12
3
4
6
-2
-4
-2
-2
-5
-2
-6
-9
-11
-3
-2
-8
-4
-1
-9
-14
-9
-6
-9
-10
-2
-3
-8
-11
-4
-8
-6
3
5
-1
-4
7
21
12
9
7
11
19
12
1
-1
1
11
18
8
13
11
10
15
20
16
6
6
6
5
1
2
4
-4
-1
-1
0
-5
-1
2
-4
5
8
0
-14
-14
-7
-10
-13
-9
-14
-17
-4
1
-7
-10
3
6
5
6
5
-4
-2
7
0
-1
6
5
-7
-6
-5
6
-4
3
8
14
13
4
8
9
13
10
10
6
6
2
6
5
-3
0
7
0
-7
-6
-5
-8
2
5
-7
-4
2
6
-3
-7
7
2
4
6
8
10
7
13
15
13
13
12
6
7
3
7
12
8
14
13
1
-3
15
21
3
-3
9
18
13
14
15
11
9
12
14
4
7
14
10
6
10
14
3
0
11
9
3
3
6
1
0
11
15
13
10
9
11
13
17
26
18
10
13
14
12
5
10
12
5
9
13
14
5
-1
10
12
12
9
3
4
3
9
0
-3
1
11
14
5
0
-2
1
2
6
-4
-13
-1
12
4
-2
2
4
1
-5
0
4
3
4
4
4
6
12
10
3
6
13
8
7
12
3
2
1
4
11
0
-1
4
3
5
12
9
-2
-1
16
13
1
2
7
3
4
5
2
-15
-4
13
5
0
0
1
-2
8
8
-3
-7
0
9
12
2
4
1
-2
7
7
-6
0
11
10
6
6
10
11
16
6
4
11
8
11
11
-2
-2
11
16
8
10
10
13
8
9
11
11
7
15
17
7
2
6
10
7
12
4
7
5
10
6
-1
0
1
6
-4
-6
-4
-5
-3
4
2
-4
6
2
-1
3
1
-6
-12
-5
4
1
0
0
4
3
-8
-6
8
3
0
2
-4
0
1
11
9
7
14
14
10
4
-5
-6
2
3
0
0
4
8
5
8
10
8
6
9
4
1
1
-6
-2
-7
-3
-6
-9
-4
-5
0
-3
-2
2
4
-1
-6
-4
1
-1
-5
-3
-4
1
-1
-7
-7
-9
-9
-6
-10
-10
-13
-14
-4
-1
-6
-9
-1
-1
-4
-5
-3
-5
-8
-6
-2
2
-9
-13
1
-3
-3
-1
-6
-9
-5
0
-1
-3
1
9
2
1
1
-3
1
1
-3
1
5
2
4
4
0
6
6
7
6
8
0
0
5
7
3
3
5
10
7
0
2
2
-5
-2
5
-1
-6
2
8
1
-1
-3
2
4
1
-4
-12
-10
-4
-2
-9
-12
-7
-5
-3
-4
-4
-9
-9
-5
-10
-7
-6
-2
0
-3
-4
-10
2
0
0
-3
-2
-1
0
-3
-3
1
-1
8
2
1
-3
-6
-2
-4
-2
-3
-10
-1
-3
1
-5
-10
-7
-6
0
-10
-14
-6
-3
0
-5
-6
-1
-1
4
-6
-6
-6
-8
-6
-7
-12
-10
-7
-12
-12
-4
-6
-8
-2
-2
-10
-6
-5
-10
-8
-8
-7
-5
-9
-9
-8
-4
-3
0
-3
-8
-9
-8
-6
-2
-10
-13
-14
-9
-3
-3
-1
5
3
4
-3
-5
0
2
-1
-7
-4
-6
-8
0
-1
-5
0
-5
2
4
4
-3
-2
-7
-10
-1
-9
-11
-9
-7
-10
-10
-9
-4
-1
-5
-9
-13
-8
-5
-4
-5
-7
-9
-2
-2
-2
-9
-5
-8
-8
-6
-10
-9
-2
-9
-8
1
-6
-6
-8
-10
-13
-18
-6
-1
-3
-13
-12
-8
-11
-6
-11
-9
-7
-7
-11
-9
-11
-8
-7
-5
1
-12
-16
-9
-5
-9
-9
-6
-3
-5
-6
-8
-6
-2
5
-1
-5
-5
0
-4
-6
-3
-6
-9
-5
-4
-10
-7
-9
-12
-12
-14
-11
-12
-12
-8
-11
-11
-6
-6
-3
1
-1
-6
-8
-3
-2
-3
-1
-2
-1
-1
4
-3
-2
-1
-3
2
-1
2
2
-2
3
2
-4
1
4
-4
-9
-7
-5
-5
-5
-2
-7
-11
-14
-12
-12
-15
-10
-11
-8
-9
-9
-15
-15
-8
-2
-3
-13
-8
-6
-7
-14
-15
-6
1
-5
-6
-7
-6
8
7
-1
-4
-3
-2
1
-5
-5
3
2
1
2
1
4
2
-1
-8
-2
7
1
-3
-3
-2
0
-8
-15
-1
1
-7
-10
-7
-7
-6
-6
-15
-11
-8
1
-9
-6
-5
-6
-7
-11
-4
-3
-7
-5
-6
-8
-1
-1
-7
-5
6
3
0
-2
0
5
2
-6
-1
7
2
-4
-6
4
6
1
1
3
6
9
6
-3
-2
8
6
0
-3
1
8
4
-2
0
2
8
7
6
8
8
9
0
6
12
6
3
1
8
10
-2
-1
3
5
5
4
-1
-3
8
8
1
-6
-4
1
1
-1
2
3
3
2
-3
-4
5
10
0
0
0
4
4
-3
2
2
4
6
7
9
2
5
9
6
3
-3
-8
-6
2
-1
-7
0
2
3
-3
0
-3
-5
-2
0
0
-11
-4
-5
-10
-10
-13
-15
-15
-11
-9
-9
-7
-6
-6
-4
-9
-4
-5
-2
-1
-6
-3
-1
-5
-7
-6
-4
1
3
0
-2
0
3
1
-4
-7
-4
0
-7
-1
0
-2
-2
-4
-2
-3
0
-1
-4
-3
0
-2
-4
-10
-7
-6
-5
-3
-7
-8
-2
-2
-5
-12
-4
-2
-8
-9
-3
0
-3
1
-5
-9
2
1
-3
0
-7
-1
-3
-3
-1
2
4
-4
2
1
-3
5
2
6
5
-5
-8
-1
0
-3
-3
-11
-1
3
4
-7
-8
0
2
4
1
-1
0
0
-3
-1
-5
0
-7
-5
-5
4
1
-6
-2
-1
2
-5
-4
-4
-5
-4
-2
-6
1
5
0
-5
-10
-1
-2
-2
-4
-8
-4
-2
1
-7
-6
0
3
-4
-6
0
-2
-2
2
-1
-3
-10
-8
-4
-5
-7
-8
-4
-4
0
0
-6
-5
3
7
-1
-5
-3
5
10
3
-1
4
6
8
-2
-5
1
6
3
1
3
1
-3
1
-1
-2
-2
-1
1
-2
-2
-2
-4
-5
2
-3
-1
-3
-2
1
-3
1
-6
-3
1
2
-1
-4
-4
1
0
-3
0
5
8
2
-3
-7
-4
-6
-3
-1
-2
-4
4
0
-6
-4
-4
-8
-10
-2
-1
-1
-9
-6
-5
-7
-11
-11
-3
-5
-6
-11
-12
-7
-6
-8
-9
-12
-8
-7
-13
-4
-10
-10
-10
-12
-4
-4
-2
-2
-3
-5
-6
-3
-4
-3
-5
-2
0
0
6
1
-1
3
10
5
0
4
-1
-3
-2
1
1
0
5
7
0
5
2
4
5
5
7
4
4
3
1
2
1
5
1
2
9
1
-3
1
7
4
2
-1
-5
-4
0
-1
-4
-2
3
-1
-3
-7
-3
-3
3
3
3
2
-5
0
4
3
3
6
10
3
1
2
-1
0
4
-2
-5
1
-1
-1
-8
-4
-3
-2
-4
-9
-9
-5
-4
-9
-5
-3
-6
-6
-1
-6
-5
1
-8
-9
-5
-4
-6
-15
-12
-4
-4
-10
-13
-5
1
-2
-4
-14
-14
-7
-7
-14
-15
-5
-21
-15
-13
-9
-9
-12
-13
-4
-7
-5
-9
-10
-2
0
-3
-13
-10
-3
-1
-8
-10
0
3
-1
-3
-4
-3
-2
-5
-5
-4
1
-1
-1
-5
-2
-1
0
-6
-8
-1
-2
-3
-5
-4
0
-7
-5
-15
0
3
-5
-7
-7
5
1
-5
0
4
6
3
-6
0
4
-2
-5
-6
4
6
9
-1
-1
10
11
5
3
8
11
2
2
3
12
10
5
1
9
16
7
3
-3
7
10
0
-4
-1
4
6
-7
-7
-1
2
-4
-4
-9
1
6
-5
-12
-3
2
-1
-11
-13
1
1
-6
-12
-8
4
-5
-12
-7
-6
-3
-5
-11
-3
8
-2
-9
-6
0
6
3
1
-4
4
6
1
-2
6
12
0
-12
-4
4
3
-2
-7
2
12
8
-6
-12
5
8
1
-10
-6
11
3
-4
-9
-3
10
-1
-3
-4
8
2
-2
-4
2
13
8
2
6
13
13
3
2
14
17
22
5
4
17
22
11
-1
10
23
22
6
5
13
17
19
10
9
13
21
15
9
12
19
15
9
10
19
20
9
12
17
17
18
10
13
17
23
9
2
13
23
17
7
7
10
20
19
6
11
21
22
16
3
10
15
15
18
9
9
12
23
14
11
14
9
11
12
19
14
8
4
9
20
14
2
2
16
24
20
4
8
15
23
17
1
4
16
22
10
3
11
16
19
7
2
7
11
16
8
0
6
7
6
0
3
3
-3
9
10
5
-1
-8
1
6
6
2
-2
2
9
7
-6
-7
2
10
9
0
-3
0
10
12
3
1
6
15
9
1
7
5
7
8
2
0
2
4
10
10
5
-3
-6
6
12
6
-2
-1
8
12
7
-3
0
10
16
2
-9
-3
8
10
4
-8
-6
-1
6
0
-6
-2
8
1
1
-2
-7
-3
-5
8
5
1
-1
3
10
11
2
-7
0
9
13
4
-5
6
19
11
8
-2
3
17
14
0
2
8
12
7
-4
-2
4
-2
1
2
7
6
0
-4
7
9
-2
-2
1
11
5
-7
-13
2
14
7
-12
-15
2
14
0
-14
-6
7
15
1
-9
3
14
13
-2
-5
3
11
4
-6
-2
5
11
-3
-8
9
8
-2
-7
3
11
7
-8
-7
7
15
8
-11
-5
9
16
-4
-12
2
13
9
-10
-12
4
17
2
-9
-1
12
7
-6
-14
5
11
1
-11
-1
19
10
-8
-10
10
17
2
-9
-5
18
29
-2
-24
-2
23
18
-4
-6
17
35
15
-7
2
20
27
6
-2
15
25
18
-4
0
16
19
-1
-8
9
23
4
-16
-7
29
21
-4
-15
4
28
10
-11
-16
22
28
3
-19
3
30
17
-9
-16
14
30
7
-11
1
23
19
-7
-12
10
31
7
-21
-7
22
23
-10
-24
12
35
14
-24
-22
17
33
-4
-28
-3
37
26
-15
-21
12
46
17
-19
-15
29
29
-5
-22
1
30
11
-17
-13
26
33
-2
-28
6
40
20
-19
-16
19
41
3
-37
-5
39
32
-19
-35
11
42
11
-29
-20
32
41
-6
-37
-2
42
24
-24
-27
27
41
-6
-35
-5
41
29
-20
-30
20
47
13
-33
-9
47
46
-9
-41
5
51
21
-35
-32
30
51
1
-43
-12
48
38
-20
-37
12
45
10
-35
-16
35
32
-11
-35
-4
36
10
-38
-22
28
36
-17
-43
-5
34
15
-43
-43
14
42
-11
-56
-19
36
32
-34
-56
-6
43
7
-45
-37
25
38
-10
-57
-14
39
22
-29
-37
13
45
-2
-48
-16
38
31
-30
-42
9
46
14
-37
-35
25
41
-11
-54
-19
35
22
-35
-47
6
40
13
-37
-29
19
27
-14
-35
-8
26
15
-19
-22
10
25
-8
-34
-5
23
10
-30
-22
21
32
-1
-38
-13
33
25
-20
-38
5
43
16
-33
-26
20
45
-1
-37
-16
27
28
-15
-36
1
44
22
-13
-21
17
33
2
-31
-7
31
15
-21
-18
15
29
1
-30
-14
24
31
-6
-25
-1
38
23
-16
-18
19
36
9
-23
-20
26
33
1
-18
2
31
27
-1
-8
8
21
9
-12
-6
10
15
-2
-8
10
19
6
-13
-1
19
18
-11
-22
6
30
9
-25
-19
9
26
-2
-30
-20
16
24
-10
-30
-7
29
14
-17
-29
1
31
3
-21
-11
15
24
-2
-16
-3
19
2
-21
-14
11
16
-4
-23
-7
22
9
-22
-28
0
23
-2
-28
-20
15
26
-12
-29
-11
20
17
-17
-26
3
26
11
-19
-12
19
21
2
-21
-4
15
5
-14
-15
7
17
-7
-19
6
24
15
-15
-20
21
27
1
-18
-5
27
27
-5
-33
4
27
18
-16
-15
22
32
9
-13
-8
21
27
0
-18
0
25
16
-5
-7
16
28
5
-10
4
20
11
-4
1
19
23
-1
-15
2
24
14
-18
-12
14
25
6
-18
-11
18
28
-3
-22
-1
20
13
-18
-18
8
17
3
-18
-11
9
17
-9
-21
-5
9
-1
-13
-7
14
10
-8
-14
1
12
6
-9
-17
12
20
4
-14
-5
14
18
-3
-10
5
18
14
-8
-5
4
13
-3
-13
-2
7
2
-8
-5
4
10
1
-7
5
12
6
-9
-7
15
12
-4
-12
2
19
9
-12
-13
9
26
8
-17
-12
7
19
3
-13
-2
15
14
0
-13
2
22
24
-1
-9
4
15
7
1
0
10
16
9
2
10
15
12
8
6
14
11
4
3
12
21
3
-4
7
10
6
2
-5
2
6
1
-8
-2
8
12
5
-1
9
19
13
0
4
17
15
6
-2
7
23
13
0
-2
16
16
12
-4
-6
17
21
7
-6
1
20
20
4
-2
3
22
22
6
-1
2
26
27
10
-4
7
15
17
10
4
10
19
19
13
7
4
15
17
19
10
-1
4
18
18
4
0
12
18
20
11
4
16
28
26
11
8
9
20
15
9
4
9
18
13
6
6
17
16
10
8
16
15
14
3
6
20
16
12
10
19
20
14
6
6
15
20
15
9
5
16
18
13
-1
1
9
13
8
4
2
2
9
15
12
-1
-2
7
16
10
-3
-13
6
27
19
-7
-11
11
28
21
-8
-7
10
27
15
-11
-11
11
29
15
-5
-5
16
22
3
-2
-1
10
15
6
4
6
0
-1
5
-1
-1
-6
-8
7
16
6
-8
-9
9
16
4
-20
-14
8
13
2
-11
-3
7
10
-5
-7
-2
-1
-1
-3
-2
-1
-6
-4
9
18
12
-9
-7
9
20
-3
-23
-6
23
25
-9
-29
-9
19
20
-11
-31
-7
18
15
-15
-23
-5
12
10
-7
-5
1
10
6
5
-4
-6
-12
-4
13
8
-7
-11
1
17
17
-13
-23
4
34
15
-24
-25
12
38
17
-21
-19
21
34
2
-23
-11
20
19
-6
-14
3
13
1
-11
-1
10
-4
-20
-4
14
14
-14
-25
2
30
12
-29
-31
14
37
9
-30
-27
26
40
-3
-33
-12
26
20
-16
-32
-6
20
6
-21
-16
11
12
-5
-14
0
9
-15
-22
-4
22
5
-26
-22
16
31
-8
-37
-18
23
24
-19
-43
-15
29
20
-33
-41
1
32
3
-38
-35
5
23
-11
-30
-11
12
5
-20
-24
-1
7
-17
-26
-12
16
-1
-37
-22
17
21
-17
-37
-8
22
10
-36
-43
-4
29
4
-41
-35
6
18
-16
-43
-16
18
11
-20
-26
-1
16
-5
-28
-12
10
3
-24
-26
8
18
-14
-35
-11
22
12
-29
-39
3
32
8
-42
-34
21
36
0
-36
-19
28
34
-19
-40
-8
29
9
-27
-32
-1
26
4
-21
-13
16
9
-14
-17
7
26
0
-23
-6
21
11
-17
-26
13
34
5
-29
-17
29
29
-7
-32
-8
28
19
-22
-30
11
33
7
-29
-18
19
22
-10
-25
-1
26
8
-27
-26
9
26
-8
-29
-6
21
11
-20
-29
9
30
0
-28
-21
19
30
-10
-30
-7
32
21
-31
-32
3
25
3
-33
-25
14
17
-11
-30
-11
15
5
-22
-22
4
15
-12
-27
-12
10
-1
-25
-20
9
22
-8
-34
-21
10
16
-24
-35
-6
24
2
-37
-31
9
27
-7
-43
-26
14
15
-20
-31
3
30
5
-30
-25
10
22
0
-26
-14
17
17
-16
-25
10
28
9
-23
-18
17
26
-5
-20
1
25
15
-19
-23
12
30
4
-30
-13
18
12
-10
-22
-1
22
9
-21
-18
7
22
-4
-29
-11
14
8
-18
-25
3
15
-10
-27
-13
4
9
-11
-24
-9
4
-2
-26
-16
8
17
-4
-24
-17
8
5
-17
-24
0
19
0
-26
-24
6
15
-7
-31
-16
5
3
-19
-30
-7
12
-1
-24
-23
-5
4
-14
-20
-16
0
3
-18
-19
-7
2
-10
-22
-15
-2
-4
-15
-21
-6
3
-9
-24
-26
-7
1
-13
-21
-12
-2
-3
-14
-23
-2
2
-5
-18
-23
-14
-2
-10
-21
-9
-4
-2
-15
-15
-12
-6
-7
-17
-23
-7
-9
-14
-19
-13
1
-11
-15
-16
-15
-6
-16
-21
-14
-2
-2
-18
-23
-8
2
-10
-21
-24
-9
3
-7
-17
-15
-9
-3
-13
-25
-15
-5
-6
-16
-14
-14
-9
-4
-14
-13
-5
-2
-8
-19
-13
0
-1
-5
-12
-5
-4
-7
-17
-11
0
6
-6
-13
-4
2
1
-10
-14
-9
2
-7
-12
-13
-3
4
-9
-8
-6
-1
1
-10
-8
0
4
-6
-15
-9
3
6
-3
-7
-5
1
-3
-13
-8
-1
9
-3
-14
-6
6
3
-7
-5
3
10
7
-9
-12
1
6
-1
-10
-9
0
5
-7
-11
-2
12
3
-8
-3
7
7
0
-4
-11
9
5
-12
-15
-3
11
2
-12
-8
-4
1
-5
-13
-2
0
-1
-9
-13
-5
7
4
-6
-2
0
-3
-11
-12
-7
2
-9
-13
-7
0
-1
-11
-14
-12
4
-1
-17
-19
-11
8
-2
-15
-15
-2
7
-5
-12
-10
1
2
-15
-18
-4
4
2
-6
-11
-7
-1
-5
-7
-6
-6
-4
-10
-12
-5
-1
-8
-10
-8
1
-10
-16
-15
-7
3
-4
-14
-11
-7
-9
-10
-16
-12
-4
-7
-9
-13
-16
-4
-14
-19
-15
-11
-12
-16
-16
-15
-9
-11
-9
-14
-11
-9
-14
-16
-13
-9
-13
-18
-21
-17
-11
-16
-17
-18
-18
-14
-16
-19
-21
-10
-13
-17
-19
-17
-13
-12
-13
-23
-19
-10
-14
-18
-15
-14
-13
-15
-13
-16
-18
-19
-12
-11
-16
-11
-16
-14
-9
-5
-13
-12
-9
-9
-12
-18
-14
-14
-8
-6
-15
-13
-4
-8
-7
-14
-17
-10
-10
-15
-12
-9
-11
-4
-13
-14
-10
-10
-7
-8
-9
-6
-3
-6
-6
-5
-2
-9
-10
-8
-7
-10
-8
-8
-1
-8
-12
-13
-11
-10
-11
-11
-16
-12
-4
-10
-11
-9
-11
-10
-14
-21
-20
-10
-15
-19
-16
-15
-12
-17
-15
-11
-9
-12
-14
-13
-11
-10
-12
-12
-11
-8
-10
-14
-14
-9
-8
-5
-16
-6
-6
-6
-6
-13
-2
2
-1
-11
-9
-11
-7
-11
-11
-4
-4
-5
-11
-15
-10
-6
-9
-8
-8
-5
-9
-11
-9
-1
-10
-11
-8
-10
-14
-12
-12
-9
-11
-9
-6
-8
-12
-14
-2
-2
-5
-6
-8
-10
-11
-6
-11
-13
-7
-6
-2
-10
-16
-9
1
-3
-10
-12
-2
-1
-1
-5
-10
-6
-8
-7
-11
-7
-5
-7
-11
-9
-1
-5
-12
-10
-10
-5
-10
-11
-11
-6
-2
-14
-18
-4
1
-2
-14
-19
-1
-1
-8
-19
-16
0
5
-6
-17
-5
6
-1
-11
-8
3
-4
-10
-13
-7
2
-6
-14
-9
-4
1
-7
-15
-5
2
-2
-11
-15
-2
7
-2
-18
-17
2
7
-6
-14
-10
1
9
-10
-21
-1
5
1
-12
-12
6
7
-4
-10
-1
8
-6
-13
-10
-3
5
-2
-12
2
9
-3
-15
-15
3
9
-4
-18
-13
7
6
-10
-20
-5
5
-2
-19
-13
-2
9
-7
-22
-14
-8
-4
-11
-12
-11
3
-4
-12
-9
0
-8
-17
-15
-9
1
-13
-19
-14
1
-1
-15
-17
-4
15
-2
-15
-21
-1
10
-10
-18
-12
7
-1
-9
-16
1
6
-2
-8
-4
8
-1
-8
-9
5
14
-1
-17
-5
13
5
-12
-19
2
21
9
-14
-18
9
15
-3
-14
-10
5
10
-5
-17
-8
5
6
-5
-10
-1
-3
0
-9
0
3
2
-8
-6
3
-3
-6
-15
1
5
0
-13
-7
6
2
-7
-18
0
6
3
-6
-8
1
0
-4
-15
-18
-2
1
-12
-10
-3
5
-1
-10
-4
3
5
-11
-11
-1
4
0
-8
0
5
15
-6
-9
-1
12
13
-8
-10
-2
8
3
-7
-6
6
5
-11
-10
-7
-3
-8
-10
-5
-3
-9
-11
-9
0
3
-15
-12
-5
-1
-6
-22
-15
6
13
-9
-18
-12
4
9
-8
-13
-6
9
-5
-15
-16
0
6
-13
-12
-9
3
-3
-10
-8
1
-7
-16
-15
-6
11
-5
-17
-17
-4
7
-10
-20
-13
0
-4
-17
-25
-12
-1
-11
-17
-19
0
-5
-12
-14
-11
-3
-9
-19
-13
-5
-9
-11
-19
-4
4
-5
-14
-12
7
5
-2
-19
-8
12
3
-13
-22
-2
6
3
-16
-15
1
-1
-12
-26
-7
-1
-6
-16
-13
1
1
-12
-13
-2
-1
-2
-9
-2
9
10
-8
-15
1
9
1
-18
-8
8
6
-2
-15
-4
13
10
-11
-14
2
11
4
-7
1
12
17
-5
-4
8
9
4
-6
3
12
14
-6
-6
8
12
9
-10
-1
9
14
5
-10
1
15
17
-3
-8
1
15
6
-9
-8
6
15
2
-4
2
13
8
-2
-8
3
8
-4
-10
8
13
10
-4
-1
11
14
1
-5
7
18
14
-2
-3
8
19
5
-3
-4
17
20
4
-11
1
15
12
-4
-13
4
10
4
-9
1
7
7
-4
-12
-2
10
0
-13
-6
4
1
-5
-9
6
11
5
-4
-7
4
8
-2
-12
0
5
2
-6
-6
3
2
1
-5
-4
10
2
-9
-9
-3
-1
-1
-8
-10
-2
-1
-3
-12
-11
-2
1
-8
-9
-3
0
-3
-12
-6
-1
-4
-7
-13
-10
-1
-2
-7
-10
-12
-3
-7
-9
-12
-5
-3
-10
-6
-6
0
-2
-6
-6
-1
-2
-2
2
4
1
2
-5
-4
-5
1
-3
-6
3
7
6
-2
-3
0
3
0
-6
-2
6
4
4
-2
-2
4
6
3
-3
0
5
5
0
-2
8
5
0
-5
0
2
-1
-1
-1
-1
5
6
-2
-3
-3
5
2
-4
-1
1
4
0
0
-2
-7
3
-8
-10
-3
-6
-6
-9
-2
-6
-3
-7
4
-4
0
-4
-10
-7
-2
-4
-8
-3
-1
2
-4
-3
-1
5
1
-1
-1
2
4
-4
4
8
1
8
4
6
8
5
5
6
5
5
1
4
10
13
10
10
6
6
11
13
13
9
10
11
9
11
11
9
10
14
16
10
6
0
8
6
3
6
6
9
8
6
2
7
10
7
8
10
8
7
8
1
8
12
9
7
8
8
11
4
3
11
8
4
2
6
10
7
7
4
7
11
9
3
1
15
6
1
1
2
10
11
9
3
6
13
8
4
11
15
5
0
3
17
15
7
5
6
17
7
4
7
17
22
12
5
9
22
20
5
-1
14
23
16
6
10
20
19
3
-3
7
17
15
3
-3
17
26
9
-2
6
20
22
8
1
14
23
11
-5
2
15
24
5
-1
5
17
9
-1
0
17
22
7
-6
6
22
12
-3
-4
13
22
13
-12
-4
12
18
3
-9
10
25
11
-8
-8
13
25
4
-6
5
19
22
-2
-6
18
20
12
-6
-3
18
21
2
-9
8
23
12
-4
1
15
21
4
-1
4
23
16
1
0
10
18
6
-6
-1
19
12
-3
-12
12
21
10
-5
-4
18
13
-1
-7
8
21
11
0
1
11
18
9
-1
10
25
19
0
-1
15
20
12
1
2
13
19
7
-5
10
27
19
2
1
20
21
8
-5
2
21
13
-4
-7
9
19
9
0
7
18
17
2
-9
4
16
10
-7
-1
9
12
-1
-8
3
14
10
-7
-10
2
15
4
-7
-2
17
16
-1
-3
4
13
10
-3
-4
15
20
9
1
-2
17
19
3
-4
5
15
9
-5
-2
12
16
9
2
10
18
12
2
4
3
13
7
-9
-5
6
17
2
-8
0
10
6
-5
-6
-4
9
-1
-8
-6
4
6
-2
-7
-3
10
5
-7
0
6
10
-2
-4
3
10
8
-5
-1
9
8
6
1
5
15
8
1
-3
8
16
9
-2
3
10
14
0
-8
2
13
4
-7
-6
5
6
0
-6
0
9
0
-6
-8
-4
4
1
-6
-5
-4
6
-8
-16
-7
2
2
-6
-5
-5
6
-3
-12
-2
3
7
0
-1
3
6
0
-3
0
0
2
-5
-3
-2
1
-2
-7
-7
-3
5
-4
-8
1
5
-3
-12
-9
-6
3
0
-8
-2
3
-1
-2
-1
1
-1
-7
-6
-2
-1
-2
-4
-6
1
3
-8
-3
0
-2
-2
-6
-4
-3
-2
1
2
2
2
3
1
-2
1
5
2
-7
-3
5
2
-3
-3
3
2
2
-4
0
10
6
5
4
8
10
9
4
6
5
5
15
12
12
12
14
19
14
10
14
14
7
7
9
8
13
9
13
13
5
11
13
10
7
5
3
7
7
6
10
9
9
9
5
11
14
11
9
10
10
14
17
11
7
10
13
8
5
6
11
8
10
9
6
9
3
5
10
8
10
9
5
10
8
7
7
9
16
12
11
7
8
11
6
0
1
6
5
7
1
0
5
4
1
-3
6
13
6
0
5
13
10
7
1
9
15
5
0
1
11
17
12
-1
9
16
14
6
12
14
15
14
2
6
13
13
6
1
15
17
8
8
11
19
14
7
6
15
20
12
5
6
15
13
9
8
14
19
17
4
3
14
15
11
5
5
17
15
3
1
8
17
13
-4
-3
12
17
12
1
6
16
12
2
1
13
15
15
8
9
13
11
1
6
13
13
10
1
5
9
14
5
6
11
17
9
10
10
10
13
8
6
3
10
4
2
-4
3
11
4
-1
3
8
10
0
-1
9
9
8
-2
3
10
10
0
0
2
3
2
-1
-3
-2
2
1
-1
4
3
6
1
2
5
-2
1
3
4
4
7
9
4
0
9
7
3
6
9
10
0
-1
9
11
8
-2
2
7
10
2
-7
-2
7
8
0
-2
2
10
7
2
2
4
8
9
4
10
12
10
11
6
8
8
3
6
11
7
13
17
3
12
13
5
1
5
11
9
5
1
4
8
5
1
2
10
10
7
5
7
9
10
3
7
13
14
14
6
10
4
12
9
9
8
11
14
8
9
11
11
7
2
4
7
11
10
5
4
0
10
4
7
7
6
10
10
10
10
9
10
10
9
13
9
12
9
10
11
8
6
9
6
4
6
6
5
1
3
1
4
3
4
1
1
4
0
1
-5
-7
1
0
-1
-6
-3
1
-5
-2
-2
4
1
0
-2
-6
1
2
-2
-2
-1
1
3
2
1
-4
-3
-1
-1
-7
-4
-1
-4
2
4
-4
-5
-2
0
-2
-2
4
7
8
2
-1
4
11
8
6
7
11
10
4
0
6
11
14
9
8
14
17
13
6
11
8
14
11
12
13
9
18
12
13
8
8
13
11
17
17
14
7
12
17
6
11
15
16
18
10
10
4
14
13
8
4
9
12
8
4
3
11
11
9
4
5
9
11
4
2
3
8
7
3
6
8
17
11
2
8
4
7
6
4
3
2
3
3
4
5
2
5
5
-1
-1
-1
1
1
-3
2
0
1
-1
2
0
-1
3
0
-3
-3
-2
-2
-2
-2
-6
-6
-7
0
0
-2
-2
-4
-2
-3
-7
-1
-6
-3
-1
-3
-3
-3
-1
-6
-3
-4
0
3
-3
0
3
4
4
3
2
-3
1
5
3
3
2
1
3
0
0
4
6
4
-1
-2
4
9
2
-3
-1
0
3
0
-2
-1
0
3
3
0
0
-2
-1
2
3
-4
-1
-2
2
0
0
-2
-3
2
3
1
-4
3
1
1
-2
-6
-5
-5
0
-2
-4
3
-5
-6
-5
-1
-5
-5
-3
-9
0
-7
-9
-13
-8
-1
-2
-7
-10
-7
1
-4
-9
-5
-2
1
-11
-19
-10
-2
-8
-7
-13
-5
1
-7
-5
-10
-3
-3
-8
-9
-6
-11
-16
-10
-7
-4
-14
-8
-9
-10
-3
-5
-12
-8
1
-6
-11
-11
-5
3
-1
-9
-4
-4
-2
-3
-7
-4
2
2
-3
2
-3
-6
-7
-1
6
-1
0
-9
-4
2
-6
-6
-8
-3
2
-1
-5
-11
2
0
-5
-11
-7
2
9
-1
-7
-2
1
6
-4
-5
-2
3
-4
-1
0
1
-2
-2
1
4
4
-8
-6
1
7
0
-10
-2
6
7
-3
-9
-1
12
4
-5
-9
1
14
4
-2
-6
3
8
2
-3
-2
1
0
-1
-2
2
-1
-3
-11
-5
6
-6
-10
-5
5
0
-5
-8
0
4
2
-7
-10
3
12
-3
-5
-8
-1
4
1
-6
-5
0
1
0
-3
-4
-4
-1
-2
5
0
-4
-7
-1
5
8
-4
-9
0
4
-2
-11
-10
3
6
-8
-10
-2
6
10
2
-10
-6
5
4
-1
-5
4
8
-1
0
4
1
-1
3
2
7
9
-4
-7
-2
12
7
-7
-8
4
9
-7
-7
-2
3
7
-1
-4
4
7
7
-3
-9
1
5
4
-5
2
4
2
-1
0
1
4
-4
-12
-4
4
0
-8
-8
1
8
1
-9
-3
7
7
-1
-9
7
13
6
-8
-5
5
14
7
-8
-4
1
5
2
1
3
9
6
2
-2
-1
1
-3
-6
3
9
-7
-5
3
7
6
-10
-12
-2
7
2
-12
-6
1
10
-5
-16
-3
3
2
-11
-10
4
4
-4
-10
-5
0
4
-6
-11
-2
3
-2
-12
-5
-3
6
-8
-11
-6
3
-5
-13
-8
4
10
-14
-10
-4
6
-4
-8
-8
-1
7
3
-7
-7
1
1
-2
-10
-1
-3
0
-10
-5
0
-1
-6
-9
-4
3
-4
-16
-7
-8
3
-9
-16
-5
5
-1
-13
-11
-3
4
2
-11
-4
7
4
-3
-13
-7
9
-2
-13
-5
2
3
3
-9
-2
10
7
0
0
9
7
4
1
4
10
14
-3
-1
10
13
3
-6
6
14
14
1
3
10
18
6
-1
-3
11
13
4
-2
1
18
7
0
-3
9
14
4
-9
-6
7
0
-5
-8
3
8
-9
-15
-4
2
0
-4
-11
1
8
2
-6
-6
5
7
1
-10
-5
6
10
-4
-7
3
5
1
0
0
1
-2
-5
-2
5
10
-1
-6
-1
5
-2
-9
-7
-1
4
-5
-12
-8
6
5
0
-13
-6
4
3
-6
-13
3
8
0
-9
-8
4
5
-2
-6
4
7
1
-5
-1
4
3
-1
-1
10
9
2
-6
2
12
12
0
-2
0
16
8
-5
2
8
12
5
2
3
10
7
3
0
7
12
5
2
6
10
14
6
4
7
9
11
4
11
12
11
13
3
9
11
6
3
2
8
15
7
-2
7
15
14
7
3
7
16
13
6
2
3
8
14
7
10
15
4
4
9
9
8
6
9
13
13
6
1
7
13
5
4
5
6
16
1
-1
1
9
12
7
8
9
6
9
8
5
8
7
11
8
5
7
10
4
5
9
5
5
2
10
12
9
6
2
11
6
8
7
8
11
13
6
2
2
4
6
3
5
9
7
4
4
4
4
0
7
9
11
3
2
6
8
10
0
-1
5
12
5
3
0
4
5
3
2
2
2
6
3
-1
-1
8
5
1
0
1
4
3
2
0
2
4
6
-2
5
3
-2
5
-6
7
5
2
4
3
5
0
2
4
7
4
-4
-1
0
1
3
-4
-1
7
4
7
0
7
2
1
-1
1
9
7
4
4
4
3
3
0
1
6
4
6
0
2
7
2
3
1
8
12
2
4
7
8
11
3
4
6
3
2
3
7
11
8
8
7
10
6
3
0
10
13
15
6
4
15
15
12
1
7
14
12
2
0
10
13
7
-4
0
9
11
1
-3
2
8
5
-5
-9
2
3
5
-4
-5
7
4
-1
-10
-1
5
0
-7
-5
9
8
3
-5
-1
7
-3
-10
-6
1
7
-2
-6
-1
9
6
-1
-6
-2
6
2
-4
-1
5
3
-8
-4
1
7
8
-6
-8
0
4
-4
-8
-2
6
11
-4
-2
9
13
6
-5
8
11
15
4
-4
10
16
11
0
0
12
19
7
-5
5
19
16
8
3
8
16
14
-1
5
14
11
2
1
8
15
8
-5
1
11
10
-5
-6
-1
13
7
-8
-6
6
16
3
-12
0
13
12
2
1
7
9
8
3
3
10
13
7
-1
1
11
6
1
2
16
14
8
3
11
18
14
4
-1
13
18
12
0
5
16
17
10
1
13
23
22
7
2
15
21
13
2
4
16
8
3
7
5
14
7
2
5
12
12
3
2
13
17
2
0
3
17
15
2
-10
1
15
8
0
-4
13
23
15
0
2
14
18
10
2
8
20
18
14
6
11
19
16
11
13
17
17
9
9
18
15
5
0
8
18
11
3
-4
9
20
12
3
0
14
23
6
-4
-1
16
21
9
6
11
20
10
3
7
14
9
12
7
9
14
9
4
3
16
19
1
-3
12
17
6
-10
-6
15
17
8
-6
0
18
23
6
-9
4
13
13
-3
-12
0
11
12
-3
-4
-1
4
-1
-4
2
3
4
4
-1
3
-3
-8
-4
5
7
-3
-8
1
9
9
1
-8
5
10
10
0
-5
7
16
12
1
8
7
18
19
2
0
11
11
11
14
10
13
6
6
15
15
17
13
8
19
18
9
0
9
16
20
8
-2
10
20
13
3
6
7
21
15
11
8
12
18
18
7
8
14
12
21
7
6
9
15
16
15
15
9
9
18
27
14
6
6
24
21
14
6
5
18
28
21
8
11
22
27
19
11
4
20
22
15
8
8
14
12
12
7
7
11
16
14
8
6
4
9
7
7
4
7
10
5
6
-3
-2
-4
-2
13
1
1
-5
1
8
4
2
-10
0
11
10
3
-3
2
10
9
-1
-6
-1
4
7
-1
0
-2
4
8
7
-2
-4
4
1
3
1
-3
3
10
2
3
-6
-1
7
9
9
2
-3
0
10
4
-5
-8
0
6
2
-5
-4
2
11
10
-1
-4
6
6
-2
-2
-4
3
5
-1
0
-2
-5
-2
0
-2
-4
-13
-8
-3
6
10
1
-2
0
11
4
-3
-6
-1
7
2
-2
-6
-3
8
6
-6
-7
2
5
5
3
-8
-1
2
-3
0
-4
-3
0
1
-2
-2
-8
-7
3
4
2
-6
-5
5
9
-5
-10
-9
2
7
-4
-13
-5
9
16
-1
-8
-7
2
0
-7
-10
-6
1
-2
-1
-13
-6
3
-3
-5
-2
-5
-2
-5
-2
-9
-4
-3
-2
2
0
1
-4
-3
-5
-7
-11
-12
-8
-3
-10
-10
-7
-8
-11
-13
-14
-12
-7
-13
-11
-4
-6
-12
-10
-14
-9
-1
-9
-6
-7
-7
0
-10
-18
-13
-2
2
-7
-15
-14
0
-6
-13
-13
-7
-7
-8
-15
-22
-14
-9
-10
-19
-19
-16
-9
-9
-16
-15
-12
-7
-11
-14
-11
-16
-13
-12
-14
-13
-15
-16
-15
-10
-11
-10
-8
-6
-3
-11
-12
-11
-9
-5
-8
-13
-13
-7
-7
-7
-12
-8
-7
-6
-2
-2
3
1
0
-5
-5
-8
-7
-4
-9
-6
1
-5
-3
-8
-3
-2
-5
-3
4
4
1
0
-7
2
5
3
-2
0
6
4
9
1
1
12
6
4
10
7
11
7
-1
3
11
8
13
10
15
18
4
-5
-6
-5
-4
-7
-7
-2
3
1
-11
-6
-5
-6
-11
-13
-14
-1
-2
-7
-11
-8
-3
-10
-16
-8
-3
-2
-10
-18
-13
-10
-12
-21
-19
-4
-3
-10
-10
-12
2
0
-14
-12
-12
-3
-13
-20
-18
-9
-7
-14
-23
-17
-10
-4
-14
-14
-14
-20
-23
-22
-19
-14
-12
-27
-16
-17
-11
-15
-29
-17
-4
-9
-17
-24
-14
-3
-15
-27
-22
-10
-10
-18
-22
-20
-11
-10
-20
-21
-13
-7
-10
-17
-23
-10
-9
-11
-21
-14
1
-8
-11
-13
-8
-3
-15
-18
-6
-8
-3
-10
-14
-1
5
-5
-12
-14
1
-2
-6
-13
-5
2
-2
-10
-12
-4
-6
-9
-16
-12
-5
-4
-20
-18
-6
-10
-13
-22
-11
2
-10
-14
-17
-7
0
-10
-24
-15
-8
-6
-6
-19
-9
0
-5
-19
-17
-8
3
-8
-18
-7
2
0
-15
-21
-9
4
-1
-15
-13
-5
-8
-12
-10
-4
4
-7
-18
-15
-9
0
-10
-21
-15
-4
-5
-15
-18
-6
2
-9
-25
-23
-9
-8
-22
-25
-18
-6
-10
-25
-18
-5
-2
-17
-27
-16
-6
-6
-18
-19
-6
0
-15
-24
-13
-5
2
-12
-18
-5
6
-2
-15
-18
0
6
-14
-23
-14
5
-2
-17
-16
-6
1
-4
-12
-21
-6
0
-12
-13
-5
6
0
-15
-12
-8
-13
-16
-15
-12
-8
-12
-18
-21
-8
-9
-16
-23
-17
-3
-9
-21
-24
-11
-4
-19
-28
-18
-7
-6
-17
-20
-13
-6
-9
-19
-14
-2
-4
-6
-11
-13
-11
-7
-17
-20
-10
-6
-11
-21
-18
-12
-10
-18
-15
-7
-2
-8
-13
-13
-5
-2
-4
-14
-8
-4
-9
-14
-13
-4
-2
-2
-9
-4
-1
-1
-1
-5
1
-1
-5
-4
-1
-1
-7
-5
-3
-2
-2
-8
-9
-7
-9
-10
-11
-7
-9
-4
-1
-14
-10
-4
-6
-4
-7
-7
-4
1
-6
-5
-6
-8
-5
-4
-2
-6
-9
-10
-6
-6
-8
-10
-3
-8
-11
-10
-7
-9
-11
-14
-10
-9
-10
-6
-11
-12
-14
-12
-11
-8
-10
-2
-4
-4
-5
-8
-3
-5
-7
-7
-4
-5
-7
-7
3
-4
-2
-2
-6
-1
-4
-1
-3
-1
-1
-4
-2
-3
-2
3
-6
-3
0
0
-3
-3
-5
0
2
2
1
2
1
5
2
-1
3
2
0
2
7
-2
2
-2
-4
0
5
1
4
5
-1
-2
-4
-2
2
0
-1
-2
-1
-2
-3
0
-2
-8
-8
-7
-4
-2
-4
-6
-9
-9
-6
-9
-7
-13
-7
-8
-7
-6
-15
-9
-13
-12
-17
-12
-4
-9
-8
-12
-9
-9
-18
-13
-9
-11
-11
-13
-10
-7
-10
-12
-13
-8
-4
-10
-7
-12
-6
-11
-9
-7
-11
-3
-3
-6
-8
-5
-2
-2
-5
-12
-8
-1
-2
-1
-2
0
-2
0
-10
-6
0
-2
-4
-5
-7
-13
-14
-13
-1
-3
-7
-13
-5
-1
-2
-9
-9
-7
-5
-9
-13
-5
0
2
-9
-9
-8
-2
3
-7
-9
1
3
-3
-8
-6
-7
0
-4
-6
1
1
-2
-9
-7
0
0
-6
-9
-4
5
0
-12
-12
-5
-3
-10
-13
-13
-5
-1
-11
-15
-8
0
-5
-11
-13
-6
-6
-13
-8
-9
-2
-3
-10
-12
-8
-3
-11
-12
-5
1
0
-5
-11
0
4
-5
-13
-8
1
1
-11
-15
-9
1
-2
-13
-15
-3
2
-4
-14
-15
-2
3
-8
-15
-6
-4
-4
-9
-14
-2
-3
-1
-9
-9
2
1
-6
-5
2
1
-1
-2
2
5
11
-3
-5
1
3
2
-2
3
8
13
7
-2
5
9
14
7
4
9
11
11
4
8
11
12
5
5
7
12
13
9
4
10
11
4
2
4
11
7
5
0
5
11
4
3
1
6
6
5
3
2
11
12
3
3
8
10
10
14
14
9
9
11
7
7
7
2
6
4
11
7
4
1
1
9
9
1
0
7
5
5
3
8
8
6
6
3
6
5
9
1
4
4
6
8
5
3
4
3
-4
0
4
6
1
2
1
-2
2
-2
-1
1
5
-1
-4
1
8
4
2
3
-2
1
9
1
-3
3
2
-1
-3
-3
-2
-2
-3
-2
-3
-2
1
-4
-3
3
2
-2
3
6
-5
-1
-2
2
0
-1
1
-5
-2
-4
-1
-3
-6
-2
-5
-6
-3
-3
1
1
0
2
-2
-2
1
-2
-1
3
-3
-5
-4
-4
0
-4
-6
0
-3
-3
-3
5
4
-2
2
1
-1
0
1
-4
4
0
-1
2
4
5
4
12
9
5
6
8
3
2
5
11
7
7
5
3
10
6
3
4
6
1
-3
