5
-1
0
2
6
4
0
-5
-1
0
-4
0
-1
-5
0
-2
-3
-8
-7
2
-4
-2
-2
-7
-8
-1
-8
-14
-8
-10
-10
-7
-9
-9
-9
-10
-10
-8
-9
-8
-5
-7
-8
-4
-6
-8
-5
-10
-4
-6
-2
-4
-5
-13
-4
1
1
0
-2
-2
-7
-1
-4
-4
-5
-6
-8
-6
-6
-14
-15
-13
-12
-13
-13
-16
-11
-16
-16
-17
-15
-12
-8
-15
-18
-18
-14
-11
-16
-14
-8
-11
-16
-13
-14
-14
-11
-21
-21
-12
-16
-13
-13
-19
-16
-17
-19
-17
-18
-17
-10
-10
-12
-17
-14
-9
-11
-8
-9
-13
-11
-4
-6
-1
-5
-5
0
-3
-1
-1
3
0
0
-4
3
2
-1
-2
1
-1
-7
-1
0
-1
-5
-3
0
-1
-5
-8
-3
3
3
-2
-2
-9
-11
-7
-11
-7
-5
-7
-4
-2
-6
-9
-15
-11
-3
-8
-7
-7
-1
1
-4
-3
-4
-5
-2
0
-5
-4
-6
-8
-9
-5
-10
-4
-2
-9
-2
-9
-7
-2
-7
-7
0
-4
-6
-3
-6
-4
-5
-7
-3
-3
-7
-4
-10
-10
-5
-11
-6
-5
-8
-9
-9
-11
-10
-4
-9
-10
-10
-6
-4
-6
-4
-9
-9
-3
-2
-10
-2
-6
-6
-1
-3
-2
1
-6
-3
7
-2
1
-3
-2
-3
-2
-4
0
-4
-2
0
-3
2
1
-2
-5
-3
-2
-5
-3
-2
3
0
5
5
0
4
0
-6
-5
3
-1
-1
-5
0
2
2
4
4
4
6
3
1
4
5
6
1
0
4
-1
1
3
3
1
3
2
-2
-5
-7
-5
-3
-1
-3
-3
-5
-6
-7
-7
-3
-3
-4
-1
-4
-5
-4
-5
-5
-6
-10
-12
-6
-5
-8
-9
-4
-2
-3
-5
-6
-10
-5
-4
-10
-8
-9
-6
-4
-4
-2
-6
-8
-12
-9
-8
-7
-4
-6
-1
-6
-4
-9
-7
1
1
-4
-3
-6
0
2
-4
-1
-4
4
3
1
-1
0
-2
0
-3
-1
-2
-4
-1
0
0
1
3
4
7
6
8
9
9
6
9
7
8
14
11
7
12
14
10
14
14
9
11
12
11
10
15
11
10
11
7
9
8
8
4
1
6
8
5
4
6
6
4
4
0
-1
1
4
7
5
4
6
5
-1
4
2
6
4
5
1
-2
4
0
0
0
-2
-3
0
-8
-8
-4
-5
-6
-6
-4
-5
-6
-7
-6
-9
-7
-13
-7
-6
-6
-2
-6
-1
-1
-5
1
0
0
2
2
5
4
3
8
6
6
10
6
14
7
4
4
-2
6
11
8
9
4
4
8
16
11
7
13
13
10
7
15
8
6
1
3
9
2
4
5
7
3
6
7
3
3
5
2
6
8
5
5
0
3
-1
-4
1
-1
-2
0
-4
1
-2
-12
0
1
-8
-6
-8
-1
-4
-6
-1
-5
-3
-7
-9
-5
-2
-4
-3
1
2
2
1
-3
-2
1
-6
-4
-2
-3
-2
2
3
1
4
-1
6
8
1
2
1
4
6
9
2
4
6
8
6
7
14
9
5
5
11
4
2
1
-3
0
-2
-3
0
-1
0
-5
-6
-5
-2
-2
-3
-2
0
1
-4
-3
-4
-1
-9
-8
-3
-4
-3
-2
-3
-3
-3
-7
-8
-2
-5
0
1
-1
4
1
5
4
2
4
1
2
3
9
5
3
5
4
3
6
12
7
8
10
7
11
6
8
4
3
6
-2
3
5
-1
5
4
3
0
-2
-2
-3
-2
-3
1
-3
-11
-5
-6
-4
-5
-2
-5
-6
-2
-3
-4
-4
-4
-7
-1
-5
-6
-3
0
-5
-3
-3
-7
-13
-7
-5
-12
-11
-8
-11
-11
-4
-4
-8
-9
-10
-6
-7
-5
-2
-1
-3
-5
-5
-6
-5
-5
-6
-6
0
-5
1
-6
-6
2
-6
-1
-6
-6
-1
-5
-8
-6
-5
-7
-4
-2
-6
-6
-6
5
3
-2
-1
1
-2
3
4
2
4
-2
1
-2
-2
-5
2
3
-3
4
-2
-1
-1
-4
-1
0
-3
1
-1
1
7
-2
-2
-4
-2
-2
-8
-12
-10
-16
-19
-11
-9
-8
-8
-7
-8
-5
-11
-9
-3
-11
-9
-5
-5
-10
-5
-4
-6
-4
-2
-1
0
-5
-2
-2
-5
-5
-6
0
0
0
1
-3
6
3
2
2
-2
-2
3
2
0
-4
0
3
0
-2
0
0
-1
1
2
0
-7
-2
0
-5
-7
-6
-8
-18
-8
-12
-14
-12
-16
-13
-15
-16
-19
-22
-24
-18
-20
-19
-16
-16
-17
-13
-15
-14
-12
-17
-11
-15
-17
-12
-12
-9
-7
-8
-11
-11
-6
-1
-8
-11
-16
-12
-12
-7
-7
-11
-9
-1
-4
-11
-5
-6
3
0
-1
-3
0
3
-1
-2
0
-1
1
-5
-4
-7
-2
1
-6
0
-7
0
-5
-6
1
1
4
0
-3
-2
-5
-3
-3
-1
-2
-6
-3
-8
-5
-6
-13
-7
-10
-6
-3
-7
-8
-7
-4
-9
-6
-1
-1
-3
-2
0
-2
1
1
2
5
5
5
6
7
8
6
11
12
12
9
9
12
11
19
19
16
21
17
20
16
14
13
10
17
17
18
22
23
24
20
22
20
11
19
17
16
15
12
17
16
9
13
13
8
10
2
6
9
7
4
5
2
-2
-4
-6
-7
-2
-3
-3
-4
-8
-5
-8
-5
-10
-8
-8
-11
-7
-5
-1
-6
-8
-9
-6
-2
-2
-5
-1
-2
-4
-2
-3
4
-2
1
4
4
4
4
6
5
8
10
10
16
12
10
17
20
20
16
17
24
20
22
20
19
24
21
25
28
21
20
24
20
17
19
15
16
17
14
23
17
13
14
14
17
15
16
15
14
17
12
11
11
7
10
9
16
7
9
11
16
13
10
15
10
12
12
11
10
9
12
10
9
15
18
12
12
15
14
17
20
15
16
20
19
16
17
16
15
19
17
15
15
11
15
11
12
12
12
13
7
9
10
15
12
10
10
5
7
7
1
-5
2
3
3
3
0
1
-4
-2
-3
1
-1
-3
-1
-2
-6
-5
-2
-8
-13
-13
-6
-5
-4
-9
-4
-6
-5
-5
-1
0
1
4
5
6
4
7
13
7
7
12
6
7
12
13
10
11
9
10
6
11
14
11
13
11
15
15
15
17
17
18
22
18
19
16
17
19
15
23
20
21
18
20
18
21
19
17
20
15
19
17
14
15
12
11
16
10
6
3
4
0
3
2
3
5
0
6
0
-3
1
2
1
-4
-2
-5
-1
-6
-2
0
-3
-2
-3
-6
-4
-1
0
0
0
2
0
-2
-6
2
1
3
2
-1
-1
1
-4
-6
-6
-7
-4
-11
-12
-5
-9
-5
-5
-7
-1
-5
-3
-1
-8
-2
-3
0
-4
-5
-2
-2
-4
1
-1
-3
3
-1
2
3
2
7
5
0
3
-1
0
-2
4
8
1
4
4
0
-2
3
4
8
11
12
11
9
8
8
7
0
9
8
9
5
0
4
4
4
5
2
0
1
-2
5
-2
3
-2
2
3
0
5
3
1
-3
-2
1
5
3
-4
-3
-5
-2
-1
-4
-6
-5
-8
-2
-1
-7
-7
-5
-8
-5
-1
-7
-1
-5
-4
-3
-3
-4
-4
-4
0
2
0
1
3
-1
1
-1
0
6
9
9
8
13
9
13
12
10
4
9
7
8
10
8
11
4
6
8
3
6
-1
5
3
5
7
5
7
6
2
7
7
5
10
5
7
3
4
5
4
4
4
15
4
8
0
6
2
4
3
5
5
1
7
-5
3
-3
-1
-4
-11
-3
-5
0
4
1
0
-2
-2
1
-1
0
3
-4
-8
-6
-2
-2
-3
-4
-4
-4
-4
2
-2
-2
-3
-2
2
3
-1
8
3
1
5
1
5
6
5
6
8
4
10
10
9
8
7
7
3
4
6
5
9
6
0
1
2
2
0
2
4
4
2
2
8
3
4
10
5
3
6
10
7
4
6
7
9
9
10
9
12
9
7
6
10
7
9
5
3
3
3
3
7
5
9
11
7
4
2
5
3
9
9
4
4
7
10
9
6
7
5
2
1
3
1
0
3
-1
0
-1
-3
0
-5
-6
-3
-3
0
-1
-3
-5
-6
-9
-11
-6
-5
-11
-5
-4
-9
-5
-6
-5
-4
-5
-4
-3
-6
-1
-8
-6
-5
-2
0
-4
-4
-5
2
-1
2
-4
-2
-4
2
2
-5
-2
1
4
-1
4
3
-1
2
-3
4
-1
-3
-2
5
5
6
10
8
8
3
4
0
2
1
5
3
3
-2
3
5
7
7
0
3
3
3
5
6
12
10
8
12
12
14
8
13
7
6
12
9
6
8
10
5
7
6
7
10
10
9
14
11
7
4
9
6
8
8
5
7
3
1
1
3
2
5
2
-4
-4
-2
-3
-1
1
-2
-6
-4
2
-4
-4
-6
1
-1
1
1
-4
-1
0
-4
0
0
0
-4
2
5
3
4
8
4
4
4
1
9
13
14
12
12
9
12
8
11
12
9
13
11
11
15
14
12
9
9
12
12
9
9
3
3
8
2
-1
-1
2
0
4
1
-1
2
8
4
5
3
2
1
1
0
-4
-1
-2
4
2
-5
-3
-2
-7
0
-7
-3
1
-2
4
1
-5
-2
-2
-6
-4
-3
-2
-6
-2
-8
-6
-1
-4
-2
-3
0
0
-2
3
0
2
0
2
8
1
3
2
4
2
1
5
4
8
5
-1
0
3
4
5
5
3
-2
-2
3
3
-1
3
-4
3
-1
1
-1
1
0
-6
-3
-6
-2
-5
-9
-7
-7
-6
-4
-4
-4
-7
-6
-6
-6
-8
-12
-11
-11
-9
-7
-3
-4
-7
-3
1
-4
-5
-3
-7
-7
-4
-2
-1
3
-2
-4
3
0
-1
5
2
4
9
5
0
1
0
4
2
-3
1
2
4
2
-1
1
0
0
1
-4
-4
-5
-10
-10
-8
-13
-11
-6
-6
-9
-10
-11
-13
-11
-13
-14
-12
-10
-10
-13
-8
-12
-11
-9
-8
-11
-12
-11
-15
-14
-18
-19
-14
-10
-12
-7
-4
-8
-8
-11
-14
-12
-5
-10
-8
-6
-9
-8
-8
-10
-11
-8
-3
-2
-4
-3
-4
-4
-1
0
1
-1
-1
7
6
5
1
1
1
-1
3
-1
1
-1
0
3
-1
0
5
1
0
4
0
-3
-2
-3
-5
-4
-4
-3
-3
-4
-8
-2
-1
0
4
-3
-7
-5
-2
-1
-6
-8
-5
-4
-6
-9
-4
-4
-3
2
6
3
5
2
2
0
-5
-5
-4
-3
-6
-5
-4
-6
1
-4
-8
-4
-6
-7
-9
-8
-8
-6
-12
-2
-7
-15
-4
-7
-12
-11
-10
-7
-9
-13
-10
-10
-11
-11
-14
-8
-8
-11
-8
-16
-17
-21
-17
-19
-17
-12
-14
-7
-11
-12
-7
-12
-15
-13
-12
-15
-16
-9
-9
-11
-12
-11
-16
-12
-12
-14
-10
-10
-12
-5
0
-5
-3
-2
-6
-1
-1
-5
0
4
-1
-2
1
3
-4
-1
-1
-5
1
1
0
-3
-4
-3
5
0
-8
-4
-6
-2
0
-1
-1
-1
-5
-7
-1
-1
-2
-2
-2
-3
-5
-4
-2
-3
-7
-6
-5
-10
-7
-3
-7
-10
-2
-1
-5
-4
0
-1
-1
0
-6
-8
-7
-3
-5
-4
-4
-5
-4
-2
1
4
1
2
1
-3
1
1
2
2
-2
-4
-4
-1
-3
-3
-1
-1
-2
-5
-4
-6
-3
-2
-3
-8
-5
0
-4
-5
-6
-5
-7
-6
-6
-6
-6
-2
-7
-2
0
-11
-6
-2
-1
-2
3
5
2
-2
0
-2
-6
-3
5
0
-1
-1
-4
2
1
-1
1
2
4
-4
6
4
6
9
0
8
7
6
6
3
2
8
6
6
8
3
2
-1
2
3
4
0
-3
3
-2
-3
-2
-4
-1
0
-2
-7
-7
-8
-4
-12
-4
-6
-4
-4
-2
-1
-5
-6
-6
-6
-5
-3
-3
-3
-6
-3
-7
-1
-1
2
-2
0
0
3
9
10
6
6
12
10
11
10
15
10
11
15
10
17
15
13
15
12
12
14
12
16
15
10
10
12
7
8
5
8
7
9
11
8
13
11
9
8
10
3
4
8
4
3
3
-1
-1
-3
1
-3
-1
0
-2
-2
-3
3
-4
-5
-6
-5
3
-8
-3
-5
-5
-2
-5
-3
-4
0
-5
-4
-1
-1
-3
-1
-5
-3
0
-3
0
-4
-5
-8
-6
-2
-7
-12
-9
-3
-3
-3
-2
-7
0
-4
1
-1
-5
3
-11
-6
-8
-5
-2
-8
0
-3
-6
-3
-2
-7
-2
-1
-6
-8
0
-3
-2
-5
-9
-2
-7
-9
-11
-5
-13
-11
-9
-10
-11
-13
-9
-14
-9
-12
-15
-12
-10
-14
-11
-6
-12
-11
-11
-11
-10
-8
-6
-7
-2
0
-4
2
0
1
-7
1
4
5
6
2
5
7
10
10
10
7
9
6
11
11
8
12
10
7
8
5
5
4
7
7
7
5
6
5
0
-3
-1
0
-3
0
0
-1
-5
-3
-3
-4
-6
-4
-5
-8
-10
-10
-7
-11
-6
-8
-11
-9
-15
-5
-6
-6
-5
-12
-8
-10
-5
-4
-6
-7
-7
-6
-4
-7
-9
-8
-8
-8
-3
-9
-4
0
-1
-5
-5
-3
-4
-1
-2
-4
-2
3
-8
-4
-3
-1
-3
-5
-4
-6
-1
3
0
0
1
-4
-5
-7
-8
-1
-1
-3
-3
-2
-5
1
-1
-3
0
-1
-5
-6
2
-5
-6
-2
-1
7
0
2
3
1
-5
-3
-4
-3
-5
-3
-7
-7
-3
-5
-3
-6
-7
-6
-5
-4
-5
-9
-7
-12
-8
-8
-13
-7
-11
-10
-10
-9
-3
-7
-11
-9
-12
-10
-2
-1
-6
-1
-4
-7
-4
-3
-1
-2
-2
-5
-5
-3
-6
-3
-3
-6
-7
-6
-1
-2
0
-1
0
2
0
1
-3
1
-1
-1
0
2
1
-1
1
0
0
-2
-7
-1
-7
-6
-8
-10
-6
-5
-10
-7
0
-9
-9
-12
-8
-12
-13
-11
-13
-12
-16
-11
-9
-8
-12
-13
-9
-9
-13
-13
-13
-14
-15
-14
-14
-17
-15
-14
-14
-13
-13
-11
-10
-7
-9
-11
-10
-9
-8
-11
-11
-8
-9
-10
-10
-5
-8
-2
-1
-7
-6
-9
-9
-5
-1
-7
-2
-5
-6
-8
-9
-6
-6
-3
-5
-2
-3
-6
0
3
0
-1
3
3
0
1
1
-1
-3
6
5
-2
-2
-2
-7
-10
2
3
4
4
4
1
6
6
1
2
3
2
0
2
3
4
4
4
-2
1
-4
0
-2
5
-5
-3
2
-7
-3
-1
3
1
7
1
-1
3
-2
6
0
5
6
3
7
5
6
9
10
4
11
13
12
8
12
10
7
6
3
6
14
14
7
12
7
7
2
4
9
6
1
-3
4
0
-5
-6
-4
-5
-6
-4
1
-1
-3
-10
-4
-7
-6
-7
-12
-7
-12
-11
-4
-4
-6
-1
-5
-3
-5
-4
-4
3
2
0
1
-2
-7
-1
2
4
3
0
9
8
7
5
10
6
0
3
8
8
4
4
4
5
1
6
2
12
9
7
12
10
10
8
9
5
13
5
6
8
8
11
9
10
11
13
9
7
7
11
12
12
7
10
11
6
10
8
9
7
9
11
6
8
10
7
14
12
8
5
4
6
1
3
8
3
0
6
4
8
4
7
4
3
5
5
1
7
6
2
3
5
6
5
5
3
6
3
5
-1
5
0
0
1
6
4
1
3
1
9
7
6
2
-1
-2
1
-1
3
6
6
5
3
4
1
1
2
2
0
0
4
1
-1
-4
-3
-2
0
0
-2
3
1
3
0
2
0
-1
2
2
3
2
-1
-2
-1
-2
2
-2
-3
-4
0
-3
5
1
4
9
1
-2
2
5
0
-2
1
9
5
2
4
2
7
2
7
9
10
14
14
10
10
10
11
11
16
14
9
9
9
10
6
8
4
6
10
8
7
9
11
13
11
8
13
17
21
13
12
10
7
13
15
14
13
6
6
8
13
15
7
6
6
8
6
1
2
0
1
4
-6
-3
0
-1
-6
-2
2
-5
-5
-9
-9
-10
-12
-11
-8
-9
-7
-6
-5
-2
-3
-3
-2
0
-4
-6
-5
-4
-1
-5
-1
-4
0
5
-1
3
2
-2
2
4
2
-1
5
4
5
5
0
3
2
3
-2
1
3
5
4
8
9
10
8
8
13
10
8
4
7
7
4
8
11
4
7
7
3
1
1
3
1
0
0
-3
1
-12
-8
-8
-9
-5
-14
-8
-18
-12
-14
-11
-12
-13
-13
-17
-9
-16
-24
-17
-16
-15
-13
-20
-20
-18
-14
-11
-18
-18
-13
-10
-6
-4
-10
-11
-2
-2
-7
-2
-4
4
7
4
5
6
7
6
6
11
13
14
10
7
5
5
7
1
4
1
0
1
3
-1
1
-1
-2
-2
-6
-6
-8
-9
-8
-5
-8
-4
-13
-14
-14
-14
-17
-17
-14
-18
-15
-14
-9
-14
-17
-18
-16
-16
-16
-16
-16
-19
-17
-19
-19
-15
-14
-15
-17
-20
-19
-12
-13
-19
-20
-12
-13
-12
-10
-10
-8
-8
-9
-7
-7
-9
-7
-8
-4
-1
-7
-8
-11
-8
-8
-12
-9
-5
-3
-7
-6
-3
-6
-7
-6
-10
-7
-8
-9
-8
-5
-3
-13
-12
-9
-8
-7
-6
-10
-8
-7
-7
-11
-13
-5
-4
-6
-11
-11
-13
-17
-19
-22
-15
-21
-18
-15
-17
-16
-13
-13
-18
-19
-19
-14
-17
-18
-18
-16
-21
-22
-18
-22
-15
-18
-16
-12
-10
-10
-8
-6
-6
-2
1
-1
-2
-6
-7
1
0
-3
-4
4
7
0
0
4
6
1
0
-2
2
0
0
4
-4
3
0
-7
-8
-14
-10
-10
-11
-10
-15
-14
-14
-12
-15
-12
-14
-16
-14
-16
-21
-17
-17
-22
-29
-21
-23
-26
-23
-27
-27
-26
-17
-22
-25
-23
-26
-29
-24
-23
-21
-24
-24
-20
-18
-19
-17
-23
-21
-18
-13
-20
-17
-11
-18
-17
-11
-16
-18
-11
-12
-17
-19
-8
-14
-10
-8
-16
-15
-15
-10
-9
-19
-11
-7
-5
-6
-9
-8
-5
-7
-12
-10
-10
-12
-5
-7
-7
-13
-16
-10
-17
-14
-7
-12
-10
-15
-9
-11
-14
-16
-19
-15
-19
-15
-17
-15
-12
-18
-18
-15
-17
-18
-14
-20
-15
-12
-14
-17
-22
-21
-17
-19
-23
-21
-25
-19
-21
-17
-19
-20
-16
-15
-18
-18
-18
-19
-15
-16
-19
-14
-15
-18
-12
-11
-13
-8
-7
-5
-3
-3
2
0
-3
1
-7
-11
-4
-5
-8
-5
-2
-1
-3
-7
-8
-7
-4
-8
-4
-3
-8
-4
-10
-9
-12
-10
-16
-20
-20
-20
-15
-22
-19
-18
-20
-17
-20
-16
-22
-17
-14
-22
-15
-19
-17
-21
-22
-21
-24
-25
-24
-22
-24
-23
-21
-20
-20
-19
-14
-17
-17
-16
-13
-16
-16
-18
-22
-21
-19
-19
-19
-10
-14
-13
-7
-9
-7
-8
-7
-1
-7
-8
-4
-4
0
-5
-6
-2
-1
-4
-1
0
-7
-3
-7
-2
-3
-8
-7
-3
-1
-8
-11
-9
-5
-8
-11
-6
-6
-7
-8
-11
-9
-14
-9
-13
-13
-13
-12
-16
-13
-11
-15
-11
-17
-9
-9
-8
-10
-9
-9
-13
-10
-11
-12
-13
-9
-11
-6
-14
-12
-12
-10
-9
-10
-3
-5
-4
-13
-9
-10
-8
-4
-4
-6
-5
-2
-6
-8
-7
-4
-6
-8
-11
-2
-2
-7
-5
-12
-3
-4
-5
-6
-14
-12
-15
-9
-11
-13
-11
-9
-7
-17
-10
-10
-19
-14
-18
-21
-18
-23
-19
-17
-21
-24
-25
-21
-25
-22
-21
-22
-24
-29
-19
-20
-23
-19
-14
-16
-22
-13
-15
-18
-17
-18
-17
-13
-12
-15
-14
-17
-14
-9
-8
-6
-14
-4
-5
-2
-7
-3
-5
-6
-4
-10
1
-1
-6
-7
1
0
-5
-3
-4
4
-1
4
5
4
4
-2
2
1
-2
-1
2
1
2
2
-1
-1
-2
-1
3
3
4
-3
-1
-4
-3
-3
-3
-10
-5
-1
0
4
-4
-7
-11
-11
-12
-13
-11
-7
-8
-7
-6
-7
-8
-6
-5
-11
-10
-8
-5
-8
-6
-5
-7
-2
1
-5
1
1
-7
2
-3
-1
3
3
1
-2
3
4
1
1
1
2
5
5
2
4
0
4
3
1
-1
1
0
-2
2
-1
3
-7
-3
1
-4
-2
2
7
4
8
5
8
4
3
4
4
3
5
7
7
5
12
10
4
8
1
7
0
6
4
5
6
7
9
3
6
2
4
9
7
1
1
4
4
7
11
6
9
9
7
7
8
12
-1
3
6
7
12
5
6
5
4
8
6
10
10
9
13
10
13
18
13
14
12
9
6
13
12
5
6
8
12
10
13
5
5
7
9
10
9
17
11
11
8
6
8
8
11
5
4
9
5
6
5
0
7
7
7
6
2
7
2
-1
4
4
8
5
-1
-1
-3
-6
-4
-6
-7
-3
3
-1
-2
-4
7
3
9
3
5
2
-1
5
5
10
4
6
8
7
9
10
2
7
10
5
9
8
5
8
1
5
10
8
8
15
9
11
9
7
11
12
11
9
9
8
12
15
12
13
9
7
7
6
8
12
6
3
9
8
4
7
9
1
1
4
-2
7
2
3
5
4
-3
-1
2
-1
-2
-4
0
2
4
3
0
-5
4
2
-2
-4
-4
-2
-4
-2
5
8
1
5
5
3
3
7
2
7
12
9
10
7
8
8
8
13
10
14
15
14
15
20
18
9
13
12
13
6
9
10
12
10
9
11
5
6
8
6
9
6
3
10
5
2
2
2
1
-2
-1
0
4
0
0
7
5
2
6
2
1
4
-3
4
2
-2
3
6
-2
0
0
5
6
6
11
3
5
3
5
9
6
4
5
4
8
10
11
7
10
10
4
11
14
13
11
14
13
13
19
15
15
23
23
20
17
19
20
21
18
20
15
19
20
16
17
11
15
13
11
11
13
13
11
16
6
11
18
9
11
7
6
9
10
14
6
6
7
5
8
8
1
6
7
9
15
5
5
10
11
13
9
9
8
14
11
13
11
12
16
17
14
10
6
8
13
15
17
11
11
17
17
21
18
12
12
14
6
11
11
14
16
15
17
18
24
14
14
18
19
15
16
15
18
16
12
18
6
12
7
4
13
4
8
10
7
10
12
7
6
10
6
-1
1
0
0
-2
-2
-3
0
2
-1
-2
-1
-5
-4
0
0
-2
-8
-6
-5
-4
-8
-7
-6
-7
-3
-3
-3
-6
-5
2
0
2
-2
1
2
-3
1
-4
-5
-2
-3
1
1
2
6
-2
0
4
-1
1
7
2
4
-2
0
5
4
9
4
4
4
5
5
8
8
9
8
3
9
6
11
9
5
6
5
9
5
11
5
2
6
0
0
4
0
5
5
-3
-2
2
6
2
3
-1
-8
-3
-6
-7
1
-3
0
0
-1
-6
-8
5
-1
-1
-8
-10
-1
-3
-6
-8
-3
-7
-8
-9
-13
-9
-16
-12
-11
-11
-6
-7
-10
-7
-4
-1
-2
0
-1
-2
5
2
5
2
2
-1
0
5
7
9
10
3
8
11
6
3
7
9
6
6
6
7
9
2
-2
1
1
6
-4
1
-6
-5
-7
-7
-6
-11
-3
-11
-6
-6
-2
-8
-15
-8
-8
-7
-6
-10
-7
-11
-4
-8
-13
-10
-10
-3
-6
-1
-4
-1
-4
-7
-2
-1
-10
-10
0
-1
-7
-6
0
-1
-2
2
2
3
-2
-3
6
3
6
3
3
1
-4
3
-2
-1
0
-3
2
5
0
5
5
8
6
8
2
-1
4
4
4
2
-1
2
9
4
7
4
3
2
1
2
3
7
3
0
-6
4
1
1
7
-4
3
3
3
2
0
-2
0
-8
-5
-7
-5
-2
-2
0
1
0
-4
-3
-2
-6
-9
-3
-8
-3
-3
0
-2
-7
1
1
5
3
1
6
6
5
8
3
5
12
11
8
11
8
4
5
9
3
6
10
5
7
4
5
0
4
1
1
1
-1
1
-1
-2
-1
-5
-6
-6
-8
-6
-12
-9
-17
-6
-5
-8
-5
-7
-5
-6
-3
-9
-9
-5
-5
-5
-4
-4
-3
-5
-2
-4
-2
-2
-5
-1
-1
5
2
1
4
4
3
11
11
5
10
8
7
5
9
14
7
12
11
13
12
10
15
8
7
8
11
13
11
7
6
10
8
7
9
10
2
5
9
8
8
12
11
5
10
10
5
5
3
3
6
4
7
2
-1
1
3
2
3
-4
-4
-4
-7
-6
-9
-7
-4
0
-1
1
2
-4
-3
2
-3
-6
-5
-6
-3
-4
0
-8
-8
-2
-2
-1
-1
2
-2
-3
-2
-2
-6
-6
0
2
0
-1
-2
-4
-1
-3
-4
0
-2
3
-3
-1
1
-2
0
3
2
3
3
2
0
-3
2
1
-3
0
-2
-8
-5
-3
-7
1
-6
-7
-3
-6
1
0
2
-2
-4
-4
-2
1
-3
-3
3
1
-1
2
0
1
1
0
3
1
1
2
4
3
2
-1
-6
-4
-7
-3
-1
1
-2
-1
7
3
5
8
10
6
8
11
9
13
12
17
15
8
12
11
10
12
7
4
13
8
10
8
13
9
10
9
8
10
6
6
4
6
6
7
9
5
6
9
4
6
-1
3
3
0
0
-5
0
-1
-5
1
2
2
3
-3
-1
-1
3
-4
0
-2
-11
-4
-4
0
-1
-2
2
1
-2
-3
4
4
4
1
-2
-1
0
3
-1
-2
4
1
8
7
2
5
0
5
9
8
3
3
9
11
11
9
3
5
0
2
2
4
10
8
10
8
11
3
6
9
5
10
9
11
7
0
4
9
4
9
12
2
6
2
-2
7
-2
0
4
-4
3
3
0
-4
-5
3
-6
-2
-3
-1
1
0
1
-1
-8
-10
0
-8
-7
-6
-5
-5
1
2
2
4
-2
-5
1
3
3
5
10
10
11
14
14
11
7
9
4
9
17
8
10
10
7
7
9
9
12
6
7
10
5
2
-1
1
3
7
4
1
3
-2
-3
0
5
2
-1
-1
0
3
-3
-7
2
-8
-8
-5
-3
-5
-7
-7
-12
-4
-7
-8
-2
-5
-8
-5
-10
-7
-5
-2
-2
3
-3
0
-2
-6
2
-6
-3
-7
-5
-3
-7
-2
2
0
-3
-3
-4
-5
-6
-4
1
3
5
1
1
2
12
7
9
10
11
17
8
11
13
6
13
13
6
4
4
0
2
4
-3
-4
2
6
1
-1
0
1
-4
2
0
-3
-2
2
5
-1
3
-2
-4
-5
1
-2
-6
-5
-2
-5
-4
-3
-2
2
-3
-1
-2
-2
-3
-1
3
1
-2
-3
-1
3
2
5
7
6
11
8
12
8
7
8
5
5
6
2
0
5
3
3
6
3
3
-2
2
-2
2
3
0
5
1
2
-3
1
0
-4
1
0
4
3
0
4
4
2
1
-3
1
-8
1
2
-2
-2
2
2
-9
-4
1
-4
-4
-6
-4
0
0
-3
-8
1
0
-6
3
-5
-3
-4
-3
-1
-6
-3
0
-5
-3
-2
-5
-2
1
-2
-2
1
-5
2
3
5
12
7
8
11
9
5
9
11
8
11
10
9
11
13
11
21
14
9
12
13
10
13
7
9
8
7
7
9
10
1
4
4
8
3
9
2
2
-1
-2
6
3
3
-1
-3
-2
-8
-8
-2
-8
-13
-8
-5
-4
-6
0
3
1
-2
0
-3
-7
-1
-1
0
-2
-5
-3
-2
-2
-1
-4
-2
0
4
3
3
0
4
4
2
5
1
1
-5
1
3
-2
4
2
3
2
3
4
2
5
5
4
10
4
5
3
2
6
5
2
5
2
6
10
13
12
8
8
6
12
9
12
8
6
7
6
7
4
3
5
1
-3
-3
1
1
1
-5
-9
-8
-6
-7
0
-1
-5
-4
-7
0
-6
-6
-6
-4
-3
0
0
-2
2
0
1
1
-3
0
2
1
3
4
5
7
5
2
7
7
10
6
11
7
8
11
9
10
7
1
4
3
5
10
1
-2
2
0
0
3
1
1
1
3
3
3
9
4
5
5
-4
3
-2
-2
-2
-1
1
2
1
2
4
7
13
15
8
12
7
0
6
3
-1
-5
-3
-1
-2
2
3
3
15
18
9
10
10
9
9
7
4
-4
-6
0
-6
-4
1
0
3
11
18
17
12
19
15
17
25
18
28
30
29
24
29
41
32
34
35
37
27
26
26
9
4
9
9
-4
3
22
15
17
38
34
24
33
34
22
11
12
-2
-25
-11
-11
-32
-24
-12
-19
-22
-3
-4
-22
-6
0
-23
-29
-18
-35
-45
-31
-32
-59
-54
-43
-81
-114
-121
-165
-244
-291
-332
-422
-505
-541
-582
-649
-652
-625
-634
-607
-533
-478
-435
-334
-236
-186
-80
48
133
247
416
547
663
863
1040
1147
1301
1445
1476
1513
1573
1500
1335
1234
1100
828
605
430
166
-115
-252
-396
-610
-730
-780
-852
-915
-910
-928
-960
-952
-921
-916
-898
-857
-825
-765
-663
-565
-476
-343
-200
-66
57
197
279
277
299
320
228
52
-51
-176
-403
-556
-625
-791
-923
-858
-794
-791
-610
-328
-163
98
514
811
1029
1380
1637
1720
1871
1964
1837
1709
1647
1403
1104
946
730
418
285
197
-20
-129
-109
-209
-341
-329
-383
-565
-670
-747
-935
-1093
-1167
-1280
-1383
-1373
-1318
-1261
-1115
-922
-712
-486
-256
-13
187
318
398
474
473
375
263
72
-182
-355
-532
-817
-1018
-1075
-1206
-1294
-1177
-1112
-1106
-894
-588
-452
-218
174
410
633
1061
1410
1588
1888
2168
2255
2381
2531
2396
2209
2205
2003
1619
1414
1219
789
478
363
63
-288
-419
-565
-843
-984
-1063
-1278
-1453
-1506
-1586
-1678
-1689
-1689
-1667
-1547
-1399
-1272
-1077
-857
-660
-461
-279
-135
-12
30
-4
-3
-61
-231
-363
-461
-659
-818
-859
-959
-1075
-1007
-899
-854
-618
-262
-6
364
932
1372
1761
2347
2769
2911
3172
3443
3280
3009
2890
2539
1964
1584
1230
648
202
-9
-293
-590
-686
-798
-955
-991
-1028
-1182
-1297
-1399
-1595
-1723
-1789
-1945
-2073
-2017
-1938
-1885
-1686
-1398
-1160
-869
-486
-161
62
294
511
579
519
438
333
94
-232
-468
-696
-1039
-1280
-1316
-1422
-1530
-1348
-1029
-807
-429
199
730
1244
1962
2604
3005
3387
3716
3811
3769
3589
3196
2773
2356
1787
1231
841
410
-51
-204
-264
-531
-690
-616
-689
-914
-970
-1076
-1412
-1656
-1784
-2050
-2328
-2435
-2498
-2538
-2416
-2244
-2065
-1758
-1389
-1099
-800
-438
-220
-101
59
138
62
-43
-105
-276
-505
-660
-797
-963
-1066
-1044
-979
-841
-540
-124
330
904
1578
2243
2899
3533
3979
4239
4474
4514
4198
3777
3368
2727
1961
1382
818
118
-375
-587
-869
-1144
-1174
-1200
-1318
-1311
-1299
-1467
-1627
-1723
-1923
-2141
-2262
-2436
-2618
-2599
-2497
-2459
-2315
-2001
-1717
-1437
-1035
-679
-420
-141
131
267
330
376
301
138
-29
-211
-475
-740
-911
-1000
-1039
-937
-649
-244
290
1007
1797
2582
3394
4125
4622
4966
5196
5058
4627
4158
3513
2587
1721
1032
209
-585
-1005
-1297
-1653
-1782
-1686
-1668
-1652
-1505
-1418
-1461
-1495
-1591
-1786
-1950
-2126
-2388
-2554
-2597
-2661
-2627
-2405
-2185
-1944
-1527
-1072
-739
-391
12
249
358
486
503
304
61
-150
-440
-815
-1116
-1302
-1395
-1344
-1069
-600
-6
775
1743
2770
3747
4616
5320
5847
6162
6113
5712
5145
4398
3408
2370
1439
460
-501
-1122
-1512
-1908
-2138
-2101
-2031
-1948
-1760
-1624
-1636
-1671
-1719
-1901
-2156
-2412
-2724
-3017
-3175
-3264
-3309
-3203
-2952
-2613
-2152
-1606
-1088
-588
-75
345
623
796
828
687
432
143
-225
-668
-1073
-1333
-1471
-1465
-1205
-732
-102
764
1840
2943
4036
5087
5899
6465
6888
6935
6467
5833
5086
3975
2721
1680
595
-576
-1350
-1776
-2254
-2573
-2492
-2366
-2301
-2044
-1792
-1765
-1763
-1742
-1920
-2209
-2491
-2882
-3291
-3536
-3721
-3909
-3880
-3636
-3345
-2879
-2214
-1589
-996
-292
341
730
1038
1242
1162
904
638
232
-353
-847
-1200
-1502
-1602
-1376
-976
-377
584
1752
2903
4152
5392
6308
6979
7553
7660
7174
6555
5771
4522
3131
1973
720
-635
-1548
-2077
-2647
-3027
-2954
-2784
-2642
-2300
-1947
-1808
-1715
-1642
-1753
-2012
-2331
-2783
-3246
-3552
-3843
-4110
-4127
-3947
-3695
-3206
-2494
-1843
-1194
-388
332
783
1169
1430
1324
1049
789
309
-399
-963
-1373
-1784
-1949
-1733
-1342
-726
321
1571
2839
4248
5602
6616
7460
8146
8247
7799
7228
6363
4985
3568
2311
844
-616
-1545
-2207
-2890
-3234
-3146
-3011
-2810
-2385
-1998
-1814
-1659
-1564
-1708
-1995
-2367
-2880
-3423
-3866
-4239
-4529
-4611
-4501
-4186
-3628
-2892
-2127
-1296
-395
383
988
1488
1770
1689
1435
1118
586
-146
-797
-1317
-1780
-1984
-1807
-1419
-781
294
1608
2953
4456
5914
6969
7846
8607
8721
8181
7553
6654
5129
3549
2230
670
-964
-1989
-2650
-3385
-3759
-3619
-3431
-3186
-2667
-2178
-1925
-1706
-1566
-1661
-1925
-2355
-2922
-3468
-3964
-4459
-4765
-4816
-4771
-4473
-3785
-3004
-2261
-1298
-249
529
1186
1800
2070
1956
1740
1379
741
-28
-752
-1404
-1925
-2173
-2111
-1756
-1092
-34
1289
2751
4333
5855
7066
8038
8858
9117
8659
7993
7134
5673
3987
2570
1031
-719
-1919
-2599
-3371
-3913
-3825
-3579
-3401
-2907
-2333
-2061
-1851
-1649
-1735
-2028
-2420
-3047
-3706
-4173
-4656
-5127
-5204
-5032
-4799
-4161
-3176
-2316
-1442
-248
777
1398
2008
2479
2391
2053
1775
1176
237
-551
-1188
-1874
-2260
-2188
-1949
-1431
-350
1001
2391
4033
5698
6937
7981
8986
9348
8934
8363
7606
6153
4481
3077
1495
-324
-1598
-2356
-3203
-3838
-3855
-3651
-3483
-3020
-2442
-2122
-1891
-1641
-1657
-1926
-2317
-2929
-3649
-4218
-4757
-5314
-5560
-5492
-5292
-4745
-3800
-2865
-1953
-757
416
1180
1831
2407
2474
2182
1914
1410
493
-361
-1005
-1705
-2206
-2219
-2000
-1576
-579
815
2186
3786
5585
6956
7995
9074
9659
9322
8710
8044
6689
4893
3387
1853
-24
-1520
-2347
-3180
-3932
-4040
-3828
-3653
-3237
-2604
-2182
-1908
-1605
-1524
-1747
-2106
-2639
-3352
-4006
-4568
-5144
-5510
-5528
-5373
-4943
-4127
-3162
-2209
-1074
112
1020
1728
2333
2553
2357
2053
1574
728
-204
-952
-1719
-2384
-2557
-2401
-2122
-1334
27
1433
2923
4800
6519
7663
8763
9778
9895
9304
8747
7807
6054
4322
2887
1082
-804
-1947
-2742
-3677
-4148
-4004
-3818
-3568
-2960
-2361
-2065
-1766
-1530
-1666
-2002
-2456
-3182
-3944
-4546
-5174
-5709
-5851
-5741
-5494
-4794
-3756
-2798
-1744
-418
706
1459
2195
2711
2629
2303
1972
1256
223
-628
-1386
-2220
-2664
-2604
-2416
-1923
-758
702
2122
3887
5811
7233
8350
9543
10200
9896
9317
8665
7289
5451
3865
2246
270
-1350
-2295
-3182
-3982
-4179
-3986
-3768
-3335
-2726
-2264
-1936
-1685
-1671
-1850
-2211
-2904
-3690
-4261
-4884
-5601
-5891
-5825
-5781
-5366
-4345
-3372
-2518
-1251
109
980
1712
2497
2723
2474
2242
1779
835
-148
-949
-1818
-2544
-2794
-2757
-2511
-1716
-433
970
2576
4499
6286
7646
8892
9986
10377
10020
9458
8646
7130
5302
3707
2023
72
-1446
-2339
-3231
-3972
-4053
-3804
-3609
-3191
-2560
-2144
-1899
-1693
-1742
-2015
-2424
-3139
-3971
-4564
-5166
-5884
-6166
-6035
-5948
-5530
-4465
-3425
-2584
-1305
106
943
1653
2474
2689
2352
2139
1708
658
-348
-1036
-1932
-2705
-2806
-2664
-2429
-1530
-85
1313
2946
5012
6757
7998
9322
10450
10600
10141
9692
8723
7000
5277
3724
1814
-154
-1478
-2434
-3421
-4012
-4029
-3870
-3619
-3099
-2546
-2179
-1903
-1779
-1880
-2098
-2602
-3445
-4174
-4704
-5429
-6099
-6220
-6165
-6096
-5467
-4351
-3452
-2516
-1085
185
994
1848
2566
2596
2368
2203
1561
482
-395
-1195
-2173
-2779
-2838
-2806
-2479
-1423
-25
1389
3179
5238
6903
8247
9664
10677
10778
10400
9903
8824
7097
5380
3731
1754
-197
-1523
-2519
-3530
-4122
-4111
-3929
-3691
-3155
-2565
-2184
-1947
-1812
-1843
-2109
-2703
-3494
-4155
-4774
-5564
-6127
-6248
-6302
-6189
-5433
-4398
-3572
-2496
-1033
133
983
1915
2534
2538
2425
2211
1444
442
-376
-1297
-2250
-2756
-2885
-2892
-2446
-1370
-60
1420
3292
5284
6961
8442
9832
10784
10996
10671
10075
9020
7368
5552
3843
1937
-41
-1474
-2451
-3439
-4126
-4123
-3907
-3741
-3281
-2644
-2297
-2179
-2009
-1982
-2361
-2992
-3645
-4299
-5022
-5734
-6204
-6394
-6447
-6226
-5492
-4543
-3641
-2505
-1126
48
961
1848
2462
2585
2471
2182
1520
598
-289
-1173
-2044
-2614
-2816
-2750
-2301
-1363
-57
1466
3260
5257
7026
8470
9848
10938
11186
10809
10319
9326
7554
5745
4139
2131
11
-1365
-2388
-3565
-4250
-4224
-4169
-4081
-3512
-2898
-2613
-2376
-2145
-2172
-2433
-2934
-3647
-4286
-4894
-5669
-6219
-6314
-6419
-6371
-5610
-4604
-3851
-2743
-1210
-94
741
1811
2541
2558
2505
2383
1664
711
-51
-957
-1954
-2486
-2659
-2711
-2308
-1327
-121
1345
3244
5217
6889
8421
9871
10879
11171
10940
10412
9340
7698
5955
4234
2221
182
-1306
-2434
-3539
-4266
-4393
-4312
-4166
-3705
-3089
-2688
-2493
-2285
-2151
-2376
-2968
-3573
-4108
-4850
-5649
-6069
-6287
-6548
-6388
-5626
-4840
-4042
-2774
-1386
-326
727
1807
2418
2593
2677
2431
1731
943
104
-887
-1787
-2366
-2694
-2723
-2323
-1526
-334
1211
2963
4877
6741
8293
9649
10823
11287
10977
10496
9629
7955
6099
4502
2524
290
-1224
-2268
-3521
-4367
-4395
-4355
-4341
-3806
-3108
-2816
-2586
-2215
-2119
-2396
-2831
-3385
-4059
-4757
-5467
-6024
-6334
-6504
-6404
-5818
-4992
-4144
-3007
-1628
-442
590
1647
2374
2626
2668
2489
1873
1020
193
-739
-1719
-2390
-2695
-2775
-2533
-1763
-534
910
2623
4671
6607
8156
9636
10982
11517
11287
10922
10123
8449
6591
4956
2909
609
-1028
-2200
-3524
-4450
-4613
-4615
-4571
-4067
-3399
-3006
-2687
-2335
-2188
-2342
-2771
-3378
-3997
-4672
-5497
-6129
-6424
-6669
-6690
-6102
-5264
-4496
-3336
-1869
-656
417
1597
2425
2705
2861
2785
2166
1336
534
-442
-1457
-2164
-2587
-2785
-2602
-1935
-845
566
2267
4253
6264
7971
9482
10915
11710
11619
11273
10638
9108
7168
5486
3507
1083
-785
-2031
-3428
-4557
-4846
-4865
-4890
-4444
-3724
-3263
-2879
-2445
-2234
-2269
-2557
-3172
-3824
-4423
-5272
-6088
-6419
-6669
-6907
-6480
-5575
-4858
-3887
-2308
-956
49
1312
2384
2718
2885
3026
2528
1610
850
-60
-1217
-2059
-2516
-2879
-2886
-2300
-1349
-72
1615
3571
5589
7469
9132
10596
11626
11888
11588
11006
9793
7944
6094
4225
1946
-196
-1651
-2926
-4180
-4798
-4829
-4812
-4582
-3928
-3317
-2972
-2622
-2254
-2190
-2521
-3037
-3607
-4294
-5138
-5895
-6382
-6756
-6971
-6665
-5943
-5195
-4216
-2806
-1407
-226
1009
2122
2708
2975
3111
2805
2011
1135
239
-839
-1874
-2564
-2952
-3100
-2836
-2004
-764
724
2577
4739
6748
8445
10071
11415
11949
11839
11454
10500
8817
6991
5174
2997
762
-942
-2280
-3555
-4416
-4682
-4692
-4544
-4063
-3431
-2981
-2672
-2340
-2125
-2312
-2833
-3396
-4028
-4893
-5752
-6303
-6762
-7154
-7040
-6433
-5756
-4900
-3573
-2144
-906
385
1654
2458
2854
3115
3037
2426
1572
698
-331
-1447
-2341
-2883
-3140
-3114
-2562
-1441
-14
1644
3714
5951
7826
9449
11033
12079
12199
11872
11278
9927
8001
6132
4183
1838
-283
-1750
-3036
-4237
-4830
-4848
-4775
-4497
-3845
-3218
-2850
-2517
-2194
-2175
-2558
-3145
-3786
-4562
-5451
-6221
-6753
-7149
-7324
-6966
-6206
-5373
-4294
-2806
-1304
-39
1246
2417
3047
3280
3381
3088
2231
1238
313
-791
-1926
-2680
-3051
-3210
-2949
-2071
-787
735
2597
4791
6888
8631
10225
11586
12233
12090
11604
10703
9072
7085
5182
3104
797
-1113
-2434
-3655
-4646
-4971
-4856
-4687
-4283
-3555
-2965
-2657
-2382
-2134
-2285
-2863
-3510
-4167
-5047
-5990
-6639
-7091
-7454
-7401
-6790
-5982
-5058
-3700
-2108
-723
577
1913
2855
3272
3480
3419
2810
1859
902
-130
-1281
-2261
-2861
-3132
-3096
-2622
-1562
-103
1547
3520
5776
7800
9391
10904
12122
12412
12020
11440
10282
8354
6357
4470
2224
-53
-1684
-2940
-4174
-4910
-4989
-4885
-4651
-4058
-3366
-2910
-2606
-2329
-2237
-2541
-3166
-3867
-4595
-5499
-6403
-6974
-7335
-7597
-7385
-6601
-5710
-4700
-3199
-1554
-228
1061
2362
3150
3413
3553
3350
2546
1548
593
-525
-1691
-2535
-3046
-3261
-3079
-2374
-1180
355
2167
4279
6529
8458
10003
11440
12428
12458
11910
11171
9785
7712
5718
3797
1493
-675
-2119
-3281
-4429
-4979
-4921
-4766
-4462
-3804
-3153
-2788
-2538
-2312
-2341
-2788
-3494
-4227
-4984
-5907
-6731
-7200
-7499
-7634
-7204
-6295
-5373
-4245
-2639
-1066
197
1481
2660
3229
3393
3454
3061
2143
1143
154
-975
-2039
-2769
-3178
-3246
-2877
-2035
-694
967
2829
5003
7263
9043
10484
11881
12621
12350
11746
10922
9249
7086
5204
3199
777
-1176
-2432
-3670
-4718
-4998
-4878
-4747
-4301
-3562
-3010
-2666
-2357
-2213
-2375
-2882
-3638
-4418
-5197
-6134
-6944
-7342
-7562
-7597
-7013
-6011
-5056
-3828
-2124
-573
632
1916
3001
3422
3502
3480
2939
1906
900
-90
-1245
-2269
-2899
-3211
-3195
-2718
-1716
-300
1372
3313
5557
7676
9314
10769
12043
12492
12082
11466
10433
8550
6448
4595
2470
105
-1646
-2841
-4029
-4885
-5021
-4876
-4677
-4143
-3420
-2927
-2637
-2379
-2282
-2520
-3121
-3880
-4623
-5448
-6349
-7001
-7313
-7508
-7364
-6596
-5593
-4571
-3175
-1499
-81
1151
2410
3275
3553
3607
3442
2734
1680
676
-367
-1505
-2425
-2953
-3175
-3052
-2438
-1292
202
1927
3965
6230
8219
9785
11241
12327
12466
11944
11234
9929
7878
5815
3911
1653
-597
-2141
-3298
-4438
-5086
-5080
-4903
-4649
-4033
-3338
-2924
-2677
-2454
-2428
-2792
-3471
-4218
-4964
-5830
-6682
-7219
-7499
-7630
-7296
-6417
-5404
-4298
-2768
-1110
249
1515
2742
3447
3641
3694
3409
2567
1527
557
-529
-1647
-2429
-2844
-3001
-2740
-1930
-669
885
2703
4869
7084
8886
10401
11794
12568
12383
11749
10892
9270
7079
5089
3108
723
-1360
-2674
-3828
-4921
-5317
-5151
-5002
-4666
-3938
-3312
-3016
-2763
-2540
-2652
-3157
-3843
-4553
-5330
-6216
-6971
-7385
-7607
-7618
-7057
-6067
-5043
-3803
-2136
-543
729
2010
3132
3636
3739
3719
3251
2264
1267
301
-829
-1854
-2452
-2745
-2784
-2322
-1323
46
1660
3609
5822
7839
9461
10958
12174
12508
12066
11420
10295
8349
6234
4326
2121
-259
-1976
-3187
-4441
-5302
-5401
-5244
-5044
-4473
-3731
-3225
-2894
-2570
-2444
-2699
-3295
-4006
-4708
-5552
-6476
-7114
-7428
-7636
-7465
-6652
-5664
-4647
-3172
-1446
-47
1210
2527
3379
3660
3784
3614
2842
1825
887
-185
-1331
-2170
-2657
-2868
-2696
-1990
-803
707
2489
4598
6817
8682
10213
11655
12545
12434
11852
11068
9529
7369
5376
3375
935
-1223
-2616
-3861
-5040
-5511
-5408
-5236
-4841
-4117
-3460
-3028
-2654
-2413
-2444
-2855
-3566
-4306
-5044
-5960
-6832
-7304
-7558
-7652
-7153
-6188
-5217
-3999
-2310
-672
652
2006
3175
3729
3954
3983
3467
2493
1495
424
-795
-1856
-2570
-2989
-3040
-2590
-1632
-235
1481
3475
5741
7878
9563
11067
12323
12683
12192
11530
10399
8373
6197
4269
1973
-479
-2199
-3432
-4716
-5545
-5610
-5426
-5145
-4504
-3736
-3185
-2755
-2434
-2324
-2519
-3131
-3944
-4661
-5468
-6466
-7169
-7461
-7676
-7547
-6721
-5688
-4679
-3198
-1398
69
1382
2744
3625
3951
4100
3890
3079
2048
1030
-155
-1346
-2213
-2783
-3045
-2823
-2098
-913
674
2544
4683
6926
8832
10372
11785
12626
12458
11828
10985
9349
7120
5111
3056
561
-1566
-2900
-4149
-5283
-5640
-5482
-5278
-4795
-3988
-3309
-2847
-2450
-2224
-2286
-2717
-3492
-4298
-5069
-6033
-6938
-7400
-7660
-7787
-7288
-6271
-5314
-4098
-2347
-705
610
2013
3215
3731
3951
4017
3481
2499
1539
466
-800
-1822
-2469
-2898
-2953
-2443
-1427
-31
1717
3783
6029
8116
9812
11327
12513
12764
12268
11582
10314
8190
6022
4039
1638
-812
-2456
-3704
-5013
-5726
-5684
-5519
-5202
-4418
-3618
-3092
-2610
-2229
-2179
-2461
-3055
-3875
-4715
-5595
-6552
-7258
-7597
-7801
-7608
-6780
-5738
-4640
-3083
-1298
160
1538
2920
3732
3987
4134
3887
2971
1915
911
-350
-1611
-2421
-2927
-3221
-2958
-2060
-795
804
2835
5125
7304
9181
10838
12229
12843
12580
11958
10937
9069
6818
4785
2556
19
-1965
-3269
-4568
-5561
-5716
-5518
-5288
-4630
-3717
-3092
-2606
-2103
-1918
-2139
-2577
-3297
-4239
-5136
-6046
-6948
-7524
-7759
-7764
-7271
-6277
-5158
-3836
-2119
-429
968
2340
3489
3976
4097
4052
3432
2313
1229
115
-1234
-2348
-2957
-3318
-3377
-2733
-1516
-56
1787
4104
6443
8413
10193
11811
12782
12834
12373
11555
9991
7828
5689
3542
1078
-1196
-2788
-4082
-5252
-5777
-5696
-5487
-5045
-4217
-3430
-2899
-2424
-2089
-2092
-2434
-3063
-3900
-4781
-5692
-6617
-7286
-7627
-7757
-7461
-6580
-5490
-4275
-2656
-893
586
1963
3278
4002
4192
4239
3872
2878
1728
656
-630
-1922
-2732
-3200
-3444
-3099
-2088
-736
929
3072
5452
7595
9433
11128
12433
12872
12541
11868
10673
8699
6451
4357
2051
-434
-2322
-3620
-4872
-5734
-5801
-5560
-5280
-4578
-3628
-2990
-2545
-2093
-1917
-2170
-2693
-3453
-4399
-5344
-6276
-7119
-7651
-7873
-7781
-7163
-6101
-4913
-3469
-1687
-10
1409
2791
3845
4238
4304
4171
3434
2264
1153
-37
-1398
-2458
-3039
-3387
-3340
-2580
-1326
197
2167
4529
6829
8775
10527
12073
12919
12859
12297
11376
9720
7500
5337
3165
697
-1525
-3032
-4281
-5386
-5822
-5677
-5431
-4968
-4124
-3339
-2855
-2470
-2198
-2249
-2675
-3405
-4266
-5153
-6083
-6985
-7588
-7865
-7932
-7507
-6517
-5352
-4033
-2331
-558
938
2337
3564
4190
4337
4291
3781
2732
1581
432
-878
-2072
-2834
-3250
-3341
-2855
-1798
-353
1450
3631
5994
8124
9902
11478
12683
13001
12509
11717
10446
8385
6099
4013
1709
-734
-2531
-3758
-4927
-5687
-5701
-5414
-5064
-4367
-3513
-2919
-2540
-2249
-2199
-2473
-3106
-3993
-4874
-5739
-6701
-7467
-7792
-7914
-7745
-6940
-5742
-4538
-3032
-1185
430
1770
3080
3991
4235
4196
3916
3027
1804
685
-524
-1840
-2815
-3297
-3512
-3313
-2470
-1153
477
2480
4806
7099
9012
10653
12089
12887
12736
12065
11100
9452
7242
5108
3015
625
-1519
-2920
-4045
-5055
-5445
-5256
-4946
-4495
-3740
-3031
-2620
-2370
-2225
-2347
-2853
-3669
-4547
-5406
-6340
-7202
-7706
-7921
-7917
-7382
-6338
-5170
-3811
-2080
-342
1096
2437
3585
4136
4235
4108
3509
2417
1253
111
-1181
-2371
-3117
-3474
-3501
-3020
-1957
-483
1309
3450
5831
7988
9708
11272
12520
12865
12378
11616
10397
8376
6157
4143
1885
-510
-2259
-3440
-4575
-5329
-5337
-5066
-4742
-4083
-3287
-2753
-2405
-2160
-2174
-2494
-3121
-3997
-4929
-5809
-6726
-7507
-7866
-7951
-7758
-7008
-5824
-4557
-3065
-1271
382
1746
3024
3965
4272
4225
3935
3113
1915
777
-413
-1718
-2722
-3226
-3429
-3267
-2469
-1148
448
2386
4708
7011
8911
10535
11959
12781
12682
12014
11031
9417
7243
5097
2998
660
-1499
-2971
-4086
-5059
-5505
-5373
-5046
-4591
-3880
-3160
-2684
-2433
-2317
-2390
-2819
-3620
-4495
-5306
-6208
-7082
-7577
-7739
-7752
-7275
-6213
-5001
-3677
-1977
-229
1213
2538
3691
4254
4343
4201
3612
2543
1362
169
-1133
-2290
-3071
-3496
-3536
-3067
-2097
-651
1153
3204
5500
7748
9550
10998
12277
12844
12398
11606
10543
8679
6394
4406
2328
-88
-2006
-3193
-4293
-5180
-5327
-5081
-4826
-4297
-3520
-2947
-2627
-2419
-2402
-2645
-3212
-4076
-4986
-5820
-6711
-7478
-7813
-7889
-7768
-7071
-5860
-4625
-3218
-1441
240
1590
2883
3906
4264
4230
4018
3288
2107
945
-211
-1490
-2563
-3164
-3455
-3396
-2774
-1610
-81
1759
3918
6252
8357
10022
11449
12538
12784
12206
11353
10081
8052
5826
3845
1681
-670
-2396
-3498
-4549
-5296
-5308
-5004
-4707
-4112
-3313
-2792
-2510
-2293
-2296
-2657
-3310
-4152
-5086
-5991
-6859
-7549
-7891
-7925
-7665
-6900
-5689
-4373
-2887
-1154
505
1854
3053
3952
4233
4096
3748
2941
1710
505
-623
-1854
-2881
-3353
-3475
-3321
-2553
-1168
484
2364
4654
7027
8956
10521
11923
12772
12681
12009
11046
9482
7322
5166
3127
866
-1316
-2837
-3896
-4849
-5356
-5248
-4920
-4501
-3834
-3109
-2629
-2367
-2255
-2355
-2780
-3539
-4453
-5310
-6191
-7070
-7628
-7799
-7773
-7368
-6354
-5093
-3789
-2164
-361
1127
2399
3600
4281
4345
4196
3727
2676
1414
262
-993
-2281
-3164
-3601
-3760
-3468
-2548
-1165
546
2572
4871
7187
9125
10664
11973
12746
12575
11795
10786
9170
6938
4806
2834
553
-1588
-2928
-3903
-4859
-5246
-4991
-4677
-4278
-3517
-2814
-2476
-2248
-2128
-2376
-2924
-3685
-4633
-5601
-6490
-7311
-7889
-8051
-7912
-7423
-6419
-5093
-3673
-2046
-273
1250
2508
3609
4251
4312
4066
3541
2518
1258
114
-1075
-2287
-3096
-3405
-3444
-3085
-2054
-551
1147
3150
5507
7739
9484
10974
12246
12780
12428
11645
10521
8705
6503
4443
2337
28
-1928
-3219
-4258
-5092
-5341
-5130
-4781
-4250
-3529
-2904
-2520
-2320
-2309
-2527
-3070
-3928
-4861
-5697
-6578
-7422
-7835
-7893
-7779
-7195
-6027
-4733
-3348
-1611
128
1512
2760
3846
4306
4270
4052
3402
2245
1038
-110
-1407
-2564
-3259
-3596
-3605
-3069
-1982
-512
1282
3389
5672
7867
9652
11083
12251
12759
12333
11449
10312
8494
6234
4183
2166
-137
-2055
-3208
-4187
-5048
-5218
-4880
-4562
-4073
-3285
-2662
-2391
-2208
-2151
-2467
-3119
-3941
-4858
-5803
-6733
-7504
-7955
-8094
-7927
-7280
-6169
-4861
-3380
-1649
57
1516
2803
3820
4285
4279
4003
3311
2184
947
-249
-1484
-2602
-3303
-3560
-3466
-2914
-1776
-187
1643
3741
6113
8295
9975
11410
12570
12901
12332
11463
10217
8212
5940
3941
1810
-531
-2323
-3440
-4447
-5203
-5227
-4879
-4536
-3935
-3095
-2527
-2260
-2043
-2058
-2469
-3139
-3987
-4987
-5963
-6840
-7583
-8032
-8085
-7806
-7126
-5951
-4545
-3032
-1325
405
1846
3043
3991
4397
4298
3933
3201
2001
716
-444
-1677
-2826
-3460
-3631
-3564
-2975
-1707
-106
1675
3849
6250
8328
9975
11418
12453
12646
12090
11175
9807
7797
5601
3586
1478
-729
-2445
-3523
-4428
-5076
-5098
-4731
-4329
-3747
-2954
-2385
-2139
-2009
-2049
-2453
-3188
-4079
-5038
-5981
-6853
-7539
-7890
-7904
-7584
-6797
-5598
-4241
-2720
-1006
625
1986
3154
4020
4323
4210
3836
3020
1808
594
-558
-1814
-2873
-3441
-3635
-3503
-2820
-1568
19
1860
4028
6358
8430
10046
11385
12363
12539
11910
10942
9595
7588
5370
3429
1380
-860
-2513
-3491
-4419
-5093
-5028
-4642
-4316
-3702
-2855
-2350
-2152
-1953
-2011
-2515
-3224
-4092
-5130
-6116
-6939
-7637
-8041
-8014
-7653
-6905
-5711
-4304
-2802
-1125
544
1910
3050
3924
4263
4138
3765
3000
1812
598
-523
-1722
-2768
-3291
-3403
-3251
-2561
-1247
358
2166
4349
6696
8694
10249
11599
12533
12587
11923
10948
9490
7384
5202
3222
1047
-1177
-2774
-3811
-4766
-5345
-5244
-4913
-4529
-3854
-3070
-2582
-2323
-2168
-2290
-2723
-3417
-4345
-5321
-6168
-6985
-7642
-7871
-7760
-7398
-6526
-5215
-3856
-2370
-621
999
2260
3393
4219
4423
4242
3848
2960
1694
514
-635
-1892
-2879
-3346
-3506
-3335
-2555
-1256
298
2134
4316
6613
8581
10127
11444
12345
12388
11708
10750
9319
7226
5056
3125
994
-1198
-2715
-3678
-4605
-5147
-4996
-4630
-4250
-3579
-2804
-2350
-2142
-2041
-2189
-2668
-3450
-4421
-5385
-6279
-7145
-7780
-7984
-7908
-7530
-6595
-5283
-3950
-2432
-655
926
2183
3313
4083
4243
4066
3653
2725
1486
334
-816
-2005
-2902
-3328
-3424
-3174
-2352
-997
623
2479
4676
6995
8914
10386
11712
12578
12473
11718
10768
9244
7047
4912
2997
775
-1415
-2821
-3779
-4727
-5194
-4997
-4666
-4264
-3542
-2789
-2370
-2148
-2037
-2200
-2683
-3479
-4459
-5408
-6302
-7191
-7807
-8000
-7939
-7543
-6554
-5243
-3920
-2353
-545
1012
2256
3410
4164
4274
4075
3623
2649
1381
218
-934
-2163
-3052
-3399
-3452
-3176
-2243
-780
876
2794
5111
7418
9221
10673
11970
12649
12354
11546
10486
8772
6521
4440
2453
185
-1868
-3176
-4122
-4982
-5312
-5049
-4662
-4179
-3425
-2699
-2284
-2088
-2027
-2227
-2774
-3626
-4592
-5510
-6414
-7248
-7740
-7853
-7747
-7206
-6115
-4810
-3451
-1804
-49
1390
2613
3687
4266
4279
4030
3455
2381
1117
-25
-1222
-2407
-3182
-3470
-3465
-3073
-2031
-530
1166
3161
5489
7699
9399
10816
12027
12509
12078
11249
10105
8272
6057
4052
2035
-237
-2121
-3286
-4252
-5046
-5191
-4883
-4524
-3958
-3149
-2509
-2146
-1898
-1855
-2167
-2765
-3593
-4582
-5559
-6449
-7237
-7752
-7882
-7706
-7126
-6088
-4799
-3388
-1761
-88
1332
2546
3561
4077
4072
3797
3184
2104
889
-209
-1378
-2514
-3172
-3319
-3245
-2755
-1573
9
1733
3825
6214
8295
9880
11337
12470
12676
12121
11272
9941
7913
5729
3719
1517
-771
-2498
-3652
-4670
-5363
-5412
-5125
-4731
-4064
-3245
-2659
-2289
-2007
-1987
-2343
-2960
-3806
-4772
-5720
-6594
-7321
-7756
-7829
-7566
-6864
-5770
-4453
-2963
-1291
340
1739
2929
3836
4237
4153
3783
3048
1911
675
-464
-1667
-2749
-3297
-3380
-3224
-2593
-1267
390
2194
4389
6793
8736
10240
11691
12657
12572
11856
10945
9405
7198
5055
3050
730
-1484
-2948
-3995
-4987
-5464
-5300
-4960
-4482
-3690
-2911
-2425
-2076
-1877
-1987
-2433
-3168
-4093
-5038
-5943
-6828
-7479
-7731
-7718
-7362
-6459
-5237
-3932
-2380
-633
894
2166
3326
4086
4256
4095
3646
2722
1508
329
-869
-2102
-3045
-3496
-3579
-3316
-2498
-1109
594
2524
4795
7103
8958
10462
11838
12609
12352
11584
10630
8964
6716
4654
2658
300
-1798
-3083
-4124
-5112
-5431
-5170
-4865
-4378
-3551
-2831
-2429
-2118
-1966
-2166
-2663
-3437
-4378
-5277
-6173
-7050
-7594
-7748
-7693
-7244
-6188
-4929
-3617
-1959
-193
1231
2479
3624
4235
4275
4097
3581
2538
1343
209
-1044
-2252
-3036
-3413
-3485
-3093
-2116
-685
1062
3099
5390
7599
9361
10819
12064
12599
12161
11335
10272
8430
6137
4130
2093
-307
-2260
-3409
-4455
-5353
-5481
-5148
-4832
-4247
-3370
-2708
-2321
-2018
-1952
-2214
-2751
-3606
-4593
-5480
-6379
-7263
-7709
-7769
-7700
-7135
-5943
-4648
-3327
-1605
142
1466
2672
3773
4229
4146
3939
3331
2190
1018
-80
-1355
-2490
-3106
-3382
-3397
-2842
-1673
-183
1605
3771
6104
8167
9841
11301
12391
12638
12075
11205
9928
7910
5643
3655
1517
-840
-2605
-3685
-4700
-5435
-5431
-5074
-4713
-4067
-3228
-2650
-2310
-2089
-2118
-2436
-3056
-3961
-4915
-5782
-6675
-7426
-7726
-7720
-7523
-6770
-5498
-4199
-2774
-1006
641
1917
3124
4079
4357
4219
3917
3133
1907
739
-427
-1750
-2806
-3315
-3527
-3438
-2720
-1434
135
2010
4259
6580
8540
10150
11578
12508
12501
11838
10924
9458
7306
5135
3176
931
-1328
-2840
-3853
-4857
-5399
-5225
-4877
-4484
-3722
-2909
-2440
-2113
-1894
-2045
-2499
-3158
-4102
-5147
-6042
-6886
-7605
-7885
-7805
-7495
-6658
-5354
-4003
-2514
-748
865
2109
3286
4147
4304
4072
3707
2818
1500
339
-806
-2137
-3115
-3451
-3574
-3435
-2540
-1103
471
2423
4814
7063
8876
10534
11965
12668
12510
11873
10851
9189
7053
4951
2873
561
-1543
-2959
-4010
-4968
-5385
-5183
-4838
-4378
-3590
-2821
-2403
-2097
-1882
-2067
-2616
-3331
-4246
-5294
-6233
-7023
-7653
-7931
-7828
-7380
-6479
-5202
-3800
-2240
-512
1045
2311
3439
4176
4268
4006
3546
2583
1283
114
-1036
-2298
-3145
-3376
-3403
-3111
-2049
-489
1166
3221
5689
7838
9504
11130
12445
12775
12321
11622
10371
8336
6135
4097
1814
-593
-2408
-3661
-4785
-5549
-5631
-5364
-4979
-4293
-3427
-2758
-2294
-1951
-1854
-2092
-2656
-3488
-4434
-5366
-6301
-7095
-7519
-7655
-7542
-6899
-5768
-4544
-3154
-1417
266
1624
2890
3947
4358
4292
4041
3348
2151
920
-256
-1582
-2729
-3355
-3613
-3600
-3008
-1786
-238
1590
3825
6215
8261
9946
11494
12567
12670
12106
11301
9893
7735
5558
3573
1243
-1107
-2679
-3790
-4928
-5533
-5389
-5111
-4741
-3939
-3091
-2588
-2194
-1893
-1953
-2329
-2951
-3886
-4878
-5742
-6664
-7434
-7723
-7751
-7561
-6743
-5481
-4265
-2815
-965
643
1880
3144
4079
4263
4139
3866
2986
1713
605
-560
-1883
-2824
-3232
-3440
-3262
-2366
-1000
598
2575
4896
7143
9017
10622
11982
12686
12489
11778
10756
9048
6795
4675
2601
194
-1943
-3280
-4382
-5400
-5713
-5440
-5142
-4627
-3727
-2968
-2514
-2112
-1905
-2087
-2529
-3263
-4240
-5156
-6018
-6922
-7536
-7670
-7631
-7259
-6210
-4919
-3677
-2057
-211
1243
2456
3662
4325
4306
4135
3658
2545
1266
148
-1132
-2427
-3190
-3526
-3666
-3266
-2143
-675
1043
3200
5612
7773
9552
11157
12384
12760
12338
11581
10363
8362
6115
4089
1869
-542
-2357
-3530
-4661
-5463
-5482
-5176
-4867
-4190
-3282
-2680
-2298
-1955
-1898
-2237
-2827
-3678
-4676
-5604
-6526
-7350
-7782
-7875
-7733
-7070
-5887
-4620
-3184
-1387
340
1707
2996
4040
4416
4356
4106
3354
2134
933
-259
-1602
-2706
-3284
-3564
-3515
-2820
-1525
48
1927
4227
6596
8566
10233
11748
12650
12585
11978
11111
9530
7306
5177
3140
751
-1482
-2938
-4088
-5183
-5624
-5420
-5128
-4676
-3804
-2967
-2458
-2019
-1720
-1825
-2262
-2935
-3846
-4827
-5792
-6725
-7429
-7770
-7832
-7520
-6660
-5494
-4187
-2563
-786
771
2159
3409
4165
4359
4280
3836
2843
1636
449
-838
-2123
-3011
-3475
-3629
-3310
-2351
-908
820
2899
5305
7563
9374
10993
12357
12851
12422
11735
10630
8637
6352
4347
2120
-374
-2255
-3482
-4710
-5595
-5649
-5407
-5110
-4392
-3457
-2831
-2343
-1875
-1792
-2067
-2522
-3320
-4326
-5217
-6109
-7013
-7522
-7640
-7608
-7100
-5995
-4782
-3462
-1723
10
1389
2689
3814
4281
4280
4135
3493
2323
1148
-2
-1343
-2522
-3187
-3540
-3604
-3035
-1850
-371
1437
3694
6061
8066
9783
11399
12465
12545
12043
11301
9862
7709
5610
3610
1202
-1101
-2617
-3826
-5013
-5552
-5433
-5200
-4751
-3887
-3093
-2568
-2056
-1723
-1814
-2160
-2754
-3698
-4666
-5531
-6486
-7286
-7622
-7719
-7567
-6791
-5632
-4451
-2971
-1182
386
1702
2996
3865
4095
4087
3813
2922
1740
658
-585
-1901
-2820
-3331
-3603
-3411
-2522
-1202
400
2450
4830
7071
8929
10630
12110
12786
12557
11973
11010
9216
6992
4979
2812
273
-1771
-3059
-4314
-5386
-5620
-5377
-5158
-4581
-3633
-2966
-2528
-2023
-1777
-2022
-2491
-3155
-4130
-5125
-6000
-6890
-7573
-7839
-7813
-7432
-6513
-5304
-3993
-2399
-639
876
2185
3336
3992
4134
4022
3547
2555
1379
270
-985
-2186
-2904
-3238
-3340
-2874
-1688
-194
1530
3785
6219
8197
9914
11621
12744
12829
12396
11697
10209
8057
5958
3862
1343
-1052
-2674
-3969
-5223
-5864
-5828
-5583
-5143
-4306
-3420
-2832
-2320
-1881
-1778
-2080
-2668
-3461
-4390
-5362
-6300
-7074
-7576
-7805
-7628
-6933
-5905
-4691
-3189
-1479
146
1591
2902
3831
4215
4263
3978
3231
2122
928
-313
-1601
-2628
-3199
-3471
-3354
-2575
-1210
412
2369
4801
7094
8915
10668
12245
12889
12625
12139
11155
9215
7036
5054
2700
78
-1901
-3259
-4630
-5632
-5823
-5694
-5443
-4746
-3834
-3157
-2629
-2135
-1906
-2005
-2410
-3184
-4082
-4939
-5900
-6821
-7375
-7684
-7790
-7316
-6291
-5207
-3919
-2170
-435
1016
2441
3665
4250
4400
4361
3832
2781
1632
412
-970
-2190
-2965
-3440
-3602
-3144
-2052
-588
1229
3488
5880
7942
9756
11506
12678
12823
12413
11744
10289
8107
6009
3910
1322
-1093
-2666
-3992
-5318
-5922
-5822
-5642
-5229
-4306
-3423
-2858
-2293
-1814
-1740
-2012
-2546
-3392
-4337
-5259
-6252
-7100
-7585
-7855
-7780
-7084
-6035
-4916
-3434
-1634
-38
1391
2806
3792
4150
4255
4089
3323
2189
1076
-180
-1549
-2560
-3117
-3436
-3350
-2529
-1165
443
2471
4928
7225
9098
10922
12536
13181
12928
12452
11457
9469
7210
5182
2785
57
-1952
-3322
-4792
-5874
-6032
-5872
-5694
-4992
-3985
-3312
-2779
-2183
-1903
-2053
-2430
-3123
-4084
-5011
-5943
-6903
-7551
-7847
-7958
-7560
-6562
-5427
-4147
-2408
-612
846
2293
3611
4245
4385
4421
3980
2884
1722
596
-819
-2133
-2854
-3280
-3534
-3113
-1943
-493
1245
3538
5972
7983
9814
11634
12804
12924
12571
11942
10450
8259
6155
4018
1403
-1023
-2628
-3999
-5363
-5975
-5865
-5701
-5314
-4384
-3454
-2867
-2281
-1750
-1690
-1991
-2486
-3302
-4327
-5298
-6253
-7141
-7695
-7920
-7828
-7221
-6172
-4967
-3502
-1754
-107
1337
2715
3750
4160
4220
4044
3333
2184
1036
-163
-1548
-2616
-3131
-3399
-3359
-2567
-1164
418
2395
4866
7155
8980
10816
12462
13094
12881
12463
11477
9497
7304
5291
2851
154
-1839
-3277
-4785
-5851
-6043
-5939
-5747
-5027
-4041
-3316
-2716
-2080
-1767
-1871
-2208
-2863
-3801
-4766
-5737
-6693
-7398
-7787
-7920
-7587
-6711
-5620
-4324
-2666
-925
601
2042
3328
4059
4265
4238
3820
2868
1694
513
-801
-2079
-2903
-3291
-3432
-3067
-1953
-415
1355
3608
6073
8127
9919
11735
12925
13011
12648
12042
10499
8258
6204
4049
1324
-1089
-2657
-4137
-5543
-6098
-6048
-5969
-5528
-4582
-3743
-3126
-2482
-2037
-1955
-2138
-2661
-3521
-4398
-5307
-6332
-7098
-7497
-7784
-7695
-6897
-5830
-4745
-3212
-1358
188
1581
3045
4021
4299
4370
4185
3352
2164
1026
-261
-1659
-2672
-3213
-3511
-3393
-2546
-1162
492
2586
5039
7292
9160
11011
12569
13086
12821
12376
11299
9237
7048
5058
2556
-161
-2037
-3420
-4966
-5974
-6052
-5933
-5751
-4991
-3990
-3330
-2742
-2144
-1911
-2030
-2416
-3160
-4094
-4992
-5993
-6956
-7488
-7797
-7950
-7446
-6387
-5342
-4073
-2261
-504
855
2307
3617
4149
4258
4294
3790
2664
1544
432
-949
-2150
-2785
-3164
-3282
-2690
-1474
11
1877
4248
6566
8475
10334
12076
12953
12900
12562
11794
10044
7840
5855
3579
829
-1416
-2889
-4420
-5786
-6177
-6064
-6009
-5501
-4474
-3672
-3119
-2434
-1945
-1953
-2208
-2705
-3594
-4544
-5435
-6424
-7257
-7667
-7860
-7738
-6951
-5847
-4714
-3191
-1350
224
1585
2975
3916
4173
4216
4002
3128
1944
856
-378
-1712
-2548
-2936
-3168
-2842
-1746
-337
1352
3658
6073
8017
9884
11798
12917
13020
12827
12241
10639
8491
6536
4285
1498
-875
-2521
-4139
-5622
-6224
-6244
-6240
-5828
-4860
-3997
-3403
-2692
-2084
-1957
-2138
-2526
-3273
-4232
-5141
-6076
-6975
-7570
-7837
-7785
-7250
-6297
-5149
-3735
-2026
-358
1141
2537
3598
4113
4279
4144
3454
2395
1315
82
-1248
-2202
-2728
-3071
-2924
-1979
-666
886
3079
5552
7574
9433
11444
12802
13043
12926
12527
11072
8934
6979
4787
1957
-562
-2276
-3952
-5568
-6307
-6386
-6419
-6093
-5163
-4261
-3631
-2929
-2268
-2012
-2147
-2513
-3146
-3995
-4922
-5857
-6670
-7279
-7656
-7614
-7074
-6240
-5181
-3749
-2076
-486
1052
2512
3565
4125
4402
4300
3629
2629
1544
278
-1078
-2105
-2742
-3162
-3116
-2349
-1106
418
2466
4890
7030
8909
10879
12419
12899
12809
12504
11329
9295
7299
5254
2545
-103
-1921
-3519
-5202
-6147
-6268
-6292
-6094
-5258
-4296
-3679
-3034
-2320
-1988
-2093
-2436
-3019
-3834
-4748
-5691
-6551
-7193
-7608
-7682
-7229
-6412
-5423
-4076
-2406
-778
742
2234
3406
4040
4363
4373
3816
2832
1751
544
-817
-1943
-2642
-3069
-3127
-2514
-1326
169
2099
4442
6646
8571
10514
12144
12824
12833
12585
11609
9733
7736
5740
3152
439
-1520
-3117
-4844
-5968
-6207
-6260
-6170
-5436
-4477
-3841
-3235
-2505
-2099
-2156
-2432
-2958
-3722
-4588
-5515
-6404
-7062
-7501
-7662
-7300
-6520
-5583
-4339
-2705
-1071
413
1904
3155
3856
4182
4265
3836
2887
1816
670
-648
-1800
-2523
-2941
-3038
-2499
-1358
112
1992
4270
6457
8400
10345
12001
12762
12830
12642
11747
9945
7984
6011
3462
737
-1271
-2919
-4692
-5891
-6220
-6330
-6268
-5589
-4679
-4027
-3369
-2639
-2224
-2168
-2363
-2899
-3632
-4414
-5342
-6290
-6936
-7369
-7641
-7367
-6588
-5716
-4591
-2970
-1308
115
1568
2916
3669
3979
4139
3822
2920
1874
807
-461
-1615
-2332
-2744
-2873
-2378
-1276
131
1954
4187
6336
8228
10165
11844
12613
12712
12585
11767
10020
8089
6172
3651
930
-1077
-2744
-4558
-5803
-6167
-6343
-6330
-5653
-4779
-4184
-3477
-2675
-2291
-2231
-2302
-2775
-3564
-4287
-5114
-6121
-6853
-7229
-7508
-7383
-6639
-5733
-4724
-3206
-1492
-56
1330
2715
3557
3870
4059
3863
2996
1947
937
-294
-1483
-2198
-2608
-2803
-2346
-1239
127
1874
4105
6257
8113
10055
11783
12553
12648
12567
11776
10042
8160
6239
3695
996
-1004
-2718
-4572
-5807
-6220
-6454
-6443
-5777
-4947
-4370
-3662
-2851
-2423
-2354
-2430
-2836
-3546
-4275
-5075
-5972
-6688
-7130
-7369
-7172
-6521
-5703
-4627
-3134
-1537
-83
1367
2693
3513
3938
4158
3927
3142
2140
1079
-147
-1305
-2091
-2577
-2778
-2398
-1401
-45
1671
3783
5908
7826
9731
11430
12325
12488
12393
11701
10122
8253
6346
3930
1284
-758
-2450
-4259
-5567
-6035
-6258
-6305
-5737
-4903
-4323
-3716
-2944
-2442
-2349
-2483
-2838
-3445
-4197
-5008
-5843
-6538
-7081
-7350
-7134
-6579
-5872
-4824
-3358
-1833
-398
1084
2407
3269
3794
4048
3833
3155
2212
1116
-62
-1173
-2041
-2582
-2764
-2459
-1590
-244
1457
3497
5651
7644
9539
11279
12350
12590
12501
11971
10523
8610
6762
4477
1761
-423
-2070
-3887
-5384
-5935
-6149
-6323
-5881
-5017
-4425
-3893
-3116
-2546
-2419
-2497
-2804
-3390
-4088
-4884
-5742
-6447
-6974
-7334
-7214
-6628
-5955
-5036
-3585
-2016
-643
834
2275
3200
3726
4097
4009
3352
2466
1450
232
-932
-1803
-2439
-2763
-2558
-1808
-639
948
2944
5068
7046
8957
10776
12017
12434
12431
12052
10828
9002
7157
5028
2393
41
-1703
-3445
-5066
-5863
-6093
-6258
-5998
-5203
-4482
-3938
-3223
-2559
-2300
-2338
-2580
-3089
-3783
-4566
-5418
-6183
-6766
-7165
-7191
-6727
-6046
-5201
-3918
-2370
-929
479
1914
3006
3611
3972
4024
3523
2642
1648
522
-702
-1709
-2360
-2771
-2806
-2209
-1116
277
2127
4312
6322
8160
10082
11618
12200
12290
12173
11245
9504
7759
5866
3302
796
-999
-2704
-4483
-5507
-5841
-6101
-6007
-5297
-4570
-4032
-3315
-2625
-2299
-2187
-2316
-2845
-3512
-4185
-5078
-5984
-6576
-7045
-7347
-7050
-6364
-5680
-4646
-3088
-1590
-280
1209
2542
3266
3691
4007
3744
2932
2055
1058
-186
-1259
-1933
-2454
-2681
-2219
-1243
-20
1704
3876
5896
7726
9696
11390
12173
12373
12376
11657
10055
8298
6462
4006
1373
-635
-2386
-4239
-5541
-6078
-6380
-6437
-5892
-5138
-4538
-3867
-3121
-2596
-2371
-2411
-2765
-3302
-3938
-4759
-5598
-6224
-6748
-7095
-6902
-6325
-5703
-4756
-3310
-1842
-502
976
2333
3173
3707
4075
3941
3254
2394
1403
184
-957
-1782
-2387
-2736
-2499
-1684
-535
1015
3048
5170
7070
8963
10796
11936
12257
12311
11938
10623
8816
7065
4898
2229
-28
-1733
-3540
-5149
-5876
-6169
-6390
-6081
-5302
-4665
-4123
-3345
-2689
-2458
-2437
-2642
-3151
-3805
-4520
-5344
-6107
-6661
-7031
-7034
-6591
-5962
-5153
-3886
-2371
-981
401
1816
2854
3448
3870
3946
3424
2590
1697
605
-581
-1504
-2132
-2580
-2555
-1872
-808
556
2432
4586
6540
8386
10295
11715
12257
12380
12231
11221
9482
7732
5747
3163
698
-1141
-2935
-4706
-5734
-6135
-6432
-6334
-5648
-4949
-4415
-3683
-2928
-2559
-2480
-2584
-2993
-3611
-4294
-5092
-5900
-6534
-6976
-7119
-6817
-6244
-5513
-4388
-2903
-1460
-63
1387
2572
3316
3832
4068
3745
3002
2149
1120
-81
-1126
-1886
-2439
-2630
-2214
-1310
-88
1565
3630
5676
7555
9450
11133
12039
12287
12274
11656
10170
8372
6538
4219
1628
-446
-2164
-3959
-5333
-5912
-6190
-6296
-5832
-5056
-4476
-3879
-3100
-2545
-2399
-2474
-2739
-3264
-3955
-4724
-5515
-6237
-6801
-7080
-6935
-6494
-5870
-4889
-3531
-2106
-712
760
2055
2953
3596
3988
3886
3307
2523
1582
443
-682
-1570
-2203
-2568
-2456
-1780
-702
719
2585
4711
6667
8497
10345
11703
12184
12254
12032
10958
9188
7416
5428
2855
446
-1341
-3098
-4799
-5728
-6066
-6319
-6176
-5455
-4748
-4234
-3514
-2797
-2461
-2425
-2567
-2956
-3581
-4301
-5095
-5859
-6487
-6932
-7022
-6695
-6142
-5372
-4192
-2770
-1395
25
1471
2585
3321
3879
4080
3711
3020
2205
1147
-44
-1046
-1785
-2342
-2535
-2150
-1301
-124
1503
3543
5574
7421
9294
10992
11926
12164
12150
11574
10106
8316
6519
4228
1626
-485
-2217
-4015
-5425
-6019
-6304
-6436
-5987
-5186
-4570
-3990
-3220
-2625
-2431
-2471
-2699
-3196
-3888
-4638
-5415
-6129
-6698
-6988
-6881
-6452
-5806
-4834
-3528
-2139
-728
751
2063
2988
3656
4061
3972
3445
2705
1753
598
-519
-1396
-2054
-2444
-2372
-1754
-724
667
2507
4592
6523
8335
10182
11579
12104
12174
11969
10946
9211
7453
5479
2919
466
-1366
-3130
-4881
-5878
-6248
-6543
-6428
-5696
-4958
-4422
-3695
-2908
-2500
-2405
-2469
-2802
-3391
-4082
-4836
-5598
-6263
-6731
-6872
-6632
-6134
-5378
-4255
-2916
-1549
-112
1314
2423
3204
3784
3984
3676
3056
2259
1205
47
-941
-1678
-2209
-2410
-2071
-1238
-55
1492
3475
5505
7299
9098
10814
11810
12043
12025
11547
10142
8342
6595
4383
1753
-398
-2097
-3919
-5410
-6062
-6374
-6569
-6177
-5378
-4761
-4174
-3364
-2715
-2475
-2443
-2588
-3039
-3679
-4382
-5152
-5880
-6453
-6791
-6762
-6390
-5787
-4884
-3635
-2276
-918
520
1852
2801
3466
3916
3905
3408
2702
1825
684
-478
-1369
-2028
-2504
-2536
-1981
-1024
242
1963
4020
5977
7767
9600
11143
11873
12026
11931
11181
9606
7846
6008
3649
1137
-841
-2546
-4313
-5566
-6065
-6323
-6368
-5853
-5068
-4471
-3841
-3056
-2525
-2381
-2425
-2656
-3192
-3902
-4651
-5424
-6130
-6661
-6894
-6751
-6315
-5635
-4621
-3305
-1925
-527
919
2192
3072
3685
4053
3931
3350
2585
1657
485
-657
-1509
-2133
-2574
-2517
-1865
-860
455
2253
4330
6237
8029
9837
11238
11835
11951
11766
10854
9230
7470
5550
3165
756
-1149
-2844
-4495
-5596
-6023
-6219
-6174
-5607
-4842
-4227
-3595
-2867
-2385
-2278
-2393
-2684
-3240
-4002
-4794
-5532
-6227
-6770
-6948
-6739
-6299
-5584
-4484
-3141
-1769
-337
1121
2331
3185
3807
4093
3888
3308
2504
1496
322
-775
-1661
-2298
-2648
-2546
-1886
-821
560
2337
4413
6388
8157
9906
11305
11901
11960
11751
10854
9197
7390
5512
3152
718
-1162
-2818
-4474
-5564
-5950
-6153
-6135
-5556
-4779
-4223
-3600
-2852
-2412
-2346
-2431
-2696
-3297
-4051
-4780
-5530
-6241
-6732
-6882
-6698
-6237
-5492
-4414
-3094
-1709
-283
1123
2330
3189
3771
4068
3898
3318
2526
1563
426
-685
-1554
-2176
-2557
-2492
-1871
-858
444
2148
4178
6112
7854
9575
10994
11673
11786
11626
10834
9271
7510
5682
3422
1013
-932
-2556
-4189
-5357
-5824
-6021
-6036
-5557
-4794
-4178
-3607
-2910
-2409
-2310
-2432
-2693
-3223
-3979
-4729
-5449
-6142
-6670
-6853
-6668
-6242
-5554
-4516
-3218
-1871
-484
931
2142
3025
3676
4033
3934
3425
2683
1758
661
-456
-1401
-2107
-2551
-2607
-2140
-1224
-16
1547
3504
5515
7274
8956
10496
11395
11615
11517
10952
9570
7786
6010
3939
1513
-598
-2216
-3810
-5168
-5790
-5954
-6029
-5728
-4958
-4218
-3684
-3050
-2427
-2201
-2318
-2557
-2956
-3662
-4470
-5173
-5837
-6450
-6765
-6663
-6295
-5725
-4801
-3558
-2236
-885
505
1773
2731
3440
3886
3932
3541
2865
2010
989
-99
-1115
-1903
-2389
-2542
-2265
-1490
-359
1056
2850
4875
6735
8381
9943
11122
11566
11503
11115
10055
8356
6549
4638
2346
68
-1709
-3257
-4728
-5626
-5900
-5997
-5866
-5222
-4416
-3847
-3277
-2611
-2229
-2271
-2460
-2771
-3379
-4158
-4882
-5549
-6186
-6604
-6628
-6343
-5824
-5026
-3904
-2576
-1211
149
1446
2547
3365
3895
4091
3880
3295
2474
1511
456
-634
-1580
-2224
-2532
-2494
-1999
-1056
199
1746
3642
5626
7340
8867
10268
11132
11288
11042
10388
9064
7290
5489
3516
1268
-776
-2358
-3765
-4940
-5514
-5652
-5635
-5295
-4584
-3923
-3419
-2856
-2385
-2268
-2417
-2692
-3200
-3905
-4641
-5363
-6040
-6512
-6701
-6597
-6185
-5471
-4500
-3296
-1896
-509
800
2014
3033
3709
4060
4099
3721
3002
2137
1173
78
-979
-1781
-2275
-2483
-2310
-1671
-653
648
2288
4203
6038
7621
9094
10331
10966
10985
10634
9825
8404
6670
4890
2888
720
-1147
-2612
-3914
-4910
-5356
-5430
-5330
-4920
-4241
-3634
-3161
-2682
-2309
-2269
-2495
-2854
-3391
-4102
-4838
-5496
-6062
-6447
-6561
-6351
-5835
-5079
-4078
-2861
-1524
-210
1028
2151
3028
3572
3821
3757
3316
2594
1735
768
-281
-1226
-1906
-2325
-2463
-2179
-1446
-373
980
2652
4494
6258
7820
9234
10332
10844
10817
10392
9497
8057
6338
4540
2560
503
-1253
-2666
-3916
-4822
-5212
-5296
-5204
-4793
-4174
-3660
-3232
-2785
-2498
-2519
-2739
-3099
-3645
-4308
-4959
-5568
-6078
-6390
-6435
-6181
-5633
-4839
-3842
-2637
-1309
-20
1193
2274
3098
3606
3852
3780
3332
2606
1769
831
-185
-1095
-1777
-2217
-2370
-2118
-1452
-464
796
2337
4083
5801
7324
8666
9743
10355
10402
10028
9282
8009
6380
4675
2876
943
-826
-2203
-3370
-4315
-4788
-4867
-4804
-4535
-3975
-3440
-3080
-2710
-2390
-2395
-2664
-2993
-3478
-4155
-4822
-5391
-5897
-6255
-6313
-6071
-5594
-4867
-3905
-2768
-1521
-249
930
1962
2803
3374
3651
3633
3289
2645
1868
1000
46
-871
-1577
-2059
-2302
-2168
-1632
-792
304
1730
3385
5058
6591
7980
9121
9855
10110
9908
9293
8219
6791
5185
3468
1663
-78
-1552
-2745
-3709
-4333
-4582
-4608
-4433
-4017
-3543
-3159
-2817
-2528
-2439
-2579
-2851
-3270
-3844
-4466
-5036
-5543
-5934
-6107
-6007
-5636
-5011
-4169
-3138
-1944
-692
509
1620
2562
3236
3642
3769
3539
2995
2264
1394
401
-574
-1384
-2030
-2425
-2460
-2111
-1451
-469
841
2382
4046
5675
7127
8360
9317
9829
9827
9417
8628
7397
5895
4306
2589
817
-767
-2046
-3128
-3947
-4369
-4498
-4455
-4160
-3679
-3259
-2919
-2571
-2334
-2343
-2541
-2871
-3365
-3987
-4578
-5120
-5632
-5961
-6014
-5811
-5368
-4671
-3742
-2666
-1458
-201
989
2028
2860
3453
3765
3753
3398
2767
1974
1037
46
-887
-1678
-2268
-2573
-2480
-2057
-1327
-257
1118
2658
4287
5889
7273
8392
9242
9670
9540
9020
8187
6923
5372
3786
2143
416
-1092
-2250
-3216
-3945
-4266
-4301
-4178
-3841
-3335
-2914
-2611
-2286
-2110
-2232
-2518
-2883
-3450
-4125
-4718
-5232
-5735
-6027
-5961
-5691
-5199
-4406
-3392
-2285
-1059
234
1379
2319
3106
3640
3800
3664
3249
2532
1629
688
-294
-1251
-2021
-2539
-2773
-2647
-2161
-1384
-284
1125
2687
4294
5863
7219
8295
9110
9501
9330
8765
7915
6661
5131
3590
2009
332
-1102
-2148
-3024
-3713
-3974
-3925
-3783
-3442
-2948
-2561
-2323
-2068
-1965
-2166
-2513
-2965
-3594
-4271
-4852
-5409
-5898
-6112
-6027
-5722
-5146
-4295
-3293
-2150
-841
435
1523
2489
3265
3705
3838
3704
3208
2411
1531
585
-468
-1444
-2186
-2737
-3008
-2868
-2389
-1660
-570
865
2408
4004
5596
6966
8052
8890
9302
9154
8636
7840
6628
5137
3658
2128
511
-871
-1856
-2712
-3379
-3607
-3572
-3467
-3152
-2668
-2328
-2114
-1858
-1766
-1992
-2325
-2743
-3373
-4071
-4627
-5165
-5666
-5879
-5788
-5522
-4982
-4116
-3126
-2038
-767
482
1558
2503
3262
3681
3803
3694
3215
2434
1566
621
-434
-1412
-2180
-2794
-3145
-3091
-2717
-2084
-1080
244
1697
3264
4882
6287
7410
8351
8906
8909
8522
7868
6798
5409
4013
2570
1022
-364
-1401
-2261
-2962
-3290
-3335
-3265
-3021
-2616
-2267
-2048
-1845
-1755
-1921
-2256
-2696
-3281
-3968
-4583
-5114
-5582
-5864
-5862
-5591
-5094
-4349
-3377
-2271
-1089
125
1262
2237
2994
3490
3714
3653
3290
2640
1833
930
-60
-1037
-1871
-2531
-2988
-3117
-2907
-2419
-1617
-499
832
2293
3839
5317
6564
7588
8370
8707
8555
8087
7326
6206
4869
3529
2124
692
-516
-1442
-2220
-2800
-3051
-3079
-2999
-2764
-2430
-2185
-2045
-1930
-1947
-2188
-2571
-3030
-3603
-4229
-4756
-5212
-5593
-5752
-5625
-5261
-4693
-3897
-2919
-1826
-653
499
1526
2376
3008
3373
3481
3314
2837
2109
1280
381
-569
-1462
-2214
-2781
-3101
-3062
-2724
-2127
-1218
-4
1389
2886
4432
5834
6987
7957
8618
8787
8518
7970
7092
5854
4530
3205
1757
339
-754
-1591
-2350
-2854
-2998
-2998
-2911
-2638
-2304
-2127
-2032
-1925
-1994
-2296
-2694
-3167
-3743
-4327
-4813
-5237
-5555
-5638
-5458
-5056
-4427
-3598
-2630
-1539
-374
718
1673
2463
3020
3307
3332
3109
2592
1855
1028
142
-786
-1628
-2324
-2849
-3107
-3024
-2665
-2057
-1126
98
1457
2916
4440
5807
6913
7835
8478
8619
8340
7807
6950
5745
4451
3156
1746
381
-672
-1490
-2235
-2713
-2855
-2855
-2770
-2510
-2207
-2042
-1940
-1860
-1949
-2239
-2635
-3126
-3700
-4260
-4748
-5182
-5473
-5529
-5351
-4960
-4321
-3514
-2578
-1505
-375
673
1591
2368
2902
3161
3194
2962
2430
1715
920
35
-883
-1689
-2361
-2886
-3130
-3033
-2677
-2058
-1091
146
1519
2989
4527
5920
7045
7958
8589
8761
8486
7938
7105
5931
4603
3300
1945
604
-493
-1311
-2000
-2480
-2646
-2651
-2580
-2364
-2079
-1918
-1851
-1809
-1925
-2241
-2665
-3177
-3804
-4410
-4907
-5335
-5644
-5700
-5506
-5118
-4488
-3625
-2657
-1613
-488
598
1529
2275
2806
3073
3064
2812
2306
1581
747
-144
-1033
-1851
-2525
-3042
-3289
-3210
-2850
-2229
-1303
-104
1224
2662
4155
5526
6638
7532
8198
8452
8250
7761
7025
5972
4725
3494
2251
964
-123
-907
-1547
-2060
-2280
-2295
-2254
-2098
-1848
-1701
-1692
-1682
-1801
-2148
-2606
-3115
-3729
-4365
-4861
-5258
-5579
-5664
-5448
-5049
-4454
-3613
-2642
-1616
-522
560
1476
2213
2767
3059
3086
2884
2438
1765
981
140
-731
-1542
-2206
-2724
-3024
-3013
-2709
-2180
-1406
-348
874
2178
3531
4871
6004
6877
7568
7984
7970
7570
6972
6149
5050
3870
2745
1573
437
-418
-1034
-1601
-2001
-2110
-2099
-2091
-1964
-1821
-1849
-1940
-2043
-2311
-2781
-3269
-3788
-4365
-4864
-5224
-5511
-5657
-5489
-5102
-4585
-3854
-2935
-1966
-964
81
1019
1754
2343
2740
2868
2762
2458
1923
1253
535
-236
-1014
-1662
-2156
-2530
-2675
-2514
-2137
-1583
-759
293
1423
2596
3839
5027
5984
6732
7314
7607
7485
7094
6553
5744
4694
3649
2631
1531
503
-250
-858
-1439
-1803
-1946
-2044
-2110
-2061
-2055
-2160
-2270
-2434
-2756
-3151
-3558
-4029
-4481
-4814
-5072
-5263
-5233
-4974
-4590
-4040
-3293
-2453
-1575
-620
302
1074
1727
2238
2519
2579
2485
2172
1650
1071
462
-253
-947
-1486
-1912
-2235
-2322
-2152
-1813
-1284
-499
490
1537
2633
3800
4912
5829
6549
7101
7376
7280
6934
6429
5666
4661
3652
2652
1581
567
-220
-889
-1499
-1900
-2112
-2280
-2386
-2382
-2409
-2505
-2597
-2742
-3012
-3306
-3615
-4002
-4366
-4617
-4826
-4966
-4886
-4650
-4332
-3810
-3091
-2344
-1566
-657
204
901
1551
2116
2405
2489
2480
2255
1780
1249
685
-19
-712
-1251
-1725
-2128
-2299
-2233
-2003
-1557
-864
-8
974
2068
3201
4302
5302
6104
6710
7111
7211
6987
6548
5933
5062
4068
3094
2091
1065
179
-517
-1128
-1631
-1948
-2143
-2281
-2341
-2370
-2417
-2487
-2614
-2803
-3038
-3315
-3670
-4001
-4271
-4523
-4699
-4707
-4587
-4375
-3958
-3358
-2704
-1974
-1110
-255
491
1198
1823
2206
2385
2444
2293
1897
1395
820
129
-589
-1216
-1758
-2207
-2478
-2505
-2314
-1900
-1281
-451
567
1683
2832
4000
5107
5984
6644
7151
7352
7139
6710
6129
5286
4241
3231
2237
1183
251
-445
-1039
-1558
-1879
-2017
-2102
-2161
-2143
-2136
-2187
-2293
-2460
-2699
-3022
-3405
-3782
-4128
-4453
-4711
-4804
-4747
-4558
-4181
-3607
-2927
-2164
-1275
-366
430
1166
1835
2287
2495
2570
2454
2079
1570
1003
345
-392
-1059
-1595
-2059
-2372
-2449
-2318
-2001
-1472
-717
196
1222
2300
3414
4486
5401
6102
6606
6886
6842
6500
5983
5286
4369
3391
2467
1536
612
-132
-702
-1195
-1572
-1757
-1858
-1959
-1986
-1976
-2040
-2175
-2326
-2547
-2873
-3223
-3579
-3948
-4274
-4512
-4635
-4615
-4446
-4118
-3614
-2954
-2215
-1419
-555
264
971
1594
2085
2351
2412
2332
2048
1578
1014
399
-296
-988
-1548
-2019
-2398
-2578
-2547
-2326
-1904
-1270
-472
469
1501
2564
3623
4605
5408
6007
6440
6614
6476
6129
5621
4907
4066
3232
2388
1520
751
141
-384
-839
-1144
-1335
-1507
-1628
-1698
-1811
-1994
-2191
-2421
-2739
-3103
-3480
-3858
-4204
-4465
-4627
-4671
-4566
-4295
-3867
-3288
-2591
-1830
-1012
-189
579
1241
1768
2146
2323
2321
2161
1826
1330
759
162
-476
-1094
-1604
-2007
-2284
-2384
-2288
-2017
-1573
-952
-176
710
1668
2644
3599
4460
5171
5707
6032
6139
5999
5634
5124
4481
3718
2913
2133
1370
675
97
-391
-809
-1129
-1347
-1541
-1730
-1870
-2034
-2265
-2504
-2758
-3082
-3448
-3771
-4075
-4351
-4536
-4604
-4554
-4372
-4026
-3539
-2935
-2241
-1488
-698
77
770
1353
1823
2144
2269
2220
2028
1676
1186
642
83
-505
-1066
-1508
-1824
-2041
-2099
-1959
-1672
-1232
-621
119
931
1801
2693
3559
4340
5001
5489
5794
5918
5827
5534
5091
4534
3879
3177
2486
1805
1154
592
106
-329
-690
-998
-1290
-1560
-1801
-2058
-2359
-2662
-2965
-3311
-3644
-3934
-4208
-4435
-4554
-4534
-4441
-4232
-3847
-3377
-2831
-2183
-1470
-779
-127
499
1013
1383
1640
1746
1683
1491
1198
796
303
-192
-674
-1135
-1508
-1772
-1929
-1956
-1824
-1556
-1171
-647
1
724
1506
2324
3119
3867
4516
5025
5383
5596
5622
5437
5129
4720
4183
3579
2973
2363
1728
1151
651
158
-301
-672
-1010
-1350
-1653
-1925
-2236
-2562
-2842
-3129
-3445
-3718
-3944
-4136
-4256
-4272
-4209
-4070
-3780
-3397
-2943
-2406
-1825
-1235
-648
-81
416
798
1090
1272
1319
1243
1065
783
438
78
-311
-697
-1020
-1282
-1482
-1541
-1480
-1332
-1056
-647
-130
458
1139
1895
2630
3356
4056
4630
5057
5358
5505
5443
5218
4897
4430
3853
3249
2627
1969
1326
775
243
-267
-677
-1037
-1367
-1647
-1889
-2136
-2385
-2617
-2846
-3105
-3337
-3550
-3758
-3905
-3973
-3972
-3916
-3740
-3448
-3094
-2654
-2120
-1561
-999
-425
111
563
917
1186
1321
1327
1234
1010
691
330
-71
-496
-888
-1220
-1493
-1673
-1725
-1663
-1489
-1173
-711
-162
482
1218
1996
2757
3518
4213
4746
5141
5416
5514
5394
5147
4793
4291
3711
3140
2525
1882
1296
783
289
-160
-522
-853
-1180
-1447
-1692
-1993
-2298
-2571
-2871
-3200
-3484
-3747
-3989
-4150
-4198
-4183
-4076
-3828
-3490
-3070
-2560
-1979
-1388
-792
-191
332
751
1095
1317
1370
1319
1167
869
495
100
-332
-788
-1173
-1473
-1727
-1866
-1851
-1743
-1524
-1140
-642
-74
583
1339
2094
2813
3535
4166
4640
4992
5234
5274
5126
4887
4534
4039
3513
2976
2386
1799
1288
814
337
-67
-403
-741
-1057
-1335
-1630
-1956
-2265
-2582
-2917
-3238
-3518
-3777
-3978
-4088
-4121
-4061
-3890
-3599
-3234
-2779
-2230
-1663
-1089
-504
43
505
888
1171
1315
1329
1249
1061
752
390
5
-403
-801
-1139
-1409
-1608
-1693
-1658
-1517
-1261
-868
-368
213
887
1614
2343
3064
3749
4328
4772
5088
5259
5253
5103
4831
4426
3918
3373
2817
2216
1637
1118
614
144
-260
-633
-993
-1334
-1642
-1952
-2285
-2597
-2908
-3234
-3523
-3777
-3985
-4147
-4215
-4181
-4069
-3839
-3496
-3079
-2588
-2026
-1439
-843
-276
240
670
1010
1231
1310
1269
1121
856
498
105
-323
-759
-1158
-1489
-1749
-1918
-1962
-1882
-1684
-1363
-912
-370
253
949
1682
2424
3131
3779
4334
4761
5058
5217
5208
5056
4793
4433
3980
3476
2948
2411
1886
1388
934
494
77
-296
-661
-1028
-1386
-1753
-2120
-2491
-2851
-3192
-3512
-3771
-3984
-4116
-4155
-4098
-3952
-3704
-3349
-2922
-2431
-1886
-1325
-776
-252
211
584
858
1028
1081
1014
856
612
300
-56
-409
-749
-1068
-1315
-1474
-1559
-1558
-1436
-1220
-915
-518
-33
515
1105
1742
2370
2981
3565
4068
4460
4744
4920
4955
4849
4651
4350
3941
3483
3010
2499
1977
1469
991
513
51
-360
-774
-1191
-1578
-1947
-2322
-2678
-3002
-3290
-3544
-3745
-3883
-3951
-3943
-3849
-3674
-3421
-3083
-2692
-2251
-1774
-1287
-815
-382
5
323
546
684
721
661
534
328
69
-218
-518
-807
-1057
-1268
-1413
-1497
-1515
-1431
-1265
-1025
-692
-283
193
726
1312
1930
2549
3147
3705
4197
4587
4891
5064
5105
5032
4847
4553
4147
3679
3171
2624
2055
1497
940
396
-105
-583
-1044
-1469
-1851
-2222
-2557
-2852
-3115
-3362
-3557
-3699
-3802
-3848
-3827
-3745
-3600
-3373
-3083
-2734
-2344
-1923
-1487
-1053
-643
-273
23
267
427
492
484
390
234
21
-230
-500
-757
-1016
-1231
-1375
-1455
-1466
-1387
-1201
-925
-555
-91
457
1050
1699
2376
3046
3678
4234
4702
5054
5272
5347
5274
5073
4762
4346
3838
3301
2730
2137
1554
1013
484
-24
-469
-883
-1288
-1660
-1989
-2310
-2618
-2883
-3134
-3354
-3538
-3666
-3748
-3769
-3703
-3586
-3389
-3111
-2775
-2386
-1956
-1496
-1049
-625
-224
109
355
516
594
576
464
277
32
-261
-574
-870
-1160
-1405
-1589
-1704
-1733
-1669
-1502
-1245
-888
-434
104
700
1348
2019
2673
3307
3882
4367
4741
4996
5122
5118
4980
4735
4405
3979
3515
3015
2483
1951
1437
941
463
12
-422
-828
-1221
-1597
-1956
-2304
-2615
-2919
-3197
-3437
-3626
-3760
-3829
-3824
-3741
-3579
-3340
-3028
-2652
-2238
-1786
-1338
-895
-485
-138
146
342
447
449
376
229
8
-258
-534
-818
-1089
-1311
-1485
-1592
-1618
-1571
-1432
-1209
-896
-506
-49
475
1031
1620
2220
2811
3359
3852
4285
4610
4830
4965
4977
4869
4665
4390
4033
3601
3150
2659
2131
1631
1135
627
139
-323
-771
-1204
-1612
-2002
-2375
-2710
-2997
-3258
-3467
-3620
-3711
-3744
-3697
-3568
-3378
-3121
-2792
-2421
-2032
-1614
-1180
-778
-419
-91
149
297
375
380
292
134
-70
-313
-584
-835
-1069
-1283
-1439
-1541
-1573
-1542
-1431
-1242
-991
-658
-269
179
670
1188
1740
2286
2808
3296
3731
4088
4358
4539
4615
4589
4462
4254
3974
3617
3225
2800
2344
1875
1414
951
489
41
-384
-809
-1220
-1603
-1975
-2321
-2640
-2911
-3142
-3324
-3448
-3504
-3496
-3412
-3256
-3040
-2762
-2432
-2069
-1690
-1315
-959
-634
-365
-154
-14
32
19
-57
-192
-362
-558
-756
-938
-1101
-1226
-1303
-1333
-1305
-1220
-1076
-875
-627
-337
12
403
822
1266
1727
2198
2656
3091
3501
3856
4142
4365
4522
4576
4534
4418
4219
3925
3569
3169
2703
2197
1682
1153
598
64
-443
-940
-1407
-1826
-2212
-2563
-2848
-3080
-3255
-3372
-3426
-3422
-3356
-3222
-3037
-2816
-2546
-2243
-1933
-1618
-1311
-1026
-787
-577
-428
-340
-300
-307
-367
-461
-584
-716
-859
-998
-1106
-1212
-1283
-1322
-1328
-1290
-1211
-1083
-911
-688
-422
-98
281
698
1150
1647
2166
2680
3196
3686
4117
4472
4768
4966
5031
4988
4846
4590
4229
3792
3294
2718
2111
1512
905
303
-247
-757
-1242
-1667
-2017
-2330
-2586
-2781
-2921
-3028
-3081
-3082
-3055
-2975
-2858
-2705
-2524
-2308
-2070
-1819
-1570
-1319
-1086
-884
-704
-584
-512
-483
-508
-575
-700
-841
-1004
-1187
-1372
-1531
-1675
-1791
-1860
-1870
-1825
-1728
-1554
-1306
-999
-634
-197
290
825
1387
1975
2553
3122
3650
4127
4532
4840
5056
5166
5160
5032
4807
4491
4084
3611
3098
2542
1955
1373
810
255
-261
-732
-1171
-1554
-1891
-2177
-2426
-2620
-2760
-2880
-2948
-2963
-2942
-2877
-2756
-2605
-2418
-2198
-1947
-1691
-1433
-1182
-955
-769
-615
-505
-471
-481
-548
-659
-822
-1006
-1207
-1427
-1624
-1801
-1942
-2031
-2067
-2041
-1942
-1775
-1539
-1240
-862
-444
24
539
1085
1637
2181
2733
3255
3726
4158
4525
4801
4997
5108
5118
5010
4816
4534
4160
3711
3213
2664
2084
1499
909
338
-200
-698
-1163
-1569
-1917
-2228
-2477
-2668
-2814
-2918
-2971
-2967
-2936
-2866
-2745
-2592
-2418
-2221
-1998
-1768
-1559
-1337
-1141
-990
-865
-785
-764
-805
-875
-981
-1151
-1335
-1523
-1719
-1904
-2058
-2157
-2233
-2247
-2177
-2049
-1868
-1603
-1258
-872
-435
76
605
1148
1722
2292
2833
3348
3830
4236
4568
4839
5007
5048
5020
4881
4612
4272
3875
3405
2864
2340
1813
1274
757
305
-124
-526
-841
-1109
-1374
-1583
-1715
-1857
-1980
-2035
-2068
-2108
-2092
-2028
-1968
-1884
-1744
-1602
-1464
-1297
-1146
-1024
-933
-857
-839
-886
-962
-1101
-1285
-1493
-1715
-1955
-2190
-2376
-2528
-2637
-2675
-2636
-2544
-2383
-2133
-1845
-1513
-1129
-711
-291
146
594
1029
1450
1860
2250
2608
2947
3262
3525
3772
3968
4113
4212
4248
4219
4114
3955
3717
3404
3048
2647
2196
1718
1242
759
290
-135
-535
-902
-1202
-1434
-1623
-1766
-1842
-1873
-1875
-1840
-1772
-1704
-1630
-1540
-1471
-1420
-1365
-1339
-1343
-1360
-1385
-1445
-1526
-1610
-1704
-1822
-1931
-2032
-2133
-2229
-2287
-2330
-2361
-2335
-2281
-2208
-2085
-1912
-1702
-1470
-1184
-867
-532
-153
239
643
1051
1475
1882
2266
2639
2986
3280
3544
3766
3924
4026
4090
4085
3999
3883
3712
3476
3196
2890
2542
2160
1781
1398
999
624
281
-61
-370
-628
-853
-1055
-1220
-1328
-1430
-1500
-1531
-1554
-1564
-1563
-1556
-1554
-1552
-1553
-1577
-1623
-1667
-1734
-1817
-1906
-2000
-2104
-2204
-2296
-2367
-2436
-2473
-2476
-2461
-2402
-2319
-2199
-2048
-1864
-1660
-1432
-1184
-917
-633
-346
-42
275
588
907
1227
1541
1850
2142
2426
2688
2920
3120
3290
3420
3506
3541
3523
3457
3349
3189
2979
2738
2461
2177
1866
1549
1239
939
656
394
161
-59
-250
-415
-560
-682
-798
-910
-1015
-1103
-1193
-1294
-1386
-1481
-1572
-1667
-1754
-1850
-1933
-2009
-2073
-2146
-2192
-2223
-2255
-2265
-2263
-2244
-2228
-2195
-2135
-2080
-2011
-1909
-1788
-1651
-1495
-1303
-1095
-864
-602
-327
-43
253
557
847
1130
1401
1652
1872
2070
2248
2375
2486
2579
2646
2688
2715
2731
2716
2693
2648
2590
2513
2403
2285
2141
1964
1773
1563
1332
1098
851
610
371
153
-68
-273
-459
-631
-781
-940
-1065
-1199
-1330
-1451
-1572
-1694
-1810
-1912
-2017
-2102
-2172
-2216
-2244
-2257
-2238
-2208
-2164
-2100
-2036
-1968
-1887
-1807
-1727
-1638
-1543
-1438
-1305
-1171
-1005
-820
-617
-402
-165
81
319
567
803
1025
1219
1408
1567
1699
1822
1921
2005
2086
2162
2233
2294
2360
2413
2446
2473
2474
2440
2374
2287
2156
1976
1778
1557
1305
1044
781
517
250
4
-221
-450
-654
-816
-980
-1136
-1261
-1365
-1473
-1565
-1631
-1700
-1756
-1781
-1800
-1818
-1822
-1807
-1798
-1783
-1748
-1714
-1689
-1650
-1597
-1538
-1485
-1412
-1326
-1236
-1125
-1005
-879
-748
-600
-450
-314
-169
-25
116
259
402
540
688
840
999
1163
1314
1479
1640
1786
1928
2042
2130
2192
2225
2218
2174
2114
2014
1891
1749
1587
1410
1233
1054
877
707
538
370
207
59
-90
-232
-373
-507
-627
-743
-842
-932
-1003
-1059
-1095
-1115
-1133
-1140
-1134
-1129
-1124
-1122
-1118
-1128
-1141
-1150
-1168
-1189
-1187
-1180
-1169
-1143
-1103
-1052
-986
-900
-819
-728
-626
-531
-427
-322
-216
-107
8
126
249
369
501
636
763
894
1017
1135
1231
1316
1381
1415
1431
1427
1398
1350
1293
1215
1134
1038
943
847
752
656
567
475
379
296
207
121
24
-60
-137
-216
-278
-333
-374
-401
-406
-411
-404
-391
-380
-364
-362
-369
-377
-410
-442
-489
-546
-597
-658
-710
-756
-797
-825
-834
-836
-824
-804
-781
-748
-695
-645
-586
-520
-443
-367
-277
-181
-75
38
149
274
386
498
606
696
775
833
879
904
904
904
889
854
810
766
710
646
584
514
439
369
296
220
149
79
22
-29
-69
-97
-119
-124
-110
-102
-83
-57
-30
-3
32
48
66
77
86
78
67
58
38
24
-13
-38
-75
-124
-171
-220
-278
-341
-398
-454
-513
-559
-589
-622
-641
-635
-607
-572
-511
-428
-354
-256
-161
-69
5
85
144
185
220
249
268
277
302
319
328
350
377
379
372
363
339
289
235
169
88
10
-45
-98
-145
-167
-176
-175
-158
-123
-92
-67
-32
1
20
40
79
100
126
166
201
236
275
321
357
385
401
400
386
358
310
238
164
90
2
-99
-162
-240
-308
-346
-377
-391
-377
-343
-303
-247
-180
-109
-62
2
53
78
101
123
124
115
123
124
109
111
126
127
123
133
120
80
49
11
-53
-120
-168
-237
-299
-339
-372
-394
-403
-393
-385
-370
-335
-299
-260
-208
-150
-96
-32
49
117
191
259
327
376
410
432
438
423
400
381
340
300
279
241
204
187
162
132
92
54
8
-48
-87
-127
-170
-200
-204
-193
-175
-129
-75
-24
31
82
127
159
177
186
182
165
146
124
102
78
64
41
19
0
-26
-49
-78
-113
-146
-192
-244
-293
-342
-385
-418
-435
-449
-435
-406
-354
-289
-207
-116
-43
33
97
146
171
194
204
203
210
222
238
267
306
337
361
373
372
344
288
219
138
43
-47
-118
-169
-197
-194
-171
-136
-91
-37
-3
21
29
13
-13
-35
-51
-76
-74
-43
-4
46
109
163
195
222
228
192
141
73
-7
-90
-166
-223
-265
-300
-315
-322
-323
-321
-327
-334
-339
-355
-363
-363
-347
-310
-259
-192
-112
-25
63
150
228
293
337
368
379
375
370
360
346
329
315
292
270
253
235
217
193
172
147
121
98
81
57
26
13
-17
-41
-48
-55
-60
-48
-23
16
53
81
111
142
152
143
120
81
29
-32
-82
-126
-169
-193
-202
-214
-227
-235
-259
-303
-360
-416
-477
-544
-582
-602
-599
-560
-495
-403
-306
-193
-92
-16
48
84
103
110
109
116
129
163
215
270
330
401
452
482
482
455
406
334
254
178
117
64
47
49
60
82
111
133
124
109
82
34
-19
-66
-97
-122
-127
-102
-80
-39
15
48
78
91
92
70
40
5
-43
-95
-148
-195
-243
-280
-307
-334
-345
-349
-348
-337
-315
-285
-268
-243
-222
-213
-198
-188
-188
-170
-140
-109
-63
-10
53
126
192
251
297
312
313
309
284
245
216
194
178
182
194
213
228
251
262
249
238
213
166
115
71
37
0
-12
0
19
55
85
120
151
152
136
108
58
-14
-91
-154
-227
-280
-308
-319
-317
-298
-268
-233
-210
-190
-190
-212
-238
-276
-319
-346
-363
-364
-335
-280
-216
-128
-37
40
94
129
140
124
90
46
9
-20
-11
8
51
117
193
257
312
334
332
305
245
164
86
21
-41
-65
-55
-30
18
91
154
195
229
241
216
168
123
67
14
-17
-45
-56
-27
-12
2
38
69
69
65
55
19
-16
-52
-94
-146
-171
-197
-220
-227
-220
-210
-191
-154
-117
-88
-44
-5
6
12
1
-26
-60
-85
-115
-133
-117
-101
-59
-2
63
107
145
164
142
104
47
-20
-93
-140
-167
-170
-132
-68
12
93
171
221
240
232
190
122
48
-25
-84
-107
-103
-71
-15
62
122
178
207
205
174
124
53
-27
-94
-139
-161
-155
-123
-79
-24
26
63
74
72
42
-4
-50
-106
-151
-171
-178
-165
-122
-74
-25
16
56
82
84
75
53
33
6
-13
-24
-28
-19
-11
5
27
32
34
40
36
18
5
-10
-15
-14
-5
-1
11
23
18
12
1
-6
-24
-39
-47
-44
-36
-24
-5
7
15
22
13
-5
-31
-55
-73
-83
-91
-88
-56
-33
-12
5
8
2
-23
-51
-82
-122
-149
-147
-133
-115
-70
-22
17
51
76
77
58
42
10
-25
-37
-44
-31
-14
15
45
74
100
105
105
95
80
52
29
21
9
8
15
25
32
43
46
42
29
10
-21
-40
-56
-73
-76
-73
-67
-57
-31
-20
-8
-1
-4
-8
-16
-26
-39
-46
-51
-56
-48
-34
-21
-7
2
11
8
1
-19
-33
-56
-75
-92
-92
-74
-62
-45
-26
-10
0
-3
-12
-34
-65
-75
-86
-87
-65
-37
-2
38
76
92
103
94
75
52
23
3
-5
10
38
65
99
129
137
127
96
54
7
-49
-86
-108
-104
-71
-35
16
62
93
109
88
55
6
-45
-80
-96
-95
-66
-26
23
57
74
73
39
-4
-57
-114
-155
-176
-158
-116
-72
-14
28
47
47
20
-35
-95
-146
-176
-188
-159
-103
-36
36
101
136
142
133
95
38
-7
-35
-37
-21
27
80
136
183
197
186
144
80
14
-44
-89
-112
-98
-57
-12
40
86
106
100
79
33
-14
-52
-74
-72
-42
3
50
101
148
168
155
125
78
29
-20
-52
-59
-48
-16
19
47
70
66
40
-5
-55
-113
-161
-195
-198
-183
-150
-104
-55
-16
10
20
4
-26
-59
-81
-102
-106
-94
-61
-27
13
46
65
70
70
57
33
16
0
-4
-2
14
31
45
58
65
65
49
24
10
-8
-24
-29
-24
-20
3
19
34
49
46
48
44
29
30
26
22
30
41
55
60
82
76
71
58
38
18
-11
-24
-46
-49
-52
-42
-34
-32
-26
-34
-37
-47
-63
-79
-85
-95
-92
-76
-58
-39
-16
10
6
15
5
-10
-25
-33
-40
-37
-16
5
37
63
82
93
90
71
42
7
-23
-51
-70
-73
-64
-46
-18
8
23
34
29
16
-6
-22
-40
-55
-53
-47
-26
1
31
50
66
67
57
48
29
17
14
17
25
48
69
83
97
90
77
51
21
-17
-41
-66
-76
-63
-44
-17
8
28
38
37
24
0
-30
-49
-66
-75
-60
-43
-11
20
42
59
63
49
33
-7
-41
-65
-83
-88
-84
-61
-37
-12
7
19
23
23
13
-10
-26
-32
-33
-33
-17
8
28
48
59
69
61
53
43
31
24
22
19
40
52
67
81
89
93
81
65
48
17
-3
-14
-23
-22
-14
-5
8
14
16
12
12
2
-19
-37
-53
-69
-75
-64
-57
-38
-15
10
29
39
42
38
22
3
-20
-42
-61
-69
-63
-66
-52
-35
-17
-5
9
6
-5
-25
-41
-56
-71
-66
-56
-33
-6
29
52
77
82
82
67
46
23
8
3
2
17
24
55
82
98
107
97
77
58
32
8
-3
-6
1
14
32
46
57
54
41
17
-10
-33
-51
-57
-48
-21
3
37
63
77
79
64
37
3
-29
-55
-69
-64
-47
-21
6
30
43
37
19
-10
-47
-81
-106
-114
-110
-86
-55
-13
17
36
40
38
18
-12
-37
-57
-64
-58
-38
-7
27
52
81
92
95
80
60
36
16
2
2
11
18
35
55
59
57
57
50
35
21
14
5
0
10
12
11
16
14
13
8
-1
-5
-9
-10
3
7
9
19
19
10
8
-4
-12
-23
-27
-26
-22
-19
-14
-7
-5
3
0
-4
-16
-26
-31
-40
-36
-33
-21
-1
11
25
33
36
41
29
18
10
-2
-11
-20
-21
-8
6
21
25
30
40
38
37
25
9
0
-7
-10
-5
11
18
30
34
41
33
20
18
11
7
10
17
27
40
48
55
51
53
35
17
1
-11
-16
-13
-1
12
36
41
43
35
14
-13
-49
-76
-95
-100
-88
-74
-40
-5
16
30
28
10
-24
-51
-81
-104
-99
-81
-46
5
48
80
100
94
69
35
-13
-50
-80
-86
-69
-32
16
59
94
108
103
71
27
-26
-76
-94
-96
-78
-23
25
79
120
131
119
82
34
-17
-67
-95
-98
-75
-25
27
84
124
130
118
87
34
-24
-72
-100
-103
-81
-40
13
61
97
104
87
44
-13
-72
-120
-136
-147
-119
-69
-13
44
79
94
79
50
-2
-53
-92
-111
-100
-77
-34
23
71
106
117
106
74
22
-22
-63
-81
-80
-58
-15
34
79
108
121
110
84
41
-9
-44
-63
-63
-47
-15
25
63
94
107
95
67
32
-12
-47
-70
-72
-57
-27
7
38
65
68
67
44
19
-15
-49
-68
-77
-70
-47
-28
-3
16
16
9
-14
-30
-58
-79
-80
-77
-61
-36
-6
15
30
40
34
23
2
-14
-28
-39
-32
-18
-1
18
33
46
53
44
31
9
-8
-14
-19
-7
7
25
42
49
52
48
30
18
0
-8
-17
-19
-8
9
29
34
45
47
43
31
11
-6
-22
-31
-34
-27
-15
-4
4
5
8
0
-13
-26
-40
-44
-54
-49
-40
-28
-16
-12
-5
-2
-2
-9
-15
-23
-30
-25
-15
-10
-2
14
20
23
26
29
22
14
0
-5
-10
-3
6
10
18
18
20
20
10
8
-2
-9
-10
-7
-3
-2
6
11
15
25
21
15
11
-6
-15
-15
-11
-7
4
10
8
15
15
15
11
-3
-11
-21
-28
-30
-29
-32
-28
-28
-20
-18
-22
-19
-28
-33
-38
-41
-43
-38
-36
-32
-26
-19
-9
-14
-18
-10
-8
-1
-3
-9
3
8
13
15
18
18
15
15
11
9
6
8
12
13
11
14
18
10
11
14
10
9
12
18
18
24
28
25
26
23
13
16
12
9
11
14
12
20
19
13
5
-6
-12
-22
-28
-36
-30
-30
-24
-16
-12
-12
-14
-17
-28
-30
-39
-42
-44
-38
-27
-11
-1
9
10
3
4
-4
-14
-23
-21
-16
-11
3
12
18
28
27
16
4
-11
-21
-29
-29
-26
-10
4
19
30
32
36
31
14
12
1
-8
-5
8
23
28
46
52
59
52
34
22
11
-6
-20
-16
-11
-5
11
21
23
15
11
-6
-22
-31
-53
-59
-55
-54
-36
-21
-15
1
4
0
-6
-23
-37
-46
-46
-50
-35
-25
-12
4
19
23
18
14
-2
-13
-24
-29
-28
-20
-18
-10
6
10
13
12
7
-3
-13
-18
-23
-15
-6
5
17
24
39
39
38
32
26
17
9
11
7
7
18
29
25
36
27
21
15
2
-8
-9
-18
-19
-15
-8
-5
4
10
2
-1
-6
-19
-24
-25
-33
-30
-20
-7
-8
-5
-1
0
-7
-17
-19
-18
-20
-23
-18
-11
-1
5
9
9
3
-6
-13
-19
-23
-23
-23
-14
-8
-4
0
11
13
8
6
-1
-4
-4
-13
-11
-4
0
12
15
13
18
17
13
14
4
-3
-10
-5
-11
-6
-2
2
8
4
5
4
0
-5
-6
-14
-12
-5
-13
-4
0
0
0
-2
-1
-3
-10
-12
-15
-19
-19
-13
-9
-12
-10
-4
-8
-14
-14
-23
-23
-21
-24
-29
-28
-19
-11
-7
-10
-11
-18
-16
-20
-21
-12
-12
-7
-7
3
8
6
3
7
6
3
5
-1
3
5
15
17
19
23
20
17
10
0
-8
-11
-15
-13
-10
4
4
13
17
14
7
1
-10
-23
-21
-27
-24
-20
-15
-4
0
-3
6
1
-12
-11
-19
-24
-27
-25
-17
-10
-2
1
3
2
-2
-8
-18
-25
-24
-33
-22
-15
-16
-8
-4
0
2
-3
-9
-11
-15
-8
-7
-4
4
5
5
9
3
4
1
-9
-8
-9
-8
-7
1
12
11
8
-1
5
0
-6
-13
-11
-7
-8
2
1
2
4
2
2
2
-5
-6
-13
-12
-8
-4
0
1
0
2
-3
-7
-16
-19
-22
-23
-21
-21
-14
-10
-5
-9
-11
-7
-12
-23
-15
-12
-8
-1
-6
4
7
7
3
3
-1
-13
-14
-19
-12
-17
-9
-4
3
10
9
8
-1
-10
-18
-21
-26
-23
-14
-14
-3
-2
-4
2
3
-3
-10
-17
-19
-18
-12
-2
2
1
8
4
9
3
-8
-12
-16
-15
-21
-18
-14
-17
-9
-7
-7
-12
-14
-18
-13
-11
-22
-21
-18
-13
-10
1
-1
-5
-3
-4
-5
-7
-5
4
-2
-1
6
8
7
7
11
7
3
1
-2
-1
-2
-5
-3
-7
-3
-2
-10
-4
-4
-5
-6
-9
-5
-7
4
0
4
6
-5
0
-7
-6
-1
1
-4
1
0
4
6
1
1
-9
-5
-10
-8
-9
-7
2
1
5
3
7
9
9
8
3
-1
-4
-4
2
4
7
6
4
7
0
-1
2
-2
1
1
-3
2
6
11
13
12
10
10
13
12
3
8
8
9
15
10
16
16
24
22
21
8
9
15
8
9
10
16
19
13
12
9
6
4
-7
-13
-18
-23
-27
-21
-16
-13
-14
-16
-14
-18
-13
-20
-22
-25
-21
-18
-13
-10
-11
2
0
-3
-2
5
6
0
-1
1
3
-1
2
2
7
10
7
3
9
5
9
10
10
9
6
10
5
12
5
7
8
-5
2
5
-1
4
9
9
7
6
9
7
9
5
-3
-7
-6
-5
1
-2
-4
-5
-5
-6
-4
-2
-3
-3
-3
-6
-8
-6
-6
-5
-7
-4
-3
-2
-4
-7
-1
3
2
3
2
2
-1
-2
4
5
7
9
9
8
11
8
5
5
4
8
14
10
14
12
9
10
8
11
6
7
13
16
15
13
13
19
19
19
16
10
9
8
4
2
1
7
10
8
11
8
9
2
6
5
2
-3
-1
-2
-3
5
-2
2
5
3
0
0
-5
-9
-13
-14
-13
-10
-7
-7
-3
-4
2
-7
-3
-5
-15
-8
-15
-12
-7
-11
-7
-7
-8
-7
-5
2
-3
-1
2
4
3
8
9
7
7
11
13
9
16
11
10
12
14
16
16
15
16
15
18
18
15
13
10
7
13
7
4
4
5
3
0
10
9
14
4
7
7
5
4
2
4
-2
-5
0
1
-4
-3
-1
8
4
0
7
6
2
3
0
-5
-1
-3
-6
-8
-7
-7
-7
-11
-11
-8
-6
-7
-8
-4
-9
-4
-7
-8
-6
-8
-4
-1
-7
-7
-6
-4
-6
1
2
-5
0
8
5
3
7
9
7
6
9
7
9
9
9
14
14
13
12
11
8
6
6
3
4
2
-4
2
1
4
7
3
7
-2
3
4
7
4
2
0
-2
2
1
-1
-5
-1
3
-3
-4
-3
-1
0
0
3
1
-2
-1
-2
-7
-2
-6
2
3
-5
1
-3
-3
-6
0
1
-5
-5
-6
0
1
2
-1
1
4
4
6
-5
-1
0
-4
0
-5
-1
-3
0
7
4
3
-1
5
2
1
5
5
1
6
3
5
7
9
15
7
7
8
2
1
9
9
8
12
8
13
10
8
9
8
6
3
2
4
9
8
10
12
11
9
5
9
5
0
4
2
-4
-4
-1
4
-1
-1
0
-1
-1
-1
-4
-8
-12
-13
-12
-15
-11
-4
-5
-6
0
0
-1
-3
0
-2
3
-3
5
6
7
6
5
11
11
10
4
7
5
9
3
2
3
0
7
9
8
10
10
0
1
0
-2
-2
-4
1
2
1
2
-1
-7
-1
-6
-2
-1
-7
-9
-8
-4
-8
-2
-5
0
-1
-1
6
1
-5
-10
-9
-8
-10
-8
-5
-9
-9
-7
-11
-9
-4
-15
-18
-16
-17
-18
-17
-13
-11
-8
-12
-7
-9
-3
-4
-2
-7
-5
-4
-4
5
2
7
5
1
13
12
9
2
6
4
7
4
-4
2
5
10
6
8
9
9
7
13
7
3
4
1
2
-1
0
1
4
3
4
3
5
5
5
3
-1
-2
-8
-3
-8
-9
-6
-6
-8
-3
-5
-9
-12
-8
-9
-16
-8
-4
-10
-4
-3
-10
-3
-3
-7
-8
-5
-2
-5
-2
4
5
10
11
5
0
10
2
2
3
3
3
-3
6
8
10
7
11
8
1
3
1
1
5
6
6
7
2
0
3
4
8
-3
4
1
0
3
2
1
0
-2
-2
-4
-6
-4
1
-5
-4
-2
-6
-5
-5
-2
-2
-4
-5
-8
-9
-4
-6
-8
-8
-8
-10
-11
-8
-5
-5
-6
-5
-4
-8
-8
-3
-5
-7
-10
-4
-6
-2
-3
-1
-1
3
7
-3
3
4
0
0
7
6
6
6
8
8
8
4
4
1
2
8
6
3
4
4
12
12
10
8
10
8
10
11
7
6
3
8
6
-3
4
6
-3
2
2
-2
-9
-3
2
0
-3
-2
-1
-7
-9
-12
-8
-7
-4
-4
-4
-4
-3
-5
-5
-8
-10
-7
-17
-18
-16
-12
-15
-16
-10
-9
-10
-6
-6
-9
-9
-9
-10
-19
-14
-11
-11
-4
-5
-6
-7
-6
-6
-10
-13
-11
-8
-10
-11
-12
-12
-13
-20
-18
-17
-16
-17
-15
-20
-18
-18
-14
-14
-9
-11
-12
-8
-9
-10
-10
-16
-16
-12
-16
-9
-8
-6
-5
-8
-10
-12
-13
-16
-14
-9
-15
-11
-14
-9
-9
-12
-3
-13
-12
-16
-15
-15
-18
-18
-15
-9
-16
-12
-9
-9
-7
-9
-10
-11
-13
-8
-9
-5
-2
-2
-2
-4
-3
-1
-5
2
2
2
3
-2
2
3
6
5
5
1
6
10
12
3
4
1
-4
3
7
1
-1
-1
-1
-1
-4
-4
0
-2
-5
-3
-6
-11
-6
-7
-11
-9
-11
-7
-10
-11
-11
-15
-15
-21
-15
-13
-13
-17
-14
-22
-21
-19
-21
-16
-21
-17
-13
-15
-18
-19
-13
-18
-18
-17
-19
-18
-21
-20
-17
-16
-16
-11
-15
-14
-16
-20
-14
-15
-14
-11
-17
-7
-3
-11
-5
-8
-9
-10
-9
-4
-7
-6
-5
-5
0
0
4
3
4
1
-1
1
-3
5
10
12
13
6
13
10
13
6
4
2
2
4
2
1
-2
5
3
-1
-3
-2
-2
-2
-1
-6
-8
-7
-7
-6
-8
-13
-12
-10
-11
-10
-14
-14
-14
-5
-10
-9
-5
-10
-4
-2
-5
-7
-10
-9
-4
-5
-2
2
-2
-2
3
3
1
-1
-1
-1
-1
3
-4
0
1
2
4
3
8
3
8
7
4
6
1
1
8
12
16
13
14
10
7
6
10
14
8
5
3
4
3
1
9
8
2
-1
5
4
5
2
2
4
3
4
5
5
9
12
10
7
4
1
2
7
3
4
-3
-4
-5
0
-1
0
6
-2
1
-1
-1
4
0
0
5
0
3
3
5
3
1
1
2
5
3
8
6
7
7
7
9
7
7
12
11
3
7
5
9
13
13
20
20
12
11
10
9
6
13
11
11
8
10
1
6
12
7
13
9
9
6
6
6
5
7
6
1
3
5
4
4
1
0
4
8
7
7
3
2
2
-2
-8
-5
2
3
1
8
7
9
9
6
9
8
6
5
6
8
8
4
13
4
6
9
7
2
10
9
5
10
5
15
10
8
3
9
7
3
10
6
2
4
7
5
4
11
11
10
11
7
6
-3
6
0
-4
4
8
6
10
10
11
11
10
10
10
5
6
10
7
6
8
6
3
6
3
4
3
3
3
8
6
4
3
0
2
1
-3
-3
4
7
7
7
2
1
5
3
0
-2
0
0
-3
-5
-4
5
2
-1
7
0
10
7
0
2
5
5
3
5
3
13
10
5
11
11
13
6
5
11
7
13
13
9
10
10
11
14
17
16
13
16
8
8
9
12
8
9
8
13
16
6
9
11
9
7
11
12
12
12
13
15
15
9
14
11
10
14
10
6
2
10
10
8
8
7
11
10
6
11
7
6
0
0
-2
4
3
7
4
0
5
7
6
8
8
7
2
6
6
0
10
4
4
6
6
7
11
8
11
14
12
18
16
16
12
15
15
19
19
14
7
14
15
14
14
10
17
9
13
14
12
17
10
9
9
11
8
8
12
11
9
9
13
13
15
12
11
8
8
10
10
12
10
10
7
10
14
8
10
8
6
10
1
0
3
4
4
5
9
5
4
6
13
6
11
12
3
8
6
11
5
6
8
10
12
10
8
4
9
5
1
8
5
5
11
6
13
18
18
17
17
18
12
13
13
9
14
14
12
14
12
14
15
12
13
16
12
10
6
8
4
-2
1
0
2
6
6
-1
7
3
-2
-1
-2
5
0
6
1
5
1
4
5
1
1
0
7
0
2
2
3
1
2
4
-1
6
5
6
4
8
5
4
11
9
7
5
8
4
9
7
16
15
9
16
17
10
12
14
15
18
17
17
16
14
14
16
12
13
11
10
8
8
10
11
6
10
13
7
9
8
2
2
-1
-6
-4
-9
-6
-5
-3
-9
-11
-11
-10
-6
-17
-15
-12
-14
-6
-10
-9
-11
-13
-10
-5
-3
-6
-6
-9
-4
-1
-5
-8
-4
-1
-8
-5
0
-1
1
3
7
5
2
2
2
0
4
1
-1
4
1
3
3
8
7
6
5
2
5
5
4
1
-4
6
3
0
5
4
1
7
4
3
4
-2
-5
0
1
-9
-6
-8
-3
-5
-9
-4
-3
-5
-7
-7
-11
-10
-7
-11
-12
-10
-11
-20
-17
-14
-18
-17
-13
-13
-13
-13
-15
-11
-11
-9
-13
-10
-8
-10
-12
-7
-8
-11
-11
-7
-8
-7
-4
-6
-6
-6
-3
-7
2
0
-9
-6
-2
-6
-2
-6
-7
-7
-12
-8
-9
-8
-11
-12
-10
-10
-13
-14
-11
-14
-12
-16
-13
-11
-5
-4
-7
-6
-5
-10
-4
4
-11
-11
-7
-9
-10
-13
-17
-11
-7
-8
-8
-10
-9
-13
-8
-10
-10
-7
-5
-10
-10
-10
-6
1
-5
5
0
0
-1
6
4
-2
0
-4
-3
2
4
3
2
-3
7
6
0
2
0
0
2
3
2
3
1
4
1
-3
-4
-1
-2
-2
-3
-3
-8
-9
-9
-10
-6
-12
-10
-9
-11
-7
-10
-9
-12
-10
-7
-11
-11
-17
-15
-10
-15
-16
-12
-7
-15
-13
-12
-10
-8
-6
-14
-12
-7
-6
-9
-12
-6
-7
-3
-8
-7
-12
-9
-9
-12
-7
-13
-3
-8
-7
-8
-9
-5
-7
5
1
-9
-7
-3
-5
-9
-4
-2
-1
-3
2
9
4
-4
-1
7
5
7
5
3
5
5
9
7
4
9
9
5
3
6
1
-3
1
5
6
9
7
4
0
1
-4
3
8
-2
-4
0
2
1
-1
-1
0
0
-1
-6
-6
-11
-7
-8
-12
-12
-8
-9
-9
-12
-10
-11
-10
-13
-12
-13
-14
-9
-16
-11
-13
-12
-11
-11
-7
-7
-5
-14
-12
-4
-10
-8
-3
-3
-4
-4
-3
-1
4
7
7
6
2
11
6
8
5
2
5
2
10
5
7
11
9
6
15
5
9
13
3
4
1
6
11
-2
-2
-1
-3
5
-3
-6
-1
-1
-5
-2
-2
-7
-6
-4
-8
-1
-4
-8
1
-5
-4
-1
-3
-3
-3
-5
-1
-4
-9
-7
-6
0
-1
4
2
2
-1
-6
-5
2
-2
1
2
2
1
0
-1
-2
6
7
6
8
9
5
8
10
12
8
7
12
16
4
6
12
3
9
12
6
6
4
-1
2
3
5
8
4
-2
-3
0
1
-1
-1
0
-2
-3
-4
2
2
-3
-4
-5
-7
-7
-9
-5
-2
-5
-6
-6
-3
-8
-5
-8
-4
-8
-10
-5
-9
-4
-8
-8
-3
5
6
-3
-5
-2
-1
3
-1
1
-1
-2
-5
-5
-5
-2
4
5
9
6
3
-1
2
4
4
10
13
12
6
2
5
9
14
19
15
13
14
6
9
12
18
15
18
14
7
14
10
15
16
15
17
6
-2
-4
1
4
8
6
10
2
0
-1
6
3
-2
-7
0
-2
-9
-1
-6
-5
2
6
0
-1
-1
0
2
6
8
8
12
7
3
5
4
7
11
14
12
9
9
9
8
10
18
16
10
5
6
4
5
6
11
9
8
3
-2
-4
0
2
2
5
-1
-3
-6
-5
-9
-3
-4
3
3
-1
2
-6
-5
-1
3
-1
1
-8
-6
4
1
5
9
11
8
-1
0
1
3
5
0
1
-1
-7
-3
2
-3
-3
-2
3
3
-2
0
-2
3
3
3
3
6
1
-4
-4
-2
-1
4
3
3
2
-3
-3
-8
0
-4
-5
-1
-10
-8
-8
-7
-9
-9
-6
-8
-12
-7
-7
-5
-2
0
-6
-9
-4
-6
-4
-5
-2
-4
-7
4
3
-1
-4
3
2
1
4
5
2
1
2
2
4
2
6
1
0
-4
-7
4
2
6
7
0
-2
-1
2
-1
-2
-5
6
0
-5
-6
-5
-3
-10
-8
-7
-4
-6
-4
-8
-6
-2
-5
-5
-6
-4
-2
0
-5
-3
-3
-3
-6
-8
-7
-10
-10
-9
-6
-3
-11
-16
-15
-15
-12
-13
-11
-16
-10
-14
-10
-10
-13
-6
-6
-4
-8
-16
-15
-7
-13
-11
-9
-8
-6
-11
-3
-2
-3
-1
1
-1
-2
-8
-9
-8
-10
-9
-10
-4
-10
-5
-9
-12
-10
-9
-4
-6
-10
-9
-5
-9
-13
-13
-9
-6
-11
-13
-12
-12
-12
-7
-7
-8
-13
-15
-15
-18
-13
-5
-5
-5
-5
-3
-4
-6
-6
-4
-1
-6
-2
2
-4
0
2
0
2
4
3
3
2
1
3
1
0
0
1
1
5
4
3
9
6
11
4
6
4
1
5
2
-3
3
6
5
6
0
0
4
5
4
7
2
-2
-1
-4
-4
-2
1
-5
-11
-12
-12
-11
-18
-12
-13
-10
-9
-16
-11
-11
-4
-8
-4
-7
-10
-10
-13
-13
-15
-9
-4
-6
-8
1
1
2
2
0
0
8
6
1
-3
5
7
8
10
7
10
10
9
8
9
6
10
6
8
10
11
10
16
8
8
11
10
15
11
10
7
7
7
7
5
4
5
5
0
2
6
-1
-2
-3
-6
2
0
-8
-7
-7
-3
-7
-10
-11
-6
-1
-2
-5
-7
-7
-9
-12
-11
-14
-11
-12
-17
-12
-10
-8
-5
-2
-11
-8
-9
-7
-8
-2
4
-1
2
-4
-5
-4
0
2
2
-3
1
6
-2
-4
-1
5
1
-7
-10
-2
-1
-4
-4
-9
-6
-6
-3
-6
-10
-9
-2
-1
-4
-3
-8
-2
-6
-9
-5
-6
-2
-5
-9
-10
-11
-6
-8
-7
-6
0
2
-9
-4
1
-3
-6
-3
3
1
0
0
-5
-1
2
-1
-3
-3
3
2
1
-4
-8
-3
4
2
0
0
5
11
4
1
1
1
1
1
4
5
8
8
4
0
4
9
6
7
9
7
5
11
7
5
0
9
6
1
10
2
-1
-1
3
4
0
2
-1
-2
-7
-7
-6
-6
-10
-7
-5
-3
-4
-5
3
0
-1
-7
-7
-8
-4
-3
-3
-1
1
1
-1
1
-4
-3
-3
-3
-1
-7
-4
-5
-5
-8
0
2
-3
-5
-7
-8
-4
-3
-7
-4
-2
2
-7
-5
-4
2
-4
1
2
-5
3
1
3
-1
-3
-5
4
5
6
3
0
2
-5
-3
5
1
-1
2
3
1
-1
1
-2
0
-1
-8
2
1
-4
2
-1
1
-2
-2
1
2
0
0
-4
-2
-8
-9
-5
-6
-5
-8
-3
-8
-6
-3
-1
-7
-3
-2
-5
-3
-3
-10
-8
-10
-6
-10
-5
-9
-12
-9
-9
-5
-6
-1
-5
-5
2
1
-7
-5
-8
-2
-6
-4
4
-4
0
-2
3
5
2
4
5
6
5
6
9
10
4
4
9
8
11
3
1
4
3
-1
10
12
-4
6
3
4
4
6
2
-4
-1
-4
0
-2
-4
-9
-3
-6
-6
-4
-4
1
-8
-2
-5
-3
-5
-7
3
-4
-4
-3
-5
-2
-2
-3
-5
-4
-1
-3
-2
-6
-11
-9
-3
-5
-7
-5
-8
-3
-7
-2
-6
-8
-5
-7
-5
-4
-7
-2
3
-1
2
3
2
1
5
3
1
3
2
-2
4
3
0
3
6
6
6
3
4
1
-3
-1
-1
-1
6
5
2
7
1
4
-2
-4
0
-6
0
-1
-2
-5
-3
4
-2
-6
-8
-5
-3
-11
-6
-2
-7
-3
-5
4
-2
1
1
0
-1
2
2
-7
0
7
8
3
3
0
4
2
4
-2
1
-3
7
-1
0
4
-1
3
1
4
0
4
0
1
0
1
4
2
8
3
2
6
5
0
4
5
7
6
3
8
4
3
0
3
8
5
-1
0
-5
-2
1
-9
2
-1
-6
-4
-8
-7
-10
-6
-11
-7
-8
-7
-7
-2
-4
-5
-7
-11
-3
-10
-10
-8
-8
-6
-6
-4
-2
-5
-3
-5
-8
-3
-8
-1
-2
-3
1
-3
1
-1
-7
-2
-1
-1
3
1
-1
-4
-2
-5
-2
-1
-5
1
-4
-6
-5
-3
0
-4
-8
-2
-5
-4
-4
-5
-2
-10
-5
-7
-7
-6
-4
2
-2
-4
-3
2
-5
-7
-2
2
-5
-7
-3
-2
-2
2
2
7
8
6
10
7
5
2
1
-1
3
4
6
2
-2
1
-1
4
4
-2
1
-2
3
7
2
0
2
-3
0
1
1
0
-5
-6
-7
-7
-10
-7
-6
-6
-11
-12
-8
-13
-11
-15
-9
-12
-11
-10
-12
-4
-11
-13
-9
-8
-13
-11
-5
-7
-10
-13
-8
-10
-8
-6
-7
0
-7
-4
-2
-12
-3
-6
-8
0
-6
-4
-7
-3
-7
-1
-2
0
-4
-7
-4
0
-3
-5
-7
-5
-2
-4
-1
-4
-6
-9
-8
-6
-5
-9
-8
-1
-8
-6
-1
-7
-1
-8
-2
-1
-8
-2
-5
-8
-7
-6
-5
-4
-9
0
-3
-3
-3
-2
-5
-1
-7
-7
-3
-10
-6
-10
-7
-14
-11
-15
-11
-3
-16
-8
-5
-9
-4
-2
-4
-9
-2
1
-2
-3
-3
-4
-2
-6
1
7
1
10
0
5
6
4
7
6
3
2
4
4
1
8
8
6
3
5
7
4
3
2
2
7
6
4
3
2
4
5
6
9
12
7
7
6
1
2
-1
-5
3
1
0
3
5
2
2
4
2
1
8
2
1
-2
-1
5
7
7
0
2
1
4
-1
-3
0
3
4
1
5
-1
-5
3
1
-5
-1
0
-5
-4
-6
-1
-3
0
0
0
4
-2
-2
-5
1
0
-3
-5
-7
-8
-12
-10
-12
-13
-11
-10
-9
-5
-7
-8
-9
-9
-11
-12
-10
-11
-6
-9
-8
-12
-8
-4
-3
-3
-6
-6
-3
-4
-3
-3
-2
2
5
5
6
5
3
2
5
3
3
11
3
6
2
2
3
5
11
10
8
9
10
11
10
11
13
6
9
12
11
6
11
12
10
15
10
18
15
17
9
10
8
6
10
7
11
2
7
5
-2
9
9
5
7
4
5
3
4
9
5
2
4
3
5
5
7
11
3
8
6
9
12
6
9
7
12
8
6
4
5
10
7
9
7
4
5
5
6
5
6
8
10
5
10
6
10
10
4
7
2
7
4
3
5
3
1
3
6
4
6
8
0
1
5
4
1
1
4
-2
1
4
0
-1
0
5
7
4
4
2
6
3
5
2
5
9
1
6
5
3
0
5
0
1
-1
2
7
3
-1
5
10
7
6
6
8
3
3
8
9
6
12
11
11
6
8
7
7
16
10
6
8
5
7
5
5
1
7
6
2
7
6
6
4
7
6
8
5
7
11
10
6
1
11
7
5
5
-2
-4
7
7
4
6
7
5
3
3
5
0
5
2
-1
3
0
3
1
1
5
1
0
0
3
0
-3
2
-6
-2
0
-1
4
-3
-2
1
-1
-5
1
3
0
-4
-4
-4
-5
-2
-1
-5
2
1
1
-1
-1
3
3
5
6
8
5
4
4
8
9
10
13
15
12
13
15
15
14
19
21
15
19
16
15
17
12
14
13
21
14
13
19
14
20
20
13
16
17
15
9
9
14
9
19
16
15
12
13
14
15
19
18
16
15
14
10
13
15
13
12
13
13
10
11
5
6
7
6
11
5
4
2
1
1
-1
-1
4
3
4
1
-1
3
-2
1
-1
1
6
0
2
5
9
9
6
10
7
7
13
9
10
15
8
5
13
10
8
8
5
17
11
13
9
9
17
13
18
14
15
14
13
19
15
13
15
13
17
17
13
13
18
15
12
17
16
16
19
21
19
19
22
18
18
14
16
15
14
20
17
14
17
17
15
18
14
12
18
16
18
17
15
19
18
18
20
18
14
19
21
19
16
15
19
17
20
20
22
24
21
22
24
19
18
19
28
22
25
23
21
25
24
26
22
29
26
24
23
25
30
28
26
28
27
23
24
27
27
20
23
23
22
15
23
17
11
17
20
25
22
26
25
22
24
24
20
24
27
25
20
20
22
22
26
23
24
21
26
27
25
24
26
21
23
26
18
24
22
26
25
22
21
21
22
18
21
29
24
22
19
19
21
19
20
24
20
27
21
20
25
25
24
20
26
23
28
27
32
26
23
21
25
24
23
20
21
19
21
17
18
24
18
15
15
17
16
19
13
12
15
13
11
16
13
18
16
13
11
14
16
16
21
17
18
14
16
15
15
18
12
23
18
17
21
18
16
17
16
18
16
16
18
16
15
14
20
12
11
14
13
8
7
7
8
6
5
13
10
10
13
9
13
14
8
14
10
