8
8
12
7
3
5
4
7
11
14
12
9
9
9
8
10
18
16
10
5
6
4
5
6
11
9
8
3
-2
-4
0
2
2
5
-1
-3
-6
-5
-9
-3
-4
3
3
-1
2
-6
-5
-1
3
-1
1
-8
-6
4
1
5
9
11
8
-1
0
1
3
5
0
1
-1
-7
-3
2
-3
-3
-2
3
3
-2
0
-2
3
3
3
3
6
1
-4
-4
-2
-1
4
3
3
2
-3
-3
-8
0
-4
-5
-1
-10
-8
-8
-7
-9
-9
-6
-8
-12
-7
-7
-5
-2
0
-6
-9
-4
-6
-4
-5
-2
-4
-7
4
3
-1
-4
3
2
1
4
5
2
1
2
2
4
2
6
1
0
-4
-7
4
2
6
7
0
-2
-1
2
-1
-2
-5
6
0
-5
-6
-5
-3
-10
-8
-7
-4
-6
-4
-8
-6
-2
-5
-5
-6
-4
-2
0
-5
-3
-3
-3
-6
-8
-7
-10
-10
-9
-6
-3
-11
-16
-15
-15
-12
-13
-11
-16
-10
-14
-10
-10
-13
-6
-6
-4
-8
-16
-15
-7
-13
-11
-9
-8
-6
-11
-3
-2
-3
-1
1
-1
-2
-8
-9
-8
-10
-9
-10
-4
-10
-5
-9
-12
-10
-9
-4
-6
-10
-9
-5
-9
-13
-13
-9
-6
-11
-13
-12
-12
-12
-7
-7
-8
-13
-15
-15
-18
-13
-5
-5
-5
-5
-3
-4
-6
-6
-4
-1
-6
-2
2
-4
0
2
0
2
4
3
3
2
1
3
1
0
0
1
1
5
4
3
9
6
11
4
6
4
1
5
2
-3
3
6
5
6
0
0
4
5
4
7
2
-2
-1
-4
-4
-2
1
-5
-11
-12
-12
-11
-18
-12
-13
-10
-9
-16
-11
-11
-4
-8
-4
-7
-10
-10
-13
-13
-15
-9
-4
-6
-8
1
1
2
2
0
0
8
6
1
-3
5
7
8
10
7
10
10
9
8
9
6
10
6
8
10
11
10
16
8
8
11
10
15
11
10
7
7
7
7
5
4
5
5
0
2
6
-1
-2
-3
-6
2
0
-8
-7
-7
-3
-7
-10
-11
-6
-1
-2
-5
-7
-7
-9
-12
-11
-14
-11
-12
-17
-12
-10
-8
-5
-2
-11
-8
-9
-7
-8
-2
4
-1
2
-4
-5
-4
0
2
2
-3
1
6
-2
-4
-1
5
1
-7
-10
-2
-1
-4
-4
-9
-6
-6
-3
-6
-10
-9
-2
-1
-4
-3
-8
-2
-6
-9
-5
-6
-2
-5
-9
-10
-11
-6
-8
-7
-6
0
2
-9
-4
1
-3
-6
-3
3
1
0
0
-5
-1
2
-1
-3
-3
3
2
1
-4
-8
-3
4
2
0
0
5
11
4
1
1
1
1
1
4
5
8
8
4
0
4
9
6
7
9
7
5
11
7
5
0
9
6
1
10
2
-1
-1
3
4
0
2
-1
-2
-7
-7
-6
-6
-10
-7
-5
-3
-4
-5
3
0
-1
-7
-7
-8
-4
-3
-3
-1
1
1
-1
1
-4
-3
-3
-3
-1
-7
-4
-5
-5
-8
0
2
-3
-5
-7
-8
-4
-3
-7
-4
-2
2
-7
-5
-4
2
-4
1
2
-5
3
1
3
-1
-3
-5
4
5
6
3
0
2
-5
-3
5
1
-1
2
3
1
-1
1
-2
0
-1
-8
2
1
-4
2
-1
1
-2
-2
1
2
0
0
-4
-2
-8
-9
-5
-6
-5
-8
-3
-8
-6
-3
-1
-7
-3
-2
-5
-3
-3
-10
-8
-10
-6
-10
-5
-9
-12
-9
-9
-5
-6
-1
-5
-5
2
1
-7
-5
-8
-2
-6
-4
4
-4
0
-2
3
5
2
4
5
6
5
6
9
10
4
4
9
8
11
3
1
4
3
-1
10
12
-4
6
3
4
4
6
2
-4
-1
-4
0
-2
-4
-9
-3
-6
-6
-4
-4
1
-8
-2
-5
-3
-5
-7
3
-4
-4
-3
-5
-2
-2
-3
-5
-4
-1
-3
-2
-6
-11
-9
-3
-5
-7
-5
-8
-3
-7
-2
-6
-8
-5
-7
-5
-4
-7
-2
3
-1
2
3
2
1
5
3
1
3
2
-2
4
3
0
3
6
6
6
3
4
1
-3
-1
-1
-1
6
5
2
7
1
4
-2
-4
0
-6
0
-1
-2
-5
-3
4
-2
-6
-8
-5
-3
-11
-6
-2
-7
-3
-5
4
-2
1
1
0
-1
2
2
-7
0
7
8
3
3
0
4
2
4
-2
1
-3
7
-1
0
4
-1
3
1
4
0
4
0
1
0
1
4
2
8
3
2
6
5
0
4
5
7
6
3
8
4
3
0
3
8
5
-1
0
-5
-2
1
-9
2
-1
-6
-4
-8
-7
-10
-6
-11
-7
-8
-7
-7
-2
-4
-5
-7
-11
-3
-10
-10
-8
-8
-6
-6
-4
-2
-5
-3
-5
-8
-3
-8
-1
-2
-3
1
-3
1
-1
-7
-2
-1
-1
3
1
-1
-4
-2
-5
-2
-1
-5
1
-4
-6
-5
-3
0
-4
-8
-2
-5
-4
-4
-5
-2
-10
-5
-7
-7
-6
-4
2
-2
-4
-3
2
-5
-7
-2
2
-5
-7
-3
-2
-2
2
2
7
8
6
10
7
5
2
1
-1
3
4
6
2
-2
1
-1
4
4
-2
1
-2
3
7
2
0
2
-3
0
1
1
0
-5
-6
-7
-7
-10
-7
-6
-6
-11
-12
-8
-13
-11
-15
-9
-12
-11
-10
-12
-4
-11
-13
-9
-8
-13
-11
-5
-7
-10
-13
-8
-10
-8
-6
-7
0
-7
-4
-2
-12
-3
-6
-8
0
-6
-4
-7
-3
-7
-1
-2
0
-4
-7
-4
0
-3
-5
-7
-5
-2
-4
-1
-4
-6
-9
-8
-6
-5
-9
-8
-1
-8
-6
-1
-7
-1
-8
-2
-1
-8
-2
-5
-8
-7
-6
-5
-4
-9
0
-3
-3
-3
-2
-5
-1
-7
-7
-3
-10
-6
-10
-7
-14
-11
-15
-11
-3
-16
-8
-5
-9
-4
-2
-4
-9
-2
1
-2
-3
-3
-4
-2
-6
1
7
1
10
0
5
6
4
7
6
3
2
4
4
1
8
8
6
3
5
7
4
3
2
2
7
6
4
3
2
4
5
6
9
12
7
7
6
1
2
-1
-5
3
1
0
3
5
2
2
4
2
1
8
2
1
-2
-1
5
7
7
0
2
1
4
-1
-3
0
3
4
1
5
-1
-5
3
1
-5
-1
0
-5
-4
-6
-1
-3
0
0
0
4
-2
-2
-5
1
0
-3
-5
-7
-8
-12
-10
-12
-13
-11
-10
-9
-5
-7
-8
-9
-9
-11
-12
-10
-11
-6
-9
-8
-12
-8
-4
-3
-3
-6
-6
-3
-4
-3
-3
-2
2
5
5
6
5
3
2
5
3
3
11
3
6
2
2
3
5
11
10
8
9
10
11
10
11
13
6
9
12
11
6
11
12
10
15
10
18
15
17
9
10
8
6
10
7
11
2
7
5
-2
9
9
5
7
4
5
3
4
9
5
2
4
3
5
5
7
11
3
8
6
9
12
6
9
7
12
8
6
4
5
10
7
9
7
4
5
5
6
5
6
8
10
5
10
6
10
10
4
7
2
7
4
3
5
3
1
3
6
4
6
8
0
1
5
4
1
1
4
-2
1
4
0
-1
0
5
7
4
4
2
6
3
5
2
5
9
1
6
5
3
0
5
0
1
-1
2
7
3
-1
5
10
7
6
6
8
3
3
8
9
6
12
11
11
6
8
7
7
16
10
6
8
5
7
5
5
1
7
6
2
7
6
6
4
7
6
8
5
7
11
10
6
1
11
7
5
5
-2
-4
7
7
4
6
7
5
3
3
5
0
5
2
-1
3
0
3
1
1
5
1
0
0
3
0
-3
2
-6
-2
0
-1
4
-3
-2
1
-1
-5
1
3
0
-4
-4
-4
-5
-2
-1
-5
2
1
1
-1
-1
3
3
5
6
8
5
4
4
8
9
10
13
15
12
13
15
15
14
19
21
15
19
16
15
17
12
14
13
21
14
13
19
14
20
20
13
16
17
15
9
9
14
9
19
16
15
12
13
14
15
19
18
16
15
14
10
13
15
13
12
13
13
10
11
5
6
7
6
11
5
4
2
1
1
-1
-1
4
3
4
1
-1
3
-2
1
-1
1
6
0
2
5
9
9
6
10
7
7
13
9
10
15
8
5
13
10
8
8
5
17
11
13
9
9
17
13
18
14
15
14
13
19
15
13
15
13
17
17
13
13
18
15
12
17
16
16
19
21
19
19
22
18
18
14
16
15
14
20
17
14
17
17
15
18
14
12
18
16
18
17
15
19
18
18
20
18
14
19
21
19
16
15
19
17
20
20
22
24
21
22
24
19
18
19
28
22
25
23
21
25
24
26
22
29
26
24
23
25
30
28
26
28
27
23
24
27
27
20
23
23
22
15
23
17
11
17
20
25
22
26
25
22
24
24
20
24
27
25
20
20
22
22
26
23
24
21
26
27
25
24
26
21
23
26
18
24
22
26
25
22
21
21
22
18
21
29
24
22
19
19
21
19
20
24
20
27
21
20
25
25
24
20
26
23
28
27
32
26
23
21
25
24
23
20
21
19
21
17
18
24
18
15
15
17
16
19
13
12
15
13
11
16
13
18
16
13
11
14
16
16
21
17
18
14
16
15
15
18
12
23
18
17
21
18
16
17
16
18
16
16
18
16
15
14
20
12
11
14
13
8
7
7
8
6
5
13
10
10
13
9
13
14
8
14
10
14
14
18
16
12
13
16
8
15
19
13
15
14
17
19
19
19
20
19
20
15
20
19
16
12
14
16
19
16
10
12
13
13
16
14
13
16
8
12
17
14
14
15
12
8
13
11
7
8
11
13
4
8
9
12
12
9
10
6
6
5
8
4
8
7
3
4
9
8
10
9
0
11
5
5
9
3
5
3
7
7
7
9
11
11
15
9
10
15
8
13
10
12
13
10
14
14
14
16
21
13
16
16
14
11
11
14
10
8
11
14
8
10
11
5
11
8
12
6
2
4
6
7
5
4
4
4
1
4
10
4
4
6
6
5
-2
4
4
3
3
4
2
4
7
7
9
2
6
9
6
8
6
8
9
4
8
10
4
5
6
14
15
6
16
9
9
9
9
13
12
13
12
12
9
13
12
14
13
18
13
12
13
15
15
13
12
10
9
9
7
8
11
15
8
3
6
7
5
-2
3
-2
1
6
2
1
4
-3
-1
-1
-1
1
-2
2
-1
3
1
-2
3
-2
4
4
0
2
1
-1
0
1
-2
2
1
1
5
4
-4
-1
4
-5
-3
5
2
4
3
3
5
9
3
0
5
6
10
0
5
9
5
15
12
8
11
7
4
10
8
3
7
5
10
5
2
2
1
1
3
3
-4
-2
5
6
0
-1
-1
0
-2
-4
-7
-4
-7
-8
-5
-5
-3
-5
-4
-5
-6
0
4
0
2
4
4
-2
4
7
8
8
2
7
11
12
12
12
7
12
10
7
10
8
12
10
12
11
6
11
16
10
12
8
10
17
17
15
15
9
10
5
8
13
10
13
9
9
10
4
7
2
9
6
5
8
3
4
-3
2
2
-3
-3
2
0
-1
0
-1
-2
-2
-3
-4
-5
-3
-3
4
-2
-2
-3
-4
-1
-2
-1
0
-3
4
0
0
0
0
12
2
9
7
4
1
1
1
2
7
7
5
6
8
1
-3
2
3
2
1
2
4
1
0
-2
-2
-1
2
-4
-5
-5
3
1
-2
1
5
1
-3
0
6
6
2
6
2
6
2
2
5
6
4
4
0
-2
1
-2
2
7
10
6
1
0
5
6
5
5
1
0
-2
0
6
-3
1
-1
2
4
5
1
3
6
2
4
-1
1
5
2
1
-3
2
6
1
0
-2
0
0
-4
-5
-2
-4
-5
2
2
2
4
2
-6
-1
4
4
0
3
4
-1
-2
-8
2
0
-7
-2
3
-2
-4
-2
-2
-4
-1
-1
-7
-2
0
2
-3
0
-1
-1
-1
-1
4
0
-5
-4
-7
-12
-2
-8
-8
-6
-9
-4
-8
-6
-9
-3
-10
-11
-8
-13
-9
-9
-6
-7
-4
-7
-7
-7
-6
-8
-7
-2
-2
-11
-4
-2
-5
-3
-2
-6
-6
0
-3
-4
-6
0
-8
-2
-1
-3
6
0
2
-1
-2
-7
-4
-4
-5
-1
-6
2
-2
-5
-4
-9
-7
-8
-9
-4
-15
-11
-10
-6
-3
-5
-4
-9
-9
-12
-12
-10
-11
-13
-20
-18
-12
-13
-19
-14
-14
-19
-21
-21
-22
-20
-21
-24
-25
-22
-20
-25
-19
-16
-16
-17
-18
-18
-16
-20
-21
-18
-19
-19
-19
-18
-19
-15
-20
-16
-16
-17
-12
-12
-16
-18
-16
-17
-15
-12
-13
-14
-13
-15
-18
-14
-15
-15
-9
-13
-13
-8
-9
-11
-12
-15
-13
-15
-17
-11
-11
-14
-12
-13
-16
-24
-17
-20
-20
-19
-18
-23
-23
-15
-19
-21
-21
-21
-19
-21
-21
-25
-26
-25
-24
-16
-21
-19
-20
-27
-26
-27
-21
-23
-26
-23
-21
-20
-21
-19
-18
-20
-20
-22
-21
-25
-20
-20
-19
-22
-23
-16
-16
-16
-14
-10
-13
-16
-16
-14
-12
-11
-10
-7
-12
-13
-16
-15
-16
-14
-16
-15
-13
-15
-9
-10
-15
-11
-11
-11
-8
-14
-15
-15
-12
-17
-17
-13
-13
-15
-14
-9
-13
-15
-16
-17
-17
-16
-17
-17
-13
-19
-22
-22
-19
-19
-18
-20
-19
-21
-23
-24
-19
-20
-26
-25
-22
-26
-21
-24
-28
-28
-24
-21
-21
-18
-23
-22
-20
-17
-26
-17
-21
-21
-18
-19
-13
-19
-12
-16
-11
-14
-9
-15
-13
-11
-7
-7
-11
-9
-15
-8
-13
-8
-13
-18
-8
-9
-10
-16
-16
-16
-20
-17
-18
-17
-12
-15
-15
-21
-16
-13
-17
-15
-18
-23
-25
-15
-17
-15
-15
-20
-22
-20
-18
-18
-15
-21
-17
-23
-13
-14
-17
-14
-15
-20
-14
-10
-16
-13
-15
-11
-8
-10
-12
-11
-9
-7
-10
-10
-15
-10
-14
-17
-16
-16
-16
-13
-11
-19
-13
-16
-19
-18
-21
-14
-21
-15
-14
-13
-9
-19
-20
-21
-15
-11
-16
-9
-8
-11
-15
-13
-14
-9
-8
-15
-7
-6
-4
-9
-6
-4
-3
-1
-10
-7
-2
-5
-4
-5
-8
-5
-9
0
-10
-12
-14
-15
-8
-9
-9
-16
-15
-10
-9
-8
-5
-9
-16
-9
-14
-9
-13
-9
-11
-16
-11
-13
-6
-15
-12
-12
-15
-9
-8
-12
-9
-9
-6
-5
-9
-6
-3
-4
-10
-4
-10
-3
-4
-5
3
0
-6
-1
2
1
2
-1
1
-4
-5
-5
-4
0
-3
2
-6
-3
-4
-3
-6
-5
-8
-9
-5
-14
-4
-11
-9
-12
-15
-9
-8
-8
-11
-15
-6
-7
-15
-13
-11
-7
-9
-12
-6
-6
-8
-9
-13
-12
-6
-10
-10
-10
-9
-3
-14
-6
-10
-15
-14
-13
-11
-16
-4
-11
-5
-10
-12
-11
-15
-11
-8
-11
-11
-6
-10
-4
-12
-9
-7
-8
-2
-5
-2
-5
-8
-5
-2
-1
-6
-6
-6
-11
-8
-9
-7
2
-6
-1
-6
-5
0
-4
-2
-2
-10
0
-6
-7
-8
-8
-8
-13
-10
-9
-11
-12
-7
-7
-9
-9
-10
-11
-11
-11
-10
-13
-9
-14
-15
-12
-12
-10
-11
-10
-11
-10
-8
-14
-9
-7
-7
-5
-4
-5
-7
-7
-6
-4
-3
3
1
-2
2
4
0
3
0
-1
6
2
-1
2
2
0
0
-2
1
3
1
3
-1
-3
-2
1
2
3
4
1
0
1
4
7
2
1
-4
-7
-3
-3
-2
3
-2
-8
-4
-3
-9
-9
-4
-10
-4
-3
-13
-15
-9
-10
-12
-11
-12
-6
-15
-11
-11
-16
-13
-10
-10
-11
-6
-13
-12
-11
-12
-5
-9
-16
-8
-5
-7
-3
-4
1
-7
1
-1
-2
2
-1
-2
1
3
2
0
2
-1
-8
5
3
2
5
0
5
2
3
4
5
8
4
5
2
0
4
1
-1
-6
-5
-1
3
-2
0
-1
-1
3
-4
-1
-3
-1
-3
-2
-5
-8
-3
-7
-6
-3
-4
-1
-9
-10
-4
-4
-5
-4
1
-6
-2
-4
-6
-4
-5
2
5
-3
-6
-5
-11
-11
-2
-4
-3
-3
0
-3
-5
-5
-4
-5
-4
-2
-10
-3
-6
-12
-4
0
-2
1
-7
2
-4
-7
-2
-5
-8
-8
-6
-6
-1
-7
-8
-5
-5
-8
-4
-12
-9
-6
-4
-4
-2
-6
-12
-8
-4
-7
-8
-4
-6
-9
-13
-12
-13
-10
-5
-3
-4
-13
-15
-14
-14
-13
-8
-9
-7
-8
-6
-12
-13
-11
-12
-6
-9
-8
-10
-8
-5
-8
-7
1
-5
-4
3
-3
-4
1
2
3
1
3
1
2
3
3
4
-4
0
1
-4
-9
-4
0
-4
-4
-2
-5
-3
-5
-6
-2
-2
-10
-10
-6
-4
-7
-4
1
-4
-4
-3
-1
0
-3
-5
0
1
4
3
3
1
-3
-3
2
0
2
4
3
4
-4
-5
-5
-8
-2
-8
-7
-3
-8
-2
-6
-6
-5
-5
-7
-6
-5
-9
-8
-6
-7
-8
-9
-11
-4
-7
-6
-2
-2
-2
-2
-1
-8
-1
-3
-6
-3
-3
-1
-2
0
0
-2
-3
1
4
5
4
5
9
6
6
7
10
3
4
12
10
7
8
9
7
8
10
11
6
9
4
2
2
0
-3
-1
-3
-2
-3
-5
-4
-6
-6
-6
-4
-7
-3
-5
-5
-3
-8
-10
-8
-4
-9
-9
-4
-11
-7
-6
-2
-7
-9
-8
-10
-10
-8
0
-2
-2
-3
-3
-4
-8
1
-4
1
1
-5
-2
0
0
-2
3
-4
9
2
-4
-3
-2
-2
-1
2
-3
1
2
2
0
0
-2
-1
6
0
2
3
3
4
0
2
0
-4
-2
-2
-2
1
-3
-3
-2
-9
-8
-8
-11
-9
-8
-8
-9
-9
-9
-11
-12
-12
-12
-10
-5
-13
-13
-14
-11
-11
-9
-11
-14
-16
-16
-18
-13
-6
-13
-8
-11
-7
-7
-6
-14
-10
-2
-6
-8
1
3
3
3
1
-1
-1
2
4
1
-3
4
-1
0
-3
-6
-3
-4
-2
1
0
-3
-6
-6
0
-2
-4
-3
1
2
-1
-5
-6
-5
-1
3
-6
-10
-9
-4
-1
-3
1
-3
-5
-6
-12
-10
-10
-9
-12
-10
-6
-5
-4
-1
-5
-10
-5
-3
0
-1
-3
-2
-1
-1
0
-4
-1
0
0
-2
-3
-1
2
2
-5
0
3
4
1
-4
1
1
2
1
3
4
4
5
5
1
2
4
0
1
0
0
1
3
-1
4
5
4
-1
1
-2
-1
-3
-3
-1
-3
2
-5
3
2
0
5
-8
-3
0
-1
1
-1
-4
-4
-1
-1
-2
1
-6
-2
-1
-4
-6
-7
-7
-2
-1
-2
4
-1
1
8
2
5
4
4
3
2
5
4
3
8
5
7
8
2
5
5
9
7
8
8
5
7
12
4
7
6
7
8
7
3
3
8
3
6
2
3
4
0
0
3
-3
-2
-1
-2
5
1
1
3
0
5
3
6
9
9
7
6
14
10
7
10
9
11
8
9
13
15
14
10
14
18
11
16
16
13
15
11
15
14
20
15
15
12
11
13
10
4
4
14
9
11
9
9
12
7
10
7
4
11
11
17
8
11
11
12
16
16
12
12
15
10
11
16
14
16
17
14
16
18
15
14
8
9
15
7
9
15
13
17
6
10
10
9
11
4
8
12
11
6
3
7
5
2
11
12
8
8
9
11
6
2
11
15
11
3
8
6
9
11
3
5
12
13
8
13
16
6
11
9
6
11
7
9
9
10
11
9
10
5
8
7
7
13
9
9
10
12
10
4
6
-1
3
7
5
4
7
12
8
8
5
10
8
3
12
14
8
13
11
10
12
16
12
12
17
11
13
15
18
18
16
19
16
16
20
17
22
22
19
15
19
22
19
12
13
16
12
10
8
11
11
13
9
10
8
6
7
2
-2
1
6
10
4
9
6
6
8
5
7
2
7
10
2
2
3
2
7
6
10
10
10
10
12
10
10
13
20
13
16
23
18
18
11
19
14
13
17
16
17
16
13
17
18
11
17
15
7
9
8
5
2
4
-1
1
4
5
4
-3
2
0
2
3
5
-5
-3
-2
-2
-2
-3
-9
-11
-6
-8
-7
-7
-6
2
-1
3
-3
-4
3
-2
4
2
3
0
2
0
0
3
1
0
5
10
6
10
6
5
8
10
13
9
10
10
16
8
15
19
14
20
20
14
12
12
12
8
12
16
14
15
14
12
13
12
13
12
10
11
13
18
13
8
10
8
14
15
3
3
7
8
9
6
1
7
6
2
4
5
5
-1
3
1
-2
3
2
4
5
5
4
7
6
9
7
6
8
6
9
8
4
2
11
7
10
12
5
8
7
9
4
7
5
5
7
4
9
8
3
4
6
8
10
13
9
10
9
6
7
5
3
1
9
10
5
5
3
1
5
5
4
3
2
-1
4
5
4
4
-2
-1
-5
-4
-12
-7
-3
-3
-5
-3
1
-1
2
-4
-1
-4
-3
-1
-3
-7
-2
-3
-3
-1
0
-1
-6
-5
1
-1
-2
2
8
1
0
5
6
7
0
5
-1
4
3
2
10
1
8
8
7
5
4
12
5
7
6
6
5
4
8
10
3
7
10
7
7
1
2
3
4
6
8
2
0
5
3
3
0
2
-2
1
-7
-3
-3
-11
0
-4
-6
-8
-11
-11
-11
-11
-9
-13
-11
-5
-8
-8
-4
-8
-10
-11
-9
-10
-12
-13
-8
-7
-2
-11
-8
-11
-8
-6
-13
-9
-9
-10
-12
-4
-7
-4
-8
-8
-10
-11
-9
-6
-7
-11
-5
-2
-5
-2
3
-1
-2
-4
2
0
-1
0
6
8
2
3
4
7
2
5
7
9
11
3
3
3
5
5
7
1
6
5
-4
0
-5
-2
0
-2
3
6
-1
1
0
1
2
-5
0
4
-1
1
-1
-7
-7
-8
-10
-5
-9
-13
-10
-16
-12
-14
-16
-13
-4
-4
-8
-6
-10
-7
-6
0
-4
-6
-3
-9
-8
0
-8
-1
4
2
-3
-7
0
-1
-4
-2
0
0
7
4
3
3
-3
-1
1
3
4
8
7
5
6
2
6
9
7
8
3
4
1
2
6
-2
-5
-4
0
2
-7
-7
-8
-10
-7
-5
-5
-4
-7
-10
-10
-11
-7
-6
-14
-11
-7
-6
-5
-9
-8
-9
-8
-12
-13
-10
-4
-9
-6
-1
-8
-4
-6
-1
-1
-1
-2
-6
-7
-6
-5
-3
-7
-3
-1
-1
-2
3
1
-1
0
0
8
5
3
2
3
0
2
3
6
6
3
-1
0
2
3
0
-4
-1
-6
-3
3
3
-2
-4
-3
-2
1
1
2
2
0
-5
-4
-1
-3
-10
-9
-5
-10
-5
-9
-11
-9
-7
-8
-12
-9
-9
-11
-14
-11
-8
-12
-15
-11
-9
-6
-12
-9
-7
-6
-3
-3
-7
-7
-5
-3
-3
-4
-5
-7
-7
-6
1
-1
-4
-6
0
-2
1
5
3
-5
1
3
2
-2
0
-2
-3
1
-5
-1
-5
-4
-4
-5
-1
-1
-4
-2
-4
-6
-7
-13
-13
-9
-9
-5
-12
-12
-14
-14
-9
-13
-6
-9
-5
-8
-8
-7
-7
-11
-9
-8
-4
-3
-7
-8
-3
-2
-8
-2
-6
-5
-2
-6
-6
-3
3
0
-3
-3
-7
-5
-8
-9
-2
-3
-2
-1
-7
-2
-7
-7
-3
-3
-7
-4
-10
-11
-8
-5
-7
-7
-4
-2
-7
-5
-5
-11
1
-2
-4
-2
-2
2
1
-3
-1
2
4
0
3
0
1
5
2
-2
-3
4
3
3
6
3
5
4
2
4
5
4
7
7
7
9
3
7
7
4
3
6
7
6
9
7
8
3
7
3
-3
-4
-2
1
9
2
1
6
5
1
-2
-2
-1
4
2
3
0
-7
0
-3
2
-4
-6
1
-3
-1
-3
-3
-6
-1
-8
-5
-8
-2
-3
1
5
3
0
-2
-2
-2
2
8
7
7
3
1
4
2
1
3
5
-2
1
1
0
-3
4
3
1
6
7
7
6
4
8
4
4
1
2
-4
-3
3
8
2
2
10
4
5
3
0
-1
4
0
1
0
1
1
0
0
-1
7
-3
0
0
-2
1
3
8
5
0
-1
1
0
4
2
6
5
5
5
0
4
8
3
1
3
4
8
1
5
5
2
-3
-1
1
1
7
2
4
0
-2
4
5
5
5
4
4
2
0
0
2
4
0
0
3
3
-1
1
3
-5
2
-1
1
-1
-2
0
-5
-7
-6
-7
-7
-5
-15
-7
-7
-4
-12
-3
-4
-6
-7
-11
-5
-11
-4
-3
-5
1
-3
-3
-4
-6
-4
1
3
-1
-3
-5
-2
-2
-3
2
-1
0
1
0
0
-1
3
3
1
1
1
1
3
-4
-1
5
1
2
-1
-1
0
-5
-3
-6
-9
-9
-8
-9
-9
-5
-11
-11
-8
-10
-12
-12
-13
-19
-14
-12
-12
-15
-19
-19
-16
-15
-19
-18
-17
-20
-18
-19
-18
-18
-13
-17
-16
-11
-15
-10
-11
-15
-14
-9
-16
-13
-7
-12
-12
-7
-8
-11
-13
-5
-8
-13
-7
-8
-8
-5
3
-6
-2
5
3
0
3
3
5
3
-1
2
-1
7
9
4
2
1
4
-1
6
1
-2
0
-2
-3
-8
1
-4
-3
-6
-8
-7
-2
-7
-8
-3
-7
-7
-12
-9
-7
-11
-8
-8
-9
-7
-11
-8
-10
-13
-14
-14
-13
-18
-10
-17
-12
-12
-13
-8
-8
-3
-9
-8
-6
-7
-11
-11
-12
-3
-4
-10
-6
-5
-4
-1
-6
-4
-5
-10
-4
-6
-3
-6
-6
-7
-10
-4
-10
-4
-8
-5
-2
0
-1
-9
-4
-6
-1
-9
-8
-8
-12
-7
-7
-3
-7
-5
-5
-7
-6
1
-8
-6
-6
-6
-4
-10
-5
-9
-8
-11
-11
-7
-8
-2
-3
0
-5
-4
-8
-9
-8
-10
-5
-5
-5
-7
-3
-2
-3
-7
-4
-1
-6
-4
-5
-1
6
-6
-4
3
0
2
-2
-2
0
1
-1
8
7
4
2
1
5
7
6
1
3
-1
3
5
4
6
-2
3
4
6
0
0
3
0
3
3
-4
-2
-3
0
-3
3
3
1
-5
-2
-1
-4
-10
-9
-1
-2
-3
-5
-4
-3
-2
-2
-7
2
-4
-3
-5
-4
-1
-8
-8
-5
-2
-6
-2
-2
-6
-6
-8
-8
-4
-6
-9
-9
-5
-7
-2
1
-2
-3
-7
-4
-7
-7
-3
-3
4
-4
-1
3
0
-5
-4
2
-5
-1
-3
0
-3
1
-3
-4
2
-3
2
5
1
2
1
4
7
7
5
-2
1
-2
-2
0
0
3
1
1
0
-4
-5
-3
0
-2
-6
-7
-3
-9
-12
-8
-12
-15
-14
-14
-11
-18
-20
-16
-12
-11
-14
-13
-11
-8
-11
-13
-12
-12
-11
-15
-16
-11
-12
-8
-11
-11
-3
-4
-9
-4
-10
-6
-9
-7
-7
-8
-2
-4
2
-2
2
1
6
1
-4
-3
1
2
0
2
-6
-1
-3
-3
-2
-1
4
7
5
1
-3
-2
1
1
-2
0
5
-5
0
2
-4
-4
-7
-7
-7
-5
-6
-8
-9
-8
-9
-8
-10
-7
-15
-8
-7
-13
-9
-9
-3
-8
-7
-5
-11
-11
-12
-5
-12
-7
-7
-8
-5
-5
-8
-5
-3
-7
-7
-9
-5
-3
-2
0
-1
-3
6
5
-3
5
-1
1
-5
-4
0
-2
-2
-3
1
0
3
0
2
-2
-1
2
-1
-1
0
-1
3
0
-1
4
5
1
-5
-3
-3
-4
-3
-3
-2
-3
-6
-5
-5
-2
-1
-4
-8
-8
-2
-9
-7
-8
-5
-9
-4
-1
-6
-5
-5
-2
-4
-2
-3
-6
-2
1
7
1
-6
-3
4
3
0
0
-7
3
2
2
0
-3
2
1
4
7
0
8
7
4
5
10
10
9
12
6
7
6
5
2
5
5
2
10
6
1
1
4
7
2
1
0
0
1
3
-3
-2
1
0
-2
-5
-4
-5
1
-5
-8
-4
-7
-5
-7
-6
-8
-6
-1
-5
-4
-3
-2
-7
-3
-3
1
5
-1
6
2
2
3
3
1
-2
7
3
-1
0
6
0
-1
-1
-3
-1
1
-7
-3
-2
-2
1
-2
-2
-4
-3
-3
2
-3
3
-2
-4
1
-1
0
-2
1
-9
-3
-3
-5
-5
-7
-2
3
-5
-4
-4
-1
-3
-9
-3
1
-1
-1
0
-1
5
0
4
4
1
-2
-1
1
-4
-3
-1
-4
-5
-1
1
-1
-7
-5
-3
-8
-4
-6
-5
-9
-8
-4
-9
-6
-8
-6
-6
-4
-6
-3
-4
-10
-4
-7
-3
-9
-13
-13
-12
-11
-13
-13
-11
-10
-14
-8
-7
-14
-16
-11
-7
-12
-10
-2
-5
-8
-1
-4
4
-2
-8
-6
-9
-5
-3
-3
-8
-5
-6
-1
0
-7
-5
1
-3
-4
-6
-7
-1
-7
-2
-9
-5
-6
-12
-2
-1
-7
-6
-7
-6
-9
-12
-8
-7
-6
-5
-7
-6
-4
-5
-12
-3
-3
-5
-12
-14
-4
-7
-2
-4
-9
-8
-10
-15
-11
-7
-7
-9
-11
-11
-13
-12
-13
-12
-7
-9
-5
-7
-5
-5
-4
-3
-3
-6
-7
-4
-3
2
4
2
2
1
0
6
1
-5
2
5
4
7
3
6
3
4
7
1
5
5
10
6
7
5
5
6
5
8
6
9
0
8
8
6
11
6
5
3
0
1
6
7
2
7
3
2
6
0
2
-1
-4
1
0
-6
0
-1
2
-1
-6
-3
-6
2
4
4
0
-1
-1
3
1
5
10
7
6
7
6
6
11
12
11
12
11
12
10
6
10
12
10
7
9
10
9
5
7
6
-1
0
-1
-3
-1
1
1
0
-6
-4
-2
3
-1
-10
-6
-4
-6
-5
-2
-9
-6
-8
-9
-5
-8
-5
0
-8
-10
-12
-12
-13
-9
-3
-2
1
1
5
-3
6
-1
-4
4
2
5
10
9
5
9
7
8
11
7
10
3
3
4
7
9
5
9
8
10
6
10
8
12
14
13
14
8
17
13
13
14
12
17
14
13
9
11
7
9
11
8
10
4
12
10
13
14
13
13
14
12
12
9
7
8
7
7
2
4
1
-3
-3
4
7
8
6
8
1
0
0
0
3
0
0
6
4
-1
7
6
5
2
9
11
7
6
3
7
6
3
5
7
7
3
-1
3
2
3
10
2
3
1
5
2
2
5
1
3
3
3
0
-1
-4
4
2
2
1
3
9
0
4
5
2
2
-1
1
-4
-4
-1
-4
-3
-2
-5
1
1
-3
1
1
4
1
-4
2
-1
1
0
-3
5
5
5
6
3
0
2
1
-1
2
1
0
3
3
3
8
5
4
1
1
5
7
8
6
3
6
7
3
4
1
4
2
5
6
6
13
10
10
2
3
10
9
8
3
3
7
10
4
7
7
2
6
6
4
4
6
6
5
9
6
-1
1
5
6
6
7
2
1
4
-5
-3
-1
-2
6
1
-2
4
0
-5
1
-5
-4
-4
-1
4
-1
3
1
1
8
5
5
7
9
4
1
2
5
8
9
7
10
9
9
13
13
15
10
13
13
12
18
11
12
17
9
9
15
15
14
10
14
17
20
17
11
16
11
13
13
15
16
17
16
13
14
11
15
13
10
18
18
20
21
12
17
16
15
20
17
11
10
14
12
14
6
6
12
6
13
10
13
9
9
14
5
5
7
12
4
6
9
9
9
7
6
6
2
6
14
5
10
13
12
9
6
5
13
9
10
16
7
15
12
12
13
16
16
13
19
15
15
21
19
17
19
20
25
21
18
18
23
19
21
19
15
17
19
16
14
18
20
18
18
17
14
16
16
18
15
19
20
14
13
12
10
17
18
14
14
13
13
8
11
13
8
10
15
15
13
13
17
10
8
4
11
14
7
4
5
9
5
3
9
7
8
7
4
5
3
0
4
7
9
8
6
6
12
17
13
14
10
9
15
10
8
10
15
13
17
9
11
14
14
16
15
13
10
9
5
13
9
8
8
9
6
5
10
3
6
6
9
6
8
5
8
4
0
2
0
3
-7
-9
-4
-3
-1
-5
-3
-3
-11
-5
1
-4
-1
-2
-5
0
6
5
0
-1
7
5
4
2
9
8
7
8
9
9
4
10
8
13
16
13
9
12
13
9
13
16
12
9
11
12
12
13
12
9
8
10
14
15
14
10
11
9
7
8
9
6
3
-1
2
-1
0
-3
0
3
4
6
0
3
7
6
0
4
3
3
7
3
4
6
1
4
5
3
4
5
6
3
2
4
2
-4
5
8
12
5
0
6
13
15
11
12
8
13
10
7
7
8
6
5
10
4
7
9
4
-1
8
9
8
7
5
9
6
6
5
5
7
3
9
4
8
10
6
7
7
6
3
1
1
6
6
9
7
7
3
1
10
9
10
14
11
16
15
8
18
12
13
14
7
16
6
14
12
9
14
12
18
13
16
11
14
10
12
20
12
10
8
14
10
12
14
13
15
11
12
12
7
12
13
17
14
12
14
14
17
15
14
16
16
22
19
11
14
15
13
6
9
8
11
17
13
11
10
11
11
11
13
14
9
16
15
12
18
17
16
18
12
10
11
15
15
9
16
14
13
16
11
10
13
11
14
12
6
10
7
6
7
5
8
8
7
10
13
8
9
9
5
5
6
2
5
4
3
5
6
0
-4
-3
-5
1
-2
-2
2
-7
-2
-3
-4
-4
-4
-2
-3
-5
-1
1
0
2
-2
0
-6
-1
0
1
2
0
-3
-2
7
0
3
1
-3
3
6
10
14
11
10
8
7
6
5
7
8
4
4
9
4
-1
-2
-1
3
3
10
5
3
7
3
2
2
-2
3
2
-4
0
-5
-8
-4
-5
-2
-5
0
-7
-1
-3
-4
-1
-5
0
-1
-3
-4
-7
-3
-3
-3
-4
-6
-7
-8
-3
1
-1
-1
-5
-2
7
-1
1
-1
5
2
-5
-4
1
4
-1
-5
2
2
0
-2
-9
-2
1
-3
-5
-1
-6
-5
-10
-6
-5
-10
-5
-8
-11
-12
-8
-11
-18
-16
-15
-16
-20
-15
-15
-17
-19
-19
-22
-22
-22
-20
-19
-19
-15
-21
-21
-22
-16
-18
-18
-19
-18
-13
-18
-10
-8
-12
-9
-11
-7
-12
-11
-8
-7
-7
-8
-4
-4
-1
0
-3
0
-2
7
2
3
1
-2
5
-1
9
8
7
13
10
8
2
13
9
2
7
6
2
8
6
7
10
7
6
8
3
8
6
2
5
0
1
-2
-2
-5
-6
-8
-8
-4
-6
-11
-10
-9
-10
-9
-9
-7
-3
2
-5
-9
-2
-2
-5
-8
-6
-5
-5
0
-6
-5
-7
-5
-6
-4
-1
-2
-1
-10
-10
-7
-9
-4
-2
-4
-4
-4
2
2
-4
-2
0
0
7
-4
-1
4
-3
-2
-2
2
3
1
0
-7
-4
0
-6
-1
-3
-6
-7
-9
0
-1
-8
-3
-2
-1
-2
-3
-3
-1
-3
-8
-6
-7
-5
-3
-5
-9
-8
-11
-13
-4
-12
-8
-9
-13
-6
-11
-10
-9
-5
-9
-11
-8
-4
-12
-8
-5
-5
-2
-2
-1
-6
-3
-1
0
2
-4
4
3
-1
6
4
5
10
3
5
5
4
5
6
6
6
9
5
0
0
3
2
3
-3
1
-1
1
1
-1
-2
4
2
-3
-3
-4
1
-4
-6
-3
-2
-8
-3
-2
-8
-8
-6
-9
-2
-4
-4
-3
-8
-8
-6
-3
-4
-3
-5
-4
-9
-1
-4
-8
-5
-1
-5
-7
-13
-13
-7
-6
-9
-12
-9
-7
-4
-12
-11
-7
-5
-8
-9
-12
-13
-10
-13
-12
-10
-8
-8
-11
-9
-3
-6
-3
-1
1
-2
-6
-1
-2
-2
-6
1
-9
-9
-1
-8
-3
-8
-2
-6
-8
-1
-8
-13
-5
-6
-7
-2
-5
-5
-12
-7
-6
-8
-7
-12
-11
-13
-8
-6
-7
-10
-12
-12
-9
-9
-13
-14
-15
-18
-19
-18
-11
-10
-9
-11
-14
-18
-14
-13
-15
-19
-15
-14
-17
-15
-12
-11
-17
-16
-17
-15
-14
-17
-15
-13
-13
-12
-13
-12
-13
-18
-13
-17
-14
-19
-13
-12
-14
-14
-13
-9
-9
-12
-12
-5
-11
-14
-11
-13
-11
-8
-12
-9
-6
-15
-14
-11
-14
-7
-6
-8
-10
-8
-7
-9
-12
-18
-16
-9
-7
-9
-15
-15
-14
-13
-13
-18
-10
-13
-13
-19
-18
-14
-20
-10
-13
-13
-14
-10
-14
-16
-11
-16
-17
-20
-17
-21
-17
-11
-17
-12
-12
-12
-15
-14
-10
-14
-8
-7
-12
-6
-6
-4
-5
-7
-2
-1
-3
-1
-4
-7
-4
0
-7
-9
-4
-9
-4
0
-5
-10
-4
2
-1
-7
-6
3
1
1
-1
-5
-5
-2
-6
-16
-14
-17
-15
-13
-13
-19
-19
-14
-14
-16
-15
-17
-19
-12
-1
-11
-22
-11
-10
-8
-4
0
-2
-3
8
15
8
11
12
16
16
17
19
18
12
0
-6
-25
-61
-98
-125
-160
-214
-262
-286
-331
-387
-407
-416
-432
-453
-434
-399
-387
-356
-303
-258
-228
-166
-97
-39
13
80
179
258
321
410
532
617
696
805
908
966
999
1070
1103
1059
990
936
831
668
502
352
163
-54
-222
-348
-505
-657
-728
-761
-814
-861
-824
-771
-764
-749
-660
-581
-583
-556
-465
-397
-384
-340
-236
-176
-163
-85
40
72
25
56
123
61
-69
-119
-166
-332
-495
-544
-611
-778
-856
-767
-672
-639
-490
-183
106
353
694
1121
1424
1578
1783
2044
2081
1896
1786
1714
1405
983
765
560
144
-214
-277
-346
-580
-693
-589
-513
-578
-568
-416
-379
-522
-578
-470
-526
-793
-879
-792
-871
-1055
-982
-789
-785
-765
-463
-125
2
144
501
815
905
968
1157
1245
1087
952
962
824
478
263
225
59
-225
-320
-312
-456
-642
-663
-676
-861
-1077
-1174
-1268
-1482
-1708
-1805
-1845
-1964
-2018
-1878
-1694
-1607
-1395
-983
-622
-339
73
566
947
1288
1738
2153
2426
2694
2988
3195
3248
3259
3259
3154
2895
2602
2342
1969
1481
1073
755
301
-188
-487
-741
-1122
-1452
-1592
-1751
-2016
-2186
-2166
-2198
-2335
-2319
-2146
-2028
-1989
-1801
-1511
-1327
-1226
-999
-671
-550
-591
-456
-233
-292
-473
-385
-281
-498
-665
-494
-424
-653
-678
-365
-190
-180
87
604
1012
1323
1831
2530
3028
3192
3458
3935
3986
3520
3285
3224
2557
1623
1220
855
-57
-839
-978
-1158
-1706
-1980
-1784
-1669
-1816
-1789
-1443
-1228
-1385
-1427
-1077
-953
-1307
-1411
-1082
-1073
-1406
-1288
-840
-803
-880
-411
206
392
561
1119
1652
1796
1850
2114
2228
1924
1492
1225
844
68
-726
-1208
-1686
-2424
-2979
-3081
-3172
-3427
-3338
-2866
-2528
-2312
-1802
-1108
-608
-216
324
942
1410
1748
2189
2720
3050
3183
3453
3808
3856
3695
3715
3716
3376
2986
2780
2449
1871
1390
1046
583
16
-463
-858
-1263
-1693
-2093
-2367
-2602
-2871
-3042
-3031
-3023
-3080
-2971
-2709
-2530
-2375
-2089
-1815
-1641
-1412
-1151
-997
-900
-736
-606
-549
-444
-348
-356
-339
-234
-171
-180
-129
7
171
382
677
1077
1546
2031
2580
3258
3862
4211
4516
4874
4966
4648
4273
3913
3197
2241
1485
788
-180
-1097
-1610
-2003
-2506
-2835
-2837
-2754
-2740
-2632
-2344
-2068
-1982
-1893
-1613
-1435
-1541
-1596
-1428
-1366
-1507
-1479
-1254
-1177
-1141
-864
-522
-325
-130
193
512
693
781
849
875
749
465
190
-114
-585
-1089
-1410
-1674
-1986
-2131
-1959
-1638
-1245
-609
273
1186
2053
3048
4036
4725
5164
5531
5698
5449
4946
4388
3660
2699
1769
992
178
-631
-1177
-1470
-1716
-1896
-1873
-1693
-1572
-1479
-1289
-1147
-1242
-1393
-1466
-1694
-2120
-2475
-2740
-3078
-3376
-3458
-3425
-3365
-3152
-2722
-2188
-1651
-1098
-503
86
547
837
1049
1142
969
663
394
38
-477
-903
-1103
-1174
-1112
-822
-246
556
1475
2489
3692
4848
5658
6276
6910
7166
6781
6191
5578
4515
3100
1875
756
-606
-1881
-2630
-3122
-3631
-3909
-3771
-3445
-3153
-2787
-2241
-1770
-1591
-1472
-1218
-1202
-1569
-1908
-2094
-2441
-2873
-3055
-3083
-3145
-3033
-2593
-2019
-1464
-858
-175
520
1122
1501
1700
1785
1625
1215
772
293
-395
-1117
-1553
-1747
-1846
-1762
-1302
-503
472
1585
2930
4321
5383
6219
7099
7677
7511
6969
6414
5474
4032
2634
1393
-78
-1570
-2509
-3082
-3662
-4045
-3961
-3589
-3188
-2731
-2138
-1590
-1292
-1113
-884
-873
-1291
-1795
-2171
-2634
-3228
-3640
-3860
-4033
-3999
-3613
-3035
-2419
-1708
-908
-58
734
1287
1608
1785
1734
1396
949
454
-254
-1030
-1544
-1764
-1881
-1820
-1330
-449
621
1868
3400
4978
6182
7164
8204
8872
8729
8179
7585
6523
4925
3360
1899
191
-1537
-2695
-3456
-4188
-4696
-4699
-4351
-3936
-3437
-2792
-2163
-1772
-1528
-1252
-1195
-1581
-2113
-2559
-3076
-3710
-4197
-4496
-4688
-4649
-4270
-3660
-2919
-2096
-1208
-236
718
1415
1834
2115
2153
1870
1445
950
251
-538
-1089
-1361
-1493
-1428
-951
-61
1058
2364
3962
5605
6897
7947
8991
9656
9506
8910
8202
6998
5262
3533
1876
-31
-1892
-3203
-4137
-4946
-5453
-5468
-5150
-4677
-4067
-3341
-2646
-2160
-1829
-1535
-1490
-1842
-2347
-2825
-3389
-4018
-4453
-4722
-4874
-4734
-4249
-3552
-2716
-1770
-783
219
1171
1872
2294
2505
2436
2074
1568
965
144
-701
-1314
-1691
-1870
-1770
-1249
-354
827
2274
3990
5741
7153
8331
9440
10124
10004
9399
8609
7306
5482
3657
1911
-74
-2013
-3383
-4330
-5151
-5646
-5625
-5266
-4749
-4075
-3282
-2556
-2033
-1688
-1436
-1377
-1716
-2318
-2888
-3442
-4084
-4648
-4927
-5008
-4910
-4471
-3674
-2780
-1877
-859
192
1126
1817
2227
2374
2263
1869
1261
556
-254
-1183
-1932
-2287
-2403
-2331
-1805
-753
549
2086
3996
5963
7523
8836
10118
10932
10921
10390
9578
8271
6479
4609
2743
716
-1290
-2834
-3901
-4754
-5373
-5546
-5274
-4781
-4198
-3525
-2854
-2381
-2124
-1956
-1937
-2327
-3031
-3710
-4302
-4962
-5582
-5922
-6000
-5857
-5374
-4504
-3498
-2474
-1360
-179
906
1740
2259
2477
2439
2150
1626
947
167
-684
-1384
-1705
-1735
-1568
-1003
65
1431
3028
4932
6828
8316
9591
10790
11438
11279
10654
9701
8202
6323
4415
2427
255
-1765
-3274
-4403
-5303
-5888
-6027
-5766
-5253
-4597
-3870
-3196
-2716
-2391
-2159
-2178
-2585
-3223
-3870
-4485
-5085
-5618
-5946
-5996
-5755
-5175
-4273
-3225
-2160
-1027
180
1252
2027
2506
2672
2514
2145
1593
812
-92
-944
-1613
-1997
-2030
-1778
-1168
-62
1413
3102
5056
7000
8543
9849
11061
11721
11510
10854
9889
8330
6369
4438
2421
173
-1861
-3332
-4458
-5363
-5891
-5979
-5697
-5149
-4457
-3743
-3100
-2644
-2347
-2136
-2177
-2631
-3301
-3913
-4503
-5118
-5586
-5846
-5898
-5611
-4945
-4060
-3066
-1977
-863
244
1251
1975
2309
2348
2168
1704
1030
215
-704
-1613
-2277
-2575
-2600
-2324
-1613
-421
1129
2937
4976
7034
8757
10180
11457
12278
12241
11576
10643
9226
7265
5204
3184
962
-1215
-2827
-3995
-4985
-5649
-5820
-5619
-5174
-4544
-3899
-3324
-2877
-2633
-2535
-2600
-3030
-3778
-4476
-5035
-5667
-6199
-6400
-6391
-6135
-5433
-4399
-3314
-2161
-881
347
1404
2264
2737
2790
2609
2183
1444
549
-391
-1403
-2238
-2637
-2724
-2582
-1980
-826
649
2402
4470
6588
8395
9915
11281
12226
12390
11862
10965
9658
7812
5742
3697
1557
-622
-2376
-3569
-4535
-5257
-5512
-5355
-4976
-4440
-3818
-3286
-2921
-2712
-2634
-2746
-3182
-3875
-4611
-5263
-5879
-6396
-6658
-6689
-6443
-5784
-4804
-3711
-2543
-1274
-31
1072
1992
2550
2700
2565
2185
1508
647
-273
-1244
-2113
-2649
-2792
-2686
-2226
-1266
159
1865
3800
5963
8016
9700
11107
12293
12840
12524
11721
10611
8936
6813
4708
2607
352
-1671
-3115
-4182
-5032
-5491
-5490
-5198
-4726
-4161
-3603
-3132
-2895
-2845
-2875
-3147
-3827
-4615
-5274
-5957
-6614
-6961
-7025
-6936
-6435
-5478
-4382
-3213
-1865
-535
616
1687
2486
2788
2778
2556
1965
1123
256
-695
-1681
-2381
-2701
-2748
-2467
-1738
-567
1009
2879
4921
7091
9101
10690
11981
12975
13198
12565
11606
10273
8293
6058
3963
1756
-551
-2346
-3581
-4626
-5344
-5543
-5415
-5073
-4521
-3951
-3469
-3103
-2981
-3025
-3179
-3651
-4460
-5218
-5877
-6602
-7139
-7296
-7280
-7011
-6200
-5087
-3948
-2600
-1125
101
1193
2250
2827
2840
2705
2320
1459
487
-399
-1409
-2391
-2924
-3068
-2972
-2485
-1512
-95
1687
3708
5874
8124
10072
11550
12771
13598
13498
12632
11574
10054
7863
5617
3562
1287
-954
-2517
-3639
-4657
-5246
-5311
-5145
-4829
-4289
-3776
-3438
-3213
-3173
-3310
-3630
-4254
-5101
-5858
-6547
-7263
-7687
-7756
-7660
-7209
-6203
-4992
-3760
-2287
-761
469
1583
2576
3004
2929
2725
2193
1212
198
-739
-1815
-2734
-3146
-3212
-3015
-2363
-1185
397
2310
4443
6710
8941
10777
12184
13320
13893
13484
12498
11319
9571
7268
5063
2973
649
-1445
-2834
-3908
-4869
-5303
-5252
-5047
-4677
-4121
-3648
-3370
-3188
-3157
-3348
-3780
-4471
-5265
-6013
-6735
-7350
-7676
-7717
-7522
-6877
-5812
-4617
-3302
-1795
-352
836
1925
2743
3013
2908
2589
1891
871
-174
-1208
-2275
-3107
-3492
-3513
-3184
-2420
-1124
617
2623
4788
7141
9396
11158
12543
13645
14018
13452
12470
11198
9277
6948
4788
2635
323
-1629
-2952
-4024
-4866
-5161
-5047
-4804
-4397
-3841
-3401
-3162
-3080
-3172
-3472
-4028
-4830
-5678
-6479
-7257
-7859
-8118
-8092
-7785
-7015
-5858
-4569
-3128
-1550
-98
1141
2238
2987
3213
3094
2699
1893
832
-254
-1344
-2412
-3205
-3557
-3530
-3135
-2272
-878
932
2985
5218
7641
9886
11617
12989
14038
14284
13637
12606
11222
9161
6806
4656
2458
138
-1750
-3020
-4091
-4884
-5109
-4983
-4760
-4344
-3799
-3420
-3259
-3239
-3415
-3825
-4455
-5292
-6185
-7003
-7739
-8297
-8508
-8385
-7961
-7099
-5840
-4427
-2897
-1242
292
1579
2665
3411
3616
3425
2961
2108
963
-201
-1320
-2409
-3229
-3598
-3563
-3140
-2248
-828
1004
3077
5351
7766
10004
11740
13064
14019
14185
13458
12332
10871
8752
6368
4227
2079
-195
-2009
-3173
-4171
-4901
-4999
-4780
-4537
-4071
-3441
-3068
-2964
-2931
-3118
-3630
-4338
-5181
-6118
-7024
-7779
-8326
-8595
-8520
-8075
-7209
-5987
-4565
-3003
-1368
176
1490
2552
3245
3464
3279
2750
1879
758
-426
-1583
-2632
-3423
-3826
-3780
-3307
-2374
-930
979
3142
5466
7940
10246
12024
13362
14309
14460
13728
12567
11044
8906
6520
4334
2141
-129
-1947
-3155
-4165
-4889
-5009
-4805
-4555
-4085
-3464
-3104
-3010
-2981
-3164
-3701
-4438
-5249
-6188
-7129
-7860
-8349
-8624
-8553
-8034
-7109
-5883
-4435
-2790
-1143
381
1731
2818
3469
3648
3464
2897
1966
819
-423
-1651
-2755
-3592
-4050
-4081
-3632
-2735
-1351
515
2681
4983
7411
9749
11601
12969
13924
14203
13604
12477
11016
9046
6741
4548
2450
281
-1589
-2865
-3817
-4545
-4782
-4608
-4322
-3914
-3341
-2919
-2803
-2820
-2985
-3476
-4213
-5038
-5969
-6956
-7764
-8285
-8621
-8653
-8192
-7308
-6158
-4728
-3070
-1432
85
1511
2682
3390
3675
3621
3126
2243
1161
-58
-1356
-2523
-3405
-3994
-4160
-3794
-2987
-1741
47
2208
4475
6882
9320
11318
12761
13835
14334
13917
12859
11514
9692
7428
5188
3098
946
-1056
-2495
-3520
-4365
-4811
-4754
-4515
-4203
-3719
-3255
-3093
-3120
-3239
-3640
-4339
-5148
-6037
-7008
-7858
-8434
-8784
-8883
-8518
-7709
-6597
-5222
-3601
-1912
-306
1200
2485
3385
3878
3986
3669
2963
1988
814
-443
-1613
-2594
-3327
-3641
-3461
-2864
-1826
-249
1716
3846
6161
8571
10641
12158
13311
13974
13781
12855
11599
9948
7769
5484
3410
1305
-802
-2416
-3485
-4361
-4931
-4941
-4666
-4361
-3884
-3314
-3016
-2990
-3055
-3333
-3948
-4725
-5585
-6543
-7438
-8095
-8539
-8732
-8514
-7874
-6882
-5586
-4041
-2383
-749
798
2139
3147
3750
3936
3716
3105
2176
1028
-195
-1383
-2436
-3235
-3653
-3627
-3174
-2246
-824
1003
3093
5384
7805
10003
11703
12991
13869
13977
13243
12089
10575
8505
6198
4084
1968
-240
-2042
-3243
-4204
-4912
-5090
-4885
-4600
-4154
-3557
-3143
-3024
-3072
-3249
-3700
-4440
-5333
-6234
-7129
-7945
-8501
-8738
-8722
-8315
-7394
-6132
-4704
-3058
-1279
312
1701
2913
3690
3929
3839
3407
2514
1411
301
-913
-2066
-2886
-3376
-3542
-3197
-2339
-1092
623
2753
5005
7372
9715
11557
12860
13843
14188
13546
12397
11006
9033
6665
4507
2434
185
-1758
-3033
-4017
-4842
-5136
-4976
-4729
-4336
-3723
-3252
-3098
-3083
-3201
-3622
-4319
-5152
-6055
-7001
-7829
-8409
-8754
-8820
-8480
-7665
-6509
-5116
-3469
-1721
-97
1383
2672
3540
3900
3916
3561
2778
1745
636
-566
-1735
-2668
-3289
-3529
-3319
-2650
-1499
179
2200
4415
6847
9232
11116
12528
13644
14095
13589
12557
11248
9351
7035
4861
2767
497
-1530
-2924
-3992
-4876
-5274
-5206
-4955
-4546
-3942
-3371
-3066
-2967
-3015
-3293
-3883
-4711
-5607
-6510
-7374
-8051
-8434
-8563
-8376
-7710
-6606
-5279
-3736
-1999
-300
1216
2561
3602
4122
4177
3913
3258
2231
1080
-115
-1355
-2455
-3194
-3547
-3521
-3003
-1951
-387
1575
3813
6249
8676
10704
12259
13454
14057
13738
12765
11481
9681
7395
5121
2976
688
-1453
-2968
-4040
-4954
-5427
-5343
-5040
-4618
-3951
-3288
-2926
-2790
-2776
-3041
-3637
-4481
-5441
-6421
-7356
-8114
-8596
-8801
-8702
-8127
-7087
-5787
-4276
-2524
-758
820
2247
3418
4051
4188
3996
3409
2420
1285
106
-1123
-2239
-2976
-3334
-3308
-2821
-1803
-274
1647
3863
6267
8677
10704
12277
13514
14159
13870
12907
11632
9814
7473
5176
2975
593
-1631
-3150
-4260
-5242
-5720
-5614
-5317
-4877
-4148
-3434
-3041
-2833
-2738
-2922
-3480
-4284
-5213
-6193
-7144
-7915
-8405
-8657
-8613
-8080
-7060
-5784
-4305
-2560
-764
838
2309
3536
4210
4351
4162
3578
2574
1386
165
-1111
-2266
-3029
-3395
-3416
-2958
-1960
-449
1449
3668
6112
8531
10573
12225
13552
14218
13934
13034
11764
9882
7513
5184
2917
456
-1767
-3298
-4442
-5435
-5880
-5736
-5428
-4979
-4208
-3455
-3054
-2828
-2664
-2825
-3409
-4198
-5069
-6059
-7050
-7802
-8277
-8584
-8556
-7978
-6975
-5757
-4252
-2479
-717
890
2418
3639
4298
4461
4278
3648
2609
1408
119
-1223
-2388
-3147
-3538
-3530
-3042
-1972
-386
1593
3868
6375
8801
10819
12472
13780
14315
13888
12940
11598
9573
7118
4785
2429
-98
-2247
-3695
-4849
-5796
-6111
-5891
-5531
-4982
-4148
-3412
-3013
-2741
-2589
-2807
-3429
-4232
-5132
-6148
-7122
-7833
-8316
-8589
-8461
-7784
-6749
-5472
-3893
-2103
-372
1245
2750
3869
4423
4562
4339
3639
2600
1412
123
-1191
-2283
-2985
-3325
-3286
-2720
-1572
71
2083
4390
6884
9186
11089
12686
13847
14122
13538
12541
11048
8875
6441
4114
1652
-864
-2845
-4210
-5392
-6202
-6312
-6024
-5614
-4927
-4027
-3367
-2969
-2631
-2517
-2853
-3517
-4307
-5262
-6327
-7231
-7914
-8418
-8628
-8354
-7588
-6521
-5161
-3503
-1745
-44
1575
3008
3980
4446
4532
4223
3474
2418
1212
-93
-1384
-2414
-3049
-3317
-3180
-2470
-1138
651
2783
5241
7759
9944
11799
13359
14242
14157
13448
12308
10466
8113
5715
3257
618
-1784
-3519
-4893
-6018
-6540
-6465
-6126
-5574
-4689
-3812
-3214
-2764
-2435
-2435
-2852
-3542
-4377
-5379
-6421
-7279
-7915
-8376
-8510
-8085
-7223
-6132
-4705
-2987
-1268
358
1949
3269
4014
4326
4319
3845
2952
1864
641
-698
-1896
-2714
-3205
-3329
-2943
-1941
-395
1563
3896
6421
8791
10827
12609
13928
14346
13969
13146
11720
9578
7213
4853
2229
-453
-2554
-4136
-5550
-6483
-6707
-6548
-6165
-5402
-4430
-3673
-3119
-2624
-2368
-2519
-3028
-3752
-4652
-5686
-6662
-7418
-7994
-8383
-8294
-7622
-6655
-5472
-3900
-2115
-465
1117
2660
3747
4220
4363
4180
3470
2406
1249
-55
-1393
-2401
-3034
-3366
-3261
-2534
-1225
521
2685
5176
7645
9818
11739
13348
14202
14132
13512
12402
10543
8206
5864
3370
601
-1826
-3589
-5112
-6356
-6887
-6838
-6585
-5988
-4999
-4096
-3465
-2887
-2405
-2319
-2661
-3235
-3984
-4962
-5969
-6803
-7460
-7981
-8162
-7750
-6913
-5873
-4523
-2836
-1122
478
2052
3375
4124
4445
4452
4008
3124
2026
780
-580
-1763
-2581
-3091
-3267
-2901
-1906
-432
1455
3769
6252
8506
10531
12391
13694
14032
13689
12921
11433
9272
6970
4598
1883
-784
-2790
-4393
-5851
-6765
-6960
-6818
-6440
-5612
-4628
-3907
-3342
-2756
-2413
-2570
-3071
-3711
-4562
-5576
-6499
-7196
-7812
-8216
-8050
-7372
-6453
-5252
-3665
-1958
-312
1375
2879
3878
4409
4628
4406
3701
2727
1538
163
-1130
-2103
-2786
-3171
-3074
-2350
-1096
614
2768
5231
7610
9734
11723
13360
14118
14044
13501
12361
10415
8127
5806
3168
357
-1969
-3728
-5317
-6519
-7002
-6993
-6748
-6090
-5109
-4256
-3627
-3007
-2497
-2418
-2782
-3363
-4129
-5129
-6142
-6944
-7632
-8222
-8341
-7850
-7073
-6057
-4614
-2941
-1322
356
2019
3251
3943
4344
4381
3874
3013
1971
703
-638
-1688
-2416
-2884
-2947
-2414
-1308
262
2283
4667
7104
9293
11295
13080
14167
14316
13893
12979
11289
9052
6756
4245
1401
-1172
-3116
-4786
-6237
-7008
-7180
-7085
-6612
-5710
-4803
-4138
-3490
-2862
-2576
-2750
-3187
-3811
-4690
-5671
-6501
-7206
-7856
-8190
-7918
-7225
-6342
-5088
-3473
-1836
-223
1463
2906
3776
4262
4480
4202
3435
2438
1251
-129
-1380
-2253
-2856
-3146
-2876
-1968
-562
1283
3586
6071
8359
10446
12397
13826
14300
14069
13394
12000
9898
7631
5257
2489
-242
-2341
-4056
-5651
-6689
-7015
-7007
-6716
-5934
-4983
-4270
-3668
-3023
-2627
-2708
-3108
-3662
-4451
-5442
-6326
-7030
-7687
-8152
-8066
-7449
-6618
-5488
-3934
-2249
-639
999
2530
3565
4107
4351
4211
3586
2628
1480
155
-1158
-2174
-2854
-3232
-3153
-2438
-1132
610
2781
5280
7682
9822
11837
13507
14305
14238
13729
12610
10657
8367
6067
3433
596
-1706
-3447
-5087
-6347
-6833
-6878
-6724
-6117
-5155
-4365
-3789
-3165
-2669
-2645
-3013
-3551
-4304
-5267
-6211
-6956
-7605
-8142
-8239
-7760
-6968
-5931
-4493
-2816
-1170
474
2090
3308
3973
4300
4283
3786
2917
1848
579
-755
-1848
-2610
-3106
-3220
-2708
-1591
-9
2013
4444
6916
9112
11155
13004
14121
14273
13893
13027
11325
9069
6777
4269
1408
-1124
-2961
-4602
-6039
-6750
-6846
-6759
-6322
-5407
-4508
-3902
-3295
-2675
-2477
-2763
-3270
-3942
-4879
-5884
-6693
-7377
-7978
-8236
-7911
-7209
-6272
-4958
-3334
-1682
-39
1632
3006
3816
4245
4373
3998
3197
2192
991
-373
-1574
-2405
-2976
-3247
-2942
-1986
-559
1300
3622
6103
8340
10407
12372
13752
14172
13962
13325
11913
9810
7580
5185
2379
-325
-2349
-4043
-5648
-6607
-6847
-6847
-6565
-5749
-4793
-4148
-3576
-2891
-2508
-2672
-3121
-3696
-4534
-5561
-6427
-7111
-7787
-8209
-8045
-7410
-6589
-5426
-3849
-2194
-574
1132
2676
3632
4153
4424
4242
3535
2557
1428
101
-1186
-2127
-2755
-3127
-2991
-2193
-868
883
3108
5582
7888
9976
11967
13498
14106
13991
13451
12204
10191
7960
5640
2890
84
-2074
-3796
-5447
-6570
-6905
-6910
-6707
-5966
-4961
-4242
-3679
-2995
-2492
-2538
-2954
-3503
-4266
-5268
-6197
-6909
-7551
-8050
-8026
-7444
-6629
-5584
-4113
-2447
-836
815
2403
3513
4073
4360
4306
3703
2730
1613
323
-1004
-2048
-2750
-3190
-3206
-2580
-1368
289
2419
4907
7291
9423
11484
13212
14061
14074
13671
12648
10769
8569
6335
3680
780
-1561
-3335
-5046
-6359
-6840
-6890
-6775
-6144
-5141
-4361
-3785
-3112
-2540
-2454
-2791
-3320
-4051
-5014
-6001
-6809
-7494
-8061
-8200
-7739
-6954
-5989
-4623
-2966
-1337
289
1929
3212
3903
4287
4380
3928
3021
1945
711
-627
-1738
-2491
-2990
-3123
-2644
-1564
-20
1987
4410
6838
9002
11079
12935
13991
14131
13797
12937
11227
9046
6848
4338
1448
-1052
-2907
-4625
-6086
-6770
-6888
-6811
-6306
-5370
-4531
-3952
-3331
-2738
-2555
-2798
-3290
-3971
-4875
-5873
-6739
-7464
-8103
-8395
-8086
-7352
-6430
-5149
-3497
-1829
-207
1487
2926
3759
4229
4484
4197
3376
2365
1172
-210
-1418
-2241
-2816
-3075
-2720
-1746
-311
1584
3948
6379
8581
10689
12643
13924
14247
14023
13310
11759
9620
7410
4962
2076
-583
-2546
-4275
-5861
-6730
-6931
-6894
-6484
-5579
-4666
-4030
-3410
-2773
-2479
-2658
-3130
-3785
-4657
-5667
-6584
-7348
-8029
-8467
-8310
-7643
-6782
-5601
-3972
-2252
-626
1097
2663
3620
4128
4450
4282
3526
2522
1372
-15
-1331
-2248
-2869
-3218
-2982
-2085
-693
1152
3482
5998
8272
10386
12417
13889
14385
14204
13605
12220
10091
7834
5461
2612
-207
-2284
-3981
-5615
-6644
-6893
-6847
-6539
-5705
-4712
-4023
-3433
-2780
-2388
-2491
-2944
-3584
-4435
-5456
-6444
-7242
-7925
-8451
-8441
-7831
-6981
-5907
-4350
-2573
-910
780
2440
3566
4132
4466
4422
3760
2742
1593
225
-1165
-2214
-2921
-3368
-3319
-2593
-1314
429
2650
5181
7575
9730
11811
13510
14294
14250
13799
12706
10749
8496
6232
3549
639
-1650
-3352
-5016
-6278
-6691
-6670
-6474
-5801
-4805
-4032
-3476
-2861
-2372
-2347
-2749
-3369
-4153
-5145
-6181
-7047
-7755
-8364
-8544
-8076
-7282
-6319
-4935
-3196
-1508
141
1830
3155
3862
4256
4373
3925
3009
1931
677
-690
-1809
-2558
-3066
-3195
-2677
-1570
-6
2023
4463
6911
9086
11168
13050
14159
14297
13951
13144
11456
9218
7003
4516
1592
-982
-2817
-4497
-6034
-6769
-6836
-6742
-6290
-5339
-4437
-3857
-3247
-2613
-2392
-2671
-3203
-3877
-4796
-5863
-6782
-7528
-8210
-8578
-8283
-7548
-6656
-5407
-3717
-1972
-328
1407
2930
3820
4302
4552
4286
3473
2413
1205
-203
-1461
-2319
-2924
-3223
-2929
-1979
-543
1336
3695
6216
8499
10604
12599
14007
14384
14107
13464
12029
9848
7587
5239
2401
-377
-2362
-4015
-5651
-6616
-6776
-6702
-6393
-5525
-4529
-3902
-3334
-2673
-2350
-2549
-3052
-3711
-4611
-5697
-6683
-7484
-8185
-8676
-8574
-7909
-7045
-5907
-4293
-2510
-844
872
2522
3614
4160
4485
4396
3701
2691
1536
178
-1160
-2122
-2782
-3191
-3082
-2298
-986
750
2985
5499
7851
9992
12066
13707
14383
14260
13789
12642
10630
8383
6126
3409
520
-1682
-3396
-5133
-6377
-6745
-6777
-6620
-5909
-4896
-4180
-3612
-2922
-2446
-2463
-2866
-3445
-4243
-5280
-6323
-7165
-7887
-8498
-8654
-8160
-7346
-6353
-4912
-3155
-1469
197
1919
3219
3901
4295
4371
3864
2949
1866
574
-784
-1839
-2562
-3059
-3095
-2490
-1334
273
2382
4862
7255
9424
11528
13330
14268
14330
13971
13039
11207
8999
6799
4191
1262
-1144
-2950
-4733
-6164
-6724
-6833
-6769
-6189
-5173
-4361
-3779
-3081
-2500
-2374
-2679
-3213
-3944
-4929
-5988
-6886
-7636
-8305
-8646
-8314
-7564
-6651
-5365
-3687
-1978
-314
1418
2846
3668
4149
4346
4006
3216
2202
959
-401
-1488
-2258
-2847
-3021
-2564
-1588
-144
1842
4241
6607
8801
10964
12889
14044
14309
14089
13320
11670
9537
7363
4844
1902
-665
-2580
-4416
-6006
-6769
-6964
-6995
-6542
-5548
-4655
-4033
-3321
-2634
-2370
-2540
-2974
-3620
-4508
-5527
-6458
-7223
-7915
-8391
-8259
-7608
-6788
-5656
-4068
-2384
-762
963
2515
3461
4003
4331
4149
3450
2525
1362
-11
-1201
-2046
-2737
-3087
-2795
-1965
-688
1176
3531
5898
8120
10333
12368
13718
14207
14136
13517
12076
10044
7898
5472
2582
-110
-2135
-3976
-5679
-6628
-6914
-7005
-6695
-5788
-4827
-4176
-3485
-2741
-2346
-2407
-2786
-3377
-4192
-5184
-6163
-6972
-7686
-8284
-8367
-7829
-7086
-6131
-4677
-2969
-1350
341
2031
3182
3817
4271
4318
3766
2908
1863
542
-727
-1657
-2391
-2885
-2803
-2111
-970
719
2952
5313
7547
9762
11875
13412
14096
14159
13716
12482
10552
8434
6082
3250
451
-1727
-3601
-5393
-6557
-6974
-7109
-6927
-6145
-5170
-4445
-3744
-2970
-2429
-2333
-2623
-3154
-3879
-4801
-5815
-6682
-7403
-8065
-8318
-7916
-7219
-6375
-5062
-3389
-1753
-73
1676
2987
3733
4263
4461
4039
3222
2225
955
-366
-1392
-2168
-2768
-2868
-2334
-1310
224
2313
4667
6922
9115
11289
13037
13929
14104
13851
12881
11091
8997
6768
4045
1138
-1190
-3096
-4972
-6361
-6948
-7135
-7060
-6419
-5460
-4673
-3968
-3181
-2536
-2305
-2500
-2973
-3638
-4506
-5520
-6440
-7200
-7917
-8308
-8036
-7392
-6641
-5453
-3839
-2222
-584
1184
2598
3426
4019
4352
4067
3325
2398
1208
-123
-1190
-1976
-2622
-2867
-2451
-1502
-120
1815
4129
6396
8544
10729
12652
13767
14072
13969
13265
11670
9632
7514
4938
1989
-487
-2417
-4336
-5935
-6713
-7005
-7065
-6599
-5695
-4894
-4212
-3431
-2726
-2389
-2489
-2903
-3523
-4333
-5329
-6294
-7077
-7829
-8352
-8233
-7667
-7001
-5962
-4418
-2803
-1205
588
2149
3110
3787
4274
4173
3524
2698
1613
278
-854
-1669
-2361
-2765
-2511
-1671
-410
1383
3647
5959
8109
10283
12331
13662
14105
14095
13584
12177
10210
8143
5695
2754
108
-1908
-3867
-5644
-6622
-7005
-7185
-6885
-6033
-5208
-4541
-3754
-2975
-2539
-2516
-2807
-3355
-4108
-5056
-6030
-6869
-7636
-8255
-8327
-7860
-7245
-6353
-4919
-3296
-1732
23
1727
2845
3584
4187
4296
3766
3003
2028
706
-542
-1411
-2147
-2704
-2632
-1908
-758
888
3106
5454
7624
9801
11938
13450
14064
14157
13768
12542
10648
8608
6268
3371
615
-1511
-3469
-5337
-6489
-6951
-7180
-7000
-6219
-5340
-4656
-3887
-3064
-2551
-2452
-2691
-3190
-3910
-4812
-5778
-6636
-7405
-8062
-8255
-7868
-7273
-6474
-5151
-3548
-1987
-297
1442
2666
3411
4021
4236
3792
3029
2097
826
-493
-1434
-2173
-2792
-2861
-2235
-1134
443
2602
4994
7230
9426
11611
13274
14041
14207
13924
12840
11019
8992
6708
3882
1042
-1184
-3152
-5073
-6358
-6887
-7128
-7028
-6297
-5378
-4655
-3905
-3072
-2477
-2333
-2543
-3016
-3739
-4648
-5635
-6532
-7323
-8021
-8315
-8011
-7417
-6669
-5433
-3819
-2245
-584
1191
2559
3357
3974
4299
3957
3206
2327
1140
-182
-1196
-1947
-2582
-2772
-2252
-1229
231
2265
4619
6848
9001
11173
12925
13795
14012
13827
12888
11162
9176
6986
4253
1381
-919
-2871
-4819
-6229
-6837
-7106
-7099
-6485
-5563
-4835
-4149
-3306
-2629
-2395
-2527
-2898
-3520
-4384
-5340
-6202
-6977
-7713
-8082
-7845
-7303
-6622
-5505
-3965
-2432
-867
875
2320
3172
3796
4192
3965
3246
2381
1286
-13
-1084
-1818
-2425
-2690
-2277
-1305
85
1993
4309
6561
8681
10838
12676
13655
13914
13785
12979
11317
9343
7236
4605
1719
-631
-2572
-4543
-6034
-6714
-7008
-7076
-6545
-5635
-4910
-4273
-3471
-2773
-2503
-2596
-2924
-3484
-4304
-5248
-6113
-6875
-7616
-8062
-7892
-7360
-6711
-5674
-4170
-2629
-1101
607
2089
3002
3636
4094
3985
3327
2491
1448
196
-879
-1630
-2233
-2545
-2223
-1318
-2
1812
4063
6323
8441
10584
12517
13646
13969
13909
13253
11702
9715
7642
5089
2152
-325
-2288
-4295
-5964
-6766
-7101
-7239
-6812
-5923
-5170
-4530
-3722
-2965
-2621
-2662
-2960
-3485
-4240
-5176
-6083
-6846
-7565
-8067
-7970
-7421
-6784
-5825
-4353
-2770
-1241
452
2017
2991
3652
4161
4120
3504
2670
1635
384
-725
-1508
-2157
-2540
-2321
-1512
-290
1423
3606
5873
8019
10184
12210
13493
13919
13914
13403
12014
10076
8042
5603
2703
130
-1885
-3899
-5698
-6652
-7045
-7228
-6888
-6031
-5239
-4606
-3822
-3053
-2643
-2628
-2896
-3373
-4066
-4950
-5876
-6678
-7434
-8022
-8036
-7534
-6924
-6042
-4615
-3017
-1490
187
1792
2847
3541
4120
4206
3670
2858
1842
575
-613
-1480
-2197
-2678
-2563
-1817
-618
1046
3185
5478
7659
9830
11932
13390
13951
14016
13623
12369
10462
8434
6055
3161
503
-1543
-3527
-5385
-6462
-6894
-7132
-6914
-6101
-5293
-4655
-3889
-3083
-2601
-2554
-2820
-3296
-3978
-4884
-5837
-6654
-7415
-8082
-8200
-7755
-7183
-6381
-5032
-3436
-1899
-201
1501
2669
3421
4042
4229
3786
3016
2068
826
-380
-1277
-2003
-2562
-2593
-1956
-854
724
2822
5165
7384
9572
11723
13311
13989
14101
13777
12635
10796
8787
6493
3655
888
-1280
-3276
-5215
-6454
-6967
-7217
-7079
-6338
-5449
-4791
-4090
-3274
-2711
-2590
-2793
-3204
-3832
-4714
-5665
-6499
-7296
-8013
-8241
-7855
-7260
-6466
-5175
-3573
-2022
-358
1367
2644
3439
4090
4396
4060
3347
2435
1208
-95
-1090
-1875
-2506
-2666
-2145
-1129
334
2360
4674
6877
9029
11203
12912
13749
13972
13750
12743
10981
8982
6747
3985
1167
-1078
-3025
-4941
-6303
-6896
-7162
-7143
-6502
-5577
-4849
-4146
-3304
-2622
-2419
-2570
-2936
-3556
-4444
-5396
-6224
-7012
-7753
-8084
-7820
-7277
-6578
-5408
-3874
-2331
-705
1038
2441
3290
3933
4292
4031
3352
2481
1310
-7
-1061
-1855
-2552
-2841
-2445
-1530
-170
1792
4143
6409
8598
10842
12702
13708
14052
13958
13119
11485
9552
7413
4732
1858
-508
-2509
-4499
-6011
-6728
-7073
-7152
-6633
-5737
-5001
-4356
-3547
-2829
-2547
-2655
-2974
-3536
-4390
-5336
-6175
-6959
-7741
-8165
-7993
-7478
-6796
-5708
-4201
-2654
-1056
689
2163
3076
3748
4174
4034
3442
2648
1554
259
-802
-1592
-2283
-2621
-2285
-1406
-115
1766
4079
6317
8466
10675
12586
13684
14071
14023
13281
11696
9747
7621
4972
2039
-421
-2439
-4436
-6037
-6845
-7226
-7368
-6926
-6037
-5256
-4579
-3757
-2980
-2592
-2624
-2922
-3457
-4256
-5207
-6071
-6837
-7607
-8121
-8029
-7531
-6905
-5902
-4415
-2846
-1249
528
2095
3090
3776
4249
4172
3597
2802
1745
450
-644
-1450
-2153
-2577
-2352
-1555
-334
1461
3724
5995
8131
10323
12314
13539
13979
13978
13373
11919
10008
7954
5426
2494
-50
-2085
-4087
-5785
-6700
-7099
-7274
-6926
-6078
-5279
-4625
-3864
-3078
-2635
-2622
-2901
-3408
-4158
-5100
-5999
-6767
-7515
-8065
-8037
-7539
-6927
-6004
-4592
-3042
-1504
226
1833
2881
3589
4114
4131
3589
2805
1791
520
-606
-1407
-2091
-2567
-2450
-1733
-602
1048
3223
5506
7661
9865
11962
13391
13959
14028
13580
12280
10427
8436
6055
3198
564
-1529
-3531
-5375
-6492
-6983
-7226
-7016
-6250
-5416
-4763
-4032
-3239
-2732
-2673
-2908
-3333
-3987
-4875
-5769
-6530
-7303
-7947
-8042
-7617
-7060
-6243
-4928
-3395
-1883
-208
1434
2575
3327
3922
4095
3670
2960
2006
764
-426
-1306
-2029
-2598
-2608
-1980
-895
671
2777
5094
7286
9483
11644
13225
13927
14080
13761
12625
10819
8837
6533
3712
977
-1194
-3176
-5090
-6347
-6909
-7186
-7085
-6409
-5556
-4887
-4177
-3343
-2728
-2557
-2743
-3135
-3750
-4606
-5546
-6375
-7154
-7864
-8090
-7725
-7158
-6435
-5228
-3706
-2199
-572
1128
2413
3239
3903
4208
3893
3191
2276
1060
-219
-1182
-1937
-2585
-2756
-2254
-1268
161
2162
4459
6678
8884
11117
12882
13768
14027
13837
12896
11201
9246
7058
4336
1516
-749
-2718
-4705
-6177
-6848
-7174
-7199
-6593
-5689
-4980
-4287
-3424
-2720
-2463
-2571
-2918
-3507
-4311
-5239
-6110
-6917
-7677
-8070
-7857
-7312
-6653
-5588
-4096
-2553
-979
727
2146
3051
3730
4165
4022
3400
2566
1436
149
-882
-1681
-2398
-2733
-2390
-1529
-215
1673
3936
6164
8363
10622
12549
13674
14072
14032
13323
11785
9868
7750
5105
2172
-288
-2317
-4379
-6068
-6920
-7326
-7474
-7003
-6089
-5327
-4642
-3756
-2953
-2567
-2555
-2825
-3378
-4123
-5020
-5932
-6759
-7539
-8077
-8028
-7519
-6905
-5990
-4544
-2953
-1402
314
1902
2945
3662
4227
4251
3695
2910
1865
561
-563
-1390
-2134
-2597
-2396
-1644
-470
1296
3505
5704
7852
10115
12153
13442
13979
14038
13484
12105
10250
8188
5650
2735
157
-1913
-3963
-5771
-6798
-7279
-7527
-7213
-6347
-5532
-4856
-4018
-3161
-2654
-2552
-2759
-3227
-3883
-4715
-5622
-6422
-7205
-7879
-8016
-7589
-7059
-6322
-4988
-3394
-1884
-212
1488
2664
3406
4066
4278
3833
3138
2225
975
-213
-1062
-1824
-2424
-2379
-1744
-715
883
3025
5230
7333
9575
11702
13160
13841
14037
13684
12506
10751
8764
6363
3490
787
-1369
-3407
-5341
-6563
-7122
-7430
-7301
-6561
-5728
-5071
-4310
-3448
-2821
-2626
-2765
-3146
-3720
-4505
-5418
-6220
-6981
-7730
-8024
-7662
-7140
-6527
-5346
-3775
-2293
-707
1045
2341
3130
3832
4205
3891
3224
2402
1213
-51
-954
-1686
-2356
-2483
-1940
-1013
395
2435
4676
6785
8977
11208
12903
13763
14089
13936
12965
11298
9387
7155
4373
1575
-676
-2731
-4760
-6210
-6910
-7308
-7354
-6767
-5919
-5230
-4506
-3631
-2946
-2679
-2772
-3110
-3635
-4379
-5277
-6108
-6876
-7659
-8088
-7876
-7403
-6849
-5806
-4280
-2766
-1182
583
1990
2855
3587
4086
3918
3334
2615
1537
265
-686
-1408
-2144
-2452
-2029
-1160
124
2051
4318
6452
8561
10810
12676
13682
14075
14077
13342
11775
9907
7795
5089
2161
-246
-2315
-4424
-6068
-6894
-7342
-7518
-7064
-6221
-5504
-4805
-3918
-3125
-2722
-2691
-2933
-3411
-4124
-5013
-5868
-6643
-7437
-7976
-7882
-7434
-6931
-6013
-4588
-3098
-1569
193
1738
2715
3497
4117
4095
3542
2842
1825
517
-551
-1296
-2049
-2516
-2250
-1461
-316
1441
3698
5888
7978
10257
12319
13533
14013
14132
13589
12153
10325
8332
5771
2831
321
-1760
-3894
-5709
-6705
-7230
-7489
-7143
-6301
-5551
-4879
-4035
-3231
-2762
-2679
-2895
-3328
-3957
-4793
-5668
-6437
-7222
-7889
-7964
-7527
-7031
-6250
-4889
-3354
-1878
-182
1466
2528
3284
3976
4150
3702
3037
2122
834
-356
-1171
-1935
-2530
-2431
-1696
-615
1014
3202
5405
7452
9664
11823
13230
13842
14080
13737
12463
10696
8768
6293
3347
749
-1358
-3481
-5372
-6491
-7110
-7464
-7230
-6480
-5741
-5054
-4195
-3356
-2800
-2597
-2775
-3223
-3814
-4615
-5530
-6325
-7054
-7765
-7964
-7569
-7064
-6406
-5169
-3615
-2136
-464
1258
2459
3239
3950
4251
3880
3208
2342
1127
-68
-909
-1644
-2281
-2325
-1711
-701
811
2898
5095
7139
9328
11494
12982
13654
13894
13610
12438
10747
8887
6507
3606
954
-1188
-3338
-5286
-6476
-7144
-7525
-7322
-6579
-5830
-5146
-4288
-3442
-2845
-2575
-2674
-3058
-3590
-4329
-5233
-6036
-6795
-7534
-7821
-7495
-7013
-6417
-5257
-3747
-2303
-707
992
2237
3030
3770
4175
3906
3272
2446
1297
90
-798
-1532
-2192
-2321
-1759
-780
670
2681
4829
6860
9029
11232
12795
13551
13894
13696
12616
11002
9186
6817
3930
1287
-882
-3042
-5025
-6298
-7030
-7480
-7357
-6683
-5965
-5309
-4490
-3611
-2986
-2714
-2800
-3138
-3663
-4413
-5261
-6023
-6778
-7506
-7781
-7491
-7084
-6533
-5427
-3990
-2577
-990
714
1973
2792
3556
3994
3782
3219
2484
1456
376
-425
-1112
-1699
-1790
-1263
-315
1108
3073
5143
7113
9255
11347
12765
13446
13748
13479
12363
10787
8982
6590
3728
1138
-1071
-3285
-5244
-6496
-7239
-7665
-7502
-6838
-6158
-5502
-4683
-3813
-3164
-2850
-2874
-3158
-3611
-4297
-5114
-5845
-6575
-7278
-7508
-7194
-6778
-6220
-5117
-3725
-2367
-815
827
2036
2855
3605
3996
3747
3175
2394
1306
227
-568
-1263
-1838
-1861
-1321
-425
1007
2969
4970
6912
9075
11147
12501
13211
13558
13264
12133
10617
8872
6515
3749
1278
-861
-3057
-4962
-6165
-6931
-7391
-7242
-6615
-6001
-5385
-4587
-3787
-3222
-2936
-2968
-3262
-3696
-4336
-5120
-5839
-6536
-7200
-7437
-7137
-6725
-6171
-5088
-3732
-2406
-888
706
1865
2680
3443
3817
3587
3082
2349
1278
254
-464
-1149
-1709
-1676
-1124
-245
1190
3142
5092
6982
9106
11118
12417
13100
13425
13107
11962
10448
8712
6372
3621
1179
-918
-3066
-4940
-6108
-6858
-7327
-7189
-6564
-5968
-5374
-4574
-3789
-3248
-2953
-2972
-3292
-3732
-4329
-5094
-5806
-6454
-7078
-7312
-7011
-6580
-6021
-4967
-3632
-2308
-812
757
1890
2680
3425
3769
3522
3017
2308
1234
206
-474
-1136
-1718
-1710
-1146
-291
1090
3036
5003
6869
8953
10977
12301
12955
13272
12999
11891
10380
8677
6402
3665
1210
-870
-3000
-4892
-6073
-6802
-7277
-7149
-6508
-5898
-5319
-4534
-3741
-3198
-2902
-2896
-3217
-3687
-4292
-5072
-5824
-6499
-7127
-7394
-7116
-6635
-6052
-5026
-3675
-2308
-802
794
1991
2811
3551
3938
3720
3201
2471
1360
248
-509
-1191
-1839
-1929
-1406
-585
715
2624
4637
6498
8547
10655
12140
12891
13276
13121
12147
10665
8994
6836
4147
1618
-494
-2595
-4559
-5871
-6663
-7196
-7187
-6594
-5947
-5368
-4601
-3784
-3195
-2869
-2833
-3125
-3594
-4168
-4926
-5689
-6375
-7045
-7407
-7231
-6794
-6273
-5335
-4003
-2639
-1157
456
1735
2585
3331
3816
3700
3237
2580
1531
393
-383
-1052
-1753
-1967
-1520
-754
423
2255
4304
6163
8150
10316
11973
12834
13297
13324
12513
11096
9491
7457
4815
2180
2
-2102
-4161
-5625
-6509
-7117
-7243
-6742
-6078
-5505
-4760
-3921
-3285
-2891
-2778
-3018
-3472
-4012
-4748
-5542
-6255
-6951
-7436
-7387
-6990
-6535
-5736
-4457
-3108
-1699
-75
1336
2243
3009
3645
3693
3285
2721
1816
656
-212
-844
-1539
-1918
-1592
-862
186
1868
3923
5816
7744
9925
11757
12777
13312
13470
12829
11469
9896
7970
5388
2683
442
-1648
-3758
-5363
-6319
-6996
-7265
-6849
-6172
-5596
-4894
-4054
-3380
-2940
-2773
-2986
-3429
-3947
-4624
-5424
-6124
-6788
-7371
-7434
-7045
-6609
-5914
-4692
-3322
-1965
-376
1144
2118
2836
3530
3731
3358
2819
2034
899
-108
-778
-1456
-1966
-1825
-1149
-160
1377
3401
5373
7267
9384
11353
12570
13175
13451
13034
11802
10256
8460
6022
3255
911
-1132
-3256
-5003
-6052
-6766
-7182
-6926
-6256
-5677
-5058
-4226
-3481
-3003
-2758
-2881
-3297
-3805
-4454
-5248
-5967
-6644
-7292
-7484
-7147
-6714
-6117
-4991
-3599
-2251
-711
892
1999
2715
3423
3762
3465
2921
2184
1083
-1
-734
-1383
-1960
-1982
-1387
-433
991
2954
4983
6881
8936
10979
12394
13085
13398
13169
12096
10553
8834
6577
3822
1332
-703
-2780
-4687
-5885
-6622
-7145
-7067
-6414
-5771
-5191
-4383
-3563
-3009
-2722
-2728
-3089
-3611
-4218
-4993
-5772
-6484
-7171
-7549
-7348
-6909
-6383
-5391
-3992
-2600
-1096
565
1850
2634
3344
3841
3701
3157
2473
1436
249
-615
-1294
-1967
-2209
-1740
-854
434
2322
4418
6325
8316
10455
12081
12890
13297
13274
12398
10899
9261
7169
4446
1829
-258
-2291
-4291
-5642
-6412
-6989
-7069
-6500
-5823
-5254
-4503
-3654
-3033
-2655
-2575
-2887
-3393
-3969
-4732
-5567
-6296
-7000
-7504
-7439
-7009
-6546
-5736
-4405
-3005
-1583
66
1505
2390
3097
3721
3759
3272
2633
1723
530
-446
-1124
-1815
-2237
-1935
-1145
-29
1685
3791
5741
7659
9841
11716
12723
13205
13399
12801
11398
9799
7930
5351
2599
385
-1629
-3749
-5359
-6244
-6875
-7162
-6758
-6046
-5473
-4777
-3907
-3211
-2756
-2553
-2739
-3214
-3750
-4460
-5332
-6094
-6794
-7420
-7531
-7146
-6697
-6040
-4820
-3372
-2002
-423
1180
2241
2972
3698
3980
3587
2977
2206
1045
-79
-832
-1529
-2144
-2112
-1469
-549
884
2900
4931
6801
8916
11019
12338
12954
13308
13071
11900
10335
8638
6320
3547
1117
-927
-3065
-4948
-6067
-6758
-7202
-7045
-6392
-5744
-5084
-4242
-3434
-2871
-2536
-2535
-2886
-3390
-4037
-4882
-5703
-6426
-7119
-7455
-7245
-6832
-6304
-5293
-3903
-2540
-1068
577
1871
2699
3446
3940
3765
3191
2516
1510
317
-575
-1251
-1920
-2189
-1754
-936
233
2037
4153
6096
8098
10253
11944
12791
13220
13276
12477
11008
9367
7342
4722
2087
-124
-2218
-4264
-5716
-6538
-7069
-7189
-6730
-6054
-5412
-4648
-3824
-3165
-2727
-2558
-2764
-3219
-3822
-4631
-5493
-6263
-6964
-7471
-7478
-7094
-6593
-5777
-4489
-3100
-1693
-58
1477
2533
3340
3997
4096
3647
3021
2152
958
-132
-903
-1614
-2139
-2034
-1407
-478
1001
3037
5110
7071
9184
11170
12438
13043
13276
12932
11755
10133
8339
6057
3384
909
-1212
-3278
-5086
-6217
-6829
-7164
-7010
-6365
-5655
-4986
-4187
-3411
-2876
-2600
-2595
-2918
-3510
-4244
-5089
-5930
-6696
-7325
-7592
-7385
-6922
-6254
-5153
-3768
-2384
-847
814
2128
3027
3783
4187
3958
3386
2660
1556
300
-640
-1378
-2075
-2328
-1933
-1172
-29
1752
3904
5950
7962
10075
11829
12807
13226
13248
12576
11153
9417
7484
5047
2358
14
-2027
-4021
-5595
-6450
-6915
-7105
-6727
-5972
-5286
-4587
-3743
-3040
-2635
-2448
-2554
-3023
-3712
-4497
-5356
-6189
-6920
-7451
-7565
-7272
-6782
-5980
-4754
-3382
-1978
-342
1251
2386
3238
3935
4104
3717
3159
2335
1110
-63
-907
-1675
-2324
-2397
-1894
-1079
243
2202
4366
6408
8497
10599
12218
13083
13433
13366
12540
10996
9201
7159
4572
1833
-448
-2472
-4458
-5901
-6618
-7042
-7153
-6647
-5859
-5196
-4443
-3568
-2924
-2571
-2437
-2651
-3209
-3923
-4747
-5656
-6476
-7173
-7661
-7701
-7340
-6796
-5912
-4597
-3180
-1711
-23
1549
2614
3456
4111
4179
3733
3146
2269
997
-123
-940
-1749
-2350
-2300
-1740
-861
588
2583
4703
6741
8839
10836
12320
13114
13387
13182
12241
10632
8752
6597
3971
1280
-942
-2916
-4808
-6135
-6769
-7109
-7131
-6566
-5750
-5031
-4231
-3365
-2717
-2397
-2343
-2607
-3173
-3900
-4774
-5668
-6432
-7115
-7579
-7536
-7139
-6596
-5650
-4262
-2847
-1389
301
1792
2753
3538
4119
4049
3533
2935
2004
702
-397
-1228
-2064
-2605
-2498
-1930
-1004
508
2493
4604
6716
8830
10781
12290
13153
13409
13192
12301
10684
8738
6589
4020
1322
-905
-2834
-4697
-6018
-6610
-6912
-6935
-6356
-5508
-4791
-4009
-3149
-2562
-2313
-2314
-2640
-3252
-4031
-4948
-5869
-6638
-7307
-7758
-7694
-7261
-6673
-5680
-4233
-2770
-1295
421
1920
2886
3670
4270
4187
3624
3014
2063
713
-447
-1299
-2159
-2750
-2680
-2144
-1267
173
2096
4205
6347
8481
10451
12064
13068
13370
13189
12434
10911
8957
6870
4438
1751
-591
-2492
-4324
-5783
-6483
-6760
-6808
-6353
-5505
-4713
-3969
-3159
-2520
-2229
-2243
-2542
-3114
-3878
-4814
-5789
-6615
-7339
-7866
-7901
-7488
-6884
-5931
-4485
-2919
-1423
255
1859
2960
3753
4380
4461
3930
3230
2311
1012
-281
-1262
-2118
-2785
-2887
-2452
-1644
-342
1438
3495
5694
7860
9863
11599
12845
13352
13248
12684
11408
9474
7376
5133
2526
-28
-2014
-3750
-5369
-6334
-6604
-6650
-6423
-5648
-4724
-4008
-3284
-2563
-2158
-2160
-2420
-2906
-3674
-4597
-5567
-6459
-7195
-7760
-7968
-7683
-7064
-6217
-4962
-3364
-1788
-224
1425
2785
3647
4244
4559
4268
3523
2669
1570
235
-945
-1846
-2594
-3017
-2856
-2193
-1117
421
2379
4558
6747
8798
10620
12099
12942
13062
12691
11779
10127
8062
5935
3543
922
-1311
-3027
-4640
-5883
-6373
-6444
-6367
-5843
-4926
-4129
-3463
-2733
-2175
-2020
-2160
-2567
-3274
-4141
-5092
-6075
-6870
-7443
-7845
-7827
-7280
-6492
-5511
-4068
-2387
-839
725
2315
3459
4089
4515
4563
3991
3124
2175
966
-351
-1417
-2255
-2903
-3087
-2713
-1907
-649
1096
3143
5316
7462
9387
11016
12240
12808
12697
12104
10942
9142
7057
4872
2453
-3
-2014
-3626
-5046
-5963
-6253
-6226
-5957
-5278
-4382
-3615
-2937
-2309
-1917
-1878
-2172
-2728
-3504
-4429
-5437
-6330
-7002
-7543
-7818
-7564
-6922
-6112
-4969
-3405
-1816
-344
1245
2692
3581
4121
4477
4333
3644
2799
1817
554
-690
-1671
-2477
-3014
-3034
-2551
-1674
-305
1483
3472
5620
7718
9507
10989
12120
12576
12308
11622
10430
8587
6501
4421
2123
-210
-2053
-3488
-4793
-5608
-5778
-5723
-5477
-4771
-3893
-3258
-2697
-2134
-1901
-2038
-2370
-2946
-3799
-4717
-5593
-6425
-7086
-7517
-7683
-7404
-6710
-5813
-4653
-3125
-1546
-100
1391
2749
3578
4035
4345
4193
3472
2596
1636
395
-831
-1751
-2462
-2953
-2953
-2431
-1543
-239
1456
3382
5450
7470
9206
10655
11740
12167
11916
11264
10115
8340
6358
4386
2217
1
-1776
-3170
-4418
-5209
-5425
-5391
-5149
-4535
-3794
-3217
-2705
-2289
-2143
-2249
-2573
-3177
-3966
-4769
-5621
-6460
-7031
-7379
-7532
-7239
-6504
-5618
-4521
-3048
-1508
-130
1285
2601
3462
3963
4268
4139
3489
2667
1726
566
-580
-1499
-2264
-2785
-2828
-2463
-1741
-567
993
2757
4735
6746
8447
9834
10952
11508
11361
10803
9838
8272
6395
4548
2576
456
-1355
-2708
-3867
-4725
-5015
-4969
-4812
-4369
-3679
-3075
-2642
-2271
-2047
-2103
-2414
-2930
-3624
-4439
-5296
-6076
-6651
-7027
-7210
-7017
-6414
-5584
-4572
-3239
-1754
-371
967
2258
3215
3749
4035
3993
3489
2686
1766
708
-417
-1433
-2243
-2772
-2925
-2698
-2072
-1002
429
2082
3954
5928
7646
9042
10236
11000
11070
10620
9833
8537
6797
4998
3188
1221
-641
-2091
-3230
-4148
-4666
-4770
-4664
-4360
-3822
-3217
-2742
-2403
-2179
-2146
-2346
-2779
-3401
-4125
-4889
-5646
-6281
-6695
-6915
-6876
-6440
-5653
-4708
-3570
-2181
-765
530
1762
2853
3572
3949
4089
3862
3220
2371
1419
328
-745
-1593
-2243
-2626
-2602
-2195
-1452
-324
1127
2744
4527
6340
7882
9113
10095
10582
10408
9834
8949
7542
5833
4171
2444
568
-1078
-2306
-3328
-4123
-4468
-4469
-4331
-3970
-3428
-2920
-2557
-2289
-2150
-2189
-2454
-2958
-3591
-4288
-5051
-5786
-6317
-6672
-6845
-6654
-6066
-5279
-4308
-3070
-1699
-386
904
2137
3082
3684
4016
4030
3633
2913
2012
994
-66
-1066
-1895
-2467
-2734
-2664
-2197
-1309
-125
1306
3025
4880
6555
7986
9211
10056
10327
10112
9547
8503
7031
5435
3792
2006
225
-1253
-2418
-3387
-4033
-4265
-4258
-4085
-3675
-3132
-2676
-2355
-2107
-2001
-2127
-2489
-3025
-3682
-4433
-5203
-5845
-6325
-6673
-6758
-6430
-5816
-5027
-3952
-2630
-1304
1
1353
2505
3278
3808
4101
3977
3469
2750
1831
736
-343
-1309
-2154
-2754
-3010
-2902
-2401
-1502
-294
1169
2891
4692
6343
7804
9011
9790
10058
9878
9257
8189
6776
5196
3531
1826
187
-1253
-2375
-3217
-3785
-3994
-3906
-3666
-3260
-2713
-2229
-1940
-1761
-1685
-1886
-2352
-2936
-3630
-4472
-5284
-5932
-6468
-6838
-6852
-6486
-5876
-5015
-3855
-2529
-1196
178
1504
2589
3371
3910
4125
3933
3414
2645
1647
537
-534
-1512
-2355
-2959
-3186
-3047
-2567
-1705
-486
985
2651
4444
6166
7615
8756
9591
9961
9763
9152
8210
6875
5283
3685
2092
450
-1022
-2096
-2893
-3486
-3716
-3610
-3392
-3070
-2554
-2095
-1862
-1725
-1677
-1886
-2365
-2960
-3676
-4534
-5355
-5983
-6492
-6846
-6854
-6483
-5867
-5016
-3879
-2590
-1270
81
1414
2525
3319
3846
4066
3907
3382
2624
1666
564
-525
-1497
-2328
-2968
-3277
-3199
-2784
-2029
-894
528
2106
3818
5563
7073
8246
9148
9681
9663
9153
8365
7222
5728
4174
2690
1162
-309
-1406
-2174
-2800
-3155
-3121
-2938
-2719
-2343
-1894
-1657
-1603
-1591
-1756
-2213
-2844
-3516
-4310
-5142
-5817
-6296
-6649
-6755
-6487
-5909
-5109
-4076
-2824
-1488
-172
1105
2252
3106
3633
3882
3818
3407
2697
1790
764
-312
-1328
-2198
-2883
-3320
-3403
-3115
-2519
-1596
-365
1085
2665
4333
5938
7260
8299
9052
9365
9160
8584
7727
6515
5101
3711
2322
921
-301
-1195
-1877
-2386
-2598
-2578
-2474
-2270
-1951
-1700
-1639
-1683
-1801
-2136
-2676
-3310
-4002
-4757
-5471
-5998
-6371
-6588
-6520
-6107
-5438
-4580
-3505
-2284
-1049
166
1313
2260
2920
3310
3422
3230
2754
2021
1126
159
-818
-1710
-2445
-2984
-3295
-3276
-2889
-2227
-1288
-55
1371
2892
4463
5974
7219
8146
8808
9090
8889
8336
7531
6429
5143
3864
2600
1330
197
-661
-1338
-1853
-2120
-2193
-2174
-2048
-1843
-1713
-1712
-1798
-1993
-2372
-2882
-3478
-4158
-4863
-5465
-5933
-6274
-6403
-6272
-5868
-5215
-4335
-3291
-2157
-985
181
1235
2089
2706
3057
3123
2918
2466
1773
912
-20
-930
-1778
-2499
-3015
-3312
-3308
-2965
-2330
-1444
-313
1058
2528
4006
5465
6715
7649
8303
8668
8608
8159
7480
6572
5424
4223
3050
1868
734
-169
-848
-1411
-1770
-1905
-1933
-1910
-1796
-1678
-1688
-1814
-2007
-2350
-2851
-3425
-4045
-4696
-5309
-5785
-6101
-6231
-6140
-5797
-5213
-4422
-3470
-2411
-1279
-155
859
1730
2411
2806
2913
2793
2430
1798
1006
170
-702
-1578
-2304
-2825
-3177
-3267
-2998
-2443
-1680
-653
638
2025
3408
4821
6131
7134
7873
8377
8510
8196
7608
6848
5832
4645
3507
2417
1298
322
-372
-911
-1358
-1582
-1589
-1576
-1527
-1418
-1395
-1576
-1826
-2144
-2640
-3243
-3859
-4494
-5135
-5642
-5985
-6200
-6204
-5935
-5413
-4678
-3749
-2697
-1600
-488
559
1446
2134
2609
2805
2731
2449
1925
1179
347
-500
-1343
-2087
-2628
-2999
-3166
-3022
-2582
-1931
-1054
84
1379
2703
4067
5377
6449
7239
7791
8064
7979
7555
6925
6116
5104
4029
2986
1972
1000
225
-324
-771
-1097
-1222
-1280
-1354
-1384
-1403
-1562
-1857
-2167
-2583
-3168
-3784
-4383
-5026
-5591
-5961
-6152
-6193
-5993
-5524
-4865
-4034
-3050
-1997
-950
84
995
1731
2275
2558
2573
2379
2011
1424
715
-12
-753
-1477
-2041
-2438
-2688
-2727
-2479
-1989
-1307
-420
635
1783
2972
4157
5260
6175
6856
7290
7480
7385
6969
6357
5600
4721
3776
2883
2026
1178
483
-21
-453
-803
-996
-1140
-1301
-1426
-1547
-1793
-2166
-2549
-3002
-3568
-4110
-4630
-5139
-5547
-5768
-5825
-5738
-5437
-4933
-4282
-3455
-2524
-1620
-718
159
919
1519
1957
2197
2192
2019
1723
1229
607
-19
-640
-1245
-1717
-2033
-2253
-2308
-2117
-1702
-1156
-435
466
1468
2510
3577
4627
5512
6172
6658
6965
6981
6715
6262
5678
4920
4057
3245
2436
1590
845
301
-184
-644
-955
-1175
-1408
-1629
-1797
-2029
-2395
-2769
-3144
-3603
-4086
-4504
-4877
-5202
-5368
-5387
-5284
-5030
-4617
-4045
-3350
-2565
-1759
-945
-149
552
1137
1615
1916
1992
1918
1744
1399
901
384
-160
-728
-1209
-1552
-1817
-1980
-1940
-1700
-1301
-737
3
855
1807
2832
3861
4810
5593
6201
6626
6835
6779
6487
6015
5375
4598
3783
2948
2056
1214
507
-83
-612
-1040
-1343
-1614
-1843
-1999
-2170
-2408
-2679
-2953
-3264
-3603
-3957
-4321
-4650
-4882
-5003
-5030
-4934
-4683
-4310
-3783
-3117
-2410
-1673
-883
-104
573
1170
1661
1915
1989
1949
1745
1349
842
301
-295
-878
-1352
-1738
-2046
-2177
-2080
-1797
-1337
-688
113
1043
2064
3125
4137
5061
5810
6357
6730
6868
6710
6305
5772
5063
4218
3357
2497
1609
788
148
-393
-879
-1237
-1474
-1665
-1800
-1881
-2009
-2195
-2424
-2686
-3013
-3379
-3775
-4196
-4552
-4800
-4958
-4996
-4857
-4582
-4170
-3558
-2808
-2041
-1241
-386
403
1063
1634
2039
2189
2152
1988
1640
1114
509
-118
-764
-1358
-1813
-2157
-2375
-2396
-2189
-1796
-1209
-482
370
1341
2356
3364
4321
5159
5792
6228
6512
6552
6304
5876
5323
4606
3797
3011
2220
1416
720
182
-265
-654
-918
-1112
-1285
-1423
-1547
-1722
-1993
-2306
-2653
-3057
-3478
-3925
-4352
-4691
-4924
-5035
-4982
-4767
-4422
-3923
-3241
-2469
-1682
-873
-74
635
1220
1686
1967
2024
1904
1656
1259
733
152
-459
-1035
-1516
-1891
-2144
-2252
-2199
-1974
-1571
-1000
-330
436
1312
2215
3100
3961
4720
5303
5719
6000
6057
5885
5549
5082
4479
3812
3163
2494
1831
1242
758
338
-42
-356
-630
-894
-1152
-1397
-1685
-2020
-2406
-2826
-3241
-3661
-4079
-4449
-4727
-4898
-4934
-4830
-4580
-4217
-3709
-3065
-2359
-1619
-873
-168
443
966
1373
1592
1652
1574
1361
1024
616
152
-350
-815
-1206
-1529
-1749
-1833
-1802
-1640
-1311
-838
-289
355
1115
1915
2701
3493
4230
4817
5247
5563
5720
5670
5450
5121
4681
4148
3573
2996
2412
1839
1319
871
443
31
-329
-670
-1015
-1352
-1681
-2039
-2431
-2824
-3189
-3554
-3926
-4236
-4477
-4637
-4687
-4589
-4378
-4079
-3648
-3090
-2491
-1864
-1213
-589
-33
449
841
1100
1212
1195
1073
831
505
120
-305
-720
-1099
-1415
-1664
-1812
-1847
-1764
-1557
-1228
-790
-254
374
1080
1822
2568
3289
3968
4542
4993
5310
5493
5513
5375
5137
4791
4335
3833
3315
2759
2189
1645
1150
634
142
-272
-679
-1095
-1469
-1816
-2186
-2562
-2906
-3225
-3557
-3837
-4037
-4189
-4281
-4253
-4125
-3918
-3630
-3241
-2775
-2281
-1749
-1198
-670
-200
223
564
798
907
926
850
662
399
101
-228
-586
-909
-1194
-1415
-1563
-1612
-1554
-1391
-1113
-713
-211
371
1040
1757
2492
3220
3902
4484
4950
5292
5502
5550
5441
5208
4858
4408
3876
3310
2707
2083
1485
926
393
-112
-565
-971
-1365
-1725
-2054
-2385
-2701
-2990
-3250
-3503
-3718
-3886
-4019
-4098
-4091
-3998
-3833
-3591
-3260
-2862
-2408
-1916
-1408
-904
-438
-20
340
600
759
824
798
682
477
210
-95
-427
-752
-1050
-1308
-1501
-1600
-1599
-1497
-1269
-919
-465
87
735
1450
2189
2929
3659
4307
4825
5229
5522
5617
5538
5334
5000
4534
3974
3392
2762
2126
1528
974
446
-28
-448
-834
-1184
-1508
-1812
-2113
-2402
-2684
-2963
-3241
-3501
-3736
-3936
-4074
-4137
-4115
-4007
-3802
-3502
-3108
-2638
-2115
-1559
-993
-451
36
464
794
1003
1100
1082
955
725
413
59
-339
-737
-1110
-1430
-1670
-1819
-1851
-1759
-1537
-1184
-714
-128
565
1316
2104
2906
3670
4353
4920
5344
5615
5714
5627
5392
5023
4545
3989
3397
2796
2174
1573
1039
556
103
-304
-651
-976
-1294
-1596
-1902
-2220
-2558
-2892
-3214
-3530
-3821
-4061
-4244
-4342
-4336
-4235
-4021
-3688
-3261
-2750
-2168
-1552
-942
-352
178
624
972
1194
1272
1214
1062
785
421
20
-397
-825
-1219
-1517
-1741
-1884
-1897
-1780
-1540
-1188
-705
-118
531
1248
1980
2716
3419
4038
4552
4949
5227
5359
5330
5165
4889
4505
4044
3546
3014
2461
1910
1403
917
441
-5
-418
-837
-1242
-1625
-2005
-2387
-2768
-3109
-3428
-3719
-3958
-4147
-4264
-4288
-4213
-4051
-3805
-3452
-3017
-2515
-1967
-1390
-823
-300
172
580
869
1044
1107
1054
901
658
352
-1
-375
-744
-1082
-1357
-1571
-1707
-1730
-1653
-1463
-1173
-774
-278
294
945
1648
2359
3067
3747
4337
4824
5206
5441
5503
5425
5227
4899
4457
3952
3415
2842
2250
1685
1156
637
132
-324
-753
-1171
-1575
-1956
-2329
-2687
-3012
-3320
-3589
-3825
-4012
-4127
-4179
-4142
-4019
-3817
-3519
-3141
-2691
-2200
-1677
-1153
-645
-186
206
520
729
827
827
731
529
264
-52
-387
-729
-1050
-1319
-1541
-1679
-1738
-1708
-1574
-1330
-984
-536
14
642
1331
2051
2781
3482
4113
4646
5061
5343
5480
5458
5294
5010
4621
4138
3603
3026
2430
1848
1290
750
236
-239
-682
-1098
-1490
-1853
-2208
-2544
-2857
-3139
-3393
-3613
-3794
-3931
-4008
-3992
-3917
-3782
-3537
-3218
-2833
-2391
-1899
-1401
-927
-453
-22
304
564
728
788
757
636
451
193
-102
-406
-714
-1001
-1241
-1432
-1556
-1587
-1525
-1361
-1089
-724
-248
316
954
1634
2328
3024
3694
4290
4771
5143
5382
5456
5383
5182
4859
4412
3898
3338
2732
2125
1531
970
425
-78
-519
-928
-1312
-1658
-1974
-2272
-2562
-2821
-3069
-3305
-3512
-3684
-3815
-3902
-3912
-3851
-3720
-3503
-3195
-2838
-2417
-1952
-1478
-1008
-555
-151
193
442
609
680
646
532
342
87
-204
-506
-806
-1089
-1327
-1500
-1595
-1607
-1515
-1323
-1029
-618
-111
482
1137
1839
2555
3250
3913
4488
4937
5263
5459
5493
5369
5122
4756
4281
3757
3200
2607
2011
1441
912
406
-46
-456
-840
-1199
-1533
-1849
-2162
-2473
-2775
-3074
-3357
-3597
-3811
-3978
-4074
-4090
-4001
-3825
-3557
-3198
-2763
-2265
-1728
-1199
-687
-219
174
483
683
775
748
622
413
136
-178
-517
-849
-1143
-1385
-1559
-1646
-1645
-1548
-1343
-1034
-624
-134
430
1059
1720
2388
3044
3657
4197
4642
4972
5195
5282
5219
5033
4743
4360
3882
3371
2831
2255
1692
1161
660
179
-262
-665
-1053
-1421
-1764
-2106
-2454
-2786
-3106
-3402
-3654
-3865
-4021
-4120
-4127
-4034
-3859
-3596
-3249
-2825
-2358
-1852
-1330
-835
-382
20
342
576
708
733
661
512
300
37
-259
-544
-812
-1051
-1225
-1335
-1377
-1346
-1222
-1024
-738
-376
51
542
1086
1653
2240
2825
3397
3916
4355
4711
4967
5103
5095
4983
4756
4422
4009
3535
3018
2467
1909
1366
833
319
-160
-615
-1046
-1453
-1830
-2193
-2542
-2862
-3158
-3417
-3634
-3798
-3908
-3948
-3922
-3826
-3659
-3415
-3113
-2756
-2358
-1929
-1489
-1068
-669
-319
-29
198
343
400
386
310
177
-3
-206
-409
-614
-791
-928
-1032
-1076
-1068
-1006
-876
-679
-410
-72
330
785
1309
1868
2451
3041
3603
4105
4530
4869
5093
5172
5132
4978
4684
4294
3822
3292
2715
2115
1521
938
377
-158
-640
-1099
-1528
-1916
-2268
-2602
-2913
-3175
-3410
-3609
-3768
-3871
-3932
-3925
-3851
-3723
-3520
-3238
-2901
-2525
-2109
-1678
-1230
-810
-416
-74
204
409
532
581
551
464
316
131
-72
-286
-491
-666
-817
-925
-978
-962
-887
-743
-515
-211
164
617
1120
1676
2264
2860
3452
3997
4467
4842
5108
5255
5258
5129
4872
4502
4045
3506
2918
2303
1683
1077
503
-50
-559
-1025
-1447
-1840
-2200
-2520
-2817
-3080
-3315
-3512
-3669
-3785
-3858
-3885
-3842
-3734
-3573
-3347
-3066
-2721
-2345
-1945
-1536
-1132
-750
-407
-117
108
257
339
348
293
174
14
-174
-383
-579
-764
-931
-1055
-1121
-1131
-1067
-929
-727
-446
-81
354
853
1411
1994
2608
3205
3793
4307
4727
5059
5266
5334
5263
5077
4759
4334
3834
3280
2682
2055
1437
858
299
-222
-688
-1113
-1522
-1877
-2190
-2494
-2787
-3035
-3267
-3472
-3635
-3750
-3825
-3846
-3785
-3661
-3467
-3213
-2903
-2539
-2140
-1726
-1309
-910
-534
-212
56
253
355
387
346
241
79
-124
-340
-559
-771
-944
-1075
-1155
-1174
-1122
-998
-794
-515
-166
247
714
1243
1798
2365
2940
3500
4009
4453
4819
5074
5215
5223
5104
4866
4528
4089
3574
3026
2440
1850
1266
714
187
-307
-751
-1172
-1564
-1921
-2264
-2601
-2904
-3178
-3433
-3659
-3830
-3945
-4013
-4000
-3915
-3762
-3542
-3248
-2901
-2513
-2088
-1647
-1218
-816
-456
-162
65
207
266
244
158
17
-173
-385
-593
-783
-950
-1070
-1134
-1139
-1086
-962
-776
-529
-231
130
533
979
1464
1970
2493
3014
3520
3993
4408
4749
5007
5159
5198
5115
4919
4622
4219
3749
3220
2648
2059
1467
887
322
-207
-700
-1167
-1596
-1994
-2357
-2698
-3000
-3269
-3496
-3673
-3811
-3886
-3905
-3859
-3746
-3573
-3335
-3050
-2713
-2347
-1962
-1575
-1205
-858
-563
-328
-146
-35
14
-6
-77
-192
-340
-495
-652
-804
-936
-1013
-1060
-1066
-1015
-912
-755
-539
-269
53
428
852
1315
1820
2344
2880
3407
3908
4369
4757
5059
5257
5354
5322
5162
4902
4527
4059
3526
2943
2328
1694
1078
474
-106
-645
-1146
-1621
-2039
-2417
-2765
-3071
-3331
-3550
-3729
-3845
-3913
-3926
-3874
-3759
-3582
-3358
-3080
-2754
-2411
-2048
-1682
-1331
-1015
-729
-491
-322
-202
-154
-163
-217
-315
-452
-608
-756
-886
-1010
-1097
-1133
-1130
-1072
-962
-797
-571
-301
33
412
825
1291
1786
2305
2830
3353
3852
4311
4709
5020
5228
5329
5319
5180
4929
4567
4109
3582
2997
2374
1732
1093
478
-110
-654
-1156
-1621
-2027
-2384
-2706
-2995
-3242
-3440
-3614
-3738
-3798
-3828
-3796
-3686
-3528
-3318
-3052
-2747
-2407
-2052
-1690
-1329
-997
-713
-461
-267
-132
-59
-45
-87
-175
-279
-407
-548
-680
-793
-878
-930
-936
-906
-836
-697
-518
-292
-7
309
679
1100
1561
2046
2545
3054
3558
4034
4464
4833
5105
5278
5340
5268
5067
4747
4319
3792
3195
2549
1872
1185
524
-109
-710
-1252
-1742
-2181
-2562
-2887
-3177
-3426
-3627
-3795
-3905
-3976
-3989
-3950
-3851
-3684
-3471
-3207
-2894
-2542
-2165
-1773
-1399
-1054
-744
-480
-288
-151
-75
-82
-137
-229
-341
-489
-656
-792
-906
-999
-1042
-1044
-1010
-919
-771
-578
-340
-58
271
639
1068
1541
2017
2522
3048
3574
4075
4538
4943
5254
5459
5569
5544
5370
5076
4660
4135
3536
2883
2169
1435
720
52
-593
-1174
-1700
-2173
-2579
-2914
-3200
-3461
-3658
-3811
-3921
-3986
-3987
-3945
-3840
-3661
-3408
-3120
-2777
-2388
-1988
-1570
-1154
-782
-467
-207
-21
88
122
68
-54
-230
-436
-652
-888
-1100
-1279
-1406
-1487
-1501
-1463
-1371
-1213
-990
-715
-390
-30
364
805
1283
1786
2303
2828
3371
3886
4385
4836
5207
5483
5654
5729
5632
5410
5067
4592
4003
3341
2625
1843
1053
298
-426
-1102
-1706
-2232
-2702
-3085
-3390
-3643
-3851
-3983
-4060
-4106
-4081
-4011
-3902
-3715
-3451
-3137
-2793
-2394
-1958
-1525
-1100
-700
-353
-87
124
242
254
188
39
-183
-438
-697
-975
-1250
-1466
-1625
-1727
-1746
-1693
-1573
-1392
-1123
-801
-453
-64
364
818
1295
1804
2303
2814
3330
3854
4346
4809
5229
5553
5787
5927
5922
5769
5473
5033
4454
3764
2997
2146
1250
393
-415
-1192
-1879
-2450
-2931
-3329
-3585
-3767
-3907
-3964
-3956
-3913
-3842
-3717
-3562
-3378
-3130
-2815
-2474
-2117
-1712
-1293
-903
-521
-178
68
245
347
332
226
32
-233
-568
-911
-1244
-1579
-1871
-2075
-2196
-2248
-2197
-2051
-1854
-1589
-1239
-863
-474
-49
388
827
1293
1765
2241
2720
3223
3737
4237
4712
5148
5498
5757
5909
5916
5760
5445
4987
4390
3679
2889
2034
1170
346
-444
-1145
-1747
-2255
-2667
-2972
-3183
-3329
-3439
-3484
-3493
-3481
-3423
-3341
-3236
-3083
-2872
-2617
-2327
-1993
-1632
-1263
-896
-563
-291
-94
30
54
-13
-166
-397
-676
-992
-1303
-1592
-1853
-2051
-2182
-2224
-2181
-2061
-1888
-1644
-1356
-1032
-677
-310
70
473
900
1341
1807
2295
2793
3299
3825
4333
4786
5189
5515
5713
5779
5718
5488
5082
4560
3943
3205
2409
1622
835
71
-596
-1160
-1677
-2096
-2389
-2626
-2830
-2949
-3026
-3118
-3176
-3164
-3144
-3110
-2994
-2807
-2589
-2300
-1935
-1570
-1215
-835
-492
-237
-46
57
41
-67
-236
-488
-794
-1110
-1403
-1693
-1927
-2088
-2207
-2264
-2225
-2127
-2005
-1820
-1592
-1337
-1057
-721
-376
-13
397
838
1284
1765
2261
2731
3211
3682
4116
4474
4790
5021
5135
5169
5097
4859
4491
4041
3464
2766
2035
1268
442
-341
-996
-1579
-2101
-2458
-2659
-2785
-2806
-2706
-2589
-2492
-2327
-2153
-2052
-1982
-1866
-1761
-1661
-1481
-1257
-1044
-774
-438
-144
91
289
386
345
216
-14
-383
-826
-1269
-1711
-2132
-2453
-2676
-2796
-2775
-2605
-2375
-2085
-1731
-1362
-999
-662
-348
-85
160
422
691
963
1271
1619
1991
2401
2820
3193
3522
3802
3989
4072
4048
3908
3648
3326
2955
2512
2043
1594
1162
752
406
122
-157
-396
-561
-712
-867
-996
-1116
-1238
-1353
-1421
-1490
-1554
-1540
-1482
-1408
-1305
-1153
-1011
-878
-732
-629
-599
-611
-652
-759
-911
-1071
-1258
-1452
-1600
-1714
-1804
-1856
-1841
-1805
-1751
-1661
-1569
-1498
-1406
-1299
-1200
-1084
-929
-729
-502
-216
105
446
807
1185
1540
1856
2133
2348
2500
2599
2657
2658
2629
2589
2538
2480
2427
2356
2260
2154
2026
1836
1607
1357
1050
729
404
89
-221
-484
-666
-822
-931
-967
-967
-965
-935
-887
-872
-878
-871
-877
-910
-937
-944
-964
-968
-949
-926
-924
-923
-915
-949
-1007
-1071
-1164
-1281
-1383
-1474
-1567
-1633
-1657
-1652
-1610
-1528
-1415
-1291
-1132
-943
-749
-554
-343
-128
92
326
553
771
986
1209
1402
1578
1743
1887
1996
2083
2148
2172
2170
2162
2118
2029
1933
1811
1646
1480
1312
1105
893
698
513
322
150
17
-118
-212
-286
-354
-405
-445
-474
-509
-541
-577
-614
-663
-685
-721
-766
-799
-802
-829
-852
-864
-884
-915
-955
-990
-1055
-1122
-1183
-1243
-1313
-1360
-1388
-1391
-1365
-1311
-1221
-1107
-967
-809
-649
-484
-313
-164
-21
122
251
383
521
662
800
953
1112
1267
1408
1539
1638
1691
1720
1699
1625
1526
1396
1245
1085
925
785
652
551
469
390
319
265
202
123
42
-40
-131
-210
-271
-321
-349
-346
-313
-271
-230
-177
-140
-122
-122
-143
-196
-271
-344
-430
-510
-588
-668
-732
-795
-848
-904
-977
-1039
-1093
-1134
-1157
-1162
-1138
-1069
-966
-831
-668
-494
-314
-133
37
176
293
390
482
564
638
717
802
888
978
1053
1105
1131
1120
1067
974
861
705
548
395
267
157
82
43
32
49
73
87
91
78
45
-2
-59
-94
-130
-137
-103
-48
31
118
213
296
350
372
348
282
191
79
-41
-153
-252
-330
-384
-411
-426
-452
-473
-517
-583
-663
-761
-864
-953
-1007
-1028
-1004
-938
-818
-664
-490
-317
-152
-16
90
174
213
237
250
255
285
333
397
468
542
619
674
694
685
629
527
401
265
134
9
-94
-151
-167
-145
-102
-42
20
85
139
170
184
176
153
136
138
138
162
212
276
347
417
483
516
518
506
460
373
278
186
76
-30
-119
-199
-265
-327
-367
-405
-455
-491
-530
-576
-604
-630
-645
-630
-602
-560
-507
-440
-355
-266
-181
-103
-26
52
111
159
204
227
243
259
258
241
198
159
115
62
1
-54
-109
-155
-176
-191
-199
-194
-173
-147
-114
-80
-43
-16
15
52
87
126
178
232
295
363
427
484
534
572
591
586
556
508
444
365
288
205
123
46
-14
-73
-122
-166
-217
-267
-317
-367
-421
-474
-517
-543
-550
-530
-496
-440
-362
-275
-175
-72
17
96
159
212
241
256
253
243
234
218
202
180
153
126
89
50
4
-49
-105
-160
-205
-251
-285
-300
-309
-302
-275
-247
-202
-159
-114
-69
-25
16
51
94
144
189
233
285
341
386
414
445
455
440
420
378
313
246
167
83
17
-51
-107
-152
-186
-215
-237
-257
-273
-291
-307
-315
-320
-318
-305
-282
-251
-202
-143
-79
-19
56
120
172
212
234
249
239
222
181
130
77
18
-32
-75
-109
-138
-165
-176
-173
-172
-177
-175
-177
-183
-190
-200
-210
-210
-189
-160
-106
-46
37
122
209
295
367
420
453
471
451
422
377
331
284
235
188
154
124
85
59
26
-24
-76
-138
-201
-259
-314
-354
-374
-383
-366
-331
-289
-234
-179
-124
-81
-35
9
40
70
103
128
145
167
184
186
189
173
150
118
72
22
-34
-84
-126
-158
-194
-214
-219
-229
-235
-237
-250
-262
-272
-272
-265
-255
-217
-167
-98
-15
84
183
269
340
400
425
433
423
375
322
273
235
190
178
174
175
184
195
185
153
96
15
-82
-193
-292
-381
-431
-449
-428
-369
-277
-167
-50
53
136
183
200
186
143
92
41
1
-15
-6
22
73
129
176
202
206
178
122
41
-54
-154
-243
-313
-362
-372
-357
-326
-271
-214
-163
-123
-94
-74
-68
-59
-44
-21
19
68
126
188
250
306
348
373
375
362
333
288
238
196
138
93
62
28
-3
-39
-69
-102
-125
-162
-181
-210
-221
-221
-222
-196
-176
-140
-93
-45
-4
37
71
99
110
116
112
88
69
55
44
28
30
30
28
32
30
20
-4
-40
-91
-134
-191
-237
-266
-284
-277
-237
-188
-130
-64
-7
44
70
91
85
77
72
64
70
94
126
184
240
278
306
307
297
244
178
97
13
-51
-100
-128
-134
-118
-85
-48
-21
-3
-3
-24
-50
-72
-101
-112
-102
-77
-30
33
97
153
191
213
207
187
150
103
59
33
17
11
26
38
50
51
34
-15
-62
-127
-194
-244
-275
-283
-276
-234
-190
-137
-87
-54
-37
-37
-51
-74
-78
-72
-41
12
78
147
214
261
280
268
218
146
72
9
-53
-76
-72
-39
7
56
101
124
103
60
-4
-86
-170
-230
-262
-262
-216
-146
-55
34
118
166
182
160
113
54
-13
-59
-97
-106
-95
-49
3
53
83
95
92
59
5
-61
-116
-175
-217
-222
-221
-206
-171
-134
-94
-69
-45
-32
-26
-22
-18
-1
11
46
68
95
115
137
144
140
128
118
96
76
66
51
60
61
64
59
54
42
19
-5
-39
-69
-95
-106
-109
-103
-83
-48
-9
32
59
76
90
88
82
64
44
27
11
19
23
20
49
63
81
88
79
66
40
9
-38
-94
-144
-180
-211
-227
-219
-196
-165
-126
-75
-38
-9
4
15
2
-3
-12
-31
-21
-8
18
61
102
136
161
177
168
142
99
52
5
-42
-60
-84
-76
-73
-53
-49
-46
-48
-64
-68
-96
-100
-112
-99
-77
-49
-6
27
56
76
90
78
69
47
39
34
33
51
76
100
120
131
120
91
57
8
-49
-92
-125
-134
-142
-126
-103
-77
-71
-68
-65
-78
-98
-109
-99
-93
-67
-22
23
64
104
129
126
112
90
67
40
27
16
22
44
56
76
75
60
30
-17
-71
-129
-169
-194
-200
-179
-157
-113
-73
-45
-27
-20
-29
-44
-52
-59
-52
-34
6
48
96
128
150
159
161
140
120
101
76
73
62
63
65
63
47
20
-17
-56
-105
-136
-160
-154
-137
-107
-58
-23
16
36
42
35
13
-6
-25
-32
-13
22
70
114
163
197
199
185
145
91
35
-19
-68
-85
-93
-76
-56
-40
-22
-29
-44
-71
-114
-160
-189
-198
-198
-166
-123
-75
-19
28
62
76
67
46
23
9
2
3
23
50
88
112
128
130
111
80
39
-10
-59
-87
-113
-116
-112
-104
-92
-89
-79
-83
-101
-107
-108
-110
-90
-69
-32
11
51
89
112
132
134
129
120
111
99
94
97
101
105
97
90
72
39
12
-18
-48
-77
-89
-108
-116
-123
-127
-133
-130
-129
-127
-108
-86
-50
-16
20
50
76
100
104
101
88
79
76
73
83
94
104
107
113
108
78
38
-7
-53
-91
-124
-137
-141
-129
-114
-99
-85
-72
-74
-87
-97
-104
-98
-83
-57
-12
42
92
135
164
180
177
152
122
97
68
54
52
57
69
85
94
85
62
21
-32
-86
-136
-167
-194
-191
-169
-142
-112
-81
-55
-48
-48
-66
-84
-94
-96
-90
-59
-19
27
83
116
150
155
149
125
92
56
16
-17
-24
-25
-18
-3
3
11
2
-17
-49
-82
-112
-140
-160
-155
-140
-113
-79
-38
-4
18
33
45
40
44
37
43
61
74
89
107
127
131
130
113
98
66
33
5
-14
-28
-32
-34
-28
-26
-26
-36
-47
-57
-70
-81
-84
-75
-71
-55
-34
-11
2
18
29
38
54
51
56
65
69
77
75
71
63
54
43
29
10
-5
-18
-26
-22
-29
-21
-30
-33
-38
-53
-72
-83
-78
-72
-63
-41
-15
12
33
46
58
53
44
43
38
34
43
52
74
88
105
114
107
87
51
19
-19
-54
-73
-87
-94
-81
-62
-47
-40
-36
-46
-57
-76
-90
-106
-97
-85
-65
-29
5
37
60
79
87
87
80
74
64
66
67
75
79
85
83
76
56
29
7
-20
-40
-58
-66
-60
-53
-41
-37
-33
-33
-43
-48
-57
-63
-64
-48
-32
-4
22
50
71
90
102
105
95
80
68
54
43
41
43
40
40
44
36
22
9
-21
-37
-65
-86
-102
-110
-106
-106
-97
-82
-79
-62
-55
-42
-32
-20
-7
9
24
42
59
71
78
85
93
91
88
82
74
71
74
69
66
56
47
28
16
-3
-18
-39
-47
-56
-57
-52
-44
-26
-16
-2
8
9
15
15
11
12
13
23
32
50
64
79
77
81
78
61
42
24
-3
-26
-37
-44
-48
-46
-44
-47
-44
-56
-61
-72
-77
-90
-92
-92
-89
-73
-59
-44
-19
0
11
21
31
39
44
51
50
55
51
49
54
47
45
34
30
25
16
16
8
5
-1
-7
-12
-16
-28
-30
-37
-38
-35
-24
-18
-5
8
19
32
38
41
44
47
44
43
50
56
54
59
55
54
41
32
20
-2
-6
-20
-27
-37
-48
-53
-55
-60
-67
-76
-77
-82
-87
-77
-75
-58
-39
-20
0
17
31
43
49
54
55
49
53
52
56
59
59
62
66
70
65
51
47
34
24
13
8
3
-9
-13
-12
-8
-13
-9
-8
-8
-6
1
11
14
21
22
29
40
47
48
48
49
47
44
38
34
27
26
22
13
3
-2
-10
-14
-19
-29
-37
-45
-54
-66
-68
-69
-70
-75
-72
-70
-62
-52
-42
-28
-18
-3
10
15
22
28
32
28
38
38
35
44
44
53
52
54
52
45
35
30
19
6
1
-8
-11
-9
0
6
10
18
16
14
16
13
5
4
3
11
19
23
30
37
39
32
36
25
10
-2
-10
-16
-23
-29
-32
-26
-29
-33
-35
-46
-55
-63
-81
-82
-89
-86
-74
-62
-47
-32
-25
-16
-7
-6
-5
0
1
3
13
19
27
38
47
53
61
55
55
47
34
25
10
2
7
0
11
9
10
14
13
18
18
20
10
10
1
1
3
1
-1
2
10
13
16
20
28
21
27
23
13
13
5
-8
-18
-20
-26
-32
-39
-44
-42
-43
-49
-46
-49
-54
-57
-61
-60
-62
-61
-54
-46
-40
-31
-20
-13
-2
2
9
11
17
13
16
20
18
24
29
21
18
15
12
7
5
2
-2
-4
-10
-5
-3
1
0
-4
-5
-10
-8
-12
-10
-5
3
5
16
32
37
42
42
47
49
46
40
32
30
26
27
21
22
16
14
10
-1
-14
-22
-29
-37
-38
-42
-46
-40
-47
-47
-39
-40
-45
-45
-39
-41
-31
-31
-25
-19
-9
-2
3
6
10
12
12
12
12
16
18
18
16
18
18
8
10
15
10
2
7
11
9
11
17
16
16
15
9
17
12
15
17
24
28
36
46
43
48
43
43
43
38
33
27
24
25
19
15
16
3
2
-3
-11
-14
-22
-24
-27
-26
-23
-27
-29
-26
-30
-24
-18
-18
-23
-17
-17
-13
-6
1
2
0
9
19
14
14
12
9
6
2
6
0
-1
3
0
0
5
-4
-4
1
-10
-10
-10
-8
-11
-15
0
1
9
12
13
12
17
18
15
18
13
12
11
10
11
11
6
6
10
7
-1
-1
-3
-14
-19
-23
-28
-25
-29
-24
-22
-21
-15
-17
-14
-11
-13
-13
-11
-12
-14
-10
-8
-9
-4
-2
0
3
6
8
5
10
10
13
16
14
8
9
12
9
9
4
3
7
3
8
10
6
13
18
15
21
27
31
36
35
38
40
41
44
43
39
37
28
26
28
30
26
19
23
22
17
16
13
1
-1
-3
-13
-10
-10
-10
-7
-10
-13
-7
-6
-19
-12
-15
-19
-16
-15
-10
-3
-2
4
5
7
4
9
6
0
0
2
-1
0
0
-3
-7
-7
-5
-11
-17
-19
-16
-22
-15
-13
-14
-11
-8
-9
-8
-8
-7
-8
-4
2
7
8
12
12
14
16
11
9
5
2
5
8
8
7
7
9
8
3
3
-1
-4
-14
-19
-17
-16
-12
-14
-15
-14
-14
-12
-13
-11
-6
-5
-6
-4
-2
2
2
2
4
10
7
7
12
7
8
3
5
5
-1
4
12
11
8
10
8
2
-1
3
3
2
3
1
5
6
8
11
15
12
14
16
18
13
12
13
18
16
11
17
20
12
11
15
5
-3
1
-2
-4
-5
-13
-8
-4
-6
-7
-9
-6
-9
-13
-11
-17
-13
-12
-10
-6
-7
0
-3
-3
1
-5
-7
-12
-13
-7
-10
-6
-5
1
9
9
7
3
2
0
0
-4
-7
-3
-4
0
2
4
0
9
10
3
4
0
3
11
13
6
8
12
13
7
8
3
-1
1
6
0
7
12
2
6
5
1
-4
3
2
-4
-5
2
0
2
6
6
7
5
5
-1
1
-5
-5
-6
-4
-9
-7
-1
3
-4
-1
4
2
5
2
5
9
9
5
9
8
4
6
6
0
5
5
-2
5
3
3
10
9
7
8
13
19
17
18
24
19
19
17
18
16
21
17
15
17
14
14
14
12
11
10
5
6
1
3
0
-3
2
-1
3
-2
0
6
-1
-2
-6
-4
-10
-7
-4
-8
-10
-8
0
3
-2
1
0
-2
4
8
10
5
4
2
2
1
2
3
2
-4
-3
1
1
-2
-5
-6
-4
-1
2
3
3
2
4
7
10
2
7
12
13
10
5
8
4
9
9
6
9
6
8
10
6
4
11
10
4
1
5
4
1
-4
-7
-6
-6
-8
-2
3
-3
-2
2
0
2
5
5
5
3
6
5
2
5
5
7
3
10
8
9
9
5
5
3
10
0
0
3
-1
0
-7
-3
-3
-6
-3
-4
-2
-8
-1
-1
-2
2
1
5
2
1
9
10
11
10
12
17
13
11
10
9
9
9
5
4
5
6
5
7
8
6
6
7
5
3
-1
-1
0
-1
2
3
7
4
6
9
8
2
-1
-1
-3
-1
3
2
-2
2
-2
-2
1
1
-2
5
1
-1
2
4
2
1
0
0
2
1
-1
-2
7
5
9
6
5
7
14
7
4
14
15
9
17
10
11
7
6
10
2
-1
0
11
2
5
5
-4
-3
4
6
-2
2
0
0
-2
-7
2
3
5
7
4
6
12
8
9
17
11
2
12
12
4
9
3
2
7
4
-3
10
5
6
4
3
0
1
3
-4
0
-4
-5
-6
-7
-3
-2
-1
4
2
3
-3
-3
4
6
13
13
7
9
14
10
12
17
13
14
12
11
10
12
14
17
11
10
15
9
12
13
10
13
6
11
11
10
14
11
13
11
7
5
7
7
6
5
7
6
-3
6
7
3
6
3
2
-5
-5
-3
-1
-4
-4
-6
-6
-10
-10
-6
-10
-3
-3
-4
-3
-5
-3
-4
-6
-4
-9
-11
-4
0
1
1
1
2
6
2
0
-4
-2
-7
-3
1
-7
-2
0
0
-1
0
-4
-2
1
4
0
-2
0
-6
-2
1
-2
0
1
5
4
4
5
4
11
9
4
0
-2
0
5
2
5
3
7
1
1
1
-5
-6
-2
-4
-6
-7
-9
-7
-10
-7
-1
-9
-5
-3
-4
3
-1
-2
1
-2
0
3
-1
-4
0
1
-7
-4
-3
-2
-1
1
-3
-3
-2
-1
0
-1
-3
3
1
-4
2
2
1
7
5
5
3
4
8
7
7
8
8
8
9
8
6
7
7
3
2
-2
-1
-4
1
3
-8
-7
-7
-6
-10
-12
-6
-8
-12
-13
-12
-7
-11
-7
-3
-2
-2
-2
-1
-5
-8
-4
-3
-4
1
-2
3
2
0
4
-4
0
2
8
2
4
6
0
5
7
3
-2
-1
-2
-2
-1
4
10
6
12
8
13
10
10
14
11
8
4
9
5
8
4
15
12
10
5
5
8
8
5
0
0
6
7
5
7
6
4
6
8
5
0
2
7
11
6
6
7
10
15
16
18
11
11
11
2
1
-1
1
3
-4
8
8
5
3
1
3
-2
-6
-4
-5
-7
0
6
10
6
7
8
9
20
17
15
17
13
13
13
20
20
20
16
12
15
15
21
19
19
11
10
11
14
10
11
11
12
12
0
6
2
9
9
8
9
3
7
10
11
11
4
0
2
-4
-3
-2
-5
1
-3
1
-3
0
5
-2
0
9
0
-10
-4
-3
-5
-4
-2
-1
-2
1
-1
7
10
11
6
4
3
5
3
4
6
-1
-2
3
1
0
1
-6
-6
-5
-5
-7
-8
-10
-4
-4
-3
-11
-8
-10
-7
-3
-6
-4
-7
-4
-3
-9
-6
-6
-5
-1
2
1
-2
-3
-2
-5
-6
-7
-12
-12
-8
-12
-8
-3
-8
-6
-6
-2
-8
-3
2
-5
-4
-4
-9
-8
-1
-9
0
-4
-8
-6
-6
-3
-8
-13
-11
-14
-15
-11
-12
-12
-13
-7
-7
-6
-3
-4
-1
-7
-4
-5
-4
1
-6
-2
-4
0
-2
-3
0
-4
-4
-5
-8
-6
2
-3
-1
-6
-3
-5
-10
-16
-18
-22
-17
-15
-16
-10
-8
-8
-6
-2
-5
-6
-10
-6
-4
-10
-7
-11
-10
-14
-11
-3
-3
-3
-6
-6
-8
-5
-6
0
-3
-8
-3
-1
-1
-1
-1
-2
0
-2
-5
0
-5
-2
-6
-7
-7
-9
-4
-2
-4
-3
-5
-2
-5
-14
-4
-4
-6
-9
-9
-2
-8
-7
-3
1
-10
-14
-13
-9
-5
-14
-12
-11
-17
-19
-12
-6
-7
-4
-4
-1
-5
-4
-6
-8
-5
-6
-8
-6
-2
1
2
2
1
0
5
4
-2
-4
0
-5
-3
-4
-2
-3
-6
0
0
4
2
-4
-3
0
3
-5
-7
-4
-6
-7
-10
-8
-8
-4
-12
-8
-8
-9
-3
-8
-4
-8
-5
-6
-3
-9
-9
-6
-7
-10
-9
-9
-13
-9
-8
-8
-7
-10
-8
-5
-8
-3
-3
-3
-10
-3
5
2
4
4
-3
-1
3
4
4
3
-3
2
4
-2
-2
-3
-1
1
4
2
-1
-4
-1
-2
-3
-5
-5
-3
3
0
-1
-4
-4
-5
-5
-2
-2
-3
-7
-4
1
-1
-7
0
-2
-5
-5
-4
-2
-1
-6
-9
-7
-5
-1
-2
-6
-3
-6
-1
-1
-8
2
1
-3
-6
-3
-2
2
3
-1
-1
4
2
-3
-2
6
7
2
1
4
9
4
3
5
-1
-1
-2
-2
0
-3
0
-4
-4
-6
-6
-7
-14
-8
-8
-13
-10
-9
-12
-10
-8
-7
-10
-4
-8
-8
-8
-4
-3
-2
-7
-9
-6
-5
-7
-11
-9
-7
-4
-3
-2
2
1
6
1
9
5
-1
-3
-2
-3
-5
1
-3
1
-1
1
6
5
8
2
1
3
-4
0
2
0
-4
-2
-3
0
4
2
5
7
6
7
5
3
1
2
-2
1
3
0
6
4
5
2
6
1
3
7
7
11
4
7
6
6
4
5
7
6
8
13
10
8
4
2
6
4
10
1
4
3
4
3
1
2
7
4
-1
0
1
-1
2
4
-3
-3
-1
2
2
10
2
3
5
8
7
5
8
10
12
8
9
10
5
7
6
2
8
4
3
4
-3
-1
2
-2
2
6
5
-3
-2
0
-1
-1
1
-1
-6
0
1
-1
-6
1
1
2
-4
-4
2
0
2
0
1
0
-4
3
0
-5
3
3
0
-2
1
4
2
2
5
6
5
7
6
10
6
3
7
8
9
11
12
10
4
3
6
5
1
3
0
3
9
2
3
2
4
4
-1
-2
0
-3
-2
-1
2
-4
-4
0
2
2
-4
-7
-3
0
-2
-2
0
2
-6
2
-3
0
0
-3
-1
-5
-3
4
6
6
3
3
2
4
1
7
2
0
2
2
4
3
5
1
1
2
4
1
2
3
0
1
2
-4
1
-2
-7
-1
-1
-4
-5
-6
-1
1
3
0
-1
-3
2
3
-3
-2
-1
1
0
3
2
-3
-2
-4
7
4
-4
0
-5
-2
-4
-3
0
-3
3
0
-3
-1
1
0
8
2
4
8
2
6
4
4
4
7
4
0
3
2
0
5
5
8
11
9
10
9
6
16
11
9
8
9
6
1
14
7
3
6
4
3
4
1
-1
-1
3
2
2
7
-2
-3
2
3
7
3
5
4
6
5
6
7
8
10
5
7
6
4
7
5
6
2
2
2
-1
6
5
7
6
11
9
9
5
10
7
-1
4
0
2
-7
1
1
4
3
-4
-1
5
-1
-5
7
8
-1
0
-1
-4
-6
-7
-8
-9
-10
-7
-6
-8
-9
-6
-8
-15
-11
-14
-16
-9
-12
-9
-9
-12
-8
-10
-11
-10
-11
-11
-6
-13
-14
-18
-19
-16
-19
-14
-10
-11
-13
-13
-8
-13
-17
-14
-11
-5
-9
-9
-5
-1
-2
2
0
-4
0
-5
-1
5
1
5
2
3
3
3
2
3
7
-2
4
4
-1
1
-5
-2
-4
0
-3
-2
-3
-7
-6
-2
1
-5
-7
-6
-6
-8
-5
-2
-7
-4
-8
-9
-7
-9
-11
-9
-6
-8
-7
-12
-15
-12
-13
-13
-15
-11
-14
-13
-15
-15
-13
-12
-13
-13
-12
-13
-12
-12
-12
-11
-11
-10
-9
-12
-14
-13
-12
-10
-10
-9
-10
-15
-9
-11
-5
-11
-7
-8
-7
-6
-12
-10
-13
-8
-7
-8
-10
-10
-7
-7
-7
-11
-12
-7
-14
-10
-11
-9
-10
-14
-11
-12
-13
-10
-4
-12
-12
-9
-16
-12
-13
-11
-13
-9
-6
-8
-14
-8
-8
-12
-8
-13
-12
-9
-6
-11
-10
-3
-3
-6
-7
-8
-10
-9
-3
-9
-8
-2
-5
-5
-4
-4
-1
-3
-3
-6
-8
2
-2
-6
-5
3
0
-3
-5
-7
3
2
7
0
-2
3
1
0
2
-4
-5
-3
-5
-7
-2
-3
-1
-2
-7
-2
-1
-1
-2
1
-1
-2
2
0
-3
-2
-2
-6
-3
-1
-8
-6
-9
-5
-11
-6
-2
-7
-6
-13
-7
-6
-5
-7
-5
-8
-6
-6
-3
-7
-4
9
0
-3
0
0
0
2
3
3
-1
9
4
5
3
5
1
4
7
0
4
-3
-1
-3
6
1
-1
3
1
-1
0
-1
-6
-4
-9
-3
-2
-3
2
1
-3
-4
-1
3
1
-4
-2
-4
-2
0
4
7
6
5
6
9
2
0
1
0
-1
-1
-1
-2
-1
-1
-4
-8
0
-3
-11
-6
-9
-5
-8
-9
-10
-8
-7
-13
-5
-2
-10
-5
-9
-11
-13
-14
-14
-15
-9
-13
-14
-14
-14
-11
-10
-12
-14
-16
-18
-13
-12
-16
-11
-11
-18
-19
-19
-19
-7
-12
-14
-11
-14
-7
-21
-15
-16
-16
-11
-20
-15
-13
-16
-9
-9
-15
-14
-20
-16
-11
-17
-12
-13
-14
-7
-8
-8
-10
-10
-10
-11
-12
-11
-10
-9
-13
-15
-13
-9
-11
-14
-10
-9
-11
-11
-11
-8
-10
-19
-12
-12
-19
-12
-17
-18
-11
-17
-15
-17
-12
-12
-17
-13
-16
-15
-16
-11
-13
-19
-14
-17
-9
-20
-16
-17
-18
-16
-19
-13
-18
-17
-16
-11
-14
-14
-16
-12
-14
-15
-10
-9
-8
-12
-11
-11
-16
-12
-12
-12
-9
-9
-13
-20
-16
-20
-15
-17
-16
-14
-18
-19
-15
-16
-18
-19
-15
-18
-21
-16
-15
-17
-17
-18
-13
-16
-22
-15
-15
-15
-18
-17
-19
-21
-18
-18
-16
-14
-17
-11
-6
-7
-11
-12
-10
-11
-11
-15
-9
-15
-14
-14
-13
-11
-9
-8
-13
-14
-9
-12
-13
-4
-12
-12
-12
-10
-11
-9
-8
-10
-8
-6
-5
-5
-12
-9
-8
-9
-10
-16
-17
-9
-7
-12
-5
-10
-15
-17
-13
-15
-11
-7
-6
-6
-14
-10
-8
-8
-11
-11
-14
-14
-7
-10
-15
-8
-7
-7
-7
-1
-7
-7
-2
-3
-3
-4
-6
-9
-5
-3
-10
-11
-6
-8
-7
-6
-4
-8
-6
-3
-3
-3
-7
-6
-2
-5
-6
2
3
0
-2
-2
0
0
1
5
1
2
4
-3
4
4
-2
-4
-2
0
-1
1
-1
-6
-6
-5
-2
-5
-12
-10
-9
-6
-11
-9
-8
-8
-14
-11
-8
-12
-5
-3
4
0
-6
-7
-8
-3
-2
1
4
0
3
9
0
0
6
4
2
4
-1
4
4
-4
3
7
5
5
0
0
0
2
-3
-1
-2
-6
2
3
6
-1
-4
-2
-5
-1
-5
-8
-3
-1
-3
-6
-9
-5
-3
-1
2
0
5
-4
-1
0
-3
-5
-2
0
-4
-7
-5
-4
-3
-2
-6
-2
-6
-1
-2
-3
5
-1
-1
-2
-5
1
-4
3
-1
1
6
4
0
0
7
3
0
2
2
1
2
1
5
2
1
2
2
5
8
9
2
4
3
8
3
8
9
9
5
4
8
6
5
4
6
5
1
6
10
4
12
10
6
8
5
11
8
9
1
4
8
7
11
0
0
0
5
7
3
3
3
9
10
10
5
4
7
5
5
1
1
-1
4
2
5
0
3
1
1
3
-7
1
-2
-1
-1
-4
-1
0
2
1
2
1
-2
4
1
0
3
0
-5
-2
0
2
-3
-1
2
-8
-6
-2
-7
-4
-4
-4
-2
0
-1
-3
6
-4
-2
-2
-6
5
-6
-6
3
7
6
5
4
2
10
8
2
1
3
10
3
8
10
5
9
9
9
8
9
8
9
12
8
12
12
13
12
10
16
15
11
13
12
9
12
13
12
12
13
11
11
6
13
10
10
7
9
7
8
10
5
7
4
2
5
5
1
3
9
11
11
9
12
8
4
4
8
8
13
12
12
15
14
20
21
22
16
16
18
15
24
20
16
19
23
24
20
18
19
14
22
23
18
19
21
22
23
18
22
21
16
18
23
19
19
19
18
25
20
23
23
23
23
21
19
15
20
19
21
26
18
19
20
26
21
17
20
13
18
21
19
18
18
13
11
14
9
8
14
14
8
9
9
10
16
5
14
17
13
14
18
22
20
20
15
14
15
19
20
21
17
24
20
19
21
18
22
21
21
17
21
20
18
19
20
20
18
20
15
18
13
17
16
10
14
12
10
16
9
13
6
8
10
9
11
10
11
10
7
10
11
11
12
15
9
5
6
4
7
4
4
3
7
4
1
9
7
13
9
9
13
8
8
8
9
6
12
14
8
10
7
9
12
8
12
10
6
8
11
9
12
11
12
11
4
6
12
14
11
15
9
6
5
12
14
9
8
7
4
5
7
7
8
5
7
6
8
8
4
9
8
3
8
9
4
0
-2
0
0
0
-1
-3
5
9
3
2
8
6
5
2
3
6
1
3
3
0
-2
3
1
-1
0
-3
-2
-4
-7
2
-1
-1
5
6
4
-2
7
8
2
12
11
11
6
9
12
6
8
7
7
11
3
5
3
10
13
5
10
6
6
8
6
2
5
5
9
9
2
5
9
6
8
9
7
5
6
5
4
8
9
6
8
11
14
12
8
8
9
10
8
3
8
14
9
10
8
9
13
9
13
7
4
9
12
14
9
9
9
7
13
11
13
11
9
10
3
1
-4
6
10
7
7
8
9
8
5
5
6
5
1
2
7
7
2
3
4
8
8
4
7
9
3
3
8
1
3
5
5
5
6
3
5
0
3
-1
-1
4
9
11
5
10
2
6
2
4
6
7
8
3
11
11
10
9
11
7
6
6
4
2
7
10
10
6
5
5
11
8
6
6
9
12
11
10
6
9
9
9
7
6
8
10
13
10
12
11
12
14
12
14
14
12
10
6
4
10
9
4
2
7
7
7
12
8
7
6
3
5
1
5
11
8
5
5
1
2
9
5
7
6
5
9
8
4
10
9
11
5
6
6
7
9
2
5
2
-2
1
2
2
-3
1
1
1
-1
-8
-2
-9
-6
-4
-2
-4
-1
-2
-4
-5
-6
-2
-5
-3
-6
0
2
-3
-1
-5
0
-8
-12
-6
-10
-8
-7
-5
-4
-4
-6
-8
-1
-3
-6
-6
-5
-10
-7
-8
-7
-8
-13
-12
-12
-5
-11
-17
-11
-12
-22
-19
-15
-17
-15
-19
-18
-16
-20
-22
-20
-19
-18
-17
-16
-18
-13
-18
-15
-10
-13
-10
-11
-18
-12
-12
-14
-10
-12
-9
-8
-9
-13
-13
-12
-15
-15
-9
-7
-7
-11
-14
-14
-8
-10
-5
-8
-12
-10
-10
-11
-16
-14
-14
-6
-10
-9
-4
-11
-4
-5
-10
-12
-14
-11
-7
-11
-10
-8
-10
-11
-15
-11
-16
-9
-9
-8
-10
-11
-11
-11
-14
-18
-16
-13
-13
-15
-12
-12
-12
-12
-12
-12
-9
-11
-9
-9
-3
-4
-6
-5
-5
-11
-6
-5
-6
-2
-6
0
-6
-12
-7
-6
-2
-2
2
3
4
5
-4
3
1
-3
0
0
3
1
-2
-3
8
8
2
2
3
0
4
1
4
4
2
5
0
10
9
3
1
2
5
-2
2
10
5
2
5
11
5
6
0
2
9
7
9
5
5
7
4
5
7
6
1
1
6
8
5
8
10
3
8
4
5
5
5
15
9
12
16
11
6
9
9
10
1
1
9
6
9
11
10
6
6
6
6
8
8
7
4
5
4
5
6
3
2
3
1
2
-1
7
2
-2
2
3
1
0
5
4
2
9
3
3
3
-2
2
-5
-3
-3
2
-7
-3
-3
-7
-3
-2
-2
-8
0
-6
-2
0
-3
-6
-5
-2
-3
-5
3
5
2
-3
0
2
1
3
-4
0
-1
-3
-1
2
2
-7
-1
-6
-4
3
-4
-2
5
4
-2
-4
-1
3
0
-1
5
4
3
1
-1
5
-2
1
-1
-2
4
-2
-3
2
2
3
7
5
0
3
0
5
5
3
1
3
9
2
4
5
6
9
5
5
2
11
8
0
6
-4
1
2
2
7
3
5
3
6
-3
1
4
-1
-2
-10
-4
-6
-5
-3
0
-3
0
0
-5
-5
0
-5
-6
-11
-10
-6
-12
-10
-7
-9
-10
-8
-12
-12
-12
-5
-8
-17
-17
-22
-13
-16
-16
-10
-13
-11
-12
-15
-13
-9
-10
-4
-8
-8
-12
-11
-9
-8
-8
-7
-5
-11
-7
-7
-9
-5
-5
-4
-7
-3
-5
-5
-8
-5
-5
-4
-3
-6
3
-2
-3
-7
-5
-5
-8
-5
-6
-1
-6
-10
-11
-4
-7
-10
-2
-8
-9
-10
-11
-7
-6
-1
-7
-8
-8
-5
-7
-6
-2
-5
-4
-6
0
-3
-6
-4
-7
-5
0
-5
-7
-5
-4
-9
-11
-11
-7
-8
-8
-13
-11
-9
-9
-7
-6
-4
-5
-4
2
8
-2
-5
0
-1
2
3
2
1
1
-1
-2
5
4
0
3
-1
0
-1
-1
-3
0
2
-5
0
2
-3
-2
-6
-1
-4
-3
-3
-8
2
-4
-6
-7
-5
-1
-4
-7
-7
-2
-5
-6
-6
-1
-8
-8
-8
-9
0
-8
-5
-4
-7
6
4
3
3
-1
-3
2
-4
-2
0
-7
-1
-5
-2
-2
-5
-5
-5
-3
-3
-3
-3
-3
-5
0
-1
1
-5
-5
-6
-4
7
-2
3
-1
2
-1
-2
-4
-3
-7
-2
3
-1
2
-3
0
-3
-2
-2
0
3
-3
-4
-5
-5
-10
-12
-4
-3
-5
-4
-6
-10
-7
-9
-11
-8
-7
-5
-2
-4
-6
0
1
-3
-5
-3
-8
-9
-3
1
0
-1
-4
1
4
1
2
2
5
7
5
6
10
13
11
9
6
7
7
8
8
13
10
8
10
9
6
5
5
4
10
2
0
4
7
5
4
4
7
7
6
7
12
6
-1
7
3
7
3
5
1
3
5
7
2
2
3
2
6
-1
5
3
6
6
6
6
3
4
1
5
3
4
10
5
7
5
8
2
3
0
-3
3
5
4
-1
2
5
2
3
1
1
4
-1
4
6
4
7
9
5
2
6
4
8
6
3
7
4
3
4
3
5
0
4
3
1
-1
0
0
-1
-4
-3
2
3
-1
-3
-1
-2
-4
-5
-5
-6
-2
-2
3
3
2
0
0
1
-1
1
0
2
9
6
3
8
9
6
4
7
7
6
5
8
8
11
14
14
12
12
8
12
9
10
4
4
9
7
6
11
10
9
17
11
14
16
15
14
12
5
3
10
10
13
14
9
12
11
6
8
4
8
6
2
-6
2
0
0
-2
-3
-2
-1
0
-6
0
-4
-3
0
-3
-5
4
-1
-2
2
0
1
1
-1
4
3
4
7
-1
4
6
7
3
2
1
2
7
4
4
5
9
4
3
2
3
5
2
3
3
5
3
8
3
4
-1
4
4
4
9
7
9
7
4
6
5
9
9
-1
8
4
6
8
6
2
5
8
6
10
3
4
7
7
7
7
14
8
6
7
8
4
4
7
3
0
3
4
6
3
-5
5
5
0
3
3
5
4
3
2
7
3
2
6
4
10
4
1
1
-1
-3
-1
1
1
5
3
-3
5
3
2
4
0
5
6
5
4
0
-6
3
-3
0
-1
-3
-2
3
8
-2
-5
-2
0
2
-4
1
2
0
3
-1
3
5
-2
-1
-6
-1
2
0
1
1
-3
1
3
-5
0
2
5
-3
-2
-4
-2
-3
-2
2
-7
-5
-1
0
-1
-3
-1
1
0
-6
-5
-2
-1
-2
0
2
-3
-2
-7
-2
-1
-2
-8
-4
0
-5
-5
-1
-2
0
-2
-5
-3
-6
-1
6
6
6
2
2
3
6
-2
7
7
5
8
8
9
12
18
12
10
15
14
18
13
13
15
14
16
12
10
12
17
14
6
5
12
15
8
7
7
5
6
8
10
7
6
7
6
10
8
4
7
4
8
8
3
6
7
2
-1
0
2
0
1
-1
-3
-2
0
0
-1
-1
-3
2
3
-3
0
-2
7
3
2
4
0
5
4
5
-2
4
1
5
0
-7
0
4
1
5
-1
2
5
1
1
2
4
-2
3
6
-4
-2
0
2
3
-2
-3
-5
-3
-1
-6
-4
-4
-3
-1
4
-3
-4
2
-1
0
-5
-8
-6
-3
-4
-8
-4
3
-3
1
-1
0
4
-2
0
6
6
-1
4
2
-3
1
3
2
2
-5
-4
2
3
0
3
0
-2
-1
-2
1
1
3
0
6
10
0
0
7
3
-3
-1
4
6
1
5
4
3
5
0
3
8
8
9
7
8
5
1
5
3
6
8
5
5
-1
0
1
2
3
4
7
9
5
2
6
1
3
4
4
3
7
7
6
8
5
-1
2
5
2
3
3
2
1
9
3
5
8
2
6
7
9
3
-3
-2
3
0
0
3
-1
-1
-2
-1
6
-1
1
-2
0
-4
-7
-5
-4
-5
-5
-9
-6
-7
-13
-9
-9
-10
-8
-7
-14
-9
-4
-6
-4
-4
-3
-2
-4
-2
-6
-5
-2
-7
-4
-1
-1
4
-1
4
-2
1
-1
-2
-1
0
4
1
3
4
0
4
7
3
7
4
5
3
6
5
6
13
5
9
7
4
7
0
4
7
4
3
1
0
3
2
4
4
5
2
2
3
0
0
-4
-3
0
1
-4
-3
-5
3
-2
1
-2
-4
2
-4
-3
-4
-3
-5
-6
-5
-4
-7
-6
-6
-7
-5
-9
-11
-10
-5
-7
-11
-6
-8
-6
-9
-4
-2
-3
-4
-4
-1
-8
-13
-7
-4
-10
-7
-4
-6
-2
-4
2
-3
-7
-8
-5
-10
-9
-9
-12
-8
-16
-11
-12
-13
-11
-7
-4
-8
-10
-11
-11
-13
-14
-10
-6
-9
-9
-9
-6
-9
-6
-7
-13
-8
-9
-5
-5
-6
-3
-5
-3
-7
-1
-2
0
-3
-1
3
3
0
4
10
4
7
6
6
7
11
12
9
11
6
7
5
11
10
6
5
5
7
10
7
4
9
-3
5
9
3
6
10
6
4
4
0
6
0
-5
-5
-7
-6
-8
-9
-3
-4
-7
-5
-10
-5
-11
-14
-13
-14
-12
-13
-11
-16
-11
-10
-8
-11
-11
-10
-9
-8
-7
-6
-10
-8
-6
0
-7
-3
-6
-6
-4
-6
-1
-8
-6
-3
-12
-14
-11
-10
-7
-8
-10
-13
-5
-10
-3
-5
-6
-9
-4
-3
-9
-12
-13
-9
-14
-9
-13
-10
-18
-12
-10
-11
-2
-9
-8
-11
-8
-9
-15
-11
-9
-12
-13
-11
-6
-8
-10
-2
-5
-6
-2
-1
-4
-2
-3
-1
0
-2
1
4
1
-1
8
5
10
6
4
4
9
3
10
6
6
11
7
8
6
9
5
11
14
10
7
13
7
6
11
9
11
4
11
7
7
6
5
2
0
4
1
1
-3
-3
-4
-1
-4
-2
-5
-7
-8
-7
-8
-10
-3
-8
-7
-3
0
-5
-7
-4
-10
-10
-7
-10
-14
-10
-6
-8
-9
-13
-12
-8
-8
-7
-7
1
-3
-4
0
0
-1
-1
-1
0
-3
1
2
4
5
5
13
12
9
9
8
12
8
8
8
9
12
9
5
13
7
4
8
7
4
2
3
1
3
3
3
2
3
2
0
-5
-3
-1
0
-6
1
5
4
-3
-3
3
1
9
6
6
7
8
7
4
12
12
8
11
15
11
9
12
8
9
13
10
10
15
7
19
16
11
14
17
10
16
17
16
17
16
17
6
13
7
14
20
10
12
11
14
14
15
17
10
17
14
13
12
13
14
12
13
11
14
14
14
16
17
12
7
12
8
10
6
8
13
8
10
6
6
8
11
10
6
7
7
4
11
14
8
9
15
13
8
12
10
5
4
8
2
9
6
4
10
6
6
7
7
5
10
8
6
9
9
11
12
11
9
10
8
9
9
10
9
2
12
13
9
6
6
7
3
5
1
2
3
10
2
0
0
0
6
3
4
11
0
1
3
0
5
2
0
1
6
7
5
4
10
4
6
8
-1
3
13
7
5
8
7
4
5
7
5
7
5
8
6
6
7
10
10
9
7
6
9
10
7
4
7
9
9
13
6
1
7
7
6
4
5
7
5
2
3
-1
-1
5
9
5
4
-4
-3
-1
-4
3
5
9
-1
1
-1
2
7
4
3
3
4
5
5
1
6
5
4
4
3
5
6
5
-5
-2
3
4
5
4
4
3
4
6
5
4
-1
5
7
