-2
-6
-7
-3
-5
-9
-4
-5
-11
0
0
-3
-3
-2
-3
-3
-1
3
1
1
4
5
4
-3
5
3
2
4
4
6
4
-1
1
-2
0
1
-1
-6
-5
-1
-4
0
-4
-3
-1
-3
-6
-4
-7
-9
-11
-12
-8
-9
-5
-6
-6
-6
-9
-4
-2
-3
-7
-6
-3
-4
1
-6
-5
-4
1
-2
-2
0
-2
-1
-4
-2
-5
-3
-6
-5
1
1
4
2
1
5
1
1
7
-3
3
2
-1
2
-1
-1
0
0
-1
3
-4
-2
3
-1
-4
-3
-1
-5
-1
-6
-11
-7
-9
-8
-5
-8
-7
-5
-6
-4
-3
-2
-2
-4
8
2
-3
-4
-3
-2
-1
1
1
1
-2
-3
1
-3
-2
-2
-3
5
-6
-2
3
-1
-2
-5
-2
-1
-4
0
1
-2
-7
-3
-3
-1
0
0
-1
-2
0
-5
-9
-4
-5
-6
-4
-4
-6
-5
-4
-10
-3
-3
-5
-6
0
-7
-4
-4
-5
0
-4
-6
0
1
-4
0
-4
-7
-1
-3
-5
-8
-6
-5
-6
-8
-12
-11
-11
-12
-9
-16
-15
-11
-16
-18
-14
-12
-11
-8
-13
-6
-10
-11
-13
-8
-11
-15
-6
-12
-13
-13
-9
-7
-6
-12
-4
-12
-9
-7
-11
-7
-9
-11
-6
-7
-10
-9
-7
-5
-7
-10
-5
-5
-10
-9
-11
-11
-13
-10
-8
-13
-5
-4
-6
0
-7
-7
-7
-5
-5
-6
-1
1
1
4
-4
-4
0
-4
0
2
-2
3
2
4
4
5
4
2
1
6
7
2
3
5
6
2
2
5
3
-1
5
0
2
-2
0
7
-2
4
3
5
7
5
3
4
2
2
3
-1
4
6
2
0
2
3
0
-2
2
0
0
-1
0
-2
5
3
-2
-3
-7
-1
-3
-3
-3
-4
-4
-4
-9
-11
-5
-10
-8
-4
-6
-3
-1
-1
-3
0
-4
-6
-2
-4
-1
-6
-2
-6
-6
-5
-4
0
-1
-1
-4
-4
1
-4
-5
-10
-8
-2
-5
-1
-3
1
-1
2
1
2
6
-1
-1
3
-4
0
6
9
5
4
4
2
2
-2
1
5
4
-5
-3
-1
0
-3
-2
1
0
0
-5
2
-1
-2
-6
-1
-1
-1
3
4
6
7
10
6
5
5
11
7
5
9
5
8
13
14
16
11
9
10
9
5
13
9
8
9
10
10
7
12
13
13
9
13
11
7
10
12
10
14
8
16
14
9
18
7
11
12
10
9
12
8
6
10
11
13
9
13
6
9
10
1
10
9
10
13
15
16
12
13
13
13
9
10
11
14
9
12
11
12
10
12
19
20
15
18
23
17
12
16
19
17
12
11
15
15
8
18
18
17
16
9
13
12
14
14
10
13
11
9
6
13
13
15
14
16
14
11
20
10
11
9
14
13
11
10
9
11
15
13
8
12
7
11
11
11
15
12
13
9
11
11
9
14
11
10
12
14
14
12
8
7
8
11
7
11
6
10
12
12
13
9
6
10
11
9
6
6
9
4
6
10
5
8
6
9
5
10
14
8
6
9
10
11
8
6
5
4
8
0
9
7
8
17
6
13
11
15
13
10
14
9
5
9
7
4
9
15
12
11
11
10
6
11
9
13
12
14
16
8
10
14
11
17
18
11
9
5
8
1
6
10
7
9
10
13
5
2
5
8
3
7
4
7
11
9
11
10
12
13
14
22
13
7
13
7
13
14
10
13
17
11
9
13
19
13
12
13
8
13
12
17
16
18
16
13
13
14
10
13
12
6
8
11
9
9
13
14
11
11
7
6
9
7
8
9
12
11
8
8
4
6
10
5
2
5
4
2
10
6
14
9
8
10
10
3
7
10
7
11
5
5
7
9
9
8
6
6
7
10
7
13
7
13
13
8
15
11
13
8
11
11
10
7
8
15
14
8
14
6
8
9
5
6
7
6
3
4
2
2
6
9
3
5
9
6
5
5
9
5
1
2
7
8
5
8
6
6
2
0
1
-1
0
4
10
0
2
3
-1
0
-1
-3
2
4
1
2
2
0
-4
1
0
1
5
5
4
2
0
-7
5
2
5
-1
-5
-2
-6
1
3
1
7
7
7
10
8
7
3
4
3
4
1
1
4
7
3
8
10
9
6
4
0
4
7
5
7
9
7
5
4
1
5
3
6
-1
3
5
-5
-1
5
3
-3
-5
1
0
-1
7
1
-3
0
0
-3
-3
-4
-6
2
0
-2
-1
-1
0
-3
-1
-6
-8
-7
-4
-3
1
1
1
-1
-2
-2
0
-2
-1
1
-2
6
-5
-1
-2
-6
0
-2
-1
-6
-5
-3
1
-1
2
-2
0
3
3
2
3
1
1
3
2
5
1
4
1
-1
0
2
-1
1
-2
3
-3
-7
-2
-1
1
-4
-2
-3
-4
2
-5
-3
-4
-6
-7
-7
-8
-11
-9
-9
-11
-14
-10
-13
-11
-13
-13
-15
-14
-11
-9
-11
-13
-11
-13
-11
-7
-5
-10
-11
-6
-5
-7
-6
-3
-4
-4
-1
-4
0
1
-2
-7
-2
5
4
1
0
-3
-4
1
1
-4
-5
-1
-3
3
0
-4
-1
0
7
0
-2
1
2
2
-3
-5
-3
0
-5
-4
-7
-9
-7
-3
-2
-1
-3
-3
-3
-3
-2
-1
-2
-3
1
-5
-3
-4
-6
0
-6
-5
-1
-1
1
-4
2
-1
-3
0
-1
-9
0
2
-2
-1
0
5
1
3
2
5
2
2
4
1
5
3
2
1
8
10
12
7
10
11
3
9
7
10
6
5
8
11
11
6
8
8
7
13
8
10
10
7
6
5
3
2
0
2
4
-5
-1
0
-4
-5
2
1
6
7
3
2
-4
1
-5
-1
-1
-2
4
1
4
-3
2
4
-2
-3
1
2
-1
3
1
3
6
0
4
1
0
7
6
7
4
2
6
2
1
4
6
5
3
4
7
5
1
3
7
0
3
7
2
3
-1
3
-2
2
4
2
6
1
2
-2
-2
-3
1
1
-1
0
2
2
1
2
0
1
0
-1
-3
-3
1
-3
-4
-9
-3
3
1
3
-7
-5
0
-6
-5
-4
-3
-2
0
2
-2
5
7
3
2
4
2
4
7
2
4
7
9
6
7
10
9
5
5
8
8
2
7
10
13
9
3
9
7
5
7
6
6
6
7
9
7
5
8
9
10
12
8
11
13
13
15
11
13
12
11
11
11
8
12
11
9
9
8
11
10
9
7
12
11
4
8
8
3
9
10
6
6
9
8
8
8
6
5
3
3
6
7
12
8
8
0
4
6
7
5
8
11
8
6
3
10
13
11
9
13
9
9
10
6
9
10
9
11
6
9
14
9
9
11
7
9
13
13
14
13
16
11
11
9
10
4
4
-2
9
8
3
6
0
-2
2
8
-1
2
5
1
7
3
1
7
3
5
6
5
-5
1
1
-2
1
-3
-6
-5
-1
-3
3
-3
-2
3
2
0
-1
-8
-4
-6
2
5
1
0
0
1
-2
0
1
0
1
-2
-4
0
-1
0
-2
-1
0
0
-2
0
3
0
2
-4
-4
-2
-5
6
0
0
3
3
-6
-6
-4
-2
-4
-3
1
3
10
1
1
1
1
6
2
5
2
1
5
-3
9
10
8
4
2
5
0
0
3
2
9
6
4
6
8
10
7
4
3
7
6
3
2
8
15
7
2
1
6
5
8
10
5
2
10
9
3
6
6
12
12
12
5
10
11
5
8
8
15
12
11
7
9
8
5
8
7
8
4
5
8
4
2
7
5
1
2
-1
0
-1
2
2
-2
3
-3
-2
-1
6
0
1
-4
-6
-1
-6
-3
-4
-7
-4
-6
-4
-2
-2
-5
-10
-5
-7
-6
-2
-4
-12
-8
-2
-10
-8
-6
-7
-5
-7
-8
-6
-8
-6
-6
-5
-8
-9
-10
-9
-4
-10
-1
2
-2
-2
-4
-2
-6
-6
-3
-2
-4
0
-5
-8
-6
-8
-5
-6
-7
-4
1
-4
-2
-7
-5
-9
-13
-6
-8
-8
-9
-9
-9
-13
-11
-7
-12
-4
-3
-8
-6
-2
-1
-6
-6
-6
-2
-4
-6
-4
-8
-14
-9
-7
-8
-3
-5
-6
-5
-4
-5
-5
-7
-5
-3
-2
-3
-9
0
-7
-11
-7
-13
-12
-10
-5
-8
-8
-13
-7
-4
-11
-8
-8
-11
-6
-7
-8
-5
-10
-14
-10
-5
-8
-11
-3
-12
-10
-1
-3
1
0
0
-2
-7
-7
-9
-7
-2
-5
-11
-11
-6
-6
-12
-13
-13
-9
-13
-14
-13
-13
-18
-13
-11
-12
-7
-9
-10
-11
-12
-12
-6
-6
-5
-7
-8
-3
-7
-3
-4
0
-3
-1
-3
-10
-7
-3
-1
-4
1
-5
0
3
3
0
-5
-1
0
-2
-5
2
-4
-10
-9
-7
-5
-6
-4
-5
-4
-5
-5
-4
-3
-6
-10
-8
-10
-9
-12
-13
-13
-11
-10
-13
-14
-6
-10
-10
-11
-17
-12
-9
-7
-9
-6
-10
-7
-5
-8
-9
-5
-8
-6
-8
-7
-9
-6
2
-3
-6
-3
1
-3
-3
-8
0
0
-2
0
2
-1
0
-5
-5
-3
0
-1
-3
0
-1
-3
-4
1
-1
-3
0
-3
-7
-5
-2
-2
-2
1
1
-1
-2
-6
3
2
-1
-3
-8
-4
-7
-1
-6
-11
-7
-4
-6
-7
-6
-9
-10
-10
-5
-2
-9
-5
-6
-8
-2
0
-2
-6
-2
-4
-3
0
-1
3
9
-1
2
5
1
4
-2
-2
2
4
8
3
7
6
3
6
3
4
4
6
6
12
7
7
9
4
10
7
5
4
7
10
11
10
11
7
10
12
13
10
11
12
16
5
12
13
12
18
10
13
9
14
10
9
8
17
19
14
16
15
15
10
14
9
9
10
2
8
7
7
8
2
8
7
5
5
2
-3
-3
0
-2
2
-3
-5
2
-1
-3
-3
-3
0
-3
-3
-3
-2
-2
0
-4
-1
-4
-3
-2
-1
1
-3
-1
1
0
1
-1
-3
2
0
1
-2
0
2
2
-5
-8
3
3
1
-6
-3
2
4
5
-1
2
2
-2
0
-2
3
0
-7
0
1
-1
8
1
-1
4
4
-1
8
3
4
3
0
6
9
0
2
4
0
4
1
1
-3
6
0
-2
2
1
-2
-2
-1
-2
-5
-1
0
1
1
-1
2
7
9
-1
-3
-3
-3
0
3
-6
2
3
-6
-4
-4
0
0
-4
-4
-7
-8
-9
-7
-8
-6
-4
-6
-7
-6
-3
1
7
-1
-3
2
1
0
1
1
0
4
3
1
3
2
0
0
0
4
4
-3
3
-3
-7
2
-3
-4
-2
-2
3
0
1
6
-3
-3
4
0
-4
2
2
3
4
0
-1
-1
-5
-5
-5
-8
-7
-6
-8
-7
-4
-5
-8
-6
-10
-8
-6
-8
-10
-8
-7
-7
-8
-14
-9
-11
-12
-9
-12
-10
-9
-14
-14
-12
-8
-10
-12
-13
-14
-9
-12
-14
-18
-17
-18
-16
-18
-22
-15
-20
-14
-14
-18
-16
-21
-17
-10
-15
-14
-13
-15
-11
-12
-12
-14
-7
-10
-19
-7
-12
-16
-9
-13
-12
-7
-6
-12
-11
-10
-6
-6
-10
-9
-10
-4
-3
-6
-8
-5
-7
-8
-12
-7
-10
-12
-4
-6
-8
-11
-11
-11
-8
-11
-12
-13
-11
-12
-12
-6
-9
-13
-17
-13
-9
-13
-11
-9
-8
-11
-14
-9
-10
-9
-12
-14
-11
-16
-15
-15
-13
-16
-19
-21
-17
-16
-16
-17
-19
-17
-22
-21
-18
-17
-16
-18
-15
-22
-15
-16
-18
-15
-9
-19
-24
-20
-21
-14
-17
-14
-15
-13
-18
-22
-21
-18
-16
-15
-20
-14
-15
-15
-14
-16
-15
-18
-17
-14
-19
-21
-18
-20
-17
-22
-23
-18
-17
-17
-17
-17
-16
-15
-17
-9
-16
-16
-13
-18
-12
-20
-19
-22
-23
-19
-21
-22
-17
-19
-17
-19
-24
-21
-22
-19
-18
-13
-18
-21
-13
-16
-15
-12
-13
-11
-14
-11
-9
-5
-7
-9
-7
-6
-8
-7
-9
-4
-5
-3
-9
-6
-4
-7
-3
-8
-4
-3
-4
-1
-7
-5
-2
-4
-2
-6
-4
-4
-3
-5
-4
0
-4
-5
-8
-3
-6
-1
-6
-4
0
-3
-3
-3
-2
-1
-1
-1
-2
-9
-5
-3
-1
-9
-10
-8
-7
-10
-5
-5
-6
-8
-13
-10
-7
-4
-9
-15
-15
-14
-12
-14
-12
-16
-17
-15
-21
-12
-15
-11
-11
-9
-12
-10
-6
-12
-11
-9
-11
-12
-10
-11
-7
-10
-10
-15
-10
-9
-9
-10
-10
-6
-15
-13
-14
-12
-11
-15
-14
-11
-10
-11
-12
-9
-10
-11
-12
-13
-11
-20
-14
-15
-16
-11
-11
-12
-10
-12
-14
-9
-8
-7
-8
-11
-12
-17
-10
-11
-12
-8
-14
-9
-9
-14
-17
-9
-9
-12
-11
-8
-6
-7
-6
-5
-5
-5
-6
-4
-3
-3
-2
-9
-9
-6
-9
-7
-8
-5
-6
-6
-3
-5
-3
-7
-5
0
-10
-7
-3
-9
-7
-4
1
1
-6
1
-10
-8
-1
1
0
-4
-6
-3
-6
-8
-7
-2
-4
-5
-6
-2
0
-3
-3
-4
-5
-6
1
-6
0
-1
1
2
2
0
0
-5
-5
2
-7
-6
-1
2
-4
-2
-3
-7
-1
-3
-1
-1
2
1
-2
-1
-3
-6
1
-1
-2
1
1
-1
-1
7
7
3
4
3
1
0
5
-2
1
2
-2
0
0
6
0
-2
-4
0
-4
0
0
-2
-6
-4
-4
-2
-5
-12
-5
-11
-7
-8
-4
-2
-7
-6
-5
-3
-3
-3
-4
-3
-10
-6
-4
-9
-7
-1
-3
-2
-8
-6
1
-3
0
4
0
6
4
2
7
2
-2
3
3
2
0
-3
-1
1
-2
2
2
4
1
-2
-3
0
3
1
7
-1
2
-1
-5
-1
-2
-1
-8
-8
-2
-3
-2
-5
-4
0
-2
4
2
6
9
8
2
-3
6
4
8
4
2
9
6
1
5
4
5
8
6
13
8
3
7
3
3
5
3
7
5
5
2
-3
0
2
2
6
6
3
-2
2
2
-2
-3
-2
-2
-3
2
2
2
-3
-4
4
1
-1
-4
-9
-3
-4
-5
1
-10
-6
0
1
-2
1
4
3
0
0
5
2
3
3
-2
-3
2
3
1
1
0
-3
2
4
4
0
-2
1
-2
5
1
2
6
2
0
1
0
2
6
-2
8
10
8
9
6
7
11
6
5
4
8
9
0
0
5
2
3
6
6
8
9
5
6
6
-1
0
-1
6
7
0
10
12
2
6
7
2
2
3
2
-1
0
-4
-7
-5
2
-3
-9
-1
-9
-12
-6
-5
-10
-14
-10
-7
-11
-11
-12
-12
-9
-9
-10
-5
-6
-9
-9
-9
-4
-6
-4
-6
-5
-4
-2
2
-4
-3
-4
-4
8
0
-4
-5
1
-1
-1
5
6
1
0
4
0
6
3
3
0
9
10
4
2
3
6
5
9
8
6
2
1
2
3
4
2
-1
6
-3
-1
2
-6
-2
3
3
1
-2
-5
-5
-9
-3
-6
-6
-4
-2
-3
-3
-9
-12
-5
-6
-9
-11
-13
-6
-7
-7
-10
-13
-8
-6
-9
-6
-4
-9
-6
-6
-7
-2
-6
-8
-2
0
-2
-4
-3
-6
-2
-8
-2
1
-1
-2
-2
-1
-1
-4
-2
0
-3
5
1
-1
0
3
1
-1
2
-3
-7
-4
-4
-6
3
4
2
-6
2
6
-9
-5
-2
-1
-2
-4
-11
-11
-9
-13
-10
-7
-7
-11
-7
-10
-10
-9
-12
-13
-17
-9
-9
-14
-12
-7
-9
-15
-12
-10
-10
-15
-15
-15
-13
-12
-11
-17
-18
-13
-12
-17
-16
-15
-16
-9
-11
-12
-13
-14
-16
-21
-22
-12
-16
-13
-15
-18
-15
-18
-11
-7
-12
-15
-13
-7
-8
-12
-10
-13
-10
-11
-8
-4
-11
-10
-7
-16
-12
-13
-15
-10
-9
-10
-11
-11
-9
-9
-12
-10
-15
-10
-10
-10
-12
-10
-9
-9
-11
-9
-10
-10
-7
-14
-10
-11
-6
-9
-9
-2
-9
-8
-6
-6
-6
-4
-10
-2
-4
-3
0
-5
-4
-3
1
-3
1
1
1
7
4
4
8
5
6
8
6
3
2
11
9
14
12
10
17
16
17
10
11
15
10
12
14
13
11
15
14
8
10
8
6
3
5
4
4
6
9
3
0
-1
1
-2
-4
1
0
-4
-8
-4
-2
-4
-9
-9
-6
-2
-8
-10
-11
-13
-10
-9
-14
-18
-12
-16
-15
-16
-16
-21
-18
-17
-17
-16
-17
-16
-16
-18
-18
-14
-13
-12
-8
-9
-12
-11
-13
-13
-13
-8
-5
-2
-13
-14
-9
-8
-9
-4
-3
-3
2
-2
-4
2
2
-2
-8
-3
1
-3
7
-7
-2
-4
-5
-3
-5
-2
-4
-4
-6
1
-1
-3
-5
-4
-11
-6
-4
-6
-7
-5
-6
-9
-4
-8
-8
-4
-8
-7
-10
-5
-6
-9
-1
-4
-3
-8
-11
-9
-4
-7
-5
-2
-10
-5
-2
-5
-3
-4
-1
-1
-9
-1
-4
-6
-5
-4
-6
-5
-5
-9
-7
-6
-9
-3
-3
-12
-5
-10
-11
-11
-10
-9
-12
-12
-8
-6
-9
-10
-13
-7
-8
-12
-6
-9
-8
-7
-12
-12
-10
-14
-9
-9
-13
-5
-13
-15
-7
-12
-8
-9
-13
-12
-12
-5
-8
-8
-7
-8
-8
-9
-12
-3
-4
-9
-6
-6
-5
-6
-7
-9
-9
-7
-2
-4
0
-4
-5
-5
-1
0
1
1
-2
6
0
1
3
0
-1
0
4
1
7
-2
-3
1
-8
-7
-2
-2
2
0
2
9
5
5
0
0
3
3
6
2
0
3
6
6
-2
-1
-3
0
3
5
4
4
4
1
-1
5
5
-1
2
2
6
9
6
5
6
3
6
1
2
-1
-1
1
1
5
2
4
8
8
5
5
6
6
2
-1
-2
3
2
1
3
5
6
6
6
3
6
3
7
4
8
4
-1
5
3
1
-2
-2
-5
-1
-1
-5
0
1
0
-1
-2
4
-4
-1
-4
-5
2
-2
-5
-7
-5
-4
-2
-3
-5
-6
-5
-3
-10
-9
-5
-1
1
-5
-6
-6
-6
-6
-2
-5
-7
-2
-3
-1
-2
0
-3
-4
-2
-3
-3
3
0
1
4
-2
-2
0
0
-2
-2
3
6
3
3
2
8
7
4
7
5
5
3
6
3
8
12
15
8
11
11
6
8
11
7
5
7
5
10
8
6
7
7
9
8
2
6
5
6
7
5
5
9
3
6
7
4
6
7
5
2
5
5
3
0
5
8
7
1
2
3
4
5
3
2
1
-1
-2
-5
-7
2
-7
-8
-6
-3
2
-5
-4
-2
-3
1
1
0
0
-4
-3
-7
-4
-4
-10
-11
-8
-12
-7
-8
-12
-3
-5
-7
-14
-9
-8
-14
-6
-9
-9
-7
-6
-10
-11
-9
-5
-12
-13
-9
-10
-7
-7
-9
-11
-7
-9
-3
-3
-6
-7
-10
-6
-10
-8
-10
-7
-8
-6
-2
-13
-16
-10
-12
-6
-3
-10
-10
-7
-11
-8
-13
-6
-4
-6
-7
-4
-11
-14
-9
-9
-12
-8
-9
-4
-3
-3
-3
-5
-1
-1
4
1
2
3
3
2
4
5
5
0
2
3
0
2
-1
-4
3
1
1
2
-2
1
-1
1
-5
-2
2
-2
3
1
1
-3
-1
-6
-1
-3
-5
0
-4
1
-4
-6
-5
1
1
-1
2
0
5
7
2
1
2
4
6
9
3
6
9
6
6
7
9
5
14
13
12
11
11
12
11
14
9
9
13
7
10
10
11
11
8
6
11
10
5
6
6
10
6
11
9
7
7
7
6
9
9
8
10
3
7
7
8
6
3
6
4
3
2
6
6
10
11
7
5
4
4
4
2
-3
0
1
0
-3
-2
-1
-4
-4
-5
-6
-8
-5
-3
-3
-3
-4
-9
-3
-5
-4
-2
-2
3
-1
-4
-2
-3
-5
-3
-7
2
-3
-3
4
-1
0
0
-1
1
1
-3
3
0
3
4
-1
-1
-6
2
4
0
-2
-4
-3
-6
-2
-1
2
3
3
-2
2
3
4
7
1
4
-2
3
1
7
2
2
2
-3
1
1
2
-3
0
0
-7
-5
-2
-6
0
-2
0
-2
-1
0
1
-2
-5
3
0
-2
0
-4
-6
0
3
2
6
-3
-2
-3
-5
0
-1
5
5
1
2
4
-1
3
2
-1
6
6
7
7
7
3
3
6
6
3
1
3
2
-1
-6
-4
-1
3
1
0
3
2
7
2
-3
-4
-1
0
0
3
1
0
0
-1
1
7
-2
-2
3
1
0
8
0
0
2
-4
-2
-2
3
1
-1
-1
0
-3
-4
-2
-6
0
1
-1
-2
-1
0
0
-2
-1
-1
-1
-2
0
-2
-4
2
0
7
6
1
1
8
7
5
4
6
3
6
10
10
11
8
12
14
12
8
5
7
7
8
13
7
9
5
9
7
2
8
6
5
4
6
10
5
5
7
6
3
4
4
1
-2
-2
0
-2
-5
2
1
-7
-6
-11
-8
-4
1
0
1
-4
-4
-5
-5
1
-10
-5
-7
-4
0
-10
-10
-5
-5
-4
-4
-4
0
4
3
4
-1
2
-4
-2
2
0
1
-1
-2
5
2
7
6
2
3
6
7
8
9
7
5
0
2
-2
5
2
3
0
-2
2
-1
-3
2
2
1
6
5
1
0
2
3
1
1
1
-2
6
2
2
6
3
0
0
0
-3
1
3
2
-3
1
2
-3
-1
0
-3
-3
-1
-2
-4
0
-2
-7
-1
1
-5
-3
1
3
-1
7
6
2
-2
2
3
0
6
7
-1
1
1
5
7
5
1
5
3
4
7
9
1
-2
-4
-5
-2
-3
1
-7
2
0
-1
0
1
4
-2
2
-6
-5
-1
-2
2
-1
-5
-2
-2
-5
-6
-4
-6
-8
-10
-8
-13
-10
-10
-10
-5
-8
-9
-8
-8
-12
-10
-9
-10
-6
-7
-7
-7
-7
-7
-2
-2
-3
2
-3
-6
-3
-4
-9
-3
0
-4
-1
-1
-3
-2
-1
-1
3
1
-2
-5
-3
-1
0
0
-1
1
0
-2
-3
-1
-1
-1
1
-4
-1
0
0
1
0
3
1
1
0
2
1
-1
-6
-11
-5
-2
-5
-3
-5
-3
-9
-3
-5
-7
-3
-1
3
-3
-2
-8
-6
-3
-8
-9
1
2
0
-3
-3
-2
-6
0
-2
2
4
1
-3
5
8
7
8
3
7
6
3
1
8
8
5
5
2
1
5
7
3
10
9
6
4
0
4
1
3
3
2
1
5
7
1
0
7
3
2
4
-4
2
3
2
3
3
3
2
-5
5
3
1
3
-1
3
-1
-1
0
4
0
-3
-1
0
-3
0
1
-3
1
-5
-4
-2
0
1
3
4
6
6
3
-4
-3
2
-2
-2
-1
2
1
1
-1
-1
1
2
5
2
0
-2
-1
4
1
2
2
-2
2
3
-3
-5
-1
-5
-8
-8
-6
-9
-8
-8
-6
-8
-13
-12
-13
-7
-9
-8
-7
-14
-14
-12
-9
-10
-13
-10
-13
-13
-9
-9
-12
-12
-4
-7
-7
-11
-9
-6
-6
-7
-10
-7
-3
-7
-7
-5
-9
-3
-6
-6
-3
-6
-9
-7
-4
-5
0
-2
-6
-4
-7
-4
-3
-4
0
-5
-8
-3
-3
2
-6
-6
5
-2
-1
-2
0
1
0
3
2
2
4
3
6
10
4
4
8
7
8
5
6
4
2
3
4
5
-2
-4
0
4
4
2
5
-1
4
2
0
3
-1
4
4
1
2
4
0
0
4
0
3
1
-2
5
3
5
9
1
1
0
-1
2
-1
6
0
1
2
0
-2
4
1
0
4
1
1
0
-3
-2
1
1
0
2
-5
-2
0
-4
-1
-1
-1
-3
-2
-1
-4
0
-3
-4
-3
-6
-5
-5
-6
-7
-7
-6
-10
-6
-7
-10
-10
-9
0
-4
-1
0
-2
-3
-5
-9
-8
-8
-10
-5
-11
-5
-8
-7
-3
-6
-7
-4
-6
-5
-1
0
-2
1
-3
-3
-3
-8
-6
-9
-1
-9
-9
-1
0
-2
-5
-4
-2
-4
-7
-4
-4
-6
-9
-6
-4
0
-1
0
-5
1
-2
-6
-4
-7
-10
-4
-2
-6
1
-2
-8
-10
-3
-6
-7
-7
-2
-2
-4
-6
-7
-2
-6
-1
-4
-2
-1
-4
-2
-5
-1
-2
-2
-2
-6
-1
-2
1
0
-1
1
2
0
0
2
2
2
2
0
-1
2
5
10
1
-2
9
7
5
4
3
5
8
8
2
4
5
7
5
7
8
8
9
3
4
11
6
2
5
11
3
7
6
4
8
7
6
7
9
5
8
6
3
5
9
7
7
8
8
9
5
8
8
10
9
9
16
10
4
9
7
7
10
8
10
11
6
2
6
8
10
8
6
6
7
8
4
9
4
5
2
-2
3
-3
5
4
3
6
5
9
10
9
7
9
5
-2
2
1
6
7
5
4
3
3
3
0
3
-1
-1
1
0
6
7
5
4
3
4
6
0
7
8
1
7
4
5
7
7
8
4
4
1
11
9
7
7
6
3
1
4
3
1
5
4
2
7
8
8
7
6
13
3
9
6
6
3
5
4
8
13
7
14
14
14
7
8
7
6
9
10
9
7
6
9
11
8
6
15
12
9
12
11
10
6
7
9
9
11
10
8
9
11
4
6
7
6
8
5
4
2
2
4
1
1
2
-3
-5
0
4
5
1
7
12
5
5
7
6
3
4
6
3
2
1
2
5
6
6
1
1
1
4
10
2
0
7
7
6
1
0
-1
0
2
2
5
6
5
5
7
4
1
4
3
8
8
8
6
12
11
8
13
8
11
12
11
4
11
11
9
9
6
5
11
7
5
5
8
12
12
16
14
16
17
12
13
18
14
12
6
9
11
11
10
8
16
13
8
14
15
7
8
9
10
7
7
9
9
11
11
14
8
7
10
7
5
3
10
12
7
5
10
11
14
12
8
9
10
11
11
7
6
11
8
6
6
4
6
10
5
4
8
5
9
9
7
4
3
6
1
8
7
9
10
7
3
4
10
6
11
10
8
8
2
2
6
-1
6
2
2
1
2
4
2
3
0
-1
-2
1
-2
-4
-1
-5
-1
3
-2
4
2
-3
-2
-7
3
2
1
4
4
4
2
3
-1
2
-3
-2
-3
-4
-5
-1
0
-1
-3
-1
5
0
-4
3
0
-2
-6
-2
-2
0
0
1
3
3
-3
-4
-4
-4
3
4
7
2
8
7
2
5
6
7
11
13
8
8
5
6
6
8
13
12
12
7
11
10
10
8
4
2
1
8
9
4
9
10
5
7
5
2
-2
1
4
-2
-1
-4
0
0
-6
-4
-4
-2
-7
-6
-5
0
2
-2
-3
-3
-1
-8
-6
-5
-8
-4
-2
-3
-9
-4
-3
-5
-8
-6
-8
-3
-1
-7
-3
-4
-1
-2
1
-4
-3
2
-8
-2
-5
-2
0
1
6
1
4
3
-1
-2
-1
1
-2
-1
5
6
3
0
-5
0
-3
-6
-3
-3
-1
-1
2
-4
-8
-4
-5
2
0
-1
-2
-3
-5
-3
0
-3
5
2
-1
-2
-8
-11
-3
-1
-5
-2
-4
-1
-6
0
-1
-7
-6
-9
-11
-5
-4
-2
-5
-3
1
-2
-3
-4
-4
-7
-7
-7
0
-5
-8
-4
-8
-7
-7
-4
-7
-7
-5
-8
-8
-5
-2
-9
-9
-7
-4
-3
-7
-13
-5
-11
-3
-10
-11
-3
-4
-2
-2
-4
-7
-3
-7
-6
-6
-6
-3
-9
-11
-10
-4
-2
0
-1
-1
-2
-3
-6
-7
-5
-9
-9
-12
-11
-6
-9
-10
-9
-7
-4
-8
-9
-10
-11
-8
-7
-9
-4
-8
-11
-2
-3
-1
-5
-4
-4
-1
-7
-4
-3
-7
-4
-9
-2
-2
-5
-4
1
2
0
-2
-1
5
4
3
-4
-3
-6
-5
5
-3
-2
-3
0
-5
-7
1
-3
-2
-5
-5
-6
-5
-9
-1
-7
-9
-7
-3
-4
-9
-3
-1
-1
-7
-2
-6
-4
-2
-9
-3
-5
2
-4
-3
1
-4
-3
-1
-6
-5
-2
-1
-1
-1
2
-4
-4
-5
2
6
0
2
6
4
2
3
4
11
9
7
9
7
5
5
6
7
4
8
12
7
8
8
8
10
5
2
4
0
3
5
0
-2
2
1
3
3
-2
-3
2
1
-1
-4
-2
-5
-8
-9
-5
-4
-9
-11
-7
-6
-9
-8
-14
-6
-5
-11
-6
-12
-9
-5
-11
-10
-10
-10
-8
-12
-8
-7
0
-4
-6
-7
-7
-8
-2
-6
-6
6
-1
-2
0
-2
-1
-3
0
-3
-1
1
-5
-3
0
-3
-3
0
-1
-3
-3
-5
-6
1
4
-1
1
-1
-1
0
0
1
-4
1
-2
-1
1
2
3
10
3
-4
1
4
2
1
0
-3
-2
-3
0
0
0
-2
3
-3
-6
-2
-1
-3
-2
0
6
6
6
3
0
4
-1
-2
-1
1
3
3
3
3
5
9
9
3
9
6
9
8
8
8
8
13
10
9
10
12
6
8
12
11
10
9
3
7
9
11
10
9
7
7
9
9
7
7
6
6
5
5
3
2
2
3
6
5
6
2
3
4
2
-2
-3
-3
-6
-3
-3
-9
-10
-9
-8
-7
-8
-6
-6
-8
-10
-7
-11
-3
-4
-10
-6
-7
-7
-8
-6
-8
-8
-4
-1
-2
1
-4
-5
-9
-8
-12
-15
-6
-10
-4
-2
-1
-3
2
-2
-1
-4
-5
5
-4
1
-4
-6
-1
2
-1
0
-2
-5
1
1
3
-2
0
2
7
3
4
4
6
6
6
3
3
5
8
8
7
7
5
5
6
4
6
10
3
8
2
2
-1
2
1
-1
-1
-2
-3
3
6
2
2
1
9
2
4
-1
-2
3
1
-4
0
5
3
1
-1
6
1
-2
-5
-3
-1
2
6
10
3
2
2
0
-2
-4
-1
3
3
3
7
6
7
6
5
8
7
9
6
6
12
6
10
8
10
11
4
6
7
6
8
6
0
7
6
4
-1
-1
3
-1
1
-3
-1
2
-3
-2
-2
-1
-5
2
-3
3
4
-1
-3
-4
-2
-3
-4
-6
1
0
1
-8
-6
1
-1
-2
-1
-2
1
1
4
3
11
9
13
13
11
13
9
9
14
16
16
19
15
16
13
14
12
11
9
4
7
9
7
5
7
3
3
4
9
7
3
10
1
-3
1
1
0
2
-1
-1
-3
-4
1
0
-5
-3
-3
-8
-9
-8
-6
-8
-8
-8
-15
-8
-13
-11
-5
-11
-9
-11
-8
-4
-8
-6
-4
-8
-5
-3
-2
-1
-6
-6
-7
-9
0
-4
-1
-1
1
2
3
-1
-3
2
0
1
3
0
0
5
8
6
3
6
3
5
1
4
8
4
8
6
5
8
5
3
4
6
3
4
5
9
8
-1
3
4
6
3
7
3
6
3
1
-2
0
-1
-6
-1
-1
-3
-3
0
-3
-4
-2
-4
-1
3
-2
3
8
4
1
1
2
3
5
4
5
3
10
6
4
3
5
7
6
11
2
3
1
1
4
4
2
5
2
6
10
6
11
4
4
8
8
2
5
5
4
2
3
3
-1
9
3
0
6
6
5
5
2
-1
4
5
4
2
-3
-2
-1
0
-1
4
3
2
-3
9
1
0
5
1
-1
2
4
2
3
2
3
-1
1
3
12
3
3
9
7
5
-2
3
0
4
5
6
9
12
10
7
7
3
10
7
6
8
8
7
8
5
5
4
2
-3
1
0
-1
7
0
-2
0
-2
0
-2
-6
2
1
2
-1
0
6
4
6
7
2
5
8
10
6
10
10
7
4
5
5
4
6
5
1
6
6
3
5
7
9
5
10
8
3
7
10
12
12
9
15
13
11
11
15
11
13
10
8
11
12
8
11
12
10
13
11
7
8
15
14
21
12
13
8
17
22
17
18
20
15
18
22
15
15
19
19
17
12
14
14
10
17
17
21
20
16
17
20
21
18
21
21
20
14
19
17
20
19
18
15
18
21
20
22
20
20
18
16
19
19
16
16
16
18
14
16
14
13
15
5
6
11
10
11
3
8
9
7
3
4
6
4
6
5
3
2
1
0
2
1
1
-3
-4
-3
0
0
-3
-2
0
1
-4
-2
2
1
1
4
5
7
0
7
6
6
5
5
11
5
5
10
10
9
7
13
8
11
11
6
6
5
12
13
10
8
16
10
9
12
11
16
13
13
14
15
12
9
15
10
10
11
13
15
11
13
5
8
8
9
13
14
7
9
10
12
12
11
14
13
15
8
16
22
15
14
9
6
11
9
14
15
16
14
7
13
12
15
16
10
5
8
10
10
5
8
7
13
11
11
11
13
12
6
11
5
6
4
8
12
10
8
8
8
6
8
1
3
9
12
11
1
2
1
3
4
8
4
4
5
3
3
8
6
2
0
2
0
5
8
0
8
5
5
1
6
2
5
10
9
4
5
6
2
7
13
8
7
9
7
6
7
9
11
8
10
11
7
14
7
10
13
8
11
9
8
12
14
9
12
13
15
12
14
17
17
14
10
14
8
9
13
13
10
9
5
12
15
14
18
20
16
13
10
14
15
14
16
17
13
15
14
6
10
12
12
16
18
18
20
15
16
14
13
14
8
12
16
15
19
21
21
22
16
16
20
20
20
11
17
12
14
19
15
12
19
20
18
19
20
16
14
12
15
11
9
13
7
15
11
11
9
12
11
3
11
5
8
12
7
4
2
3
0
6
4
5
6
-1
-1
2
2
-2
3
7
2
-1
0
0
-1
7
0
1
6
2
-1
-3
3
2
3
8
4
5
4
0
4
5
6
6
2
0
0
-1
0
-3
6
0
-6
2
-2
-3
-8
0
0
-4
0
-1
-1
-2
2
0
-1
-1
-4
2
-1
-3
-2
1
-1
1
3
4
3
4
4
7
4
0
5
-2
3
3
5
5
7
7
4
3
5
7
6
-2
2
4
5
6
1
1
1
5
0
-2
7
4
7
1
1
3
0
0
-2
2
0
3
2
5
3
2
7
5
4
9
9
5
8
4
3
5
6
8
12
6
4
3
5
3
5
8
9
7
4
4
0
-1
5
7
8
3
-2
1
3
5
2
4
1
3
3
0
-3
-2
1
5
0
1
1
2
4
0
2
1
0
-2
1
-2
-7
-1
-1
-6
-4
-1
-3
-3
-8
-6
-5
-7
-8
-4
-4
0
-4
-5
-4
-3
-7
-2
-1
-1
-3
-5
-6
-6
-6
-7
-2
-6
-2
-2
2
-9
-4
-1
-4
-5
-5
-4
-1
-2
-3
2
-3
0
4
1
0
9
3
0
3
-3
-2
-3
-1
4
-8
-7
-3
-4
-7
-5
-5
-6
-8
-9
-4
-5
-7
-9
-10
-10
-9
-8
-12
-10
-15
-14
-12
-19
-14
-18
-14
-16
-11
-4
-8
-9
-9
-2
-9
-6
-1
-6
0
1
0
-1
-3
-3
-1
0
4
0
6
3
4
5
7
9
4
5
3
1
7
1
0
-2
2
-1
-3
1
0
-2
4
2
-4
-5
-5
-9
-6
-6
-7
-8
-5
-4
-7
-2
-6
-9
-5
-5
-7
-5
-4
-5
-15
-8
-10
-10
-7
-8
-8
-10
-11
-11
-13
-15
-11
-12
-16
-15
-17
-13
-15
-18
-12
-18
-12
-11
-10
-7
-9
-6
-8
-10
-10
-4
-5
-2
0
0
-8
-3
-5
-5
0
-6
0
0
-2
-3
3
0
-3
4
5
2
7
3
8
9
6
13
10
16
7
7
6
5
7
1
6
-5
-4
-2
0
3
-3
-1
-6
-2
-3
-6
-8
-5
-2
-7
-10
-11
-6
-11
-11
-9
-11
-15
-17
-15
-16
-19
-14
-18
-19
-15
-17
-17
-21
-18
-23
-20
-17
-16
-14
-17
-14
-14
-19
-16
-12
-16
-11
-11
-12
-14
-15
-12
-15
-9
-9
-8
-7
-8
-9
-7
-11
-12
-7
-9
-4
0
-5
-2
-3
-3
-1
3
-2
-7
-1
-1
-5
-4
-9
-5
-4
-7
-5
-5
-5
-9
-9
-14
-6
-5
-9
-8
-9
-7
-14
-13
-12
-11
-11
-17
-10
-11
-15
-13
-15
-5
-11
-13
-14
-17
-12
-14
-15
-9
-15
-13
-12
-12
-9
-12
-5
-4
0
-2
1
4
0
5
-2
2
6
8
8
6
11
8
10
9
15
12
15
20
16
18
20
14
17
15
13
15
15
14
11
14
13
17
12
13
11
12
8
3
7
1
6
8
6
3
4
2
-1
9
6
3
2
4
1
-2
0
-4
-4
2
1
1
0
-7
-1
0
0
4
1
5
2
0
-1
5
3
6
9
5
3
0
4
9
5
2
6
6
3
4
4
4
2
4
3
3
8
2
4
8
-4
5
2
3
5
1
5
4
5
-4
-1
-5
-9
-3
-10
-11
-10
-14
-4
-9
-9
-7
-16
-16
-14
-16
-15
-11
-16
-18
-22
-21
-17
-22
-23
-20
-22
-23
-20
-19
-21
-17
-20
-20
-19
-19
-16
-17
-16
-13
-15
-16
-14
-12
-10
-6
-12
-9
-8
-10
-12
-10
-2
-7
-2
-2
1
1
-1
2
2
-1
5
7
5
12
7
7
15
7
8
7
11
11
13
14
21
16
8
10
8
11
7
12
15
17
10
12
10
10
15
7
13
7
12
13
4
4
8
5
5
6
4
2
5
3
0
9
0
4
7
0
7
3
0
4
3
6
1
4
-3
-1
2
0
4
4
6
0
0
-1
2
1
6
-4
-7
2
-3
4
3
2
3
-7
5
5
-3
1
-1
-2
0
6
1
2
-3
-4
-1
6
9
2
-3
1
5
3
-1
5
2
0
4
-6
-4
-9
-11
-7
-10
-15
-12
-10
-14
-13
-13
-11
-19
-13
-13
-13
-17
-14
-14
-18
-14
-14
-15
-19
-18
-14
-17
-17
-14
-14
-14
-14
-13
-15
-12
-12
-13
-12
-12
-8
-9
-3
-6
-9
-6
-7
-7
-8
-11
-6
-8
-7
-3
-3
-4
-6
-3
-3
-3
-3
-5
0
4
2
2
-2
0
0
5
-3
-1
-1
-3
0
-3
2
0
-5
1
0
-4
-3
3
4
1
-1
-3
0
-3
-6
-5
-9
-14
-10
-14
-9
-9
-9
-15
-14
-15
-12
-9
-14
-15
-9
-10
-14
-6
-7
-10
-6
-7
-9
-9
-10
-7
-10
-11
-11
-12
-10
-6
-8
-3
-1
-7
0
-1
-7
-7
-7
-4
-7
-8
-2
0
0
0
-2
-2
-1
4
5
0
3
-4
2
0
-5
0
-5
3
1
1
3
-1
3
0
-1
-5
-5
-4
0
-4
0
0
-11
-7
-7
-4
-3
-1
1
-5
-6
-5
-3
-11
-11
-5
-5
-7
-15
-9
-12
-16
-11
-5
-8
-7
-9
-10
-15
-14
-11
-13
-14
-16
-9
-18
-21
-20
-21
-16
-19
-18
-15
-17
-16
-16
-13
-18
-15
-14
-16
-17
-14
-17
-15
-15
-14
-13
-15
-11
-12
-13
-10
-10
-11
-10
-14
-9
-16
-14
-11
-15
-14
-11
-12
-16
-10
-16
-9
-13
-11
-11
-14
-10
-8
-6
-9
-9
-3
1
-7
-7
-4
-2
-4
-7
-4
-7
-5
-13
-7
-6
-8
-7
-8
-5
-6
-5
-8
-9
-10
-9
-9
-7
-5
-6
-6
0
-3
-7
-4
-4
-8
-6
-5
-3
-2
-5
-6
-6
-8
-3
-1
-3
1
0
-5
-3
-6
-5
-6
1
-4
-1
0
-4
-2
-6
-5
-10
-1
-4
-5
-1
-7
-9
-1
1
-3
-11
-4
-3
-10
-6
-7
-4
1
-9
-6
-6
-8
-6
-6
-2
-7
-6
-6
-4
-4
-4
0
-7
2
-10
-5
-2
-3
-1
-4
3
-3
0
-6
-4
-7
-4
-1
-3
5
0
1
-2
-2
-7
-2
3
2
-1
4
7
-1
1
3
4
0
0
2
10
8
5
4
2
7
5
-5
-5
-1
2
-1
-2
2
1
4
0
3
3
4
2
0
0
0
-3
-1
-3
-2
0
-1
-4
-2
3
-4
-4
0
1
-7
-3
-5
-5
0
-3
-2
-4
-3
-2
-2
-2
-4
-6
0
2
-6
-5
-5
-7
-11
-7
-5
-5
-9
-10
-9
-10
-10
-9
-2
-11
-9
-10
-10
-8
-10
-5
-7
-4
-9
-8
-6
-8
-7
-6
-2
-2
-4
-5
-1
-1
1
-3
-4
0
6
2
-1
0
1
-1
3
7
3
0
2
3
0
2
1
5
4
4
7
2
2
6
3
6
-2
3
5
-1
4
3
1
-1
-3
3
1
-7
-8
-12
-9
-5
-5
-4
-2
-4
-3
-9
-2
0
2
3
-3
-1
5
2
-2
0
2
5
5
10
6
4
3
9
8
6
3
8
4
3
2
1
3
4
6
3
7
3
2
3
-1
-1
1
0
5
2
-4
-1
1
-1
-2
-1
0
-1
1
-2
-3
-4
-2
-1
-1
-9
-8
-4
-7
-4
-7
-2
-2
-6
-8
-9
-7
-12
-10
-9
-11
-13
-11
-18
-14
-2
-12
-9
-13
-10
-6
-12
-10
-17
-18
-14
-17
-17
-15
-10
-11
-11
-6
-9
-8
2
-1
-6
-5
1
-8
-6
-6
-10
-7
-8
-1
0
0
2
7
7
5
7
10
9
0
-1
0
-2
-2
3
2
-3
0
7
4
0
2
3
-4
-5
0
-6
-8
-12
-14
-15
-10
-6
-5
0
0
-5
-2
-2
-10
-15
-12
-10
-14
-16
-19
-13
-13
-7
2
4
-3
0
8
4
-5
1
4
-4
-6
1
0
-14
4
9
4
6
19
23
10
9
14
6
-5
0
3
2
-2
5
19
11
5
24
26
17
17
22
11
-4
6
2
-9
-8
-5
2
-7
5
6
8
13
16
12
7
8
-6
-5
2
-6
-7
1
13
14
12
18
32
24
13
19
19
-2
-15
3
1
-11
8
22
17
21
40
42
23
27
27
6
3
11
-12
-19
2
0
-17
17
37
16
23
60
32
-6
33
26
-35
-19
27
-20
-41
22
37
-10
17
66
32
3
38
32
-22
-23
-8
-24
-35
-15
-3
9
22
25
53
58
34
27
40
5
-31
-19
-32
-66
-38
-1
-20
-17
35
46
2
19
35
-16
-62
-53
-47
-99
-140
-91
-32
-89
-133
6
12
-244
-283
-123
-388
-795
-668
-621
-1153
-1318
-901
-1045
-1513
-1127
-643
-1008
-1074
-336
-181
-590
-216
444
296
132
772
1251
1076
1245
1983
2287
2053
2265
2848
2756
2210
2281
2498
1822
1077
1205
1081
86
-346
-4
-367
-1181
-1044
-666
-1200
-1614
-1157
-1027
-1592
-1646
-1181
-1277
-1669
-1431
-1020
-1165
-1310
-868
-515
-674
-583
-40
152
12
340
848
836
810
1256
1487
1268
1341
1562
1243
858
823
461
-238
-583
-899
-1626
-2078
-2147
-2555
-2964
-2742
-2583
-2750
-2413
-1786
-1603
-1286
-473
58
365
1071
1726
2007
2508
3050
3133
3286
3672
3548
3225
3387
3303
2609
2343
2472
1883
1115
1174
1118
259
-184
107
-255
-1148
-1174
-878
-1530
-2199
-1856
-1745
-2541
-2752
-2108
-2243
-2906
-2480
-1756
-2097
-2218
-1209
-728
-1069
-475
580
519
418
1279
1505
863
1020
1366
562
-79
176
-297
-1271
-1200
-1060
-1865
-2069
-1426
-1599
-2049
-1443
-980
-1406
-1228
-404
-335
-543
163
940
962
1285
2372
3004
2935
3439
4420
4414
3848
4177
4487
3466
2592
2883
2433
892
482
863
-72
-1194
-771
-524
-1585
-1893
-1087
-1268
-2146
-1890
-1353
-1938
-2468
-2022
-1874
-2547
-2701
-2188
-2228
-2655
-2386
-1806
-1871
-1971
-1354
-829
-955
-806
-118
90
-145
164
624
369
78
405
454
-109
-274
-31
-308
-761
-589
-284
-366
-235
432
1111
1593
2245
3216
4111
4528
4765
5328
5661
5023
4304
4268
3621
1943
1058
1023
-179
-1790
-1711
-1376
-2510
-3030
-1865
-1626
-2598
-2108
-864
-1399
-2266
-1478
-1088
-2337
-2802
-2038
-2450
-3598
-3225
-2425
-2969
-3244
-2045
-1357
-1724
-1114
250
388
91
953
1649
1073
820
1393
1128
145
28
157
-674
-1395
-1216
-1299
-1869
-1670
-927
-677
-252
1037
2168
2823
4059
5475
5890
6102
6933
7009
5900
5319
5137
3621
1778
1319
686
-1229
-2217
-1743
-2245
-3392
-2838
-1797
-2307
-2555
-1245
-725
-1596
-1471
-624
-1253
-2311
-2094
-2097
-3314
-3869
-3372
-3626
-4278
-3759
-2926
-2906
-2557
-1342
-621
-488
214
1060
1079
951
1278
1192
521
172
19
-623
-1322
-1514
-1712
-2143
-2141
-1658
-1292
-842
232
1556
2587
3732
5354
6668
7191
7746
8578
8452
7328
6677
6173
4377
2327
1552
621
-1478
-2641
-2338
-2845
-3947
-3454
-2363
-2678
-2891
-1673
-1045
-1802
-1872
-1149
-1565
-2650
-2693
-2504
-3362
-4063
-3617
-3321
-3805
-3695
-2701
-2226
-2288
-1576
-495
-327
-443
273
827
312
-28
324
17
-975
-1267
-1220
-1958
-2685
-2522
-2376
-2552
-2101
-1108
-242
866
2453
3946
5438
7109
8271
8892
9712
10157
9404
8433
7876
6495
4241
2768
1808
-114
-2016
-2453
-2736
-3876
-4239
-3357
-3154
-3624
-2944
-1850
-2106
-2562
-1934
-1797
-2851
-3231
-2879
-3549
-4537
-4223
-3812
-4320
-4170
-3066
-2638
-2530
-1424
-343
-225
174
1087
1187
852
1073
1048
245
-278
-451
-1159
-1978
-2257
-2527
-3031
-3114
-2695
-2250
-1706
-665
808
2254
3616
5333
7201
8356
8962
9905
10535
9819
8764
8294
7107
4780
3134
2281
500
-1599
-2234
-2408
-3498
-4146
-3437
-3032
-3493
-3186
-2145
-2048
-2630
-2412
-2042
-2781
-3653
-3634
-3880
-4960
-5432
-5018
-5128
-5554
-4912
-3830
-3487
-2955
-1483
-363
-58
703
1813
2022
1752
1983
1993
1139
383
95
-626
-1696
-2217
-2411
-2834
-3005
-2435
-1669
-935
333
2113
3711
5238
7136
8754
9498
10133
10921
10628
9302
8426
7531
5285
2987
1955
529
-1895
-3092
-2972
-3809
-4888
-4203
-3250
-3625
-3533
-2137
-1612
-2287
-2128
-1482
-2134
-3296
-3445
-3632
-4891
-5796
-5539
-5581
-6226
-5855
-4602
-4050
-3642
-2083
-507
-53
618
2029
2552
2125
2270
2506
1584
477
159
-457
-1800
-2566
-2605
-2968
-3297
-2621
-1531
-706
632
2773
4667
6244
8287
10091
10798
11350
12099
11595
9963
8893
7730
5096
2604
1482
-230
-2844
-3896
-3754
-4748
-5678
-4701
-3778
-4226
-3823
-2228
-1936
-2635
-2189
-1658
-2717
-3797
-3782
-4385
-5922
-6485
-6197
-6661
-7086
-6173
-5066
-4611
-3563
-1664
-382
281
1494
2726
2924
2772
2979
2704
1600
661
98
-914
-2190
-2838
-3078
-3460
-3421
-2542
-1453
-274
1582
3789
5743
7817
9947
11238
11951
12810
12832
11439
10091
8969
6561
3637
1974
405
-2263
-4064
-4196
-4801
-5922
-5445
-4204
-4165
-4044
-2578
-1631
-2046
-2018
-1405
-1965
-3274
-3778
-4206
-5612
-6780
-6868
-7040
-7591
-7229
-6014
-5153
-4300
-2570
-764
269
1301
2704
3466
3379
3366
3332
2477
1251
441
-417
-1743
-2798
-3169
-3409
-3537
-2927
-1673
-292
1440
3692
6026
8268
10377
11917
12889
13644
13665
12456
10924
9475
7057
4021
1885
100
-2542
-4645
-5134
-5640
-6672
-6429
-5165
-4777
-4595
-3201
-1948
-2090
-2137
-1506
-1825
-3138
-3833
-4253
-5617
-6974
-7218
-7349
-7938
-7715
-6478
-5502
-4641
-2863
-872
290
1385
2924
3821
3755
3751
3730
2799
1421
504
-485
-2021
-3241
-3697
-4057
-4286
-3632
-2328
-924
929
3424
5924
8288
10682
12512
13526
14363
14660
13557
11843
10364
8062
4801
2332
534
-2122
-4624
-5366
-5745
-6839
-6919
-5640
-5045
-4980
-3759
-2331
-2305
-2533
-2000
-2133
-3447
-4369
-4800
-6037
-7519
-7940
-7956
-8420
-8289
-7025
-5788
-4771
-2970
-765
723
1921
3505
4626
4732
4656
4600
3749
2304
1148
50
-1492
-2887
-3589
-4008
-4260
-3756
-2532
-1055
831
3290
5864
8385
10900
12823
13941
14859
15244
14191
12431
10914
8624
5253
2563
706
-1940
-4632
-5564
-5893
-6964
-7187
-5929
-5142
-5086
-3974
-2413
-2243
-2587
-2132
-2164
-3517
-4667
-5157
-6372
-8054
-8655
-8657
-9158
-9187
-7914
-6545
-5521
-3699
-1288
353
1585
3312
4643
4819
4754
4810
4038
2542
1352
306
-1264
-2792
-3550
-3944
-4258
-3869
-2633
-1101
737
3196
5912
8524
11079
13167
14453
15374
15836
14987
13225
11546
9299
5985
3053
994
-1581
-4360
-5620
-6016
-6960
-7338
-6259
-5353
-5148
-4169
-2635
-2217
-2507
-2222
-2190
-3356
-4647
-5321
-6456
-8140
-9020
-9088
-9455
-9626
-8552
-7048
-5920
-4260
-1816
88
1334
2941
4462
4865
4706
4711
4144
2676
1294
247
-1189
-2814
-3751
-4117
-4371
-4101
-2920
-1254
641
3047
5848
8654
11300
13459
14859
15853
16379
15621
13862
12139
9920
6554
3432
1279
-1314
-4286
-5762
-6195
-7192
-7709
-6647
-5629
-5431
-4468
-2780
-2240
-2547
-2219
-2080
-3269
-4639
-5307
-6418
-8230
-9200
-9216
-9592
-9871
-8782
-7118
-5995
-4387
-1782
293
1488
3110
4812
5242
5006
5079
4555
2953
1504
480
-1080
-2852
-3819
-4258
-4690
-4500
-3318
-1760
16
2454
5304
8064
10790
13213
14778
15798
16549
16174
14525
12753
10799
7653
4291
1975
-412
-3477
-5447
-5970
-6801
-7646
-6940
-5718
-5419
-4821
-3188
-2250
-2560
-2547
-2227
-3076
-4653
-5574
-6403
-8070
-9449
-9612
-9668
-10034
-9385
-7655
-6226
-4858
-2495
-58
1364
2704
4439
5311
5120
4967
4626
3298
1663
475
-881
-2649
-3919
-4437
-4765
-4738
-3798
-2192
-352
1926
4727
7682
10525
12988
14726
15926
16750
16514
15005
13209
11232
8158
4695
2168
-209
-3285
-5504
-6180
-6952
-7876
-7357
-6081
-5671
-5158
-3570
-2425
-2588
-2622
-2248
-2881
-4378
-5395
-6185
-7723
-9191
-9561
-9595
-9934
-9494
-7903
-6363
-4995
-2788
-244
1391
2707
4451
5579
5524
5323
5103
3933
2254
1001
-290
-2097
-3565
-4212
-4645
-4838
-4113
-2653
-995
1118
3887
6788
9586
12259
14282
15519
16468
16740
15571
13688
11881
9281
5742
2844
634
-2244
-4989
-6075
-6620
-7671
-7758
-6532
-5809
-5579
-4307
-2809
-2686
-2980
-2608
-2828
-4304
-5572
-6244
-7595
-9334
-9956
-9894
-10272
-10165
-8665
-6999
-5759
-3719
-992
866
2135
3942
5428
5577
5373
5365
4496
2795
1484
353
-1403
-3086
-3888
-4334
-4701
-4238
-2887
-1293
681
3385
6315
9140
11951
14210
15553
16592
17201
16302
14369
12631
10295
6691
3502
1317
-1516
-4655
-6081
-6575
-7759
-8263
-7081
-6181
-6127
-5013
-3234
-2892
-3295
-2828
-2722
-4141
-5504
-6025
-7232
-9138
-9906
-9777
-10227
-10379
-8998
-7314
-6212
-4350
-1576
413
1659
3497
5209
5549
5416
5552
4887
3243
1893
827
-901
-2722
-3650
-4155
-4667
-4400
-3132
-1589
250
2890
5900
8765
11637
14146
15720
16818
17632
17126
15324
13529
11400
7971
4518
2157
-520
-3815
-5736
-6331
-7413
-8251
-7380
-6276
-6125
-5325
-3516
-2741
-3087
-2844
-2506
-3559
-5101
-5830
-6782
-8631
-9873
-9960
-10226
-10647
-9792
-8076
-6834
-5351
-2750
-365
1013
2606
4527
5337
5187
5241
4938
3504
1926
828
-657
-2560
-3787
-4297
-4766
-4768
-3729
-2120
-300
2110
5083
8115
11058
13608
15391
16706
17650
17350
15773
14062
12020
8690
5168
2680
0
-3393
-5587
-6333
-7460
-8475
-7774
-6629
-6443
-5721
-3863
-2873
-3108
-2821
-2320
-3201
-4670
-5383
-6273
-8087
-9411
-9634
-9977
-10474
-9781
-8216
-7026
-5591
-3089
-681
821
2464
4423
5383
5403
5518
5277
3968
2427
1269
-241
-2158
-3501
-4204
-4833
-4980
-4124
-2707
-1004
1339
4241
7218
10217
12958
14872
16223
17355
17371
15922
14192
12364
9286
5631
3000
520
-2849
-5419
-6288
-7244
-8460
-8103
-6835
-6451
-5939
-4147
-2779
-2806
-2652
-2003
-2494
-3946
-4864
-5637
-7298
-8913
-9426
-9699
-10296
-10042
-8644
-7308
-6065
-3855
-1268
469
1950
3918
5280
5437
5445
5433
4434
2795
1553
271
-1616
-3217
-3979
-4525
-4895
-4295
-2844
-1162
971
3837
6972
10011
12808
14986
16517
17681
17931
16771
15031
13172
10240
6542
3618
1042
-2339
-5244
-6478
-7447
-8746
-8723
-7543
-6970
-6505
-4851
-3252
-2970
-2850
-2237
-2428
-3699
-4765
-5546
-7013
-8695
-9470
-9719
-10238
-10253
-9065
-7599
-6362
-4400
-1766
234
1686
3557
5189
5590
5496
5522
4763
3103
1652
419
-1396
-3252
-4221
-4737
-5202
-4886
-3517
-1755
249
2962
6184
9353
12163
14449
16196
17480
17843
16913
15328
13467
10611
6996
3982
1310
-2072
-5083
-6537
-7610
-8932
-9060
-8005
-7417
-6940
-5368
-3762
-3317
-3103
-2536
-2671
-3743
-4749
-5639
-7074
-8645
-9537
-9969
-10431
-10419
-9459
-8066
-6668
-4750
-2229
-33
1638
3484
5203
5929
5998
6007
5399
3941
2466
1135
-629
-2492
-3663
-4328
-4810
-4630
-3478
-1776
272
2891
6026
9329
12319
14660
16476
17996
18552
17662
16143
14435
11609
7864
4783
2131
-1356
-4594
-6142
-7241
-8739
-9047
-7982
-7395
-7068
-5544
-3803
-3321
-3163
-2511
-2516
-3594
-4633
-5480
-6922
-8610
-9612
-10097
-10638
-10771
-9881
-8491
-7133
-5267
-2692
-396
1307
3194
5051
5854
5925
6009
5516
4023
2498
1242
-531
-2508
-3706
-4342
-4922
-4840
-3670
-1960
34
2650
5861
9198
12220
14637
16551
18129
18735
17886
16388
14698
11859
8078
4966
2254
-1315
-4611
-6197
-7378
-8944
-9241
-8171
-7635
-7279
-5642
-3879
-3393
-3105
-2366
-2443
-3505
-4446
-5363
-6926
-8576
-9603
-10282
-10859
-10901
-10128
-8865
-7398
-5483
-3046
-734
1087
2929
4702
5584
5702
5719
5213
3794
2280
977
-776
-2693
-3882
-4576
-5091
-4907
-3746
-2032
108
2830
6025
9442
12614
15003
16862
18497
19093
18085
16510
14790
11785
7868
4759
1997
-1692
-4951
-6467
-7689
-9215
-9348
-8247
-7716
-7242
-5511
-3763
-3254
-2883
-2171
-2287
-3321
-4236
-5203
-6798
-8419
-9440
-10129
-10685
-10667
-9889
-8649
-7131
-5156
-2727
-427
1433
3255
4971
5835
5928
5849
5233
3733
2124
713
-1114
-3082
-4343
-5079
-5606
-5390
-4217
-2516
-356
2412
5613
9055
12286
14730
16594
18253
18940
18010
16464
14770
11844
7959
4836
2135
-1500
-4800
-6340
-7504
-9011
-9207
-8085
-7504
-7072
-5391
-3604
-3110
-2835
-2147
-2299
-3462
-4438
-5372
-7081
-8854
-9795
-10453
-11128
-11065
-10121
-8914
-7426
-5255
-2723
-488
1472
3432
5082
5941
6173
6112
5403
3933
2388
948
-896
-2814
-4056
-4833
-5351
-5057
-3851
-2201
-45
2788
5967
9325
12603
15108
16866
18464
19249
18340
16701
15058
12209
8239
5076
2462
-1172
-4594
-6113
-7214
-8833
-9109
-7910
-7355
-7089
-5402
-3531
-3125
-2941
-2089
-2141
-3462
-4409
-5076
-6823
-8832
-9649
-10140
-11097
-11207
-10007
-8847
-7703
-5406
-2622
-630
1199
3492
5194
5767
6115
6322
5453
3827
2485
1088
-992
-2963
-4075
-4925
-5638
-5318
-3973
-2384
-315
2670
6001
9284
12579
15318
17116
18574
19423
18648
16856
15043
12283
8260
4817
2173
-1374
-4945
-6607
-7593
-9168
-9584
-8347
-7641
-7407
-5796
-3808
-3268
-3109
-2226
-2027
-3155
-4132
-4704
-6144
-8164
-9270
-9732
-10593
-11159
-10425
-9207
-8249
-6613
-3977
-1722
-200
1749
3841
4694
4766
5113
4844
3282
1753
732
-956
-3081
-4263
-4740
-5310
-5231
-3835
-1898
178
2962
6472
10062
13258
15890
17969
19540
20127
19342
17818
15877
12797
8867
5485
2467
-1250
-4658
-6522
-7907
-9413
-9698
-8759
-8183
-7694
-6126
-4429
-3830
-3514
-2889
-2957
-4023
-5039
-5897
-7413
-9203
-10219
-10664
-11214
-11272
-10221
-8733
-7294
-5178
-2371
-2
1818
3884
5737
6443
6552
6637
5937
4250
2634
1233
-732
-2841
-4146
-4962
-5699
-5677
-4558
-3002
-1128
1560
4822
8050
11273
14280
16394
17805
18936
18958
17439
15531
13455
10099
6216
3393
688
-2892
-5535
-6403
-7375
-8562
-8099
-6737
-6348
-5828
-3993
-2707
-2952
-2947
-2441
-3207
-4935
-5952
-6889
-8862
-10522
-10811
-11048
-11624
-10991
-9213
-7771
-6213
-3504
-776
939
2678
4772
5866
5844
5862
5579
4131
2334
995
-601
-2703
-4242
-4939
-5459
-5587
-4653
-2967
-996
1543
4720
8067
11367
14326
16455
17985
19176
19180
17689
15858
13785
10332
6406
3584
782
-2957
-5639
-6542
-7744
-9111
-8595
-7308
-7154
-6581
-4545
-3329
-3526
-3095
-2396
-3213
-4557
-5153
-6316
-8422
-9688
-10118
-11047
-11655
-10853
-9771
-8864
-6922
-4255
-2203
-275
2130
3970
4851
5627
6039
5336
4135
3028
1488
-474
-2175
-3548
-4764
-5430
-5266
-4496
-3199
-1118
1659
4664
7850
11449
14731
16792
18297
19858
20129
18489
16664
14901
11414
7120
4254
1563
-2477
-5557
-6476
-7715
-9419
-9067
-7630
-7463
-7096
-5068
-3609
-3769
-3572
-2843
-3446
-4975
-5862
-6747
-8632
-10308
-10768
-11050
-11596
-11156
-9530
-7974
-6428
-3843
-927
1091
2828
4938
6365
6558
6512
6350
5134
3225
1671
142
-1994
-3905
-4878
-5527
-6032
-5518
-3980
-2208
-34
3028
6375
9551
12727
15377
16964
18162
18966
18202
16219
14374
11925
8058
4549
2197
-831
-4351
-6022
-6576
-7894
-8529
-7281
-6314
-6302
-5143
-3220
-2860
-3343
-2930
-2901
-4448
-5939
-6632
-8080
-10179
-11060
-11044
-11528
-11603
-10142
-8360
-7004
-4844
-1833
463
2044
3983
5697
6160
6034
5938
5111
3326
1620
214
-1616
-3578
-4757
-5323
-5741
-5473
-4104
-2215
-81
2712
6033
9371
12556
15240
17014
18279
19133
18636
16812
14899
12573
8890
5196
2686
-155
-3701
-5788
-6431
-7596
-8491
-7543
-6428
-6329
-5440
-3549
-2869
-3237
-2946
-2783
-4027
-5482
-6275
-7594
-9546
-10624
-10832
-11250
-11359
-10233
-8608
-7132
-5094
-2323
121
1917
3744
5436
6203
6194
6009
5309
3712
1927
455
-1256
-3230
-4575
-5205
-5640
-5505
-4286
-2476
-422
2272
5539
8837
12089
14911
16787
18138
19177
18876
17142
15289
13075
9415
5627
3026
137
-3512
-5769
-6531
-7764
-8779
-7979
-6894
-6772
-5963
-4129
-3317
-3633
-3410
-3188
-4277
-5731
-6591
-7796
-9683
-10935
-11222
-11544
-11744
-10839
-9188
-7621
-5711
-3002
-373
1524
3318
5184
6194
6236
6089
5599
4121
2252
786
-812
-2850
-4391
-5038
-5436
-5500
-4451
-2571
-521
2000
5283
8759
11962
14757
16868
18356
19322
19132
17622
15726
13423
9921
6165
3347
393
-3203
-5641
-6620
-7835
-8851
-8235
-7220
-6979
-6142
-4377
-3493
-3621
-3356
-3169
-4142
-5466
-6378
-7644
-9462
-10718
-11185
-11555
-11683
-10899
-9408
-7779
-5815
-3213
-587
1463
3286
5118
6255
6412
6257
5785
4375
2492
955
-674
-2753
-4388
-5142
-5609
-5663
-4610
-2759
-686
1951
5296
8773
12090
15026
17149
18634
19693
19541
17977
16087
13814
10236
6394
3581
605
-3088
-5566
-6538
-7796
-8850
-8202
-7165
-6937
-6069
-4216
-3248
-3271
-2858
-2500
-3323
-4533
-5293
-6420
-8207
-9612
-10222
-10711
-11149
-10822
-9672
-8348
-6888
-4702
-2174
-281
1253
3137
4552
4762
4662
4576
3479
1591
197
-1079
-3066
-4794
-5398
-5646
-5734
-4687
-2581
-276
2354
5773
9575
13049
15870
18071
19787
20689
20183
18659
16784
14007
10068
6349
3321
-227
-3941
-6192
-7541
-9124
-9815
-8997
-8301
-8006
-6662
-4848
-4118
-3859
-3173
-3092
-4122
-5103
-5839
-7259
-9053
-10098
-10562
-11102
-11187
-10220
-8801
-7360
-5305
-2558
-91
1846
3883
5758
6664
6881
6950
6306
4657
2948
1446
-533
-2692
-4153
-5122
-5971
-6033
-4989
-3509
-1673
1026
4266
7460
10807
14050
16303
17750
19074
19441
18091
16171
14288
11234
7289
4241
1694
-1724
-4742
-5923
-6758
-8043
-8043
-6780
-6240
-5952
-4417
-2938
-2974
-3166
-2746
-3289
-4965
-6166
-7084
-8885
-10697
-11276
-11458
-11920
-11525
-9926
-8270
-6642
-4149
-1290
823
2559
4522
5933
6239
6137
5816
4628
2818
1195
-402
-2406
-4203
-5229
-5825
-6094
-5471
-3946
-2016
379
3409
6752
10124
13282
15674
17328
18684
19157
18052
16240
14370
11437
7537
4391
1826
-1585
-4738
-6068
-6954
-8352
-8519
-7262
-6696
-6515
-4997
-3356
-3277
-3425
-2844
-3171
-4742
-5886
-6643
-8341
-10208
-10839
-11009
-11550
-11336
-9793
-8141
-6647
-4250
-1303
871
2565
4628
6243
6606
6566
6482
5437
3582
2041
601
-1470
-3417
-4419
-5070
-5598
-5133
-3637
-1907
237
3258
6578
9751
12932
15609
17274
18528
19341
18613
16715
14850
12323
8484
4976
2453
-715
-4199
-5945
-6698
-8057
-8667
-7542
-6690
-6617
-5425
-3613
-3244
-3556
-3127
-3209
-4663
-6018
-6833
-8356
-10301
-11247
-11475
-11914
-11892
-10650
-8942
-7345
-5162
-2288
191
1998
3898
5690
6438
6360
6173
5432
3713
1908
453
-1364
-3459
-4796
-5381
-5830
-5668
-4363
-2497
-419
2344
5689
9005
12137
14845
16725
18054
18902
18429
16720
14848
12444
8808
5272
2698
-305
-3761
-5717
-6492
-7749
-8494
-7530
-6572
-6440
-5405
-3553
-2886
-3060
-2609
-2400
-3485
-4723
-5439
-6678
-8551
-9776
-10197
-10715
-11165
-10589
-9253
-8013
-6513
-4104
-1629
-1
1579
3553
4716
4695
4675
4534
3163
1349
200
-1165
-3278
-4758
-5153
-5507
-5586
-4386
-2343
-251
2384
5816
9402
12676
15462
17612
19226
20114
19681
18214
16398
13760
10017
6501
3632
222
-3349
-5460
-6719
-8303
-9040
-8250
-7594
-7413
-6218
-4455
-3801
-3691
-3095
-2995
-4047
-5107
-5840
-7243
-9074
-10129
-10566
-11142
-11304
-10374
-8974
-7582
-5567
-2841
-416
1494
3530
5396
6295
6566
6673
6040
4472
2890
1497
-389
-2484
-3900
-4828
-5655
-5787
-4847
-3498
-1853
691
3832
6832
9958
13212
15542
16873
18179
18815
17607
15640
13941
11212
7295
4228
1894
-1427
-4565
-5747
-6480
-7881
-8047
-6726
-6141
-6011
-4553
-2955
-2963
-3251
-2786
-3162
-4828
-6072
-6842
-8524
-10431
-11047
-11102
-11600
-11410
-9843
-8162
-6697
-4352
-1455
668
2308
4293
5843
6238
6189
6031
5046
3341
1803
397
-1443
-3287
-4395
-4971
-5364
-5097
-3864
-2171
-194
2462
5601
8678
11661
14279
16067
17339
18255
17873
16186
14433
12334
8916
5427
3000
255
-3176
-5208
-5860
-7062
-8041
-7254
-6242
-6198
-5451
-3717
-3090
-3528
-3326
-3157
-4390
-5895
-6669
-7887
-9816
-10893
-10984
-11349
-11560
-10459
-8788
-7413
-5491
-2726
-371
1296
3184
5008
5782
5858
5858
5236
3721
2130
767
-927
-2849
-4191
-4885
-5344
-5286
-4272
-2623
-651
1902
4994
8185
11341
14131
16083
17518
18632
18472
16896
15161
13173
9782
6086
3508
781
-2797
-5171
-5958
-7158
-8351
-7772
-6672
-6574
-5949
-4177
-3286
-3599
-3391
-3049
-4086
-5594
-6377
-7471
-9415
-10701
-10883
-11242
-11618
-10725
-9060
-7719
-5970
-3202
-653
1044
2921
4954
5939
6057
6177
5798
4314
2638
1327
-326
-2379
-3858
-4628
-5245
-5387
-4491
-2919
-1088
1356
4429
7620
10774
13708
15857
17346
18558
18700
17333
15595
13714
10554
6795
4035
1404
-2115
-4779
-5757
-6877
-8156
-7827
-6715
-6488
-5956
-4209
-3096
-3241
-3040
-2619
-3458
-4932
-5806
-6863
-8760
-10233
-10633
-11019
-11442
-10785
-9265
-7872
-6201
-3591
-967
898
2712
4710
5892
6136
6218
5921
4628
2920
1501
-87
-2095
-3741
-4677
-5335
-5591
-4893
-3414
-1595
743
3734
6974
10203
13194
15481
17097
18351
18640
17478
15736
13827
10839
7102
4147
1528
-1849
-4699
-5915
-6920
-8170
-8078
-6986
-6560
-6100
-4490
-3179
-3141
-3064
-2635
-3243
-4701
-5699
-6696
-8475
-10068
-10638
-10975
-11394
-10910
-9452
-7981
-6332
-3805
-1088
942
2775
4803
6167
6543
6635
6400
5231
3524
2036
447
-1553
-3300
-4353
-5073
-5418
-4861
-3478
-1732
494
3405
6623
9834
12873
15279
16957
18269
18772
17815
16079
14230
11447
7706
4567
1992
-1318
-4424
-5851
-6790
-8125
-8313
-7220
-6706
-6430
-4937
-3446
-3369
-3431
-2952
-3398
-4879
-5959
-6854
-8592
-10301
-10916
-11217
-11691
-11310
-9872
-8392
-6794
-4309
-1563
525
2369
4416
5895
6386
6526
6340
5275
3630
2133
558
-1416
-3211
-4328
-5064
-5439
-4937
-3608
-1879
350
3237
6437
9675
12760
15191
16886
18273
18879
17990
16303
14535
11829
8115
4977
2410
-921
-4107
-5622
-6614
-8037
-8340
-7330
-6864
-6620
-5148
-3575
-3367
-3325
-2691
-2900
-4191
-5173
-5947
-7619
-9483
-10298
-10741
-11545
-11677
-10585
-9353
-8204
-6100
-3379
-1351
284
2420
4239
4844
5034
5261
4567
2970
1625
430
-1425
-3326
-4308
-4832
-5272
-4890
-3398
-1501
657
3545
6998
10397
13376
15836
17792
19167
19504
18608
17034
14959
11829
8125
4936
1856
-1785
-4803
-6431
-7850
-9201
-9167
-8283
-7972
-7367
-5612
-4257
-4064
-3667
-3061
-3583
-4817
-5570
-6554
-8395
-9914
-10487
-11017
-11587
-11143
-9819
-8510
-6898
-4370
-1694
367
2324
4453
5915
6434
6660
6518
5417
3768
2288
644
-1473
-3337
-4518
-5438
-6027
-5639
-4419
-2906
-796
2130
5270
8378
11601
14312
16067
17487
18465
17899
16197
14559
12252
8627
5284
2861
-214
-3607
-5320
-6070
-7437
-8064
-7028
-6244
-6151
-4963
-3265
-2964
-3247
-2846
-2990
-4434
-5738
-6592
-8139
-9984
-10859
-11126
-11560
-11473
-10256
-8666
-7085
-4918
-2176
185
2009
3911
5639
6397
6389
6243
5542
3939
2202
743
-1046
-3047
-4385
-5062
-5563
-5457
-4318
-2661
-691
1939
5052
8194
11265
13925
15812
17258
18245
17870
16341
14711
12532
9073
5683
3220
275
-3149
-5105
-5892
-7204
-8056
-7206
-6307
-6207
-5230
-3473
-2932
-3206
-2827
-2777
-4076
-5428
-6230
-7649
-9524
-10494
-10772
-11228
-11219
-10087
-8554
-7038
-4926
-2257
94
1983
3882
5561
6416
6555
6398
5739
4272
2521
987
-715
-2672
-4164
-4946
-5420
-5408
-4439
-2800
-848
1668
4719
7884
10975
13684
15624
17060
18083
17845
16352
14652
12528
9137
5615
3049
214
-3242
-5417
-6219
-7425
-8391
-7663
-6647
-6505
-5670
-3910
-3215
-3492
-3196
-3087
-4332
-5746
-6563
-7922
-9825
-10868
-11160
-11616
-11636
-10521
-9009
-7519
-5395
-2703
-327
1632
3585
5270
6179
6422
6316
5657
4245
2545
971
-720
-2602
-4114
-4973
-5433
-5401
-4511
-2916
-918
1585
4565
7741
10938
13724
15711
17215
18360
18265
16855
15224
13225
9935
6366
3787
1047
-2416
-4757
-5624
-6818
-7923
-7338
-6303
-6186
-5525
-3810
-3019
-3325
-3124
-2981
-4167
-5634
-6487
-7794
-9695
-10822
-11150
-11596
-11655
-10608
-9138
-7677
-5619
-2999
-638
1345
3279
4929
5888
6232
6139
5504
4197
2519
885
-787
-2638
-4243
-5181
-5662
-5698
-4911
-3349
-1327
1123
4065
7288
10511
13329
15374
16931
18094
18085
16765
15139
13194
10007
6427
3781
1113
-2299
-4745
-5680
-6814
-7965
-7493
-6411
-6226
-5628
-3932
-3022
-3269
-3094
-2893
-3986
-5474
-6353
-7610
-9526
-10749
-11117
-11562
-11704
-10729
-9235
-7759
-5747
-3127
-686
1337
3271
4967
5977
6324
6231
5635
4370
2691
1045
-604
-2464
-4092
-5038
-5548
-5651
-4930
-3401
-1473
911
3814
6959
10122
13005
15137
16654
17884
18120
16921
15285
13552
10636
7006
4279
1843
-1499
-4230
-5210
-6147
-7441
-7244
-6027
-5686
-5315
-3690
-2510
-2707
-2728
-2408
-3243
-4803
-5773
-6815
-8601
-9983
-10348
-10610
-10793
-10011
-8463
-6887
-5013
-2505
25
2078
3872
5568
6710
7030
6854
6371
5227
3496
1857
346
-1495
-3229
-4179
-4669
-4920
-4346
-2862
-1027
1189
4036
7173
10266
13100
15245
16779
17981
18226
17030
15383
13631
10679
7010
4259
1747
-1697
-4484
-5525
-6567
-7932
-7736
-6570
-6312
-5920
-4237
-3100
-3333
-3265
-2899
-3795
-5325
-6209
-7274
-9149
-10517
-10885
-11257
-11504
-10708
-9229
-7747
-5836
-3261
-742
1308
3219
4991
6129
6496
6415
5928
4741
3061
1460
-122
-2019
-3720
-4696
-5289
-5552
-4929
-3470
-1680
600
3524
6670
9808
12713
14873
16400
17655
17906
16670
15033
13301
10306
6605
3915
1401
-2088
-4829
-5823
-6918
-8289
-8013
-6853
-6677
-6259
-4513
-3418
-3701
-3603
-3209
-4139
-5675
-6522
-7571
-9443
-10788
-11128
-11482
-11722
-10924
-9446
-7970
-6080
-3518
-1005
1021
2903
4665
5807
6148
6035
5544
4379
2691
1095
-457
-2284
-3922
-4826
-5276
-5397
-4663
-3054
-1051
1339
4316
7610
10846
13641
15706
17293
18441
18339
16947
15326
13303
9953
6304
3665
865
-2679
-5087
-6014
-7287
-8424
-7782
-6724
-6625
-5879
-3996
-3157
-3479
-3166
-2881
-4093
-5606
-6372
-7649
-9673
-10855
-11124
-11629
-11815
-10753
-9210
-7821
-5801
-3042
-611
1296
3282
5087
6037
6285
6239
5681
4332
2650
1107
-572
-2470
-3986
-4812
-5317
-5382
-4499
-2873
-905
1554
4571
7771
10920
13707
15726
17205
18281
18163
16728
15046
13025
9728
6113
3465
721
-2730
-5067
-5963
-7157
-8199
-7569
-6518
-6367
-5619
-3850
-3061
-3368
-3151
-2985
-4164
-5657
-6526
-7812
-9709
-10850
-11145
-11554
-11627
-10548
-8978
-7468
-5388
-2661
-188
1775
3698
5434
6400
6572
6382
5745
4371
2584
945
-729
-2644
-4200
-5013
-5453
-5493
-4595
-2917
-923
1539
4589
7799
10927
13692
15725
17192
18245
18149
16719
14997
12986
9738
6142
3502
792
-2612
-4927
-5783
-6922
-7928
-7291
-6237
-6044
-5299
-3569
-2772
-3072
-2904
-2776
-3925
-5416
-6348
-7633
-9518
-10704
-11032
-11412
-11495
-10477
-8883
-7333
-5293
-2588
-77
1864
3699
5424
6400
6511
6249
5607
4228
2403
772
-834
-2701
-4239
-4987
-5298
-5234
-4287
-2510
-374
2130
5160
8460
11613
14210
16107
17563
18460
18044
16494
14775
12497
8984
5500
2939
2
-3421
-5422
-6250
-7569
-8368
-7470
-6605
-6561
-5579
-3869
-3422
-3712
-3391
-3520
-4894
-6177
-7022
-8538
-10311
-11130
-11413
-11815
-11537
-10205
-8634
-6976
-4622
-1846
530
2531
4448
5998
6783
6891
6568
5692
4139
2350
675
-1090
-2962
-4362
-5125
-5507
-5296
-4198
-2488
-384
2262
5299
8451
11616
14288
16053
17390
18383
17995
16316
14628
12538
9042
5530
3177
428
-3011
-4950
-5548
-6806
-7718
-6768
-5791
-5862
-5036
-3294
-2849
-3334
-3132
-3212
-4630
-6085
-6956
-8368
-10202
-11131
-11335
-11629
-11462
-10227
-8575
-6921
-4756
-2073
380
2267
3985
5575
6442
6434
6038
5295
3795
1905
311
-1255
-3118
-4551
-5116
-5283
-5063
-3910
-1979
240
2827
5908
9228
12324
14765
16526
17926
18650
17979
16328
14576
12134
8508
5158
2700
-320
-3674
-5426
-6174
-7524
-8211
-7182
-6396
-6404
-5340
-3659
-3380
-3769
-3475
-3716
-5256
-6617
-7464
-9026
-10879
-11651
-11789
-12104
-11802
-10356
-8658
-6994
-4648
-1813
546
2386
4243
5795
6444
6403
6097
5205
3511
1719
196
-1546
-3455
-4707
-5263
-5577
-5283
-3970
-2132
-48
2634
5795
8943
11944
14499
16256
17504
18243
17731
16066
14239
11939
8490
5116
2650
-149
-3366
-5216
-5908
-7025
-7696
-6824
-5953
-5829
-4926
-3381
-2993
-3398
-3313
-3559
-4959
-6431
-7392
-8806
-10587
-11505
-11640
-11796
-11529
-10205
-8428
-6676
-4415
-1632
803
2656
4391
5918
6592
6479
6042
5127
3480
1564
-72
-1753
-3589
-4927
-5481
-5627
-5283
-4019
-2046
211
2857
5973
9270
12314
14721
16479
17815
18442
17758
16159
14391
11940
8432
5188
2744
-140
-3249
-4903
-5638
-6800
-7279
-6297
-5540
-5433
-4385
-2892
-2657
-3019
-2834
-3193
-4719
-6076
-6998
-8518
-10272
-11048
-11197
-11438
-11052
-9597
-7892
-6188
-3843
-1071
1234
3064
4862
6285
6844
6769
6361
5387
3736
1933
290
-1447
-3204
-4454
-5076
-5327
-4962
-3722
-1923
226
2876
5907
8980
11966
14501
16226
17418
18153
17697
16065
14235
12049
8726
5278
2770
140
-2994
-4992
-5727
-6760
-7544
-6829
-5919
-5835
-5159
-3738
-3334
-3829
-3866
-4105
-5510
-7042
-8018
-9336
-11013
-11924
-12065
-12132
-11780
-10463
-8667
-6848
-4625
-1948
512
2440
4121
5553
6283
6217
5710
4801
3286
1411
-316
-1975
-3689
-5041
-5734
-5968
-5716
-4666
-2955
-879
1625
4578
7615
10586
13263
15185
16449
17342
17300
15933
14145
12261
9400
5989
3391
1090
-1828
-4100
-4923
-5700
-6647
-6324
-5303
-5051
-4719
-3476
-2773
-3226
-3542
-3697
-4826
-6482
-7631
-8773
-10363
-11502
-11744
-11723
-11505
-10445
-8680
-6860
-4855
-2327
242
2225
3817
5323
6283
6314
5851
5155
3839
2003
312
-1193
-2869
-4307
-5014
-5274
-5202
-4346
-2752
-860
1430
4250
7169
9999
12726
14808
16059
16994
17304
16200
14350
12621
10145
6686
3830
1700
-1086
-3777
-4870
-5515
-6689
-6867
-5845
-5475
-5482
-4441
-3431
-3754
-4207
-4189
-4971
-6584
-7740
-8655
-10130
-11381
-11672
-11631
-11513
-10623
-8938
-7156
-5250
-2812
-203
1919
3622
5204
6363
6687
6399
5831
4752
3046
1294
-215
-1842
-3449
-4406
-4765
-4865
-4344
-2936
-1120
946
3582
6547
9392
12132
14517
16056
17064
17711
17174
15472
13723
11678
8492
5279
3052
589
-2364
-4055
-4638
-5690
-6422
-5679
-4931
-5009
-4389
-3126
-2989
-3596
-3682
-4048
-5497
-6929
-7848
-9124
-10605
-11279
-11287
-11236
-10691
-9269
-7489
-5667
-3451
-857
1451
3236
4826
6184
6828
6708
6250
5418
3940
2196
677
-831
-2457
-3668
-4180
-4328
-4046
-2949
-1220
778
3181
6027
8952
11750
14161
15867
17038
17810
17504
16004
14270
12300
9237
5894
3451
993
-2105
-4229
-5029
-6133
-7181
-6743
-5971
-6073
-5663
-4364
-3981
-4549
-4621
-4774
-6065
-7494
-8357
-9568
-11123
-11913
-12003
-12054
-11655
-10357
-8668
-6899
-4690
-2096
286
2224
3928
5388
6227
6319
5945
5202
3868
2145
577
-906
-2534
-3889
-4519
-4684
-4486
-3530
-1829
193
2545
5384
8394
11277
13809
15667
16933
17791
17712
16380
14587
12662
9783
6345
3694
1319
-1714
-4133
-5058
-5948
-7037
-6822
-5883
-5748
-5479
-4207
-3517
-3968
-4184
-4238
-5314
-6797
-7746
-8848
-10392
-11354
-11523
-11548
-11237
-10088
-8420
-6627
-4478
-1917
548
2587
4304
5783
6742
6932
6562
5838
4581
2834
1142
-375
-2047
-3605
-4460
-4754
-4737
-4052
-2544
-617
1599
4303
7299
10223
12849
14871
16275
17293
17526
16499
14843
13099
10543
7241
4515
2246
-629
-3230
-4351
-5148
-6295
-6393
-5494
-5233
-5132
-4050
-3167
-3484
-3842
-3871
-4730
-6237
-7328
-8359
-9900
-11138
-11507
-11612
-11546
-10717
-9203
-7522
-5585
-3162
-670
1407
3123
4672
5788
6129
5883
5299
4200
2569
935
-500
-2107
-3664
-4568
-4900
-4928
-4335
-2914
-1035
1168
3843
6803
9790
12552
14670
16137
17280
17691
16751
15115
13438
10948
7576
4743
2447
-494
-3273
-4539
-5366
-6599
-6810
-5906
-5560
-5474
-4379
-3339
-3521
-3850
-3798
-4516
-5977
-7074
-8070
-9563
-10877
-11351
-11477
-11460
-10758
-9330
-7661
-5755
-3401
-882
1307
3081
4643
5862
6357
6134
5568
4560
2930
1170
-329
-1951
-3673
-4779
-5203
-5336
-4911
-3598
-1745
408
3054
6055
9088
11943
14226
15803
17030
17637
16916
15370
13774
11478
8173
5266
3013
157
-2720
-4127
-4921
-6170
-6526
-5638
-5208
-5166
-4142
-3026
-3141
-3497
-3442
-4093
-5583
-6738
-7711
-9233
-10642
-11204
-11395
-11467
-10850
-9478
-7874
-6001
-3638
-1133
1096
2980
4604
5837
6428
6322
5768
4794
3243
1478
-97
-1709
-3391
-4604
-5148
-5307
-4938
-3773
-2024
108
2680
5569
8557
11446
13784
15380
16594
17274
16691
15135
13479
11253
7961
4828
2446
-337
-3356
-5059
-5906
-7103
-7666
-6903
-6319
-6251
-5379
-4189
-4095
-4456
-4408
-4906
-6319
-7537
-8428
-9819
-11275
-11892
-12007
-12070
-11535
-10156
-8481
-6679
-4374
-1770
529
2419
4114
5481
6124
6087
5668
4763
3218
1470
-96
-1715
-3427
-4677
-5293
-5544
-5270
-4187
-2526
-522
1965
4860
7800
10697
13298
15146
16396
17309
17272
15997
14360
12528
9709
6472
4014
1659
-1267
-3435
-4323
-5255
-6176
-5872
-5087
-4959
-4607
-3526
-3032
-3472
-3735
-3988
-5122
-6580
-7599
-8725
-10215
-11223
-11401
-11373
-11116
-10027
-8324
-6545
-4498
-1980
488
2433
4055
5526
6411
6476
6092
5365
4014
2236
585
-980
-2679
-4168
-5022
-5349
-5285
-4549
-3073
-1151
1112
3793
6725
9647
12289
14292
15698
16731
16962
15953
14370
12651
10043
6768
4118
1824
-1077
-3575
-4668
-5538
-6629
-6622
-5787
-5593
-5445
-4395
-3647
-4003
-4334
-4422
-5368
-6875
-7929
-8964
-10493
-11679
-11994
-12031
-11889
-10963
-9360
-7607
-5619
-3152
-629
1452
3169
4719
5787
6089
5859
5281
4156
2500
856
-632
-2254
-3799
-4754
-5153
-5219
-4645
-3278
-1503
605
3240
6117
8933
11692
13991
15460
16538
17206
16638
15068
13460
11361
8211
5254
3074
473
-2348
-3855
-4564
-5661
-6166
-5440
-4944
-4967
-4231
-3198
-3236
-3723
-3808
-4357
-5770
-7022
-7939
-9261
-10614
-11198
-11229
-11119
-10500
-9108
-7342
-5465
-3250
-735
1528
3280
4795
6082
6650
6492
6022
5176
3651
1886
422
-1100
-2810
-4029
-4544
-4781
-4567
-3467
-1824
48
2459
5300
8074
10818
13401
15182
16304
17229
17251
15951
14296
12568
9823
6597
4156
1846
-1043
-3232
-4148
-5096
-6061
-5871
-5176
-5123
-4852
-3849
-3450
-3931
-4209
-4462
-5584
-7013
-7978
-9049
-10462
-11362
-11502
-11435
-11097
-9987
-8311
-6523
-4487
-2047
350
2272
3903
5360
6234
6336
6028
5410
4146
2461
947
-494
-2151
-3568
-4305
-4663
-4700
-3977
-2563
-861
1259
3933
6692
9377
12082
14253
15573
16589
17172
16441
14835
13297
11195
8072
5245
3141
579
-2131
-3541
-4262
-5399
-5927
-5288
-4900
-5000
-4377
-3524
-3706
-4267
-4395
-5017
-6468
-7663
-8511
-9776
-11009
-11409
-11336
-11203
-10482
-8967
-7229
-5378
-3117
-662
1467
3225
4776
5916
6392
6283
5801
4851
3389
1775
295
-1213
-2744
-3860
-4396
-4600
-4337
-3313
-1769
83
2430
5135
7830
10550
13071
14812
15941
16869
16902
15634
14056
12440
9807
6618
4247
2084
-772
-3016
-3896
-4838
-5996
-5918
-5149
-5174
-5106
-4129
-3657
-4238
-4565
-4707
-5840
-7331
-8203
-9148
-10549
-11380
-11384
-11316
-10976
-9771
-8083
-6377
-4359
-1956
330
2238
3897
5243
6023
6177
5848
5115
3882
2258
654
-833
-2393
-3782
-4600
-4978
-5036
-4432
-3105
-1450
568
3123
5839
8478
11173
13479
14904
15908
16628
16205
14721
13247
11433
8516
5615
3578
1249
-1519
-3171
-3862
-4982
-5768
-5238
-4716
-4898
-4493
-3556
-3585
-4235
-4437
-4939
-6370
-7681
-8506
-9662
-10929
-11416
-11332
-11183
-10542
-9127
-7410
-5631
-3525
-1155
994
2743
4232
5403
5949
5860
5406
4569
3185
1550
60
-1407
-2929
-4098
-4722
-5037
-4940
-4105
-2718
-1055
1065
3635
6230
8791
11375
13412
14642
15568
16049
15361
13882
12419
10413
7499
4850
2851
449
-2072
-3436
-4160
-5213
-5701
-5128
-4767
-4871
-4376
-3690
-3923
-4541
-4847
-5566
-6973
-8170
-9048
-10165
-11215
-11536
-11377
-11062
-10251
-8753
-6945
-5058
-2915
-579
1545
3220
4617
5691
6100
5877
5321
4385
2917
1252
-261
-1754
-3257
-4356
-4910
-5147
-4941
-4008
-2545
-803
1380
3967
6528
9027
11508
13411
14519
15351
15715
14896
13398
11978
9956
7082
4615
2756
373
-2006
-3120
-3781
-4865
-5257
-4621
-4396
-4591
-4082
-3509
-3941
-4580
-4847
-5643
-7066
-8166
-8976
-10074
-11012
-11193
-10966
-10611
-9689
-8087
-6264
-4371
-2203
103
2107
3713
5069
6024
6310
6050
5485
4496
3026
1432
-18
-1489
-2919
-3892
-4375
-4588
-4290
-3237
-1768
-44
2227
4827
7266
9732
12235
13990
14940
15758
16021
14958
13381
11948
9701
6656
4255
2320
-268
-2598
-3590
-4389
-5559
-5760
-5107
-5058
-5236
-4637
-4196
-4735
-5290
-5552
-6474
-7883
-8853
-9648
-10742
-11519
-11537
-11270
-10801
-9671
-7951
-6122
-4173
-1922
334
2267
3867
5157
5973
6216
5965
5335
4286
2836
1277
-196
-1646
-2999
-3940
-4423
-4622
-4323
-3321
-1912
-273
1875
4368
6730
9111
11542
13318
14294
15123
15497
14639
13160
11790
9789
6940
4528
2680
352
-1962
-3111
-3820
-4893
-5299
-4777
-4649
-4926
-4554
-4050
-4456
-5139
-5458
-6176
-7498
-8552
-9233
-10146
-10973
-11084
-10740
-10256
-9291
-7698
-5895
-4081
-2083
99
2050
3521
4684
5610
5988
5726
5148
4327
3001
1408
53
-1212
-2577
-3582
-3980
-4151
-4023
-3101
-1648
-169
1734
4228
6632
8830
11226
13218
14219
14957
15546
14933
13356
11979
10228
7396
4766
2994
799
-1749
-3109
-3739
-4892
-5632
-5198
-5014
-5504
-5333
-4747
-5114
-5916
-6217
-6753
-8056
-9153
-9721
-10533
-11428
-11579
-11158
-10701
-9850
-8285
-6466
-4727
-2765
-527
1476
2979
4213
5256
5725
5528
5005
4227
2931
1325
-91
-1380
-2773
-3874
-4368
-4565
-4476
-3652
-2249
-740
1141
3599
6079
8395
10841
12953
14186
15063
15737
15339
13975
12629
10948
8310
5729
3879
1743
-701
-2151
-2853
-3911
-4635
-4318
-4078
-4393
-4213
-3631
-3805
-4486
-4804
-5310
-6515
-7619
-8298
-9144
-10072
-10343
-10049
-9655
-8887
-7419
-5656
-3923
-1958
297
2344
3913
5239
6351
6875
6743
6281
5496
4190
2600
1140
-263
-1740
-2940
-3611
-3996
-4064
-3468
-2323
-1000
707
2979
5336
7561
9936
12124
13478
14376
15183
15100
13884
12562
11151
8777
6108
4194
2260
-256
-2067
-2836
-3863
-4978
-4994
-4677
-5109
-5324
-4800
-4838
-5712
-6232
-6580
-7716
-9035
-9747
-10460
-11499
-12004
-11740
-11397
-10881
-9634
-7941
-6314
-4505
-2298
-195
1427
2838
4106
4812
4880
4613
4029
2916
1479
113
-1219
-2613
-3784
-4510
-4890
-4941
-4401
-3292
-1907
-149
2142
4568
6902
9374
11691
13210
14206
15104
15177
14049
12712
11376
9067
6287
4297
2411
-162
-2107
-2847
-3793
-4961
-4936
-4410
-4692
-4850
-4135
-3922
-4643
-5025
-5190
-6189
-7447
-8083
-8743
-9777
-10293
-10082
-9769
-9255
-8035
-6349
-4643
-2737
-524
1649
3478
5000
6270
7096
7305
7029
6409
5362
3901
2369
960
-476
-1844
-2763
-3223
-3414
-3120
-2147
-816
721
2773
5180
7431
9660
11986
13715
14624
15395
15785
14942
13453
12138
10239
7439
5090
3372
1073
-1293
-2398
-3076
-4321
-4945
-4492
-4482
-5045
-4831
-4346
-4901
-5746
-5993
-6585
-7956
-8966
-9421
-10232
-11098
-11086
-10536
-10121
-9281
-7599
-5778
-4124
-2133
130
1955
3322
4621
5576
5806
5566
5124
4227
2833
1382
76
-1314
-2686
-3643
-4168
-4453
-4392
-3680
-2516
-1206
462
2656
4891
6910
9086
11220
12568
13325
14100
14266
13260
11992
10871
8970
6470
4621
3072
867
-1045
-1812
-2611
-3862
-4237
-3898
-4292
-4916
-4669
-4539
-5412
-6164
-6378
-7185
-8535
-9254
-9602
-10425
-11017
-10673
-10118
-9684
-8594
-6835
-5198
-3623
-1612
438
1966
3232
4407
5083
5117
4858
4355
3365
2017
732
-494
-1827
-3020
-3764
-4190
-4447
-4219
-3353
-2217
-941
894
3133
5143
7133
9451
11338
12301
13141
13938
13609
12358
11344
10092
7719
5358
3852
1987
-408
-1822
-2421
-3597
-4645
-4480
-4313
-4980
-5176
-4661
-4932
-5871
-6213
-6491
-7645
-8770
-9150
-9685
-10586
-10789
-10271
-9847
-9266
-7854
-6106
-4597
-2897
-785
1089
2431
3656
4732
5163
5003
4681
4050
2843
1424
204
-1063
-2488
-3560
-4120
-4540
-4707
-4146
-3083
-1952
-427
1749
3938
5868
8081
10347
11747
12547
13472
13834
12944
11736
10755
9000
6485
4555
3063
909
-1143
-2023
-2756
-4000
-4502
-4132
-4364
-4963
-4751
-4477
-5194
-5947
-6137
-6824
-8104
-8870
-9225
-10000
-10624
-10374
-9843
-9390
-8360
-6653
-4984
-3368
-1375
701
2309
3610
4810
5569
5677
5394
4907
3965
2588
1215
-45
-1437
-2771
-3632
-4112
-4478
-4401
-3601
-2499
-1315
403
2635
4670
6530
8756
10780
11845
12588
13471
13461
12318
11264
10283
8244
5824
4277
2734
459
-1202
-1803
-2748
-3945
-4060
-3805
-4348
-4746
-4362
-4460
-5313
-5762
-5979
-6911
-8005
-8459
-8903
-9641
-9888
-9482
-9013
-8371
-7104
-5490
-3925
-2225
-284
1531
2973
4189
5174
5691
5670
5338
4747
3737
2420
1154
-50
-1343
-2472
-3156
-3549
-3792
-3527
-2648
-1573
-337
1442
3566
5476
7342
9491
11312
12295
13045
13775
13601
12501
11474
10354
8296
6027
4478
2836
614
-981
-1725
-2819
-4023
-4270
-4279
-4970
-5430
-5240
-5497
-6370
-6832
-7102
-8004
-8974
-9346
-9683
-10280
-10402
-9873
-9258
-8531
-7213
-5524
-3916
-2237
-330
1478
2874
4015
4976
5482
5453
5139
4590
3598
2334
1150
13
-1235
-2303
-2923
-3312
-3537
-3219
-2328
-1295
-79
1749
3858
5680
7576
9762
11434
12262
13070
13763
13314
12122
11191
9916
7637
5505
4080
2236
8
-1275
-1966
-3179
-4153
-4156
-4275
-4972
-5167
-4934
-5393
-6206
-6548
-6985
-8015
-8862
-9237
-9779
-10386
-10373
-9888
-9392
-8588
-7203
-5627
-4093
-2379
-506
1123
2407
3516
4350
4682
4572
4211
3530
2431
1180
20
-1172
-2419
-3376
-3917
-4314
-4466
-3985
-3049
-2080
-763
1198
3235
4989
7010
9250
10750
11572
12570
13239
12645
11594
10878
9512
7195
5337
4027
2026
-143
-1194
-1945
-3339
-4217
-4124
-4433
-5240
-5314
-5093
-5738
-6544
-6734
-7176
-8235
-8934
-9138
-9632
-10136
-9912
-9297
-8754
-7855
-6367
-4766
-3241
-1503
342
1913
3159
4223
5010
5289
5144
4749
4052
2972
1748
632
-518
-1706
-2591
-3075
-3432
-3536
-2999
-2061
-1103
238
2183
4130
5817
7820
9941
11245
11993
12941
13382
12587
11510
10706
9118
6705
4886
3475
1319
-801
-1758
-2603
-4045
-4775
-4627
-5025
-5781
-5683
-5483
-6186
-6837
-6881
-7365
-8399
-8893
-9021
-9548
-9933
-9536
-8940
-8428
-7410
-5852
-4328
-2815
-1001
825
2316
3571
4661
5377
5625
5512
5116
4379
3327
2169
1025
-121
-1236
-2108
-2638
-2962
-3040
-2583
-1692
-700
578
2405
4332
6019
7928
9997
11359
12120
13037
13551
12892
11896
11161
9708
7424
5688
4363
2284
235
-693
-1543
-2967
-3690
-3603
-4089
-4869
-4827
-4749
-5521
-6185
-6321
-6914
-7941
-8460
-8711
-9300
-9661
-9325
-8844
-8345
-7344
-5896
-4449
-2942
-1192
536
1991
3235
4295
5005
5289
5215
4852
4170
3182
2049
936
-187
-1328
-2251
-2799
-3179
-3342
-2934
-2085
-1162
48
1836
3731
5382
7254
9288
10650
11420
12278
12794
12182
11155
10359
8933
6719
4911
3531
1547
-503
-1562
-2436
-3809
-4635
-4662
-5093
-5872
-5928
-5845
-6518
-7189
-7333
-7820
-8788
-9326
-9530
-10040
-10426
-10130
-9601
-9114
-8187
-6758
-5309
-3868
-2198
-487
936
2114
3151
3880
4122
4021
3691
3036
2038
925
-143
-1255
-2375
-3232
-3750
-4102
-4199
-3750
-2878
-1896
-612
1216
3176
4943
6885
9016
10548
11443
12409
13069
12638
11707
10999
9735
7622
5843
4545
2675
648
-433
-1216
-2501
-3347
-3358
-3674
-4375
-4459
-4306
-4830
-5473
-5632
-6031
-6912
-7470
-7656
-8074
-8443
-8196
-7638
-7084
-6172
-4771
-3279
-1800
-119
1629
3111
4336
5390
6152
6465
6391
6047
5396
4407
3232
2093
939
-277
-1289
-1942
-2426
-2718
-2459
-1747
-946
148
1813
3636
5263
7082
9077
10501
11324
12186
12731
12236
11262
10424
9060
6914
5018
3565
1633
-465
-1701
-2573
-3868
-4809
-4918
-5211
-5918
-6083
-5916
-6381
-7064
-7266
-7611
-8502
-9164
-9382
-9804
-10292
-10181
-9665
-9186
-8402
-7091
-5607
-4176
-2574
-831
699
1916
2951
3776
4146
4061
3736
3173
2205
1016
-71
-1166
-2368
-3375
-3962
-4384
-4644
-4348
-3576
-2699
-1562
155
2055
3747
5606
7679
9234
10167
11089
11781
11491
10614
9873
8736
6760
4912
3580
1845
-195
-1428
-2166
-3365
-4337
-4407
-4571
-5264
-5450
-5171
-5531
-6204
-6357
-6594
-7423
-8067
-8213
-8566
-9044
-8918
-8367
-7868
-7109
-5789
-4317
-2903
-1309
432
1961
3184
4232
5041
5420
5357
5009
4408
3445
2230
1043
-86
-1303
-2400
-3096
-3529
-3820
-3665
-2965
-2084
-1034
535
2419
4141
5869
7869
9555
10534
11397
12192
12101
11254
10495
9521
7678
5714
4327
2705
614
-833
-1596
-2731
-3863
-4091
-4173
-4821
-5157
-4905
-5125
-5832
-6102
-6252
-6995
-7749
-7961
-8239
-8749
-8755
-8239
-7745
-7105
-5894
-4438
-3066
-1536
180
1716
2951
4035
4900
5325
5341
5062
4496
3611
2481
1310
165
-1020
-2138
-2948
-3455
-3788
-3820
-3349
-2550
-1612
-294
1449
3196
4818
6655
8501
9735
10557
11402
11755
11183
10344
9588
8182
6187
4560
3158
1253
-560
-1551
-2466
-3705
-4365
-4415
-4831
-5416
-5408
-5368
-5950
-6468
-6599
-7086
-7924
-8355
-8541
-8977
-9233
-8902
-8380
-7830
-6838
-5434
-3996
-2522
-825
860
2285
3495
4509
5191
5449
5348
4975
4319
3362
2242
1142
59
-1051
-1993
-2592
-2960
-3180
-2991
-2308
-1449
-437
1036
2809
4426
6037
7909
9528
10483
11278
12057
12065
11305
10608
9778
8083
6189
4861
3377
1384
-87
-867
-1967
-3139
-3462
-3558
-4237
-4689
-4521
-4729
-5464
-5773
-5867
-6558
-7333
-7528
-7730
-8254
-8334
-7844
-7421
-6919
-5792
-4388
-3147
-1734
-21
1493
2676
3807
4773
5248
5338
5223
4809
4030
3043
2005
930
-177
-1231
-2043
-2558
-2922
-3054
-2663
-1908
-1087
65
1734
3443
4944
6712
8601
9852
10643
11529
11993
11469
10647
9921
8544
6506
4816
3393
1440
-467
-1545
-2490
-3787
-4521
-4571
-4976
-5592
-5584
-5470
-6007
-6518
-6563
-6958
-7825
-8293
-8437
-8937
-9358
-9113
-8688
-8356
-7557
-6224
-4926
-3628
-1987
-291
1080
2292
3455
4260
4600
4665
4483
3964
3132
2134
1097
34
-1057
-2028
-2717
-3176
-3478
-3431
-2931
-2171
-1240
59
1700
3348
4968
6756
8506
9811
10745
11573
12017
11741
11077
10355
9201
7519
5921
4561
2948
1241
76
-779
-1855
-2706
-2950
-3254
-3880
-4155
-4158
-4626
-5296
-5600
-5969
-6802
-7470
-7711
-8103
-8561
-8472
-8006
-7611
-6945
-5734
-4424
-3199
-1742
-147
1179
2268
3299
4056
4352
4344
4125
3584
2729
1719
675
-382
-1455
-2406
-3094
-3527
-3786
-3752
-3292
-2538
-1640
-461
1082
2707
4234
5884
7591
8902
9794
10602
11134
10940
10310
9688
8689
7061
5495
4241
2690
957
-204
-1027
-2128
-3011
-3240
-3519
-4128
-4384
-4345
-4749
-5366
-5619
-5935
-6672
-7268
-7482
-7792
-8158
-8045
-7582
-7133
-6449
-5321
-4040
-2795
-1410
103
1468
2593
3556
4351
4776
4824
4609
4193
3476
2497
1527
584
-440
-1403
-2061
-2498
-2839
-2871
-2492
-1890
-1122
-68
1282
2723
4190
5719
7246
8583
9582
10329
10862
10947
10486
9807
8991
7701
6118
4747
3426
1809
349
-570
-1496
-2578
-3180
-3416
-3978
-4586
-4725
-4949
-5659
-6196
-6425
-7027
-7827
-8163
-8337
-8762
-8913
-8505
-8074
-7644
-6699
-5453
-4328
-3095
-1603
-249
836
1892
2790
3282
3457
3450
3132
2515
1752
888
-72
-1013
-1867
-2604
-3149
-3472
-3574
-3408
-2943
-2234
-1297
-143
1211
2692
4210
5702
7143
8404
9330
9971
10388
10350
9814
9110
8222
6876
5372
4114
2786
1229
28
-766
-1712
-2625
-2996
-3272
-3876
-4272
-4330
-4714
-5337
-5644
-5930
-6573
-7110
-7286
-7545
-7852
-7733
-7324
-6922
-6266
-5202
-4048
-2893
-1548
-132
1119
2224
3189
3887
4275
4377
4195
3764
3104
2243
1313
391
-547
-1430
-2095
-2557
-2880
-2942
-2670
-2184
-1488
-526
644
1952
3369
4812
6189
7520
8631
9380
9906
10211
10004
9384
8716
7790
6420
5065
3949
2633
1208
241
-503
-1468
-2240
-2552
-2969
-3607
-3934
-4131
-4678
-5284
-5616
-6078
-6758
-7213
-7461
-7798
-8010
-7811
-7444
-6985
-6207
-5137
-4012
-2787
-1423
-80
1116
2180
3067
3694
4048
4116
3911
3498
2864
2067
1249
411
-460
-1216
-1776
-2225
-2507
-2495
-2265
-1879
-1222
-294
712
1867
3216
4518
5746
7021
8101
8791
9312
9683
9533
8985
8430
7618
6322
5061
4014
2699
1281
310
-511
-1569
-2390
-2764
-3293
-3995
-4332
-4567
-5158
-5722
-5998
-6422
-7053
-7420
-7564
-7832
-7957
-7695
-7303
-6851
-6096
-5082
-4035
-2900
-1651
-432
669
1662
2491
3097
3448
3524
3359
3017
2480
1763
1011
256
-545
-1255
-1768
-2178
-2475
-2495
-2286
-1961
-1380
-525
424
1470
2751
4074
5264
6489
7670
8503
9044
9518
9637
9235
8681
8025
6942
5625
4492
3304
1884
654
-230
-1207
-2201
-2784
-3256
-3937
-4474
-4736
-5180
-5794
-6160
-6480
-7041
-7508
-7679
-7903
-8165
-8074
-7741
-7413
-6884
-5991
-5010
-4026
-2848
-1579
-457
554
1505
2223
2654
2876
2887
2628
2157
1568
875
128
-617
-1321
-1919
-2370
-2690
-2827
-2731
-2466
-2033
-1349
-471
483
1611
2891
4128
5316
6554
7652
8416
9011
9485
9543
9210
8792
8186
7175
6063
5082
3959
2689
1656
835
-127
-1000
-1540
-2057
-2709
-3186
-3475
-3944
-4474
-4812
-5150
-5648
-6036
-6236
-6454
-6644
-6560
-6287
-5959
-5429
-4638
-3752
-2820
-1758
-658
337
1227
2020
2612
2975
3122
3067
2808
2376
1804
1145
450
-255
-931
-1510
-1988
-2349
-2540
-2526
-2365
-2032
-1451
-703
139
1150
2326
3488
4616
5798
6848
7613
8225
8688
8760
8479
8085
7466
6461
5378
4366
3187
1889
824
-79
-1105
-2005
-2564
-3130
-3807
-4251
-4524
-4999
-5512
-5803
-6125
-6639
-7015
-7191
-7433
-7638
-7550
-7281
-6992
-6472
-5678
-4821
-3920
-2870
-1765
-768
141
994
1655
2079
2326
2391
2221
1848
1361
775
78
-638
-1280
-1867
-2406
-2788
-2942
-2955
-2834
-2457
-1817
-1093
-241
890
2132
3291
4495
5802
6906
7706
8427
9006
9124
8904
8619
8099
7169
6172
5275
4195
2976
1996
1198
261
-577
-1085
-1571
-2195
-2648
-2927
-3375
-3914
-4287
-4644
-5174
-5631
-5900
-6169
-6402
-6394
-6179
-5891
-5437
-4727
-3885
-3008
-2014
-950
42
932
1763
2449
2891
3141
3201
3044
2673
2170
1575
881
129
-574
-1183
-1732
-2175
-2425
-2503
-2456
-2218
-1721
-1076
-334
607
1728
2830
3932
5125
6261
7123
7818
8444
8745
8636
8380
8007
7240
6225
5317
4341
3135
2005
1142
235
-766
-1472
-1991
-2665
-3338
-3723
-4147
-4777
-5293
-5635
-6130
-6701
-7028
-7254
-7557
-7703
-7525
-7275
-6964
-6366
-5539
-4706
-3797
-2702
-1618
-675
222
1058
1667
2030
2265
2316
2115
1755
1325
803
187
-400
-914
-1372
-1764
-2006
-2068
-2002
-1816
-1416
-816
-134
664
1678
2790
3856
4949
6139
7179
7952
8658
9241
9443
9311
9120
8712
7911
6998
6176
5170
3968
2976
2139
1148
197
-441
-1053
-1825
-2414
-2800
-3350
-3971
-4370
-4728
-5248
-5665
-5843
-6052
-6263
-6185
-5910
-5630
-5176
-4438
-3630
-2807
-1818
-762
166
1037
1903
2574
3019
3338
3491
3402
3135
2790
2310
1721
1111
518
-59
-590
-1026
-1349
-1536
-1588
-1509
-1240
-781
-219
484
1385
2373
3341
4392
5494
6444
7183
7857
8369
8515
8402
8182
7705
6886
6007
5131
4062
2895
1904
979
-33
-951
-1632
-2320
-3051
-3610
-4077
-4626
-5175
-5594
-6001
-6473
-6849
-7103
-7325
-7472
-7450
-7266
-6973
-6551
-5944
-5201
-4389
-3497
-2544
-1598
-723
66
784
1337
1691
1892
1958
1835
1546
1189
771
249
-283
-734
-1149
-1542
-1805
-1900
-1914
-1806
-1493
-1017
-454
265
1165
2134
3114
4161
5239
6190
6978
7668
8182
8406
8376
8175
7743
7030
6171
5268
4226
3101
2035
1065
73
-868
-1624
-2305
-3002
-3597
-4059
-4537
-5044
-5470
-5817
-6215
-6606
-6866
-7056
-7235
-7285
-7144
-6904
-6581
-6073
-5402
-4670
-3886
-2990
-2070
-1236
-471
259
847
1225
1464
1592
1520
1259
936
541
30
-516
-990
-1435
-1872
-2170
-2329
-2404
-2352
-2109
-1717
-1220
-563
245
1145
2106
3141
4189
5196
6130
6928
7569
8037
8274
8245
8030
7629
6987
6198
5358
4419
3394
2429
1556
660
-187
-859
-1480
-2121
-2654
-3077
-3553
-4048
-4431
-4796
-5226
-5586
-5832
-6074
-6270
-6286
-6177
-6009
-5685
-5176
-4584
-3923
-3135
-2290
-1470
-690
66
733
1239
1618
1869
1956
1877
1677
1393
1021
576
117
-311
-705
-1055
-1312
-1453
-1490
-1424
-1195
-817
-345
259
1011
1835
2701
3634
4574
5463
6246
6923
7456
7792
7918
7835
7551
7069
6418
5640
4773
3844
2881
1943
1073
247
-514
-1170
-1752
-2292
-2767
-3168
-3567
-3979
-4334
-4669
-5023
-5355
-5612
-5810
-5979
-6018
-5917
-5738
-5438
-4974
-4404
-3777
-3049
-2253
-1483
-759
-51
576
1040
1391
1631
1708
1620
1444
1199
829
419
33
-369
-750
-1046
-1253
-1397
-1435
-1335
-1123
-817
-372
199
830
1556
2373
3210
4042
4901
5697
6356
6904
7347
7591
7611
7477
7174
6655
5988
5261
4419
3480
2559
1692
804
-56
-788
-1469
-2159
-2770
-3286
-3820
-4348
-4798
-5222
-5660
-6050
-6341
-6601
-6802
-6869
-6824
-6695
-6433
-6025
-5527
-4940
-4255
-3518
-2787
-2051
-1341
-712
-178
249
564
734
783
735
576
339
47
-272
-601
-928
-1200
-1419
-1572
-1634
-1583
-1427
-1163
-770
-237
395
1113
1947
2837
3724
4624
5520
6285
6908
7428
7776
7868
7769
7534
7074
6409
5685
4896
3966
3044
2192
1351
512
-217
-836
-1468
-2031
-2487
-2928
-3391
-3781
-4127
-4497
-4850
-5114
-5340
-5536
-5621
-5593
-5489
-5281
-4924
-4470
-3939
-3311
-2613
-1905
-1194
-488
142
697
1151
1495
1714
1804
1779
1633
1401
1095
747
376
10
-349
-659
-889
-1048
-1125
-1080
-912
-657
-281
231
837
1517
2300
3138
3958
4783
5591
6280
6832
7284
7559
7607
7492
7235
6770
6134
5457
4695
3821
2959
2180
1380
578
-78
-655
-1270
-1811
-2232
-2664
-3137
-3524
-3863
-4263
-4636
-4899
-5144
-5390
-5518
-5505
-5442
-5311
-5014
-4595
-4129
-3582
-2952
-2282
-1646
-1020
-415
92
472
745
920
966
857
662
421
82
-322
-692
-1035
-1388
-1667
-1826
-1895
-1902
-1756
-1454
-1077
-587
45
759
1510
2321
3189
4007
4782
5502
6093
6542
6843
6982
6911
6687
6305
5756
5092
4376
3583
2745
1942
1176
406
-298
-913
-1511
-2074
-2563
-3025
-3513
-3961
-4355
-4774
-5188
-5516
-5804
-6071
-6233
-6263
-6229
-6101
-5797
-5384
-4909
-4332
-3653
-2953
-2261
-1546
-867
-294
208
606
884
1034
1066
999
829
588
291
-39
-363
-669
-960
-1160
-1280
-1341
-1310
-1132
-858
-536
-75
521
1144
1816
2595
3389
4131
4870
5586
6157
6594
6955
7152
7126
6959
6695
6225
5615
4985
4280
3475
2686
1974
1216
475
-153
-741
-1353
-1907
-2350
-2832
-3325
-3725
-4076
-4465
-4813
-5037
-5223
-5382
-5408
-5319
-5175
-4938
-4567
-4098
-3587
-3015
-2376
-1727
-1098
-499
51
529
902
1168
1352
1428
1365
1234
1065
818
510
231
-26
-300
-513
-628
-693
-702
-588
-366
-92
291
798
1374
1983
2681
3422
4142
4857
5535
6110
6573
6928
7107
7121
6998
6719
6258
5692
5052
4306
3505
2728
1941
1141
403
-247
-903
-1534
-2055
-2546
-3062
-3509
-3883
-4282
-4687
-4987
-5241
-5495
-5664
-5707
-5700
-5640
-5424
-5104
-4724
-4265
-3698
-3092
-2482
-1849
-1208
-630
-145
295
641
867
985
1012
944
775
558
306
15
-274
-547
-774
-961
-1090
-1135
-1104
-986
-778
-473
-57
419
963
1588
2270
2954
3631
4322
4949
5470
5889
6234
6415
6420
6311
6073
5661
5126
4558
3907
3159
2406
1693
968
234
-418
-1001
-1595
-2156
-2629
-3076
-3530
-3936
-4280
-4613
-4936
-5179
-5361
-5501
-5569
-5532
-5405
-5210
-4904
-4502
-4023
-3492
-2901
-2266
-1641
-1044
-472
45
466
796
1037
1187
1208
1151
1039
840
573
293
29
-262
-550
-746
-888
-1018
-1056
-963
-816
-616
-275
176
650
1180
1831
2501
3133
3783
4434
4989
5424
5802
6075
6166
6106
5955
5657
5197
4661
4076
3393
2645
1921
1206
476
-239
-871
-1461
-2054
-2587
-3044
-3482
-3917
-4290
-4597
-4902
-5179
-5362
-5479
-5570
-5574
-5457
-5260
-5011
-4654
-4190
-3694
-3154
-2550
-1936
-1367
-821
-294
144
468
736
927
996
960
882
745
517
269
24
-228
-503
-723
-874
-988
-1062
-1029
-887
-699
-417
-16
470
980
1569
2236
2896
3535
4183
4802
5298
5702
6039
6241
6253
6155
5957
5586
5079
4519
3889
3153
2391
1663
920
155
-542
-1154
-1771
-2355
-2835
-3269
-3702
-4094
-4401
-4689
-4957
-5161
-5286
-5375
-5404
-5334
-5172
-4950
-4650
-4249
-3774
-3267
-2724
-2122
-1528
-982
-459
34
434
727
966
1121
1147
1087
991
827
576
323
92
-169
-424
-601
-720
-823
-845
-739
-580
-371
-42
392
864
1385
2008
2652
3269
3907
4556
5122
5581
5994
6306
6442
6454
6368
6124
5721
5231
4670
4002
3269
2555
1826
1076
367
-271
-881
-1455
-1947
-2381
-2791
-3149
-3437
-3692
-3933
-4117
-4239
-4337
-4386
-4360
-4261
-4111
-3901
-3593
-3227
-2808
-2347
-1844
-1327
-832
-355
103
485
780
1011
1163
1215
1172
1081
921
694
444
198
-57
-313
-521
-673
-786
-838
-805
-706
-553
-312
4
382
819
1313
1845
2390
2963
3528
4052
4547
4987
5322
5567
5709
5728
5614
5397
5063
4608
4078
3488
2835
2145
1464
787
125
-497
-1051
-1576
-2049
-2451
-2814
-3137
-3408
-3647
-3850
-4028
-4160
-4252
-4308
-4305
-4253
-4142
-3972
-3736
-3442
-3099
-2710
-2289
-1871
-1444
-1022
-647
-320
-32
176
316
393
412
355
251
127
-41
-236
-410
-561
-722
-827
-871
-886
-855
-744
-571
-372
-100
248
621
1024
1478
1971
2451
2930
3415
3863
4261
4595
4854
5022
5081
5034
4885
4630
4260
3823
3318
2750
2144
1528
925
319
-263
-791
-1271
-1731
-2143
-2486
-2802
-3110
-3350
-3548
-3744
-3903
-3997
-4065
-4119
-4100
-4017
-3904
-3749
-3523
-3238
-2938
-2603
-2222
-1834
-1469
-1106
-762
-468
-227
-39
90
155
156
121
48
-77
-213
-338
-469
-605
-707
-766
-798
-794
-738
-630
-481
-292
-34
274
613
1003
1431
1887
2339
2802
3260
3672
4043
4358
4599
4739
4800
4768
4638
4394
4082
3705
3239
2717
2182
1618
1022
452
-83
-605
-1103
-1541
-1927
-2299
-2628
-2882
-3102
-3314
-3475
-3577
-3679
-3755
-3758
-3720
-3678
-3585
-3416
-3218
-3012
-2741
-2430
-2135
-1834
-1508
-1191
-934
-689
-468
-305
-203
-125
-90
-116
-163
-221
-305
-410
-501
-582
-645
-692
-700
-675
-610
-500
-340
-125
130
432
788
1177
1593
2045
2506
2953
3385
3805
4173
4469
4700
4854
4899
4849
4718
4496
4167
3773
3331
2826
2272
1732
1188
635
113
-357
-800
-1217
-1567
-1865
-2138
-2372
-2539
-2684
-2806
-2882
-2923
-2945
-2931
-2883
-2814
-2721
-2584
-2430
-2263
-2068
-1852
-1647
-1447
-1247
-1052
-898
-772
-655
-590
-567
-559
-571
-615
-681
-756
-823
-896
-971
-1017
-1031
-1031
-987
-900
-778
-618
-407
-150
150
482
845
1256
1681
2105
2553
2981
3388
3771
4126
4414
4631
4791
4858
4837
4726
4540
4251
3886
3464
2974
2417
1860
1292
704
134
-395
-881
-1352
-1761
-2096
-2397
-2644
-2817
-2956
-3058
-3117
-3116
-3100
-3062
-2975
-2864
-2749
-2615
-2449
-2292
-2126
-1952
-1768
-1604
-1460
-1312
-1188
-1102
-1034
-980
-966
-976
-998
-1039
-1097
-1167
-1227
-1269
-1309
-1325
-1300
-1252
-1172
-1042
-869
-663
-420
-133
194
535
909
1319
1735
2158
2598
3036
3450
3837
4192
4504
4744
4918
5032
5051
4972
4807
4562
4222
3812
3337
2822
2251
1660
1081
495
-67
-593
-1062
-1496
-1876
-2198
-2460
-2671
-2834
-2938
-3003
-3032
-3023
-2982
-2914
-2826
-2704
-2568
-2420
-2260
-2093
-1921
-1750
-1594
-1456
-1329
-1241
-1180
-1155
-1160
-1207
-1282
-1371
-1489
-1613
-1733
-1840
-1935
-1998
-2019
-1995
-1937
-1819
-1636
-1405
-1133
-800
-421
-11
430
902
1391
1883
2380
2875
3348
3786
4199
4571
4881
5125
5301
5400
5409
5343
5183
4930
4600
4196
3725
3190
2618
2031
1423
820
248
-285
-782
-1223
-1601
-1915
-2169
-2365
-2496
-2579
-2619
-2610
-2572
-2513
-2431
-2329
-2228
-2122
-2011
-1905
-1808
-1725
-1648
-1592
-1558
-1546
-1556
-1591
-1659
-1760
-1874
-2010
-2175
-2336
-2481
-2627
-2757
-2833
-2865
-2865
-2795
-2653
-2455
-2204
-1882
-1505
-1085
-625
-122
408
941
1486
2038
2566
3079
3578
4029
4443
4812
5128
5369
5548
5649
5660
5570
5392
5130
4771
4313
3796
3218
2566
1908
1243
569
-82
-690
-1232
-1710
-2113
-2422
-2649
-2789
-2855
-2848
-2781
-2653
-2499
-2323
-2134
-1948
-1766
-1602
-1455
-1342
-1261
-1205
-1176
-1182
-1216
-1279
-1362
-1472
-1611
-1750
-1903
-2084
-2268
-2427
-2584
-2725
-2833
-2902
-2927
-2912
-2824
-2684
-2492
-2221
-1897
-1519
-1097
-627
-119
400
941
1486
2031
2548
3050
3517
3930
4301
4619
4873
5041
5162
5194
5144
5014
4817
4541
4184
3779
3320
2808
2259
1709
1161
613
84
-384
-807
-1185
-1488
-1732
-1913
-2034
-2095
-2097
-2080
-2024
-1943
-1861
-1779
-1685
-1605
-1551
-1501
-1472
-1467
-1486
-1512
-1564
-1633
-1716
-1815
-1920
-2048
-2174
-2304
-2432
-2561
-2666
-2746
-2815
-2851
-2840
-2793
-2699
-2554
-2362
-2124
-1839
-1500
-1134
-739
-313
143
612
1070
1542
2017
2454
2882
3298
3674
4007
4312
4584
4780
4912
4998
5015
4941
4793
4581
4292
3912
3482
3002
2476
1916
1372
833
308
-186
-601
-972
-1290
-1518
-1680
-1796
-1872
-1870
-1852
-1838
-1799
-1735
-1702
-1687
-1651
-1629
-1651
-1673
-1680
-1713
-1771
-1793
-1831
-1896
-1959
-2010
-2074
-2178
-2261
-2336
-2442
-2551
-2613
-2662
-2720
-2728
-2679
-2604
-2495
-2306
-2067
-1799
-1480
-1104
-698
-296
148
604
1042
1475
1911
2325
2696
3057
3398
3698
3960
4202
4414
4555
4661
4719
4713
4621
4476
4270
3974
3599
3189
2732
2205
1677
1169
652
148
-285
-645
-965
-1230
-1395
-1510
-1592
-1621
-1595
-1572
-1556
-1519
-1475
-1477
-1495
-1502
-1533
-1598
-1661
-1699
-1762
-1836
-1879
-1914
-1977
-2035
-2062
-2111
-2187
-2248
-2302
-2391
-2484
-2543
-2589
-2637
-2630
-2566
-2488
-2357
-2146
-1888
-1603
-1262
-862
-459
-53
383
825
1240
1634
2026
2394
2721
3029
3315
3573
3784
3987
4170
4289
4368
4423
4402
4306
4169
3972
3691
3342
2959
2526
2036
1541
1065
585
127
-263
-595
-888
-1113
-1259
-1352
-1418
-1431
-1401
-1384
-1370
-1336
-1313
-1345
-1378
-1412
-1484
-1580
-1652
-1723
-1824
-1905
-1955
-2018
-2093
-2131
-2180
-2247
-2324
-2376
-2452
-2545
-2609
-2647
-2687
-2701
-2650
-2561
-2445
-2265
-2012
-1743
-1430
-1064
-672
-280
125
531
918
1283
1639
1976
2278
2559
2826
3079
3305
3513
3712
3877
4009
4109
4172
4178
4108
3996
3808
3552
3231
2867
2457
1997
1544
1093
646
231
-117
-416
-673
-856
-972
-1056
-1108
-1116
-1110
-1124
-1142
-1151
-1198
-1272
-1355
-1439
-1553
-1666
-1755
-1849
-1946
-2017
-2065
-2123
-2174
-2200
-2250
-2311
-2369
-2432
-2509
-2586
-2644
-2686
-2714
-2698
-2629
-2530
-2386
-2172
-1913
-1630
-1301
-937
-573
-199
185
552
894
1228
1550
1845
2114
2378
2639
2883
3108
3331
3548
3728
3883
4003
4065
4067
4005
3877
3666
3383
3053
2675
2240
1792
1360
937
523
179
-123
-379
-585
-722
-821
-909
-953
-983
-1022
-1075
-1120
-1183
-1279
-1373
-1458
-1565
-1669
-1751
-1826
-1905
-1961
-2000
-2041
-2097
-2153
-2204
-2288
-2384
-2464
-2548
-2644
-2719
-2764
-2769
-2750
-2681
-2548
-2378
-2157
-1887
-1576
-1250
-906
-548
-184
165
507
837
1149
1450
1737
2018
2288
2554
2817
3081
3332
3553
3748
3919
4024
4081
4072
3990
3839
3610
3327
2984
2593
2176
1753
1336
932
569
255
-21
-250
-431
-561
-677
-770
-830
-887
-962
-1033
-1094
-1175
-1285
-1368
-1441
-1540
-1633
-1691
-1745
-1829
-1892
-1936
-2007
-2114
-2201
-2286
-2422
-2563
-2658
-2773
-2889
-2960
-2969
-2956
-2917
-2787
-2604
-2397
-2142
-1818
-1483
-1141
-776
-390
-35
305
641
968
1265
1540
1826
2104
2356
2605
2876
3119
3323
3534
3725
3846
3911
3955
3917
3790
3604
3376
3083
2706
2342
1978
1569
1176
849
547
244
16
-143
-306
-468
-561
-628
-741
-846
-917
-1007
-1136
-1228
-1315
-1421
-1529
-1609
-1675
-1764
-1847
-1908
-1975
-2073
-2161
-2245
-2349
-2466
-2576
-2662
-2751
-2834
-2860
-2850
-2832
-2758
-2621
-2454
-2265
-2010
-1700
-1399
-1076
-727
-362
-23
312
651
964
1241
1529
1812
2061
2292
2537
2790
2994
3196
3397
3554
3660
3742
3778
3734
3619
3473
3263
2982
2674
2354
2002
1650
1322
1014
720
455
239
41
-134
-288
-430
-573
-716
-843
-978
-1115
-1257
-1396
-1516
-1627
-1732
-1833
-1902
-1970
-2037
-2089
-2138
-2192
-2251
-2313
-2379
-2463
-2546
-2607
-2661
-2708
-2724
-2696
-2636
-2541
-2384
-2178
-1948
-1677
-1370
-1055
-729
-406
-96
205
484
750
1013
1249
1479
1719
1965
2217
2469
2712
2949
3175
3376
3541
3647
3695
3684
3610
3469
3268
3027
2762
2454
2140
1843
1541
1253
984
749
522
306
109
-91
-286
-476
-652
-828
-1012
-1177
-1325
-1461
-1590
-1697
-1786
-1863
-1917
-1973
-2016
-2061
-2107
-2152
-2208
-2280
-2350
-2418
-2492
-2560
-2611
-2639
-2633
-2593
-2506
-2377
-2206
-1996
-1743
-1467
-1186
-885
-588
-300
-28
241
494
723
953
1170
1398
1628
1868
2111
2352
2597
2829
3029
3194
3326
3392
3411
3373
3284
3139
2964
2755
2533
2288
2067
1842
1610
1386
1176
967
738
518
301
61
-175
-387
-597
-801
-969
-1101
-1224
-1335
-1403
-1466
-1538
-1595
-1659
-1728
-1809
-1895
-1980
-2088
-2188
-2263
-2340
-2404
-2452
-2464
-2453
-2439
-2398
-2318
-2232
-2125
-1980
-1809
-1624
-1418
-1176
-921
-675
-413
-128
124
351
583
805
1004
1199
1406
1602
1778
1972
2177
2347
2502
2655
2776
2835
2852
2844
2789
2665
2529
2386
2212
2030
1864
1710
1527
1366
1225
1066
867
671
496
275
36
-177
-377
-577
-746
-865
-968
-1062
-1118
-1144
-1180
-1242
-1286
-1338
-1440
-1556
-1655
-1759
-1879
-1986
-2044
-2086
-2122
-2114
-2082
-2052
-2013
-1931
-1852
-1790
-1707
-1593
-1456
-1331
-1173
-956
-738
-525
-281
-27
187
387
599
780
919
1052
1207
1342
1456
1593
1771
1921
2047
2183
2302
2359
2376
2375
2315
2194
2052
1924
1766
1589
1451
1353
1223
1104
1032
952
818
676
541
371
142
-54
-216
-417
-596
-709
-767
-842
-889
-883
-878
-914
-959
-1005
-1094
-1229
-1355
-1471
-1617
-1739
-1802
-1829
-1866
-1847
-1775
-1692
-1634
-1549
-1444
-1368
-1326
-1257
-1162
-1082
-986
-844
-672
-520
-319
-95
122
297
486
667
795
889
985
1081
1152
1219
1314
1422
1505
1603
1710
1789
1823
1843
1843
1795
1691
1583
1477
1338
1191
1080
990
881
785
724
657
560
467
391
263
110
-26
-152
-298
-448
-540
-609
-686
-739
-756
-772
-800
-821
-852
-905
-983
-1050
-1126
-1214
-1298
-1347
-1358
-1382
-1381
-1340
-1269
-1218
-1149
-1057
-983
-920
-844
-751
-671
-587
-466
-320
-203
-61
108
259
390
520
640
735
811
876
934
981
1028
1083
1138
1185
1241
1292
1332
1345
1340
1327
1276
1204
1126
1029
926
830
731
644
573
515
459
405
347
279
209
126
22
-89
-193
-297
-400
-491
-561
-621
-663
-690
-714
-738
-765
-790
-824
-872
-926
-975
-1015
-1051
-1085
-1100
-1085
-1060
-1027
-970
-910
-847
-781
-707
-634
-571
-493
-411
-324
-239
-144
-27
75
171
269
366
448
519
576
626
664
698
736
761
783
815
846
854
864
871
865
839
808
780
732
678
629
583
540
485
438
397
342
289
232
175
97
19
-52
-134
-204
-268
-323
-368
-410
-447
-477
-508
-540
-565
-599
-629
-650
-667
-682
-683
-677
-656
-623
-598
-567
-522
-487
-458
-432
-407
-379
-346
-307
-263
-203
-134
-50
34
114
200
274
343
388
416
440
445
452
455
457
467
484
515
546
577
601
620
625
606
580
549
494
426
373
330
280
238
211
197
172
157
134
100
53
-5
-70
-148
-217
-283
-338
-387
-418
-434
-438
-428
-421
-411
-409
-411
-412
-423
-446
-454
-453
-453
-438
-408
-363
-319
-274
-224
-180
-148
-123
-98
-89
-88
-70
-47
-26
7
61
105
150
203
249
275
295
317
328
321
319
324
323
331
346
367
386
392
393
391
370
351
318
273
234
190
160
132
104
87
69
56
36
10
-25
-73
-120
-168
-221
-264
-296
-312
-329
-329
-322
-317
-312
-305
-306
-321
-330
-338
-350
-349
-342
-323
-296
-256
-208
-166
-124
-86
-52
-38
-34
-31
-26
-29
-28
-10
21
62
97
143
182
216
234
245
249
237
219
204
193
187
187
202
220
246
268
287
295
286
275
246
211
168
134
92
69
46
38
33
20
23
23
10
-12
-34
-71
-106
-140
-165
-195
-224
-230
-236
-248
-263
-259
-253
-258
-263
-264
-263
-265
-259
-238
-219
-200
-172
-141
-117
-94
-69
-42
-35
-19
2
16
30
49
74
91
117
137
157
164
168
165
159
150
133
127
125
124
128
144
158
164
181
196
198
190
178
164
143
120
96
78
71
66
61
64
65
67
66
51
34
13
-19
-52
-86
-113
-135
-148
-163
-158
-153
-150
-141
-141
-143
-153
-160
-173
-199
-210
-219
-222
-217
-207
-186
-159
-129
-102
-77
-55
-37
-23
-17
-12
-2
8
21
34
64
93
104
131
150
164
172
164
159
150
130
115
112
110
108
120
134
142
145
149
142
127
115
87
53
32
13
5
-3
1
14
20
28
38
36
24
5
-20
-50
-79
-112
-136
-143
-148
-143
-127
-105
-92
-75
-71
-75
-88
-112
-135
-161
-183
-194
-194
-189
-167
-135
-96
-64
-31
-7
7
16
5
-8
-24
-25
-34
-26
-9
19
47
82
109
132
152
156
150
134
105
89
68
50
55
47
69
84
110
127
145
150
148
142
125
103
85
73
54
47
49
59
71
87
107
112
108
97
77
52
23
5
-15
-33
-44
-44
-45
-43
-42
-40
-51
-60
-74
-92
-112
-132
-141
-152
-158
-153
-141
-122
-104
-89
-73
-65
-69
-65
-70
-85
-89
-86
-86
-81
-62
-38
-15
5
24
36
41
36
24
8
-23
-26
-31
-37
-30
-10
13
42
72
96
115
118
127
116
95
75
61
50
51
57
73
92
107
134
150
153
141
125
99
58
28
-1
-30
-50
-52
-47
-38
-26
-15
-5
-9
-21
-33
-63
-93
-117
-136
-151
-160
-154
-145
-134
-112
-95
-86
-83
-74
-79
-92
-99
-105
-105
-107
-99
-83
-62
-47
-34
-18
-8
-4
-11
-18
-21
-23
-24
-21
-15
-2
9
30
38
49
56
56
56
50
40
34
47
47
47
68
78
88
100
107
108
101
89
72
64
47
32
23
27
27
39
45
45
46
44
42
27
8
-8
-31
-53
-70
-87
-92
-99
-93
-82
-80
-67
-67
-65
-71
-79
-94
-104
-118
-133
-136
-148
-139
-135
-124
-110
-103
-89
-83
-85
-81
-81
-89
-91
-97
-93
-83
-75
-61
-47
-31
-17
0
10
15
25
32
33
37
43
54
59
71
87
97
99
117
121
115
116
106
106
98
95
90
91
86
84
89
87
87
73
66
54
33
16
9
-11
-19
-24
-25
-24
-31
-30
-30
-35
-45
-56
-69
-84
-95
-108
-110
-115
-113
-106
-96
-87
-87
-74
-71
-73
-78
-85
-92
-92
-90
-88
-82
-70
-52
-38
-20
-12
-4
2
2
6
1
-3
1
6
11
22
39
58
74
89
106
111
104
98
94
83
66
63
59
52
56
70
80
78
74
74
67
45
11
-14
-27
-49
-60
-57
-47
-49
-37
-23
-15
-18
-27
-33
-55
-78
-102
-117
-120
-129
-115
-93
-75
-60
-38
-16
-8
-14
-25
-43
-61
-80
-89
-91
-82
-70
-50
-6
16
36
55
63
65
46
27
20
4
-14
-12
4
9
22
50
73
82
82
93
89
76
66
49
37
31
29
29
47
47
42
42
44
46
25
22
13
9
-1
0
10
10
15
14
27
16
4
-2
-6
-28
-46
-49
-47
-46
-39
-24
-17
-4
-1
2
9
-9
-20
-32
-49
-62
-73
-70
-61
-52
-38
-27
-10
-3
-4
0
-3
-11
-23
-28
-29
-31
-41
-30
-11
-9
-3
14
23
30
30
38
42
24
25
24
18
14
13
18
22
25
26
36
35
36
40
40
37
33
32
26
18
11
3
6
0
-1
1
10
-1
-4
-1
-3
-14
-25
-26
-33
-29
-42
-42
-45
-45
-39
-41
-35
-35
-31
-28
-25
-20
-23
-22
-18
-15
-14
-3
-11
3
-1
-2
13
12
15
11
26
26
25
28
35
36
35
40
43
47
43
45
50
48
51
61
61
58
54
58
56
51
50
47
43
33
27
32
37
22
25
22
21
16
6
12
4
-6
-10
-11
-15
-25
-35
-40
-44
-46
-59
-56
-56
-63
-63
-54
-46
-48
-48
-40
-35
-39
-39
-32
-44
-55
-50
-44
-41
-41
-30
-11
-12
-8
3
-2
-2
-8
-15
-28
-37
-35
-35
-26
-20
-11
7
18
28
34
39
32
22
15
6
-10
-19
-22
-19
-16
-5
12
23
33
26
25
28
9
-1
-18
-29
-44
-48
-45
-43
-29
-18
-8
7
11
7
6
-10
-20
-39
-50
-60
-60
-54
-53
-39
-20
-6
-4
8
18
19
9
-4
-10
-27
-32
-30
-30
-28
-9
3
8
21
27
30
27
12
10
3
-6
-11
-11
-6
-9
3
12
22
30
31
33
30
25
17
7
-2
-9
-11
-7
0
-4
6
21
21
17
17
12
7
-3
-4
-12
-18
-17
-21
-13
-10
-3
0
3
3
6
2
-4
-6
-17
-24
-24
-20
-20
-14
-3
-1
3
14
18
16
17
16
5
5
-3
-5
-5
-5
2
3
13
17
17
21
24
11
12
10
-1
-2
-6
-11
-10
-9
0
10
9
14
17
15
14
10
-1
-7
-11
-20
-22
-21
-18
-21
-15
-13
-3
-1
-3
0
-2
-10
-18
-21
-24
-28
-36
-28
-20
-16
-5
7
8
5
6
8
4
-1
-4
-2
-8
-9
2
10
7
19
23
34
30
29
27
24
21
15
16
16
17
17
29
33
43
39
37
40
33
28
27
26
24
18
20
22
12
15
24
24
14
13
16
12
3
8
5
-1
0
0
2
-2
1
-3
-7
-12
-10
-17
-18
-17
-21
-13
-10
-12
-15
-19
-12
-13
-24
-21
-23
-22
-23
-28
-24
-18
-20
-20
-17
-20
-18
-21
-17
-18
-22
-18
-16
-10
-12
-12
-5
-4
-3
-2
-5
0
-4
-4
-5
-3
-3
-1
2
2
11
12
13
14
17
12
16
21
20
18
14
17
13
13
14
19
12
13
18
15
15
13
17
16
16
16
16
13
11
7
6
1
0
3
4
3
3
4
4
7
8
4
1
3
-4
-1
3
-1
-3
-3
-2
2
0
6
5
7
10
0
3
3
4
2
-1
-5
-7
-8
-8
-13
-2
-3
1
-1
-2
-7
-10
-2
-10
-13
-11
-13
-13
-12
-16
-13
-10
-5
-7
-10
-9
-7
-14
-13
-10
-9
-14
-14
-7
-4
-2
-4
3
1
2
7
2
1
0
-1
5
2
-3
2
4
4
1
9
7
6
10
6
5
8
8
2
7
9
5
4
7
9
8
5
4
0
-4
-9
-6
-4
-9
-10
-8
-4
-10
-9
-5
-12
-14
-18
-22
-20
-24
-22
-28
-28
-24
-21
-17
-23
-12
-13
-16
-11
-12
-18
-19
-22
-25
-24
-23
-20
-23
-23
-16
-10
-8
-13
-12
-3
-3
-8
-4
-1
0
4
2
4
5
6
16
10
11
17
12
14
9
6
20
13
18
22
23
26
31
26
20
21
16
20
10
10
12
15
9
12
10
10
14
4
3
-1
-7
-10
-13
-19
-19
-22
-20
-18
-11
-12
-11
-7
-8
-7
-8
-5
-10
-13
-14
-15
-12
-16
-12
-2
-3
-6
-6
-5
-9
-4
1
-4
-5
-4
-2
3
0
1
6
-2
8
4
4
10
6
6
1
4
2
3
-3
-4
0
0
-2
-11
-2
0
-6
-7
-7
2
5
1
3
-5
-6
-3
-4
-6
-5
-4
-5
-8
-13
-12
-15
-14
-13
-18
-17
-11
-3
-8
-14
-5
-5
-11
-9
-11
-14
-14
-9
-10
-15
-11
-16
-8
-8
-14
-18
-16
-17
-16
-24
-27
-21
-20
-17
-13
-12
-9
-6
-8
-9
-8
-3
-8
-11
-11
-7
-5
-2
3
10
14
17
15
20
19
14
11
17
15
9
13
7
15
14
19
21
21
20
20
19
17
14
4
4
3
-1
-1
0
4
1
4
4
8
15
13
14
11
11
11
6
12
8
4
8
10
9
12
12
17
16
13
15
10
7
5
10
4
0
3
6
5
6
6
8
10
9
11
10
6
0
0
2
-4
-3
-3
-1
-2
2
-2
3
0
-6
-8
-11
-14
-18
-17
-14
-13
-15
-8
-4
-6
-5
-11
-9
-6
-11
-6
-9
-10
-8
-15
-15
-8
-8
-3
2
2
2
1
-1
2
-4
-8
-4
-1
-6
4
4
3
9
6
10
11
10
9
10
9
10
7
5
0
-3
0
-1
-3
-2
3
4
4
2
4
5
-1
-4
-1
-5
-5
-4
-11
-12
-14
-10
-4
-9
-1
5
-2
10
3
0
1
-7
-2
-9
-6
-7
-4
4
4
7
13
14
11
14
7
4
0
-4
-2
-3
0
5
7
7
14
12
13
15
10
6
3
4
2
1
-3
7
5
-3
-5
-1
3
-1
0
-5
-6
-12
-11
-11
-22
-14
-16
-14
-11
-11
-6
-4
-4
-4
-2
0
-3
-7
-7
-7
-3
-1
3
5
9
6
5
8
11
8
13
11
7
9
3
10
8
6
7
10
9
14
10
11
14
6
10
8
9
9
5
11
6
8
10
11
8
7
12
10
12
7
6
4
0
-1
-2
3
3
0
-4
-9
-1
-6
-9
-5
-8
-6
-10
-8
0
-1
-1
6
2
12
11
6
13
11
8
8
4
5
6
5
12
11
15
24
22
16
20
24
22
19
14
16
19
17
17
19
21
19
23
26
23
19
20
21
16
12
9
10
10
6
2
3
6
3
6
8
6
4
6
4
-1
-3
-5
-7
-5
-9
-4
-4
-9
-7
-8
-8
-12
-18
-16
-18
-15
-14
-14
-9
-13
-11
-8
-10
-11
-6
-8
-10
-5
-8
-8
-4
-1
2
-5
0
6
4
0
5
7
1
-3
1
5
1
4
9
4
2
10
10
12
11
15
14
6
9
15
13
13
15
15
14
15
12
15
13
16
14
6
6
10
8
6
11
11
8
6
4
2
5
0
2
-1
0
-6
-2
-4
-2
-2
-2
5
-4
-2
0
4
4
-2
3
5
3
8
2
8
9
7
12
14
19
23
24
24
26
25
24
25
24
24
24
19
22
21
21
21
21
22
19
19
20
17
21
20
14
17
10
5
8
14
6
7
9
5
9
5
10
9
4
5
4
3
2
-1
2
0
1
1
-2
2
-3
-2
-1
-4
-3
-6
-2
-7
-5
-5
-8
-2
-1
-2
0
-1
2
7
3
2
12
12
10
9
7
14
11
11
13
15
13
15
15
21
18
16
13
12
15
13
6
11
14
12
14
10
13
13
15
13
12
10
8
8
5
4
7
5
0
0
0
3
4
3
1
0
0
-1
-4
-4
-4
-5
-2
-6
-6
-5
-7
-2
-3
-1
4
4
3
3
3
1
3
5
5
1
8
13
9
10
9
12
18
20
22
14
14
18
12
18
15
8
14
14
18
14
17
17
17
17
14
24
13
12
9
14
12
9
12
8
14
11
9
10
12
11
9
11
8
5
2
5
3
2
0
-1
7
-2
-1
2
-1
-7
-5
-1
1
-1
-5
-7
-3
-1
-1
1
3
4
0
3
6
6
1
7
8
1
2
5
10
5
4
6
6
7
6
8
15
11
10
15
13
17
16
20
21
14
20
15
12
16
11
13
13
17
21
15
14
16
17
11
9
1
6
5
2
4
7
8
1
3
0
-5
-2
-3
0
-7
-8
-7
-10
-13
-10
-6
-11
-9
-11
-7
-6
-5
-9
-11
-8
-6
-5
1
7
-4
-2
1
-4
0
0
3
-1
4
6
3
1
0
0
-1
7
7
5
5
7
6
2
9
9
7
11
14
12
7
11
12
7
4
7
10
10
8
9
8
9
5
6
1
-3
-1
0
-3
-2
-3
-5
-14
-17
-12
-8
-10
-12
-2
-5
-7
-7
-8
-8
-3
-1
-2
-2
-3
-2
3
4
-1
3
1
4
8
8
8
6
9
7
9
9
8
10
7
12
17
14
16
23
21
22
20
16
24
23
24
24
21
18
21
21
20
18
12
16
14
6
6
10
16
11
12
15
9
5
7
9
3
-5
4
-2
-8
-3
-5
-10
-11
-11
-11
-13
-13
-17
-19
-12
-18
-18
-16
-26
-27
-20
-17
-24
-20
-32
-26
-23
-22
-22
-25
-16
-18
-18
-16
-10
-11
-4
-10
-10
0
-4
-5
-7
-3
3
2
5
8
7
9
10
11
12
16
16
12
17
17
13
16
17
17
18
13
15
8
17
16
13
18
15
17
13
8
9
4
0
1
3
2
-3
-4
-6
-5
-6
-11
-10
-13
-15
-14
-16
-15
-21
-20
-18
-19
-23
-19
-22
-22
-23
-19
-18
-19
-14
-16
-16
-17
-13
-15
-15
-12
-8
-8
-7
-7
0
-3
0
1
0
10
12
9
9
10
16
15
19
22
19
23
20
21
24
24
25
24
24
18
15
15
14
16
13
11
8
13
11
8
5
1
2
2
0
-5
-6
-9
-6
-6
-13
-16
-12
-16
-17
-18
-23
-24
-19
-25
-27
-25
-26
-26
-26
-25
-30
-31
-25
-25
-21
-24
-21
-16
-14
-11
-9
-5
-8
-6
-3
-4
3
4
13
13
12
13
17
19
15
20
14
24
23
21
24
26
28
28
24
23
23
22
20
22
23
19
21
19
20
22
17
21
16
7
13
7
9
5
2
1
0
-1
-1
1
-3
1
3
-1
-10
0
-3
-5
-5
-11
-12
-2
-3
-9
1
-6
-6
-5
-1
-1
-4
0
3
2
2
7
3
-1
2
2
6
4
8
10
8
11
9
14
15
13
18
26
25
21
24
18
20
25
25
29
25
28
26
29
25
27
25
25
26
29
29
23
21
23
23
22
17
15
14
9
12
10
12
13
5
2
6
7
6
4
3
2
2
2
-1
0
0
1
-2
-6
-2
0
-3
4
-6
-3
-2
1
-2
-3
7
6
-2
2
9
4
3
9
5
9
13
14
12
10
16
15
18
15
15
17
19
22
18
22
17
17
18
16
14
18
13
11
15
15
15
14
20
22
23
23
15
17
17
11
14
7
11
16
11
9
6
4
5
-1
-1
0
-1
-5
2
1
1
-6
-4
-7
-8
-4
-6
-2
-9
-1
-5
-11
-7
-1
-3
2
7
2
5
4
7
10
7
7
12
14
16
16
14
14
21
23
27
19
27
26
26
31
22
24
22
25
28
25
24
25
19
21
17
15
19
14
15
10
8
9
2
6
2
2
9
9
7
6
1
-4
-6
-1
-3
-1
-7
-8
-10
-13
-11
-15
-11
-10
-13
-14
-6
-12
-8
-6
-9
-10
-11
-12
-10
-7
-6
-3
-4
-7
-5
-3
-5
-2
-5
-5
-7
2
1
0
5
10
9
8
10
10
5
7
8
13
11
8
14
14
17
13
13
19
17
19
16
16
16
12
18
12
13
21
14
8
7
12
12
8
8
3
7
-3
-2
5
5
3
-7
-5
-2
-3
-8
-9
-3
-3
-7
-3
0
4
-4
-4
-2
-2
-5
-5
-5
-1
-1
1
7
11
9
13
17
13
19
14
21
23
21
28
25
24
21
27
31
25
29
30
30
33
28
26
20
19
29
24
21
25
22
20
19
14
19
21
20
19
14
10
6
4
9
7
0
0
4
2
1
1
-1
-9
-9
-7
-8
-7
-15
-14
-19
-16
-20
-26
-26
-21
-20
-26
-28
-27
-22
-23
-28
-26
-18
-25
-19
-21
-17
-16
-21
-17
-9
-9
-10
-5
-9
-4
-3
-4
-5
-5
-1
3
6
9
6
6
9
13
10
8
16
16
15
24
17
18
23
18
24
20
21
22
22
22
20
20
21
25
22
21
17
15
15
24
15
15
10
12
15
9
5
7
11
6
4
1
8
3
3
2
-2
-2
-1
-3
-4
1
-1
-1
-3
-1
-4
-4
-5
-6
-6
-8
-7
-7
-4
-4
-3
-7
-7
-2
-1
0
1
-1
-1
0
-2
0
2
1
1
1
5
1
-6
1
-1
-4
4
5
4
0
-1
3
2
5
4
10
10
7
8
3
5
2
-1
-1
0
4
5
3
2
5
2
7
9
5
2
0
5
0
1
-2
-3
4
-3
1
5
4
4
7
-1
0
3
5
4
3
2
0
-3
-1
-1
2
2
4
0
-1
3
-3
1
2
-2
1
-3
1
1
0
-3
0
-1
3
4
2
2
-1
3
-2
4
-1
2
5
0
1
-1
4
6
9
7
9
6
4
2
5
8
5
1
-5
-4
1
-2
1
-1
-3
-7
-4
-2
-8
-6
-8
-12
-7
-7
-11
-9
-6
-7
-11
-17
-12
-14
-12
-13
-16
-14
-13
-18
-18
-14
-16
-9
-12
-9
-14
-12
-6
-11
-5
-14
-11
-9
-11
-7
-4
-9
-6
-4
-5
-4
-8
-7
-10
-10
-8
-12
-11
-7
-11
-8
-10
-12
-14
-12
-12
-14
-9
-10
-13
-13
-12
-10
-11
-6
-8
-11
-11
-9
-4
-9
-9
-7
-8
-3
-4
-1
-3
-4
-2
2
3
0
0
3
6
-1
1
-1
1
5
2
9
9
11
6
5
10
12
12
14
12
14
10
8
16
16
14
11
19
11
8
13
5
13
5
2
3
8
1
2
8
2
1
3
3
0
-6
-6
-5
-11
-7
-5
-6
-12
-8
-11
-10
-14
-16
-9
-19
-16
-13
-20
-11
-14
-18
-16
-20
-23
-20
-16
-20
-15
-18
-17
-9
-8
-15
-17
-12
-12
-12
-8
-11
-10
-7
-10
-8
-9
-10
-12
-6
-6
-8
-7
-8
-5
-4
-3
-5
0
-4
0
-1
0
2
-5
-3
-1
3
0
-5
-3
1
0
0
-2
-5
-4
-5
-3
3
-5
-4
-4
-7
-2
-8
-9
-4
-7
-1
-4
-8
-5
-4
-1
-3
-2
-2
-3
-7
-9
-11
-7
-6
-5
-8
-1
-6
-11
-5
-8
-7
-2
2
-2
-4
-3
-5
0
1
1
2
2
4
-3
5
4
4
6
4
9
8
15
15
11
16
18
14
14
14
18
16
11
15
12
11
14
14
15
7
8
9
6
8
6
10
7
5
7
3
-1
0
-4
-3
2
-6
-2
1
-4
-5
-4
-2
-5
-3
-1
-4
-4
3
-2
-4
-3
-3
-2
-8
-5
-6
-1
-2
-4
-4
-4
2
-5
-3
1
1
1
3
9
9
5
8
3
2
4
5
5
3
6
3
2
10
7
8
6
5
11
7
8
10
6
9
11
10
4
5
2
1
5
7
7
1
0
2
4
5
4
-2
-1
-5
-5
-3
-1
-6
-7
-5
-1
-3
-7
2
-5
-6
-4
-8
-7
-2
-1
-4
3
-3
-4
-7
-8
-1
-1
0
8
0
4
1
9
7
2
3
1
10
4
7
10
3
12
10
9
12
14
13
10
10
11
10
11
13
9
12
8
7
10
9
7
4
3
3
5
6
4
0
4
1
4
2
2
3
-1
-1
-3
0
-5
-4
-5
-11
-1
-4
-1
-4
-4
-3
-2
-5
0
-1
-6
1
0
-8
-8
-3
-7
-11
-5
-2
-5
4
-3
-5
0
0
4
6
8
7
5
14
15
6
10
13
15
13
9
23
14
24
20
23
28
26
24
22
25
21
28
23
22
26
24
25
27
18
19
18
16
11
16
12
10
7
0
0
0
4
-1
4
2
0
1
1
1
-1
-7
-8
-4
-7
-6
-6
-8
-8
-11
-8
-15
-7
3
-4
0
-1
0
3
1
6
7
4
10
8
7
8
11
15
15
17
14
19
23
20
19
19
16
18
14
21
24
20
22
24
19
17
15
17
15
10
13
7
8
7
13
8
11
9
1
6
4
5
5
5
1
1
0
-5
0
-1
-1
-8
-8
-8
-6
-8
-10
-14
-14
-15
-17
-12
-14
-14
-20
-18
-20
-24
-23
-17
-16
-18
-12
-20
-12
-9
-10
-11
-9
-9
-6
-2
-3
-1
-2
2
5
7
5
10
17
9
15
15
14
16
19
19
21
28
29
29
22
24
25
25
27
26
22
24
27
21
18
21
19
14
14
21
15
11
8
2
2
2
5
4
-2
0
0
-7
-4
-8
-4
-10
-9
-7
-13
-5
-8
-2
-5
-10
-15
-6
-12
-12
-4
-8
-5
-1
0
-1
4
0
1
4
3
1
3
7
9
8
11
11
16
21
18
21
16
14
12
14
17
17
22
21
16
17
23
22
18
22
23
17
17
20
21
13
13
18
9
14
9
9
11
12
13
7
3
1
-1
-1
1
0
-2
-5
-3
-5
-7
-10
-11
-11
-13
-15
-14
-13
-19
-16
-9
-16
-15
-15
-8
-18
-16
-13
-17
-13
-8
-14
-13
-10
-17
-10
-13
-15
-11
-11
-11
0
1
3
1
-1
-3
1
2
1
5
4
5
10
12
9
10
11
11
18
19
21
18
21
23
23
20
21
23
19
23
25
27
27
24
23
27
24
19
16
12
17
12
7
10
11
11
9
5
5
10
6
5
1
1
6
1
-2
-5
-1
7
-3
-2
-2
-2
1
-7
2
-3
-6
-2
-2
-1
-4
-5
-1
-3
-1
-3
1
4
0
10
4
7
5
5
10
8
8
6
8
8
7
12
14
5
15
12
10
12
11
13
11
15
13
15
19
13
16
20
17
13
18
16
13
16
19
12
11
18
12
12
15
12
3
10
4
5
7
2
6
1
-2
-7
0
-4
-6
-7
-12
-6
-4
-12
-9
-9
-8
-11
-10
-11
-9
-8
-13
-6
-5
-5
-9
-3
-4
-11
-10
-13
-7
-12
-14
-14
-14
-11
-14
-16
-19
-15
-7
-9
-2
-2
-7
-5
-4
-8
-6
-8
-6
-4
-5
-4
-8
-9
-12
-5
-10
-7
-3
-5
-9
-7
-5
-5
-9
-15
-16
-17
-15
-14
-16
-18
-14
-12
-14
-17
-18
-18
-14
-11
-16
-13
-17
-13
-17
-11
-13
-14
-15
-22
-19
-22
-23
-24
-21
-27
-22
-19
-22
-21
-20
-16
-15
-17
-18
-19
-18
-17
-19
-19
-15
-22
-22
-18
-23
-19
-18
-21
-14
-13
-11
-15
-10
-2
-6
-3
-9
-7
-4
-11
-11
-2
-4
-5
0
-1
-3
-6
2
-2
-1
2
2
3
0
2
5
1
-3
2
2
4
5
5
-1
-4
-6
-4
-7
-6
-4
-4
-3
-5
0
0
-4
-2
0
-2
-3
-2
-1
-6
-4
-6
-8
-12
-11
-8
-7
-10
-9
-11
-16
-16
-17
-14
-19
-17
-16
-17
-18
-20
-20
-16
-13
-13
-19
-17
-10
-16
-13
-12
-14
-15
-10
-8
-15
-13
-15
-16
-12
-12
-13
-13
-8
-9
-8
-5
-6
-13
-8
-5
-1
1
-5
-4
-7
-4
-6
-9
-12
-10
-13
-16
-13
-13
-14
-14
-12
-14
-8
-9
-11
-16
-15
-12
-16
-19
-21
-19
-19
-16
-13
-18
-19
-22
-20
-17
-19
-16
-24
-22
-21
-26
-29
-26
-17
-22
-25
-25
-21
-21
-18
-19
-18
-17
-22
-19
-17
-15
-12
-14
-13
-13
-17
-7
-7
-9
-8
-6
-6
-5
1
1
0
0
0
5
7
0
1
1
6
3
2
3
-3
7
-1
3
4
1
0
-8
0
-8
-6
-9
-7
-11
-17
-7
-12
-13
-13
-19
-16
-13
-13
-16
-19
-19
-19
-22
-19
-22
-22
-19
-17
-22
-18
-18
-23
-17
-23
-21
-22
-22
-19
-20
-20
-23
-19
-18
-19
-17
-18
-17
-20
-20
-20
-21
-13
-10
-18
-21
-14
-13
-10
-11
-12
-5
-10
-3
-4
-7
-3
-4
-4
-5
-2
-1
0
-6
-7
-9
0
-6
-9
-3
-4
-3
-2
-5
1
-3
-3
-3
-10
-9
-9
-13
-12
-6
-11
-10
-18
-8
-13
-19
-15
-15
-17
-21
-17
-21
-26
-31
-26
-31
-31
-31
-36
-32
-26
-25
-25
-28
-23
-28
-23
-24
-27
-28
-28
-22
-21
-18
-16
-12
-16
-14
-14
-13
-9
-3
-6
-1
-3
-5
-5
-3
-5
-5
-2
-4
0
-4
2
5
6
1
1
3
5
0
-1
6
6
5
0
-1
2
1
-4
-4
-5
-3
-13
-11
-8
-21
-17
-15
-20
-21
-16
-19
-21
-19
-28
-24
-24
-28
-21
-26
-28
-24
-26
-26
-22
-29
-30
-27
-30
-26
-28
-26
-25
-25
-23
-22
-23
-26
-23
-21
-20
-13
-13
-13
-10
-11
-6
-3
-6
-6
0
-4
-4
-4
-2
11
7
6
8
9
12
11
9
12
11
9
7
7
7
9
8
5
6
5
-1
-5
-7
-1
0
-6
-8
-5
-8
-11
-17
-12
-13
-19
-15
-22
-22
-22
-25
-23
-25
-23
-26
-26
-20
-20
-27
-32
-30
-30
-28
-28
-25
-21
-18
-23
-23
-15
-19
-22
-21
-17
-16
-15
-15
-10
-7
-7
-10
-12
-7
-5
-2
-3
-5
-2
2
3
-1
4
4
9
6
13
8
7
13
10
15
13
12
12
11
8
11
10
4
5
4
7
6
2
0
-7
-2
-4
-3
-3
-12
-11
-12
-15
-17
-14
-16
-24
-24
-27
-24
-26
-33
-31
-33
-38
-39
-40
-40
-42
-39
-36
-38
-34
-38
-36
-36
-34
-36
-33
-25
-28
-24
-24
-24
-24
-23
-23
-21
-14
-14
-12
-5
-2
-4
6
8
12
13
12
14
15
15
16
23
20
20
23
25
22
21
27
21
16
17
18
21
13
11
10
11
13
11
8
7
2
2
5
-6
-3
-5
-5
-6
-6
-11
-16
-15
-17
-16
-17
-20
-19
-16
-19
-15
-21
-20
-18
-27
-20
-20
-10
-17
-21
-16
-15
-14
-18
-14
-11
-12
-9
-2
-2
-1
-3
-8
-5
-1
3
-3
0
1
-1
6
-2
4
3
4
10
10
12
10
12
14
12
11
15
17
16
17
18
14
15
13
8
7
6
9
2
1
6
-4
-5
-4
0
-2
-4
-4
-9
-8
-9
-9
-10
-16
-17
-19
-21
-24
-21
-22
-22
-19
-22
-20
-27
-31
-24
-24
-27
-23
-24
-26
-26
-26
-18
-24
-22
-22
-28
-20
-23
-24
-20
-14
-13
-13
-17
-16
-12
-9
-14
-13
-5
-4
3
-1
0
0
-1
3
-1
3
9
10
7
8
3
5
7
9
11
12
13
11
5
13
8
6
12
10
4
6
6
6
3
2
0
-3
-2
-6
-7
-2
0
-5
-2
-5
0
-5
-11
-10
-15
-11
-15
-13
-7
-14
-8
-15
-11
-12
-15
-19
-17
-12
-13
-13
-17
-13
-16
-17
-17
-17
-12
-11
-16
-13
-12
-15
-11
-12
-13
-13
-12
-10
-7
-6
-7
-12
-4
-1
-4
0
-8
-9
-5
0
-1
3
2
1
0
2
5
3
0
0
-1
-2
5
9
7
4
5
4
4
4
-2
2
-3
-1
1
-5
-4
-4
-9
-12
-10
-8
-11
-12
-18
-14
-14
-14
-8
-15
-15
-15
-13
-13
-16
-17
-14
-14
-13
-15
-14
-16
-12
-6
-8
-9
-11
-11
-11
-6
-11
-9
-8
-6
2
-3
-7
-3
-2
0
-2
-3
-4
-1
-4
-1
3
4
7
4
3
-1
-1
-2
-4
0
-7
-6
-1
-2
1
-5
-4
-5
-9
-7
-13
-7
-7
-12
-5
-13
-13
-13
-14
-14
-12
-8
-15
-12
-13
-16
-12
-14
-15
-12
-12
-13
-14
-12
-15
-14
-14
-14
-15
-8
-15
-12
-7
-7
-5
-7
-5
-5
-4
-5
-3
-2
-2
-3
-4
-6
-4
-4
-3
-9
-1
-3
-2
-2
-2
2
2
-1
-1
-2
-2
2
-1
1
-1
-1
-2
4
2
3
2
4
1
8
2
2
1
-1
