-15
-14
-14
-11
-17
-14
-14
-11
-16
-15
-7
-9
-15
-8
-8
-15
-12
-11
-11
-15
-15
-15
-14
-15
-11
-11
-19
-13
-14
-12
-14
-15
-21
-20
-13
-18
-19
-22
-18
-17
-19
-16
-21
-18
-19
-22
-14
-17
-13
-17
-21
-20
-24
-17
-22
-14
-14
-24
-19
-24
-22
-17
-20
-19
-18
-19
-20
-20
-20
-18
-21
-17
-16
-17
-11
-14
-12
-13
-13
-12
-11
-9
-10
-17
-13
-15
-14
-16
-12
-8
-14
-11
-15
-14
-19
-21
-14
-16
-17
-20
-23
-13
-15
-20
-18
-14
-12
-11
-15
-14
-17
-21
-16
-17
-14
-13
-17
-22
-19
-10
-11
-16
-13
-10
-13
-8
-11
-7
-7
-13
-16
-16
-15
-11
-11
-14
-11
-10
-17
-17
-12
-14
-6
-8
-8
-8
-12
-6
-10
-13
-7
-11
-13
-13
-16
-14
-6
-13
-14
-5
-9
-2
-7
-6
-6
-9
-14
-11
-7
-10
-13
-18
-14
-12
-10
-14
-14
-10
-11
-13
-18
-18
-9
-10
-11
-10
-10
-11
-12
-12
-12
-7
-8
-7
-11
-8
-7
-16
-14
-11
-11
-7
-8
-11
-5
-11
-10
-16
-15
-11
-12
-10
-8
-9
-15
-18
-12
-13
-11
-10
-12
-11
-12
-13
-12
-11
-8
-11
-15
-13
-11
-12
-12
-10
-10
-10
-9
-11
-14
-13
-11
-7
-8
-7
-5
-7
-8
-4
-6
-13
-8
-6
-13
-9
-6
-8
-6
-8
-8
-6
-6
-8
-4
-4
-7
-10
-6
-4
-1
-2
-6
1
-5
-3
-2
-1
-2
1
-6
-5
1
2
1
1
-2
1
2
-4
-1
1
1
-2
3
-5
1
-5
-2
-1
-3
-3
-1
-3
-1
-3
-5
-6
-6
0
-5
-4
-7
-8
-2
-4
-3
-1
-7
-5
-6
-9
-12
-6
-1
-8
-5
2
-3
-3
-8
-6
-4
-6
-4
-5
-4
-8
-4
-4
-2
-4
-10
-7
-9
-9
-8
-10
-4
-6
-11
-2
-1
-11
-7
-11
-9
-8
-7
-12
-13
-8
-5
-1
-11
-11
-9
-7
-2
-2
-4
-7
-2
-7
-11
-10
-7
-4
-6
-6
1
1
0
7
1
5
5
-1
2
3
1
0
6
3
3
4
1
3
5
7
3
7
4
2
3
4
9
9
9
5
5
8
5
3
7
7
7
14
14
10
9
9
11
11
10
12
12
13
10
11
14
9
13
10
13
11
7
9
7
9
6
10
10
9
10
5
7
6
5
3
0
5
6
3
5
3
2
7
7
8
3
4
4
5
7
7
5
6
10
3
7
0
0
2
4
-1
0
2
3
6
0
5
2
1
0
-1
1
-1
-1
3
4
-3
3
2
-1
-2
-6
-3
-4
1
0
-3
1
0
4
8
1
-3
0
1
0
-2
0
1
-3
-4
-2
0
0
-2
-5
-4
-1
-5
-7
-3
-5
-7
-4
2
2
5
-1
0
-2
-1
-6
-10
-4
-3
-3
-2
2
0
5
3
0
1
-2
-3
-2
1
-1
-2
-1
4
0
1
-2
0
0
1
1
1
4
4
3
2
5
1
2
6
4
1
0
2
2
4
0
3
5
-1
0
2
5
0
4
-4
-1
-2
-3
-3
-1
2
2
2
0
4
0
1
-2
-1
-4
-1
-2
-6
-3
-1
-2
0
1
-3
-2
-4
-4
-3
0
2
5
-2
-4
1
0
1
-1
1
-1
4
-2
-3
-1
0
-2
-2
-5
-6
-3
-4
-2
-8
-8
-8
-9
-8
1
-4
-3
-9
-10
-5
-11
-9
-5
-6
-6
-7
-1
-3
-5
-3
2
-4
-10
-3
-8
-10
-4
-4
-10
-2
-3
-5
-8
-8
-13
-11
-9
-6
-3
-3
-3
-7
-2
-9
-6
-3
-4
-9
-5
-6
-6
-6
-4
-5
-7
1
-4
1
-3
-5
-1
-4
-1
1
-3
5
-3
-5
-1
-3
-2
0
2
-3
-5
6
-2
-5
1
-5
-3
-2
-1
-1
-1
4
0
3
0
-8
-2
-2
-1
-7
-4
-4
1
1
2
-4
-5
1
3
4
0
4
2
5
5
2
-3
-4
-6
-8
-3
-2
-2
1
-1
2
4
-6
-2
6
3
5
4
4
3
3
-1
-1
-3
0
3
-1
-2
-2
1
1
0
2
1
3
1
-10
-5
-11
-3
-4
-7
-3
-7
-7
-8
-3
-5
-7
-6
-3
-6
-8
-8
-2
-3
-4
1
-1
-7
-4
-6
-5
-4
-7
-1
-1
-1
-4
-2
-6
-7
-3
-9
-8
-7
-7
-9
-10
-8
-2
-8
-10
-7
-12
-8
-2
-3
-7
-4
-10
-6
-4
-7
-7
-8
-2
-1
-2
1
5
2
1
-1
-6
-15
-15
-6
-2
-5
-6
-4
-3
2
0
-2
-3
3
2
-3
0
-2
-2
6
4
6
6
3
-1
0
3
-2
9
3
3
6
6
8
-1
2
4
-1
2
-3
-2
10
0
6
12
9
14
6
1
0
-9
0
-1
3
4
5
5
4
3
3
0
-9
-4
-5
-2
-3
-6
3
6
7
1
5
3
-1
6
3
8
6
7
10
8
7
1
2
7
3
-6
-3
0
-2
1
7
14
7
1
5
0
-4
-10
-7
-4
-1
-1
1
-1
1
-7
-7
-7
-6
-6
-7
7
1
3
6
1
1
3
0
0
-5
0
-2
-3
4
6
5
4
3
-1
0
-7
-12
-9
-7
-2
-3
-2
1
1
-4
-3
-8
-7
-5
-6
-3
-3
2
3
0
2
-2
-8
0
-2
0
3
10
7
3
5
0
2
1
-5
-1
-4
-7
-7
-9
-10
-6
-7
-12
-12
-10
-9
-13
-16
-13
0
-5
-11
-8
-6
-5
-6
-6
-6
3
-3
-7
-2
3
-4
-10
-8
-3
-3
1
-6
1
5
-8
-8
-7
-6
-4
-1
-4
-6
-5
-12
-10
-11
-14
-13
-6
-3
-7
-4
-10
-6
0
3
-4
-11
-3
-6
-7
-5
-3
0
-3
-2
-1
4
6
-11
-9
-1
-7
-8
-2
-6
3
5
-4
-1
-1
1
-7
-6
2
-2
-7
-8
-5
0
-7
-11
-10
-4
-4
-7
-9
3
10
1
-3
-1
6
1
-4
-4
-1
-4
-7
-1
2
-5
-6
-7
-8
-6
-11
-8
-6
-2
-2
-4
-6
2
-1
-2
-8
-1
-11
-14
-8
-3
2
-4
3
1
5
0
-7
-9
-6
-7
-8
-11
-3
4
-5
-8
-1
0
-3
-1
-4
3
-1
-5
1
1
-3
-7
-15
-11
-7
-5
-4
-3
2
0
3
0
0
-7
-9
-9
-8
-9
-4
0
0
7
4
2
0
-1
-3
-7
-7
-6
-8
-6
-5
-4
-4
-3
1
-3
1
4
-5
-4
-4
-5
-2
-7
-9
-9
-13
-18
-22
-16
-13
-10
-2
3
7
0
4
3
-13
-19
-12
-4
-7
-9
-6
6
3
-6
1
9
1
-10
-14
-17
-18
-22
-22
-9
0
-3
-9
-1
8
-4
-3
2
2
-5
-18
-16
-8
-14
-16
-14
1
4
-6
-2
6
0
-7
-7
-3
-1
-7
-11
-14
-1
0
-12
-6
3
3
-10
-11
-5
-6
-10
-21
-14
-1
-6
-8
-6
-1
-3
-17
-10
3
6
-6
-5
6
9
-2
-12
-6
-6
-12
-15
-8
-1
-6
-6
3
16
14
-4
-1
0
-10
-25
-26
-14
-7
-20
-19
5
6
3
-3
6
7
-8
-20
-19
-7
-14
-27
-17
4
2
-13
-9
-8
3
-11
-25
-7
-3
-14
-25
-8
11
5
-10
-13
4
3
-21
-28
-9
5
-10
-17
-2
12
4
-14
-10
-4
-7
-21
-18
1
-1
-7
-11
-4
5
-2
-16
-12
-5
-9
-17
-20
-11
-5
-10
-8
-2
2
-2
-8
-1
9
-2
-9
-10
-13
-15
-22
-20
-4
-1
-5
-10
-2
5
7
-3
-7
-2
-1
-10
-12
-6
-10
-10
-16
-17
-8
-8
-8
-8
3
0
-6
-10
-6
-4
-9
-11
-8
-4
-5
-4
-1
4
2
6
-3
0
2
-3
-11
-13
-10
-4
-7
-12
-8
5
4
-2
9
7
-2
-13
-10
-13
-14
-12
-14
-7
4
5
4
5
12
8
0
-5
-2
0
-11
-15
-2
0
-6
-3
6
16
9
6
7
15
15
-1
-8
-4
-2
-3
-3
-2
9
5
4
3
12
16
-2
-5
8
6
-8
-9
4
7
-1
-6
0
5
-4
-14
-10
5
1
-9
-9
3
6
-6
-7
2
11
-2
-14
-5
6
4
-4
2
3
5
-9
-14
2
4
-3
-14
-9
11
5
2
5
12
8
-11
-14
-1
5
-3
-10
1
11
-2
-10
-8
-5
4
-9
-10
-4
4
2
-8
-1
10
7
1
1
4
10
0
-9
-4
8
-2
-3
0
15
10
1
-4
0
2
-9
-10
-12
-9
-6
-1
-3
10
12
10
8
11
8
5
0
-4
-1
-6
0
2
8
11
5
0
4
-2
-13
-10
-2
2
0
1
0
5
2
-6
-8
-1
-2
-1
1
1
6
0
-8
-7
7
2
4
-1
6
8
4
-5
2
6
4
-8
-11
2
4
-6
-6
-10
3
7
-6
-6
0
3
-1
-9
-6
8
-3
-10
-7
9
10
-3
0
15
13
3
-3
4
11
6
-8
-9
5
2
-9
-6
9
18
11
4
5
14
11
-10
-13
0
1
-5
-15
1
9
4
-5
-6
9
5
-3
-2
-5
2
-2
-11
-3
12
10
-1
-1
4
4
-2
-7
-2
3
-7
-14
-5
3
3
8
4
7
6
9
-5
3
7
5
2
-9
3
11
8
8
12
15
7
1
2
9
9
5
-3
7
12
8
3
14
18
5
0
4
16
8
-1
-2
8
7
3
-6
5
16
1
-6
0
10
7
-4
3
4
4
3
1
1
5
2
-5
-2
4
1
-3
-7
1
0
-9
-12
-3
2
4
1
-2
4
1
-3
-4
-1
2
-11
-11
-11
-4
2
-2
-2
-5
-2
-4
-7
-6
-5
-3
-10
-3
-1
4
-1
-3
8
1
7
3
2
2
5
0
-11
-2
5
-2
-6
-7
-7
-7
-3
-1
7
3
8
6
3
3
5
1
-7
-1
-3
1
4
13
14
1
2
5
-1
-3
2
4
1
-1
5
17
21
14
10
11
10
0
-9
-3
1
-2
-4
0
4
2
2
2
7
8
-4
-8
0
6
-8
-11
-2
-9
-7
-4
2
7
3
-6
-5
5
2
-1
0
5
2
-3
-3
0
4
1
-6
3
9
0
4
5
8
1
-1
2
1
-1
0
-7
-2
-3
-1
3
4
6
3
5
10
10
2
3
2
5
6
3
3
5
7
3
7
7
4
7
3
5
2
-5
-7
0
2
-3
3
4
6
10
8
8
11
8
-4
-8
-5
-4
-4
3
5
5
3
4
3
2
3
-1
-7
-7
0
1
7
6
11
14
12
16
16
8
5
0
3
0
-3
4
11
11
11
11
13
13
13
12
-2
4
9
8
9
16
23
13
10
10
6
12
9
7
11
15
6
5
11
12
13
9
6
6
16
11
10
16
9
14
12
11
18
15
9
12
14
9
8
9
5
8
4
-4
-1
7
8
6
3
3
11
11
7
7
14
13
12
8
10
11
10
14
15
13
19
14
14
17
17
12
10
9
15
15
15
14
15
13
6
11
6
10
7
9
7
6
9
10
11
13
15
14
19
15
19
12
12
14
15
11
11
13
12
20
11
5
9
10
10
11
7
8
13
12
12
15
10
4
10
13
7
4
6
5
8
6
4
4
3
2
9
5
7
10
15
11
7
7
7
8
3
14
14
14
14
13
14
17
15
12
8
7
7
4
4
1
12
4
8
8
9
3
3
9
4
5
1
5
5
13
7
8
11
12
11
6
9
15
11
5
6
6
7
10
6
6
13
13
8
9
9
8
9
4
6
12
10
10
5
8
13
9
10
13
8
7
10
2
10
4
0
1
0
3
0
2
-1
-1
2
-1
-2
0
1
4
3
-1
6
5
7
1
-3
-1
-3
2
-5
-3
0
5
10
2
2
3
4
3
2
2
2
2
12
9
8
8
8
4
2
-1
-1
3
2
2
-1
4
6
7
8
6
10
9
11
13
10
7
9
3
7
6
0
5
6
16
16
13
12
14
11
11
12
14
9
7
11
11
11
7
11
11
13
5
11
9
10
12
9
10
5
8
10
7
3
3
10
11
7
6
10
14
8
7
8
15
13
10
13
18
16
13
15
10
10
10
10
11
14
16
17
15
8
8
7
3
11
17
14
19
24
15
20
15
10
9
3
5
8
5
8
9
13
17
15
18
18
16
12
14
11
7
13
18
20
16
11
18
16
10
9
11
8
10
14
17
16
14
16
12
10
14
13
12
5
9
9
7
10
10
16
20
10
12
18
13
11
11
14
17
13
18
16
8
11
11
18
16
14
12
14
13
10
9
14
8
5
12
11
11
9
4
3
2
0
0
1
5
9
2
6
12
6
11
11
8
4
9
2
3
6
-1
3
4
10
7
7
14
15
13
19
16
17
13
13
14
13
14
6
8
18
19
16
19
13
10
12
12
14
13
13
10
17
10
15
14
15
16
13
15
16
7
13
15
11
15
4
7
5
6
10
16
20
19
21
14
15
13
12
12
8
13
14
13
13
19
14
11
20
19
12
11
8
10
9
12
12
4
11
15
10
17
17
11
8
9
9
8
5
6
-1
2
1
7
5
5
7
6
7
-1
3
-3
-4
0
4
5
5
4
5
6
10
7
5
7
6
4
5
3
6
7
0
4
4
7
4
2
10
7
11
7
5
11
12
10
10
13
12
5
2
5
12
8
10
4
9
9
8
7
12
14
12
15
10
14
14
12
14
12
7
9
5
8
12
9
6
11
14
6
6
10
9
14
9
10
11
14
11
9
10
11
15
13
10
13
13
4
8
8
9
11
15
13
11
18
15
12
10
12
10
7
12
12
10
13
10
12
9
9
11
13
12
11
9
17
18
15
16
14
14
18
11
6
16
11
5
6
9
14
13
8
5
8
6
9
9
9
14
11
8
0
4
11
12
11
11
8
7
5
-1
0
-1
6
1
9
1
5
4
8
11
12
11
6
7
2
5
5
4
3
3
9
9
4
7
10
6
5
3
3
2
1
3
6
9
3
6
7
10
2
1
-1
1
5
1
7
0
3
0
5
6
4
2
-9
-1
0
-1
-1
-5
0
-1
0
0
0
6
5
6
4
9
5
9
9
6
12
12
15
11
6
12
3
2
1
4
5
6
9
5
11
5
8
4
7
10
5
6
7
4
6
3
-1
5
5
2
-2
6
2
7
2
0
9
6
8
7
9
10
5
8
1
7
5
0
1
5
5
5
1
1
5
5
0
4
10
3
3
6
7
6
5
7
10
3
4
5
5
0
-6
-2
4
9
7
7
6
3
4
2
6
5
9
3
5
5
10
7
-3
2
5
3
-2
2
2
4
2
6
6
6
4
-1
-2
-1
0
-1
0
0
-5
-1
-2
-2
0
-2
-2
3
-4
-1
-2
3
1
0
0
2
4
-6
-2
-3
3
-1
2
3
0
1
2
3
-4
-4
-6
-2
-5
-2
2
-1
0
-6
-7
-3
2
3
2
-2
1
4
-2
-1
0
2
5
5
2
7
2
0
4
3
1
3
2
5
9
4
5
1
6
5
-1
5
0
7
6
0
0
1
1
-1
1
-1
0
-5
-3
-3
1
1
-5
-6
-4
-8
-2
-2
-4
2
-6
-2
-3
-1
-7
-6
-5
-3
-1
1
3
-1
1
-4
-2
-1
0
0
0
0
1
-2
-3
-4
-5
-5
-6
-7
-5
2
-2
-5
-3
-2
2
-5
-4
1
-2
-3
-8
-5
1
-5
-5
-1
-3
-1
-9
-6
-12
-12
-10
-9
-6
-5
1
-6
-5
-4
-3
-5
-6
-8
-5
-7
-6
-6
-6
-6
-4
-1
-2
-7
-3
-5
-12
-8
-11
-4
-9
-9
-6
-10
-13
-12
-12
-11
-12
-7
-7
-16
-9
-10
-13
-12
-15
-13
-15
-11
-11
-12
-11
-8
-5
-15
-12
-10
-8
-12
-8
-11
-13
-7
-7
-2
-5
-10
-13
-12
-9
-7
-8
-14
-15
-14
-11
-10
-10
-11
-9
-13
-10
-10
-14
-16
-14
-11
-8
-10
-11
-7
-9
-10
-8
-7
-10
-15
-12
-12
-14
-12
-13
-16
-12
-11
-12
-6
-11
-7
-6
-6
-7
-12
-9
-11
-6
-3
-7
-8
-5
-12
-8
-8
-10
-8
-12
-10
-12
-10
-11
-7
-6
-5
-7
-9
-6
-10
-8
-7
-7
-8
-2
-6
-11
-6
-9
-3
-3
-10
0
-5
-2
-3
-6
0
-3
1
4
3
2
4
0
-1
1
-3
-3
1
0
-1
-2
-2
2
-3
-10
-1
-1
0
-4
-1
-4
3
-4
1
1
-5
-1
-7
-4
-1
-2
0
1
-4
1
-2
-4
2
-1
2
3
-2
-4
-6
-2
-4
3
1
1
-2
-6
0
-4
-9
-9
-1
3
0
-1
0
-3
-4
-7
-7
-3
-3
-4
-3
-2
-1
2
2
0
5
2
8
5
7
8
0
1
1
-1
-2
6
5
7
2
5
2
2
8
2
5
3
1
-4
-3
0
-2
3
-5
-6
3
-3
-1
-1
-1
2
5
3
3
6
7
1
2
3
2
-2
-2
2
-1
1
0
-7
-7
-5
-2
-6
-8
-7
-6
-7
-6
-7
-13
-3
-6
-5
-7
-10
-6
-9
-8
-1
-3
-9
-13
-8
-7
-8
-9
0
0
-6
0
-3
-6
-4
-5
-1
-4
-4
1
-1
0
6
0
-1
3
4
1
-1
-1
3
2
-3
-1
-4
-2
-6
-4
1
-2
-4
-7
-6
-10
-10
-11
-6
-6
-10
-7
-17
-14
-10
-12
-7
-11
-5
0
-9
-12
-8
-7
-11
-6
-5
-11
-11
-11
-11
-9
-7
-11
-1
-3
-7
-9
-4
-7
-11
-7
-7
-3
-1
-5
-7
-5
-7
-9
-10
-10
-8
-10
-10
-9
-5
-7
-2
-5
-7
-7
-7
-8
-5
-5
-8
-11
-10
-10
-5
-1
-2
0
0
-3
3
3
2
-1
-1
2
-1
-2
-4
-6
2
-2
-4
-3
-4
-3
-7
-3
-3
-4
-1
-1
1
2
1
2
3
2
-1
-3
-2
3
1
-2
4
0
-1
5
0
1
3
3
4
-4
-3
4
4
0
2
7
3
1
5
-3
0
2
7
4
1
7
4
1
-3
-4
-6
-7
-6
-2
0
-3
2
3
0
3
3
1
5
3
4
4
4
1
1
0
0
6
3
3
4
4
5
8
3
1
4
2
-2
-1
4
3
0
-1
12
9
2
6
4
5
5
5
6
5
5
3
-2
3
5
5
3
4
2
3
6
1
5
6
4
-1
1
4
0
1
2
6
6
3
4
4
1
-3
0
2
-3
-6
0
3
1
7
8
-1
9
6
6
3
-1
4
3
1
-4
-1
-3
1
-3
1
2
2
1
4
3
3
7
1
4
0
3
-5
5
1
-2
-2
-1
8
2
0
7
6
2
3
6
9
7
3
6
6
-1
-4
-5
-7
1
0
-4
-5
-4
-5
-6
-6
-2
-2
-9
-1
-3
0
-4
3
-5
-3
0
-5
-1
-9
-12
-13
-12
-10
-14
-15
-9
-17
-13
-11
-9
-8
-5
-5
-4
-4
-7
-4
-1
-5
-4
-4
-8
-8
-5
-8
-5
-3
-9
-3
-6
-5
-4
-6
-7
-1
-3
-1
-1
-4
-1
-5
-4
-5
-4
-11
-2
-5
-10
-5
-2
-1
-5
-1
-2
-5
-9
-4
-8
-8
-7
-4
-7
-11
-8
-8
-6
-3
-8
-8
-3
-6
-2
-4
-4
-2
-6
-3
-4
0
4
-3
-2
0
0
-3
-3
-4
-4
-6
-7
0
-4
1
2
-4
-1
2
-1
5
1
-3
0
2
-4
1
1
0
0
2
-3
-4
3
0
-4
-5
-1
-5
-2
-1
1
-2
-2
5
2
-1
1
-1
-5
-8
-3
-5
-9
-5
-4
-7
-9
0
-6
-6
-6
-7
-6
-7
-4
2
-3
-4
-2
-1
-5
-5
-2
-9
-5
-11
-1
1
-7
-7
-13
-6
-10
-4
-3
-3
-1
-2
-5
2
0
-2
-1
-7
-5
-7
0
-6
-3
-6
-7
-3
-6
-6
-7
-4
-6
-2
-2
-8
-7
-5
-1
-5
-6
-1
-5
-4
-4
-4
-3
-4
-4
-4
-4
-2
-5
-9
-2
-2
-3
-7
-7
-3
-5
-5
-4
-2
-3
-4
0
-5
-8
-7
-5
-7
-9
-7
-9
-7
-9
-7
-6
-4
-6
-6
-10
-6
-3
-9
-12
-7
-2
-6
-4
-4
-6
-3
-2
-7
-5
-4
-8
-12
-3
-5
-8
-6
-8
-15
-16
-13
-11
-9
-14
-17
-11
-12
-13
-12
-9
-4
-3
-10
-8
-2
-5
-5
-8
-10
-8
-5
-4
-8
-5
-4
-15
-7
-4
-4
-8
-8
-11
-10
-7
-11
-13
-14
-9
-5
-2
-7
-10
-16
-10
-12
-11
-8
-13
-8
-11
-9
-8
-9
-11
-5
-9
-13
-10
-10
-9
-14
-18
-14
-11
-14
-9
-9
-10
-12
-13
-8
-11
-11
-13
-10
-10
-15
-12
-10
-8
-8
-6
-7
-10
-9
-5
-9
-9
-6
-12
-12
-13
-7
-11
-12
-10
-10
-7
-14
-9
-12
-7
-9
-10
-5
-11
-6
-7
-11
-1
-2
-3
-9
-6
-1
-5
-5
-4
-3
-4
-1
-2
0
-7
-6
-10
-8
-5
-10
-9
-7
-14
-12
-12
-12
-13
-11
-10
-8
-6
-12
-10
-12
-15
-9
-11
-7
-8
-12
-9
-9
-8
-11
-12
-13
-9
-12
-11
-11
-11
-5
-11
-8
-3
-8
-2
-4
-8
-2
-6
-9
-2
-4
-7
-8
-3
-7
-1
0
2
-4
-4
-5
-5
-5
-5
2
-2
3
0
-3
0
4
2
-3
2
2
3
5
5
8
10
10
9
9
5
3
7
8
6
7
11
7
12
8
4
9
5
4
5
8
6
4
5
5
2
8
9
9
12
9
5
5
8
2
5
4
6
3
1
1
2
5
4
8
6
8
6
8
6
4
5
1
3
5
4
6
1
-4
-2
-9
-2
0
-3
1
-1
-5
-1
-2
2
3
-3
4
-3
-5
-5
-2
-5
-1
-2
0
1
-1
3
-4
2
1
1
2
3
7
7
5
3
3
1
8
3
3
7
3
-1
4
3
1
6
5
2
2
4
3
2
1
4
4
-1
-1
7
-2
-3
0
-3
1
-8
-3
-2
3
-2
-6
0
0
0
1
2
0
0
-3
-4
-9
-3
0
-5
-3
-5
-3
-3
-5
0
-7
0
-2
-4
2
-3
3
-2
-3
-1
-2
-5
-2
-1
-3
-2
-3
6
1
0
0
-2
7
1
2
-1
-1
1
-1
1
0
2
1
3
-3
1
-1
-3
-1
1
2
-5
-2
-2
-6
-4
-4
-10
-10
-4
-2
-3
-2
-4
-9
-6
-8
-3
3
-2
-1
2
-3
-3
-2
-4
-8
-8
-8
-8
-5
-7
-2
-5
-4
-2
-3
0
-1
-4
-3
2
-1
-3
0
2
-3
0
2
1
8
3
-1
-2
-2
-3
-5
-4
-2
-1
-5
-2
-2
-1
-6
-5
-1
-4
-1
-4
-1
-2
1
-2
-5
-4
-8
-1
-3
-4
-4
-2
-2
-2
-1
-2
-3
-6
-7
-4
-1
-2
-9
-6
-4
-6
0
1
0
-6
-1
-3
-7
-5
-2
-1
-1
1
-1
2
-2
-2
-6
-5
-4
-4
-6
-4
-7
-6
-11
-13
-7
-5
6
-1
-2
-4
-3
-2
-5
-7
-1
-4
-2
1
0
-3
0
-3
-4
0
-4
-1
-2
2
2
1
-2
2
1
-3
-7
-1
-1
-4
-3
-12
-7
-9
-6
-6
-2
-5
-3
-9
-6
-5
-7
-1
-9
-7
-7
-4
-8
-8
-8
-7
-8
-2
1
-4
-7
-2
-3
-3
-2
-12
-2
1
-2
2
2
1
1
-2
-7
-9
-4
-2
1
-2
-3
0
-3
-2
-4
-6
-9
-4
-2
-6
-7
-4
0
-4
-5
-5
-3
-5
-7
-5
-8
-4
-6
-10
-12
-11
-11
-10
-8
-11
-9
-10
-11
-11
-11
-9
-5
-9
-10
-5
-6
-4
-7
-8
-3
-3
-2
-3
-5
-7
-3
-4
-2
-3
-1
-1
0
2
-4
-5
3
0
-2
-4
-1
-1
-5
-3
-4
0
-4
3
-2
-3
2
3
3
3
0
-8
0
-4
-1
0
-2
3
4
3
4
3
-2
-2
-1
-1
-1
-2
-2
-4
-4
4
-3
-2
-5
-2
-5
-2
2
2
9
5
9
8
8
18
13
10
13
8
13
4
2
8
5
6
5
5
1
-1
4
1
6
4
8
8
2
5
5
1
2
7
6
9
2
0
4
11
5
5
10
11
9
12
9
11
13
9
3
10
14
4
13
4
6
7
11
10
4
6
6
8
9
6
2
5
13
9
9
7
6
6
3
2
5
2
3
6
5
6
4
8
3
6
7
5
8
6
11
9
7
8
11
11
14
15
13
14
6
11
12
12
15
15
13
17
16
11
15
14
14
16
13
13
9
7
11
14
13
10
15
11
13
13
11
8
13
9
7
12
12
11
8
14
11
9
17
10
10
13
11
13
17
14
15
19
18
15
12
15
12
12
13
14
16
13
13
16
10
18
14
16
18
16
15
16
18
13
16
15
10
9
12
10
10
10
8
12
11
8
10
14
8
10
8
6
15
8
7
7
4
7
8
14
11
8
6
10
7
8
11
11
7
5
10
6
4
11
14
10
7
10
11
7
7
6
4
7
5
5
7
7
8
8
9
12
11
6
7
9
3
8
5
2
6
10
13
11
6
9
9
8
3
1
8
7
7
5
14
12
9
7
1
3
0
2
4
-1
-3
-1
6
4
0
6
-1
1
0
-2
-1
-1
0
-5
1
3
-2
-9
-5
3
0
-4
-2
-8
-4
-1
-1
0
4
2
-2
-2
-5
-7
-8
0
-4
-5
5
-1
5
4
9
11
8
0
4
4
1
5
0
4
1
6
3
0
8
8
1
4
1
-5
-7
2
2
-1
0
-5
-4
-2
-2
-1
-2
-1
1
-4
-3
-4
-5
-5
0
-1
2
0
-3
2
-1
-1
1
4
6
4
2
4
4
7
6
6
8
3
5
3
3
3
-1
6
2
-1
-1
0
2
2
8
8
3
4
5
4
8
2
3
-1
2
2
0
2
-2
-3
-1
2
-1
-3
4
10
4
2
0
4
7
4
5
1
2
-1
2
5
-4
1
3
1
3
6
1
7
10
4
5
5
2
4
8
8
6
3
3
3
2
1
3
6
5
7
10
12
9
13
11
17
18
17
15
19
16
15
10
8
11
7
11
10
7
9
11
11
9
11
12
12
9
14
18
17
12
14
18
19
14
15
17
11
12
9
8
3
6
9
7
6
9
8
11
11
12
11
10
12
7
6
9
4
4
3
4
5
0
3
4
5
4
13
8
3
9
6
5
12
10
5
8
5
5
4
-1
-3
0
-2
-2
-3
4
1
-2
1
0
1
-1
-3
1
1
4
2
4
0
7
3
-4
-4
-8
-7
-3
2
-3
-5
-2
7
4
4
11
9
11
8
7
9
-1
2
-1
-1
1
-2
1
-1
-3
5
3
4
5
6
5
7
7
4
11
16
8
8
6
7
3
3
6
3
7
2
5
6
6
10
4
4
4
5
7
8
7
6
3
5
7
4
11
-4
5
7
3
9
8
6
0
1
7
11
10
8
10
8
5
5
4
2
9
10
0
0
1
4
-1
3
6
7
8
3
6
4
5
9
10
9
8
8
3
6
5
5
7
8
5
0
1
-5
-1
-3
1
3
3
7
6
8
6
-1
1
1
-1
4
-2
-4
-1
-1
-2
-2
-5
0
-9
-14
-6
-7
-1
-11
-12
-3
-6
-5
-5
-4
-1
-3
-2
-2
-2
-6
-4
-5
-6
2
0
2
-1
0
-3
-1
-2
-3
0
-3
0
-3
-11
-14
-5
-3
-3
-3
3
1
-1
2
3
-3
-1
-1
-1
2
0
3
0
9
2
0
6
-2
4
7
1
0
-1
2
2
-2
-7
-6
1
-3
-2
-4
3
5
2
4
5
-1
2
2
-2
-5
3
-1
-4
1
0
-1
1
-3
4
4
4
6
-1
0
1
1
2
1
1
-1
5
7
6
3
7
7
-4
-3
3
-2
-2
1
-1
7
7
5
2
5
4
4
5
7
1
5
5
-3
-4
-3
-2
1
4
-3
2
-5
-3
-5
-4
1
-12
-7
-6
-2
-6
-11
-4
1
-5
1
0
-4
-1
0
-3
0
0
-3
-2
-3
-3
-4
1
5
-1
-1
2
-5
-6
-5
-5
-3
1
-1
0
-3
-2
-2
-3
-2
-1
2
4
2
1
-1
1
5
-4
0
2
1
0
1
-3
-5
0
-1
-8
-5
-2
-8
-6
-7
-6
-9
-8
-8
-12
-8
-11
-10
-11
-10
-11
-8
-7
-6
-8
-14
-12
-16
-14
-12
-13
-13
-18
-18
-19
-15
-18
-23
-15
-20
-11
-13
-12
-11
-9
-8
-11
-9
-11
-6
-1
-7
-6
-6
-9
-6
-1
-3
-1
-3
-11
-7
-2
-10
-9
-10
-10
-11
-13
-9
-11
-12
-6
-11
-7
-5
-12
-9
-11
-8
-12
-8
-9
-7
-8
-8
-8
-10
-8
-2
-7
-12
-7
-4
-4
-5
-10
-8
-5
-11
-9
-7
-14
-11
-8
-11
-10
-11
-7
-3
-4
-3
0
-4
1
-2
-1
0
-2
-4
-6
-3
-4
-5
-4
-5
-9
-7
-3
-8
-5
-10
-10
-6
-8
-6
-7
-9
-4
-4
-4
-7
-3
3
1
-4
-2
-1
-3
2
2
3
1
3
3
0
7
-2
-3
2
3
-2
-3
2
1
1
10
1
3
2
0
-2
4
10
8
11
5
5
4
7
1
3
2
4
6
0
3
3
2
1
4
2
3
-3
-1
2
2
6
2
-2
2
4
-1
1
-4
4
2
4
3
1
2
0
3
4
4
7
11
5
7
5
6
9
8
9
8
9
6
-2
9
5
-2
1
2
5
-6
-4
-5
-7
-7
-5
-3
-2
-6
-2
-2
-6
-8
-2
2
-1
4
3
-5
-6
-7
-5
-7
-4
-4
-1
2
-5
1
-3
-4
-6
-5
0
-2
-4
0
-2
-1
0
-4
-1
1
-2
0
0
-3
-4
-4
0
1
-1
0
-3
-5
-10
-11
-9
-8
-11
-4
-8
-14
-13
-7
-14
-11
-8
-7
-3
-4
-6
-13
-10
-6
3
-3
-1
-2
-2
-1
-4
-1
3
1
0
-1
-5
-2
-4
0
1
0
2
-1
4
-5
-3
-5
-9
-6
-5
-4
-5
-7
-5
-5
-5
-6
-4
-4
-9
-12
-9
-8
-11
-10
-7
-6
-4
-7
-6
-5
-4
-3
-7
-3
-14
-8
-11
-12
-8
-8
-10
-9
-8
-13
-9
-13
-7
-9
-14
-9
-11
-10
-11
-10
-13
-8
-9
-12
-12
-13
-11
-9
-13
-18
-12
-11
-13
-16
-11
-10
-9
-12
-10
-12
-12
-11
-15
-8
-7
-11
-15
-11
-14
-5
-6
-9
-7
-9
-10
-11
-11
-17
-9
-7
1
1
-10
-8
-7
-8
-6
-8
-11
-9
-8
-4
-4
-9
-7
-11
-10
-9
-11
-11
-8
-11
-7
-6
-10
-9
-10
-12
-12
-10
-7
-4
-9
-6
-5
-9
-3
0
-9
-6
-8
-7
-8
-11
-12
-9
-10
-8
-10
-5
-5
-5
-1
-8
-5
-7
-7
-6
-5
-11
-6
-5
-7
-7
-7
-5
-4
-4
-1
-7
-7
-6
-3
-6
-8
-11
-4
-1
-5
-5
-8
-9
-9
-6
-8
-5
-8
-10
-6
-7
-6
-7
-6
-7
-9
-6
-3
0
-4
-6
2
-2
-3
-1
2
4
0
5
3
7
1
-1
1
6
7
6
5
2
-1
-4
-6
-4
0
-10
-4
-6
-6
-4
-3
-1
-1
-3
-2
0
-2
-2
-3
-4
-3
-9
-12
-9
-11
-1
-10
-7
-2
-4
-4
-6
-9
-3
-4
-1
-7
-4
-1
-3
-1
-8
-3
-9
-5
-11
-7
-3
-5
-6
-4
1
3
4
1
4
5
1
1
-5
-3
-1
1
2
0
-3
-1
1
-6
-6
-5
-7
-4
-5
-7
-2
-6
-3
1
-4
-4
-4
-6
-3
-2
-3
-5
-2
0
-2
-3
-4
-1
-3
-3
-6
-6
1
-3
-8
-5
-2
-1
-5
-6
-7
-12
-6
-2
-5
-4
-5
-11
-8
-10
-6
-10
-11
-4
-9
-3
-7
-7
-4
-6
-2
-2
-3
-2
-4
-3
-7
-4
2
0
-4
-1
-3
-7
-7
-6
-3
-4
-3
-5
-5
-5
0
-3
-9
-5
-3
-8
3
-1
-4
-5
-5
-4
-4
-2
-6
-6
-7
-6
-3
-4
-10
-5
-5
-5
-2
1
0
-3
4
-1
-1
1
0
0
-2
-3
1
-5
0
1
3
9
6
0
5
3
-1
1
2
0
1
-3
-2
-3
6
0
-2
-1
-1
-1
-8
-6
-5
-7
-3
0
1
-1
1
9
5
2
6
2
4
9
5
6
4
-1
4
3
0
5
11
8
4
1
7
6
1
5
4
-1
-1
2
2
4
-1
1
4
3
2
-1
-2
0
-4
-5
-4
-2
0
-4
-6
-1
-1
-2
-1
-4
0
-3
-2
-3
-4
-1
2
8
1
2
1
-2
0
-6
3
3
0
-1
-1
-2
-2
-6
-5
1
3
-1
-2
0
1
-3
2
4
0
1
1
4
6
0
-1
0
1
3
1
4
-3
-1
4
2
7
-1
-1
2
-6
-2
1
-6
-6
-5
0
1
3
3
-1
-1
1
1
2
-1
-2
-3
-2
-1
2
2
1
1
5
-2
4
2
3
4
1
4
2
-5
0
1
-1
4
5
7
-2
2
3
3
1
-1
-3
-2
1
-3
1
3
4
-2
-1
2
2
0
0
7
1
3
-3
1
3
6
-2
-7
-2
0
-3
-3
-3
-3
3
2
7
0
-1
-1
0
0
-1
1
-3
-1
-4
-5
-3
4
1
0
4
4
6
1
4
-1
-2
2
1
2
3
0
2
0
2
2
2
-2
-7
-3
-3
1
-1
0
-1
2
1
0
1
-3
-1
0
2
3
5
5
6
8
7
10
10
5
4
4
5
5
3
8
-1
-3
-5
-5
-4
2
0
-3
-1
2
1
-3
-1
7
5
4
5
3
6
-1
3
-1
4
5
-4
-4
-2
0
-5
-1
4
1
-2
8
3
-2
5
6
-1
4
6
6
3
9
5
1
6
4
2
2
4
10
10
1
9
9
11
10
10
11
11
14
13
11
10
9
14
10
15
11
5
9
10
7
5
9
2
4
8
2
8
13
10
15
12
6
11
9
10
12
18
13
7
9
7
12
7
10
5
4
9
7
4
4
5
5
4
3
6
3
0
6
-3
2
9
5
8
9
3
5
1
1
3
4
8
4
7
10
11
7
6
3
4
8
2
4
8
4
8
2
2
3
2
5
5
7
8
11
9
12
10
11
9
7
8
6
7
11
12
10
10
7
13
11
12
8
10
8
6
13
5
13
6
2
2
5
8
5
2
4
7
6
7
0
3
3
2
7
3
1
5
4
2
0
5
3
2
2
2
-6
1
-1
-1
5
4
4
9
11
10
14
12
16
12
12
14
14
15
7
12
4
11
4
-3
0
9
6
0
0
2
4
3
4
2
0
-1
0
2
5
-3
-4
2
2
1
2
4
6
-3
0
5
6
3
2
2
0
-1
0
-2
4
-3
-2
-1
-4
0
-4
-4
0
2
0
0
-6
-8
-2
0
2
1
0
-1
-1
-1
3
2
6
-1
-1
0
5
3
-3
1
-3
-5
-6
-7
-3
-2
-4
-2
-6
-3
-3
0
8
5
1
4
6
2
3
8
2
3
3
3
0
1
4
0
3
0
6
-2
1
2
-2
-3
0
7
1
-1
-3
-7
-4
-4
-5
-7
1
1
1
-1
-2
-3
-2
-1
1
4
-3
-1
0
-3
-7
-5
-3
-6
-4
-2
-2
-4
-3
-3
1
-1
-3
-1
-2
-3
-6
-4
-9
-7
-2
-5
-5
-3
-5
1
0
1
3
-1
5
6
-1
1
2
0
0
8
2
1
2
0
0
3
-1
-3
-1
7
3
0
2
-5
-1
2
-2
-4
-4
0
-2
-2
-2
-3
-2
-4
-2
-5
-7
1
-1
-7
-5
6
3
2
1
-3
-2
-1
1
-3
-4
-8
-11
-5
-9
-14
-4
-6
-5
-3
-3
-7
-11
-3
-3
-3
-5
-6
-5
-8
-5
-2
-3
-5
-4
-4
-2
2
-3
2
2
-6
-3
-6
-5
-5
-3
-5
-6
-8
-11
-5
-11
-8
-8
-6
-9
-4
2
-12
-9
-11
-14
-9
-13
-9
-11
-7
-10
-10
-5
-10
-5
-6
-10
-5
-6
-5
-2
-3
-6
-7
-8
-7
-6
-13
-6
-4
-9
-6
-7
-10
-9
-9
-8
-7
-7
-6
-5
-5
-7
-7
-4
-5
-5
-3
-1
-5
-8
0
-3
1
-1
-4
-1
-7
2
2
-1
-1
-2
-2
-3
4
2
4
1
-3
-2
0
1
3
2
-1
-2
3
1
0
1
-4
-5
-4
-2
0
-3
-1
-6
1
2
-2
2
0
1
2
1
6
8
7
3
0
3
-1
-3
0
-3
-2
-4
-2
2
-4
-2
-2
0
-3
-3
-1
-2
1
0
-3
-7
-3
-3
-2
-2
-2
0
1
3
-6
-4
-5
-3
1
5
5
3
7
5
8
2
4
5
4
8
2
2
1
1
3
2
2
3
0
5
5
2
6
-1
0
-3
-2
3
-4
-2
-5
-4
-2
-2
-2
-2
2
-3
-8
-6
-7
-6
1
-4
-5
-2
-1
2
2
-1
6
3
-1
0
0
0
-2
7
-1
2
-4
-4
-3
-6
-2
-8
-5
-4
-2
-7
-2
-2
-9
0
-1
-3
-3
-6
-8
-3
-2
-1
-6
-4
-6
-10
-7
-6
-2
-8
-6
-3
-3
1
-5
-4
-4
-11
-8
-11
-15
-12
-10
-15
-13
-13
-13
-7
-11
-9
-11
-10
-6
-4
-1
-1
-3
-4
-6
0
1
-4
-5
-6
-5
-4
-1
3
-1
-2
2
3
-2
4
5
0
4
5
3
5
1
2
3
-4
-2
-2
-1
-4
0
2
7
12
9
6
6
10
6
5
8
7
6
13
6
3
5
6
7
11
11
6
11
4
8
9
6
9
2
5
5
9
7
6
4
7
5
3
4
3
3
4
4
0
2
-2
0
-3
1
-2
-5
4
1
-7
-7
-5
1
3
1
-1
-2
-2
1
3
-2
3
3
6
4
2
9
4
4
3
6
3
-3
5
6
-4
3
5
3
-1
1
-1
-5
-5
-6
4
3
3
-1
-1
-2
-5
-2
-2
-3
0
5
1
-2
-7
-4
-1
-1
-4
-2
3
12
22
18
21
14
10
9
4
-1
-17
-22
-18
-18
-13
-2
1
5
25
31
31
35
27
21
13
1
-19
-21
-29
-33
-26
-10
7
15
26
25
30
41
42
39
18
-7
-18
-35
-42
-44
-35
-14
-2
10
14
17
18
41
55
34
14
3
-25
-36
-29
-43
-47
-24
-21
-22
-7
16
34
51
58
47
37
24
9
-4
-20
-47
-68
-65
-62
-74
-55
13
33
50
90
85
73
90
60
12
-18
-62
-92
-76
-87
-121
-75
-10
11
51
102
89
103
145
134
73
7
-50
-84
-93
-90
-111
-121
-61
-9
5
40
108
133
151
180
141
35
-32
-65
-103
-113
-134
-165
-128
-68
-50
-2
96
163
187
211
197
137
82
4
-118
-182
-175
-196
-222
-157
-71
-35
78
216
250
267
262
159
68
43
-44
-143
-194
-265
-285
-200
-126
-65
46
159
263
306
263
253
208
54
-46
-87
-222
-332
-314
-283
-223
-121
-27
113
270
377
445
423
271
109
-40
-111
-162
-396
-586
-494
-380
-266
-22
234
527
694
654
772
233
-1369
-1615
-219
-177
-743
373
1083
341
486
974
-108
-1355
-1137
-218
140
-127
126
987
1025
381
334
123
-1180
-1991
-1221
-501
-827
-629
645
1380
1426
1702
1299
-346
-1887
-2713
-3103
-3108
-2711
-1498
516
2120
2801
2920
2186
852
-95
-654
-1211
-1439
-1128
-389
460
1038
1241
1072
769
755
810
639
789
1529
2547
3554
4023
3215
805
-2549
-5101
-6111
-6473
-5825
-3151
407
3455
5903
6974
5834
3284
650
-1494
-3305
-4688
-4638
-3135
-1687
-745
55
59
-834
-1284
-824
-456
-454
80
1190
1715
1325
557
-523
-1712
-2318
-2110
-1378
-504
637
2245
3382
3332
2634
1435
177
145
1217
3583
7718
9265
5413
1610
-295
-4543
-8858
-9678
-9957
-9038
-3200
4049
7793
8780
8986
8601
6390
1874
-2519
-5285
-7102
-6773
-3704
-1090
-836
-760
725
1697
666
-353
-78
242
1261
3633
4711
3585
1899
-290
-2782
-5355
-8914
-11038
-8684
-4179
219
4959
8093
8327
7420
5432
1462
-3443
-7547
-9118
-7926
-5889
-3637
-895
1400
3060
4166
4049
3157
2093
1080
893
826
-200
-1080
-1175
-866
-13
1229
3293
6741
11429
16996
16902
4808
-8569
-12120
-14887
-21378
-20427
-11866
-3933
5583
17213
21945
16755
9500
5955
1726
-7194
-13744
-12483
-9224
-6730
-1083
4619
3802
-112
173
2361
143
-3640
-2424
1683
3562
4264
5022
3250
-997
-3991
-4724
-5698
-7505
-7186
-3256
1409
3862
4317
3572
1484
-1129
-2755
-3521
-4207
-3957
-1927
759
2599
2818
1958
2375
4148
3961
2015
1446
1745
2210
4706
9330
15066
18056
11102
-2110
-9368
-13341
-23458
-30220
-21676
-7683
1534
12818
25607
26484
17951
13566
9248
-4117
-16828
-17650
-13025
-11282
-7783
1205
6150
1842
-527
3223
1601
-5337
-4812
2060
4933
4457
5865
6507
2310
-3318
-5585
-6962
-10220
-10890
-5980
108
3559
5301
6246
5384
2408
-1200
-4290
-6411
-6879
-5623
-2848
721
2880
2889
2936
4124
5233
4860
3678
3774
4167
3551
4826
8984
13548
15404
9124
-3343
-11120
-14916
-21663
-24575
-18302
-9498
476
13639
22946
22479
17022
12888
8053
-1981
-12185
-14822
-13187
-11956
-7043
337
928
-2873
-942
3150
1265
-1919
-500
2804
5187
6411
5969
3347
-1117
-4710
-5893
-7754
-10453
-9733
-5403
-347
3799
5638
5256
3802
1328
-1458
-4003
-6397
-6973
-5116
-2547
223
2436
2816
3499
6442
8389
7089
5638
5473
4767
4736
7958
13514
16206
9333
-3409
-10538
-14491
-22805
-26764
-20232
-11405
-1437
13066
24094
24331
19122
15474
10683
-337
-11834
-15640
-15010
-14034
-9169
-1360
1724
-1034
-1583
2501
2662
-2254
-2297
2645
4782
5422
7008
5519
434
-3965
-5942
-7699
-10679
-11406
-7063
-1202
2749
5354
6437
4896
1672
-1320
-3791
-6347
-7760
-6496
-3368
-102
2186
3172
3952
5993
8188
8003
6482
5949
5301
5016
7761
12778
17083
14759
2657
-8914
-13722
-20819
-28616
-25998
-16707
-6593
7602
21780
26721
23206
18575
14406
5099
-8297
-15764
-16130
-15637
-12444
-4624
1003
399
-1518
292
2363
-799
-3764
68
4683
5574
7018
7982
4163
-1644
-5199
-7219
-10355
-13112
-10689
-4211
855
4041
6399
6125
3183
-285
-3381
-6227
-8184
-7890
-5177
-1443
1730
3387
4136
5546
7728
8551
7233
6196
5821
4762
5517
9384
14348
18495
14502
275
-10788
-15533
-24022
-30578
-25878
-16247
-4828
10926
24209
27444
23523
19094
13878
2809
-10411
-16452
-16681
-16086
-11327
-2792
1296
-105
-805
279
-236
-2755
-3287
592
5116
7088
8444
8551
4238
-1977
-5911
-8725
-12154
-13657
-10387
-3919
1549
4634
6552
6231
2469
-1714
-4438
-7059
-8647
-7580
-4478
-445
2500
3693
5053
6804
8245
8677
7110
5708
5546
5103
6678
11410
16929
19824
12483
-3016
-12692
-18327
-28119
-32290
-25264
-14785
-1139
16012
27504
28480
24037
19451
12373
-922
-13593
-17885
-17839
-16341
-9660
-1469
933
-593
-915
134
-610
-3659
-3350
2326
6664
7935
9747
8888
2685
-3555
-6894
-10153
-13983
-14404
-9138
-2315
1903
4895
6951
5198
934
-2210
-4838
-7828
-8937
-7061
-3367
266
2481
4090
5877
7619
9195
8921
7120
6590
6186
6011
9082
13875
18686
18917
7103
-7929
-14805
-22033
-31247
-30726
-22280
-11394
4529
20862
28468
27155
22925
18289
8749
-5527
-15146
-17794
-18283
-14885
-6835
-936
-443
-1464
-475
623
-1643
-3774
-552
4358
6884
9304
10459
6749
654
-3815
-7098
-11262
-14787
-13275
-7247
-1711
2293
5777
6904
4492
724
-2284
-5500
-8842
-9020
-5969
-2772
65
2566
4269
5633
6876
8424
8951
7271
6380
6760
6675
8212
12005
17221
19925
10733
-5308
-13343
-18910
-29035
-31794
-24143
-13904
147
16996
27322
27908
23891
19580
12111
-1264
-13140
-17370
-17959
-16125
-9198
-2195
-533
-824
14
-86
-1846
-3278
-2090
2144
6511
8952
10011
8316
2894
-2958
-7117
-11109
-14548
-14300
-9746
-3601
1535
4913
6475
5317
1462
-2462
-5248
-7897
-8885
-6634
-2917
559
3107
4430
5573
7126
8305
8153
6919
6270
6485
7331
9660
13657
19187
21157
10831
-5172
-13582
-20035
-29578
-31778
-24267
-13759
409
16941
26951
27240
23513
19601
11645
-1801
-12661
-16447
-17417
-15613
-8845
-2544
-1343
-1964
-887
462
-997
-3375
-1315
3674
6516
8481
9988
7168
1443
-2886
-6195
-10409
-14120
-13505
-8397
-3231
633
4207
5485
3689
993
-1740
-4856
-7547
-7894
-5364
-2120
209
2039
3753
5114
6512
8215
8572
7316
7008
7469
7425
8773
12236
16962
18661
9728
-4615
-12551
-18705
-27849
-30219
-23569
-13879
-223
15661
25311
26204
23270
19523
11788
-983
-11560
-15864
-17294
-15655
-9341
-3374
-2068
-2418
-551
1176
-1014
-3131
-213
3986
6410
9085
9962
6324
1193
-2707
-6436
-11145
-14510
-12822
-7736
-3388
591
4156
4894
3181
588
-2440
-5756
-8266
-7702
-4610
-1924
323
2568
3921
5084
6739
7951
7607
6515
6823
7507
7270
8739
12985
18383
19905
10491
-3981
-12121
-19000
-28838
-31310
-24578
-14883
-873
15641
25623
26564
23783
20200
12214
-801
-11194
-15747
-17939
-16242
-9556
-4015
-2724
-2652
-998
857
-753
-3023
-257
4259
6495
9015
10137
6343
1024
-2739
-6435
-11204
-14755
-13270
-8064
-3680
256
4130
4968
3266
926
-2329
-5789
-8059
-7888
-5010
-1837
372
2726
4811
5981
7382
8624
7953
6764
7057
7547
7980
9997
14095
19379
19084
7218
-6710
-13809
-21338
-30173
-30377
-22589
-11779
3239
18704
26440
25992
22952
18780
9458
-3782
-12961
-16522
-17682
-14744
-7987
-3236
-2505
-2268
-129
1042
-1545
-3011
752
5008
7135
9380
9431
5036
-36
-3339
-7130
-12109
-14525
-11734
-6731
-2621
1333
4508
4665
2543
26
-2854
-6259
-8464
-7535
-4533
-1946
293
2913
4941
6561
8607
9217
7917
7625
8060
7626
8403
10963
15084
19920
16526
2295
-9341
-15099
-23881
-31051
-28504
-20097
-8110
7901
21602
26809
25360
22394
17254
6033
-6788
-14056
-17227
-17790
-13310
-6788
-3556
-3281
-1916
1162
1072
-2094
-1421
2732
5459
7985
9967
7793
3184
-650
-4165
-8715
-13400
-14166
-9964
-5342
-1632
2497
4693
4053
2400
-680
-4846
-7962
-8932
-7185
-4047
-1522
1260
4301
5796
6948
8703
8687
7240
7125
7572
7460
8517
11526
16493
20642
15678
1755
-9158
-15712
-25246
-32078
-28660
-19541
-7372
8809
22333
26575
24987
22694
16913
4736
-7387
-13720
-16952
-17422
-12598
-6507
-4144
-3909
-2097
508
-271
-2772
-942
3437
6008
8583
10459
7938
3144
-710
-4533
-9390
-13484
-13415
-9429
-5343
-1503
2724
4573
3611
1753
-1376
-5401
-8167
-8658
-6794
-3715
-875
1947
4471
5665
6731
8364
8415
7127
7281
7915
7572
8372
10932
15214
20188
17112
3346
-8405
-14419
-23177
-30773
-28890
-20836
-9319
6438
20438
25846
24575
22177
17688
7044
-5514
-13155
-16791
-17510
-13220
-7163
-4524
-4366
-2617
441
270
-2389
-1509
2581
5745
8494
10261
8096
3469
-358
-3629
-8301
-13247
-13973
-10072
-5960
-2239
1826
3474
2840
2048
-518
-4884
-7778
-8278
-6832
-3913
-1257
838
3305
5493
7048
8358
8299
7247
7377
7898
7710
8323
10405
14990
20998
18703
4884
-7492
-13651
-22412
-31215
-30485
-22411
-11113
4515
19747
26323
25240
23205
19272
8578
-4469
-12449
-16428
-17882
-14110
-7669
-4563
-4532
-2884
404
394
-2252
-1300
2696
5476
8147
10303
8454
4035
356
-2870
-7428
-12430
-13664
-10345
-6746
-3454
667
2803
2672
2194
89
-3714
-6592
-7348
-6148
-3988
-1976
151
2272
4014
5633
7158
8094
7797
7331
7994
8331
8156
9791
13501
18792
20836
11519
-3244
-11588
-18505
-28532
-31673
-25685
-16350
-2277
14385
24377
25803
24117
21124
13295
796
-9678
-15313
-18078
-16296
-10242
-5842
-5028
-4048
-943
951
-997
-1965
1453
4818
7092
9864
9270
4846
1118
-1870
-6233
-11280
-13976
-12092
-8225
-4869
-868
2222
2604
2249
970
-2427
-5762
-7086
-6322
-4395
-2703
-940
1170
2731
4165
6143
7881
8339
8356
9353
9748
8561
8986
11910
16143
20021
15355
1111
-9255
-14474
-24200
-31615
-28086
-19571
-8104
8066
21447
25808
24881
23059
17691
5794
-6593
-13396
-17078
-17796
-12882
-7152
-5503
-4931
-1660
1678
488
-1702
910
4568
6108
8764
9927
6237
2170
-142
-3715
-9135
-13318
-12948
-9619
-6759
-2824
1622
2703
2528
2868
-20
-4911
-7157
-7130
-6180
-4309
-2259
-225
1715
3213
4639
6215
7629
8147
8215
8890
8853
8165
9537
12443
16755
20837
14881
-480
-10483
-15431
-24527
-31003
-27628
-18538
-5855
9590
21606
25374
23637
21491
16453
4543
-7703
-13952
-16805
-16581
-11733
-6711
-5142
-4684
-1924
1281
137
-2319
166
4328
6355
8625
9428
6064
2135
-410
-4132
-9733
-14098
-13577
-9827
-6465
-2564
1442
2657
2679
2444
-623
-4916
-6941
-6530
-4928
-3401
-2015
54
1990
3297
4900
6842
8052
8180
8647
9380
8933
8833
10813
14752
20138
20062
8785
-4502
-12045
-19885
-28681
-30889
-25755
-15214
270
15487
23739
24978
23754
20803
12248
-394
-10322
-15814
-17513
-14269
-9191
-6428
-5016
-3520
-1327
501
-719
-1869
1545
5722
7672
9335
8796
4812
1120
-1602
-6111
-11606
-13985
-11715
-8017
-4710
-692
2273
2534
2109
807
-2721
-6039
-6855
-5900
-4493
-3045
-1343
468
1756
2934
4483
6354
7890
8280
8510
9168
8771
8729
11105
14621
19533
21203
10343
-3862
-10089
-19439
-31301
-28804
-18367
-12650
-1122
16833
24673
23279
22252
17877
6538
-4377
-9467
-13094
-16779
-13745
-5690
-2649
-3386
-1513
56
-1702
-2710
-730
1447
2808
5898
9302
8403
4506
1355
-2041
-6835
-10794
-11861
-10311
-7852
-4088
922
3309
2494
1784
214
-3425
-5951
-6280
-5693
-4285
-2265
-445
799
1603
2681
4159
5759
7060
7559
8053
8602
8333
8502
10085
12991
17185
16437
6114
-4751
-10373
-17484
-25234
-25966
-20730
-11942
1040
13738
20174
20891
19828
17043
9195
-1425
-8704
-12583
-14246
-11680
-7432
-5703
-4907
-3192
-1374
-783
-1668
-1286
1820
4865
6935
8398
7236
3848
818
-2167
-6390
-10430
-11652
-9621
-6452
-3240
3
2057
2447
2061
660
-2260
-5239
-6319
-5573
-4552
-3624
-2162
-247
1490
2914
4370
6257
7849
8256
8388
8276
7354
7493
9421
11965
16263
18160
10158
-1820
-8707
-15431
-24459
-27598
-23165
-14874
-2713
10995
19841
21723
20670
18559
11704
808
-7575
-12146
-14469
-12741
-8217
-5516
-5060
-4003
-1495
-422
-1937
-2044
878
4008
6812
9044
8247
4961
1776
-1222
-5481
-10358
-12589
-10788
-7588
-4202
-320
2024
2197
1991
1037
-1883
-5240
-6634
-5734
-4489
-3534
-1795
200
1546
2948
4858
6677
7554
7743
8521
8955
8371
9036
11142
13806
17424
15992
4961
-6405
-12233
-19162
-26535
-26452
-19903
-10187
3086
15646
21333
21263
19749
16208
7876
-2417
-9344
-12829
-13718
-10791
-6725
-5249
-4866
-3532
-1902
-1369
-2154
-1491
2146
5841
8188
9414
7644
3660
391
-2906
-7410
-11069
-11713
-9280
-5673
-2371
540
2150
2102
1490
-244
-3597
-6224
-6659
-5780
-4432
-2915
-1336
403
2000
3218
4537
6239
7526
7969
8544
8744
7929
8062
9959
13213
17618
17180
7197
-4060
-10288
-17204
-25250
-27046
-21715
-12225
681
13565
20588
21130
19750
17180
9592
-1015
-8447
-12380
-13878
-11418
-7468
-5754
-5201
-4039
-2251
-1230
-2137
-1921
1723
5554
7875
9404
8222
4384
835
-2473
-6969
-11275
-12579
-10308
-6802
-3374
191
2255
2109
1510
250
-2668
-5584
-6485
-5492
-4135
-3023
-1516
238
1608
3097
5166
7239
8184
8505
9535
9707
8646
9158
11186
14003
16808
12832
1131
-8071
-13233
-20456
-25974
-24303
-17418
-6647
6639
16921
20725
20260
18546
14263
5454
-4003
-9940
-13006
-12826
-9309
-6616
-6017
-5013
-3551
-2228
-1546
-1753
-55
4088
7227
8967
9394
6615
2434
-894
-4614
-8917
-11862
-11755
-8726
-5017
-1562
1563
2735
2361
1755
-322
-3869
-6575
-7265
-6200
-4777
-3553
-1516
612
2009
3714
5647
7357
8661
8812
8647
8410
7444
7650
9759
13280
17551
15205
3742
-5507
-10241
-18759
-26459
-25530
-19252
-9657
3494
14907
19994
20440
19626
16209
7304
-2783
-8728
-12278
-13455
-10324
-7158
-6548
-4949
-2695
-2361
-2337
-1669
-302
3006
6652
8463
8851
7172
3527
-25
-3963
-8600
-11532
-11586
-9279
-5845
-2497
653
2533
2354
1473
-558
-4032
-6015
-5986
-5657
-4686
-2964
-1255
572
2331
3681
5260
7430
9053
9308
9298
9208
8549
8958
11441
14958
16472
10913
62
-7868
-13599
-21459
-26266
-23672
-16247
-5243
7611
17031
20491
20446
18937
13862
4407
-4693
-10215
-13090
-12808
-9650
-7168
-6569
-5588
-3192
-1363
-1580
-1351
1557
5023
7469
9156
8457
5049
1693
-1373
-5649
-9825
-11611
-10571
-7749
-4431
-1198
1298
2158
2063
1347
-1105
-4390
-6205
-6300
-5664
-4699
-3275
-1359
639
2396
3708
4958
6937
8446
8682
9144
9344
8671
9191
11041
14008
17056
13247
1998
-6950
-12368
-19848
-25724
-24570
-17969
-7652
5192
15933
20434
20285
19028
15179
6431
-3080
-9147
-12687
-13157
-9922
-7123
-6508
-5360
-3505
-1978
-867
-591
629
4120
7316
8869
8760
5887
2032
-874
-4506
-8872
-11645
-11577
-8780
-5155
-2102
674
2126
1908
1365
-516
-3917
-5994
-6171
-5642
-4376
-2802
-1294
512
2145
3588
5687
7723
8644
9306
9996
9816
9553
10312
12216
15514
16016
8094
-3135
-9854
-15604
-23152
-25932
-21622
-13612
-2253
10519
18556
20354
19867
17899
11608
2148
-5761
-10787
-13269
-11897
-8411
-6803
-6384
-4836
-3010
-1894
-1162
-77
2503
6083
8603
9209
7671
4292
578
-3037
-7053
-10519
-11902
-10543
-7374
-4045
-796
1778
2489
2172
1169
-1527
-4502
-6040
-6429
-5829
-4642
-3323
-1516
432
1973
3510
5560
7778
8797
8942
9692
9888
9249
9922
11723
14538
16516
10878
-869
-9193
-14464
-21440
-25900
-23371
-15415
-4243
8218
18043
21400
19957
17851
13131
3500
-5677
-10730
-13340
-12799
-9129
-6402
-5591
-4499
-2830
-1257
-599
-358
1785
5324
7802
9014
8285
4834
807
-2671
-6477
-10136
-12168
-11115
-7504
-3982
-824
2216
3025
2112
1251
-1059
-4654
-6719
-6788
-5897
-4559
-3024
-1162
715
2093
3517
5570
7605
8547
9052
9761
9533
8898
9435
10975
14161
16133
10091
-765
-8238
-14224
-21312
-25048
-23049
-15921
-4547
7900
17126
20440
19639
17805
12799
3501
-5113
-10527
-13347
-12502
-9205
-7001
-6373
-5151
-2423
-339
-321
214
2682
5280
7381
8530
7047
3674
470
-2549
-6079
-9604
-11324
-10169
-7333
-4050
-579
1718
2174
2143
1497
-920
-4005
-5948
-6417
-5810
-4770
-3445
-1701
-18
1350
2659
4406
6858
8767
9311
9805
10088
9258
8790
9608
11960
15201
13814
5148
-4173
-10441
-16868
-22747
-23915
-19342
-10204
1562
12535
18768
19670
18336
15196
8042
-897
-7778
-11994
-12935
-10552
-7592
-6002
-5151
-3666
-1270
-21
-243
950
3666
6016
7898
8091
5382
1857
-1189
-4496
-7973
-10687
-11058
-8655
-5341
-1925
1236
2461
2244
1805
-249
-3720
-6107
-6845
-6394
-4965
-3319
-1726
-135
1124
2315
3959
6150
8101
9269
10351
10718
9603
9027
9914
11828
15104
14344
5025
-4936
-10109
-16243
-23178
-24311
-19597
-11214
740
12524
18614
19122
18306
16131
9204
-207
-7094
-11383
-13055
-10678
-7498
-6503
-5604
-3673
-1812
-535
-157
565
3143
6011
7701
8088
6148
2533
-647
-3742
-7513
-10507
-11158
-9209
-5853
-2361
783
2528
2508
1913
478
-2605
-5614
-6910
-6739
-5629
-4041
-2519
-1091
543
2047
3223
5275
8143
9459
9702
10398
9919
8569
8521
9433
12204
15463
11695
1368
-6444
-11568
-18532
-23729
-22757
-16759
-7064
5097
15168
19042
18646
17576
13798
5396
-3259
-9034
-12619
-12731
-9422
-6733
-5711
-4319
-2385
-658
161
149
1201
3691
5873
7163
6844
4171
655
-2314
-5167
-8191
-10358
-10011
-7304
-4143
-978
1594
1980
1257
705
-1227
-4360
-6281
-6480
-5676
-4244
-2719
-1525
-363
1134
2883
5183
7987
9580
9923
10768
10771
9003
8310
9634
12436
15355
12408
2441
-6550
-12104
-18305
-23411
-23267
-17721
-7788
4394
14476
19080
19059
17422
13826
6280
-2615
-9075
-12464
-12425
-9538
-6716
-5432
-4692
-3286
-1250
-413
-682
569
3250
5567
7338
7496
4916
1437
-1348
-4242
-7886
-10702
-10589
-8040
-4867
-1426
1393
2165
2055
1713
-525
-4012
-6263
-6967
-6551
-5237
-3802
-2364
-716
994
2751
4473
6658
9053
9785
9494
9536
8468
7078
7773
9979
13735
16447
11398
769
-7329
-13252
-19790
-24165
-23362
-16404
-4816
7291
16255
19793
18945
17010
12720
3968
-5070
-10707
-13005
-11747
-8493
-6090
-4676
-3425
-1813
-8
211
-566
572
3313
5506
6643
6117
3607
474
-2089
-4609
-7802
-10110
-9343
-6360
-3343
-863
749
1128
773
-181
-2225
-5030
-6948
-6544
-4915
-3772
-2590
-1031
359
1868
3531
5404
7608
8710
9229
10498
9970
7794
7824
9230
11558
15784
14602
4603
-4638
-9710
-16299
-22824
-23868
-19227
-10251
1601
12595
18222
18361
17409
15342
8329
-1000
-7557
-11393
-12438
-10046
-7199
-6025
-5182
-3435
-1306
-383
-744
-119
2212
4809
6710
6953
4904
1766
-967
-3402
-6510
-9629
-10267
-8020
-4984
-1977
496
1123
643
125
-1578
-4514
-6540
-6609
-5402
-3812
-2277
-900
434
1940
3703
5919
8082
8979
9193
9793
9645
8553
8249
9420
12560
15787
13039
3629
-5450
-11568
-17593
-22635
-22986
-17895
-8648
3087
13496
18466
18605
17224
14044
7242
-1171
-7874
-11644
-12047
-9707
-7061
-5720
-4958
-3462
-1343
-75
28
770
3065
5535
6814
6469
4285
908
-2103
-4406
-7131
-9720
-9841
-7398
-4304
-1306
1046
1759
1482
863
-997
-3814
-6058
-7035
-6605
-5270
-3867
-2410
-555
1520
3424
5425
8062
9987
9851
9236
8787
7193
5785
6563
9157
13312
16215
12093
2155
-6216
-12024
-18708
-23672
-22280
-15473
-5607
6249
15908
19099
18152
16587
12299
3895
-4444
-9700
-12398
-11900
-8391
-5496
-4768
-3931
-2073
-688
-542
-618
434
2691
5114
6689
6357
3736
380
-2272
-4951
-8357
-10693
-10009
-7176
-3899
-724
1447
1562
444
-797
-2763
-5509
-7068
-6339
-4714
-3120
-1409
48
1303
2792
4665
7107
8699
8688
9410
10410
9450
8810
10017
12121
15424
15343
7050
-3388
-10333
-16609
-22305
-23856
-20342
-12072
-520
10852
17964
19147
17736
15699
9985
1301
-5780
-10424
-12363
-10458
-7453
-6199
-5619
-4229
-2313
-894
-353
250
1958
4658
7037
7264
5154
2273
-558
-3354
-6062
-8640
-9984
-8546
-5209
-2061
261
1434
1340
595
-905
-3387
-5889
-7293
-6886
-5173
-3664
-2330
-519
1270
2943
4779
6790
8716
9202
8580
8596
8000
6489
6670
8507
11778
16020
14647
5173
-4303
-10126
-16128
-21702
-22888
-18640
-9776
1866
12417
17764
17921
16488
13786
7385
-966
-7562
-11340
-11820
-9267
-6481
-5302
-4783
-3625
-1840
-673
-706
-311
1927
4964
6936
6897
4960
1808
-1491
-4163
-6886
-9842
-10606
-8152
-4710
-1626
706
1221
261
-900
-2381
-4563
-6501
-6609
-4908
-2948
-1427
-138
981
2189
3923
6214
8046
8242
8256
9378
9879
9387
9782
12152
16099
16903
9687
-1020
-8963
-15647
-21913
-24399
-22122
-15299
-3838
8837
17162
19421
18681
16721
11578
3360
-4376
-9815
-12450
-11273
-8061
-6189
-5694
-4597
-2836
-1525
-914
-286
1173
3619
6366
7812
6636
3538
319
-2394
-5236
-8530
-10681
-9783
-6740
-3362
-280
1390
1425
1068
-112
-2743
-5372
-6673
-6406
-5118
-3611
-2096
-906
282
2276
4219
6128
8620
9578
9220
9840
9804
8563
8509
10328
14106
16018
10114
235
-7030
-13468
-19755
-22641
-21535
-15748
-5034
6892
15595
18857
18200
16397
12134
4452
-3295
-9135
-12443
-11669
-8546
-6492
-5580
-4589
-3097
-1174
-13
80
991
3529
6264
7465
6215
3149
-168
-3031
-5624
-8246
-10255
-9814
-6661
-2876
-24
1342
1221
620
-346
-2476
-4957
-6459
-6583
-5254
-3391
-2303
-1480
206
2400
4737
7488
9495
9814
10029
10606
9916
8627
8762
11123
14548
13838
6011
-3297
-9798
-15869
-21175
-22489
-19394
-11896
-490
10763
17260
18506
17500
15165
9439
1343
-5652
-10602
-12613
-10617
-7541
-6263
-5672
-4456
-2529
-497
240
491
2403
5186
7017
7415
5580
1728
-1830
-4177
-6651
-9474
-10590
-8807
-5529
-2238
592
1993
1725
949
-278
-2699
-5468
-6822
-6455
-5248
-3616
-1985
-619
1132
3190
5420
8416
10213
9641
9914
11103
10251
9032
10204
12906
13936
9596
1121
-6628
-12949
-18425
-21305
-20589
-15296
-5554
5141
13628
18144
18265
16136
12205
5314
-2265
-7958
-11415
-11803
-9459
-6998
-5636
-4531
-2960
-1312
-252
607
1838
3477
5412
6689
6000
3571
524
-2464
-5129
-7334
-8799
-9110
-7711
-4508
-1130
645
1237
1256
94
-1913
-3810
-5423
-6437
-6105
-4376
-2521
-1471
-224
1669
3286
5639
8814
9833
9414
10437
11042
9871
9499
11184
13638
13005
6216
-2753
-9319
-14822
-19669
-21394
-18922
-11945
-1615
8598
15627
18025
17005
14626
9827
2222
-4819
-9513
-11896
-11001
-8082
-6104
-5104
-3936
-2692
-1235
96
783
2060
4582
6716
7180
5919
3020
-815
-4190
-6521
-8475
-9937
-9186
-5970
-2460
164
1934
2162
1015
-377
-2161
-4528
-6244
-6444
-5556
-4018
-2308
-1070
116
1929
4100
6695
9234
9995
9682
10297
10674
9624
9419
11997
14611
11811
3682
-4024
-10153
-16712
-21107
-21204
-17822
-9942
1465
11289
16674
18317
17322
13881
7637
-15
-6488
-10814
-12132
-10122
-7496
-6157
-5090
-4011
-2631
-523
667
1158
3326
6056
7171
6900
4930
1203
-2501
-5317
-7653
-9449
-9937
-8149
-4652
-1281
1203
2463
2141
931
-723
-3133
-5538
-6776
-6736
-5531
-3565
-1882
-588
1007
2929
5355
8198
9619
9500
10211
11145
10494
9722
10550
12929
14110
9357
-139
-8088
-13322
-18056
-21301
-20572
-14727
-5139
5385
14145
18065
17286
15529
12356
5255
-2763
-8325
-11595
-11895
-9277
-6600
-5392
-4811
-3377
-681
987
730
1581
4270
6274
6955
6172
3227
-600
-3589
-5677
-7782
-9896
-9754
-6599
-3193
-649
1594
2254
1426
606
-1099
-3963
-6071
-6695
-6196
-4827
-3144
-1472
101
1625
3578
6098
8468
9529
9415
9862
10643
10206
9995
12134
14923
13884
6975
-2116
-9256
-15208
-20463
-22335
-19637
-12678
-2126
8736
15919
18422
17776
15229
10057
2191
-5338
-10081
-12012
-11134
-8374
-6256
-5756
-5104
-2640
-82
522
1272
3707
5878
7238
7706
5560
1502
-2092
-4831
-7313
-9642
-10437
-8411
-5070
-1777
1304
2629
2009
1296
113
-2502
-5223
-6675
-6732
-6007
-4659
-2602
-934
224
2364
5154
7437
9125
9808
10027
10550
10444
9982
10489
12415
14191
10887
1820
-6204
-11692
-17939
-21816
-20546
-16325
-8449
3264
13212
17574
18147
17092
13365
6089
-1702
-7612
-12072
-13272
-10254
-7157
-6215
-5211
-2932
-277
1195
1380
2246
4035
5660
6968
6542
3311
-466
-3151
-5463
-7793
-9485
-9204
-6757
-3575
-316
2096
2104
1180
815
-995
-4190
-6108
-6703
-6618
-5179
-3118
-1684
-398
1455
3572
5577
7569
8941
9047
9175
9910
9915
9532
10947
14171
15277
10043
746
-7019
-13149
-18888
-21598
-20091
-15103
-5965
5503
14297
17812
17615
15766
11580
4427
-3006
-8580
-12120
-12215
-9059
-6346
-5528
-4806
-3039
-635
839
1096
2128
4276
6130
7277
6569
3149
-813
-3609
-5941
-8364
-10171
-9828
-6991
-3340
65
2428
2465
1409
781
-1027
-4199
-6341
-6970
-6612
-4991
-2832
-1320
-131
1775
4496
7037
8491
8932
9132
9451
9866
10175
10535
12498
15360
13551
5389
-3259
-9998
-16952
-22018
-22199
-18388
-11125
-513
10166
16641
18339
17626
14683
8338
686
-5647
-10380
-12452
-10997
-8159
-6217
-5225
-4138
-2165
-97
731
1346
3340
5681
6963
7110
5414
1644
-2245
-4852
-7133
-9439
-10030
-7977
-4737
-1616
1067
2265
1805
1095
4
-2372
-4832
-6104
-6357
-5633
-4034
-2403
-1030
595
2616
4878
7146
8353
8184
8302
9151
9592
9708
10565
13253
15915
12823
3785
-4591
-10778
-17081
-21310
-21122
-17307
-9776
1173
11511
16834
17578
16733
13803
7372
-182
-6417
-11054
-12568
-10257
-7300
-6029
-5140
-3566
-1735
-18
922
1362
2998
5639
7313
7147
5004
1217
-2558
-5233
-7512
-9638
-10123
-7991
-4365
-778
1887
2850
2381
1402
-297
-2834
-5223
-6750
-7202
-6253
-4319
-2564
-991
1208
3622
6020
8647
9776
8929
8925
10002
9862
9313
10780
14080
14983
9575
828
-6703
-13434
-19085
-21291
-20235
-15593
-6053
5492
14009
17712
18096
16364
11816
4727
-2607
-8810
-12768
-12667
-9646
-7032
-5605
-4326
-2732
-673
981
1210
1601
3659
5985
7099
6497
3689
-296
-3450
-5714
-8125
-10083
-9757
-6912
-3185
231
2612
2940
1832
665
-1192
-4085
-6158
-6699
-6586
-5387
-3182
-1667
-507
1626
4116
6537
8751
9539
9403
10045
10911
10875
10761
12565
15100
12770
4370
-4452
-11103
-17022
-21092
-21389
-17836
-10509
-14
10556
16824
17988
17046
14503
8623
1075
-5487
-10482
-12694
-11348
-8602
-6797
-5801
-4434
-2287
-19
1357
1997
3343
5522
7050
7074
5363
1866
-2063
-4805
-6822
-8898
-9837
-8442
-5345
-1912
957
2436
2195
1328
431
-1451
-4303
-6264
-6663
-6411
-5287
-3282
-1761
-377
1909
4336
6763
9059
9407
8556
8961
9577
9111
9342
11921
15064
13678
6290
-2097
-8672
-14870
-19786
-21209
-18640
-11964
-1980
8354
15269
17381
16897
14933
9750
2251
-4549
-9673
-12192
-11176
-8553
-6701
-5549
-4094
-2144
-218
934
1524
2664
4495
6093
6449
4941
1917
-1288
-3842
-6101
-8263
-9390
-8379
-5602
-2401
341
1961
2211
1750
588
-1879
-4715
-6334
-6772
-6512
-5062
-2928
-1182
727
3039
5150
7483
9292
9095
8653
9346
9563
9387
10356
12996
15327
12189
3281
-4940
-10840
-17064
-21448
-20984
-16590
-9032
1462
11571
16773
17175
16286
13565
6859
-757
-6324
-10588
-12368
-10207
-7224
-6172
-5425
-3770
-2074
-535
612
1315
2839
5283
7020
6900
4785
1354
-2156
-4955
-7189
-9131
-9878
-8071
-4560
-1252
1271
2454
2006
1078
-63
-2342
-5043
-6359
-6266
-5682
-4274
-2337
-1005
314
2321
4501
6839
8569
8873
9301
10081
9851
9626
10368
12268
14497
12029
3331
-5237
-10749
-15857
-19912
-20114
-16021
-8432
1402
10816
16047
16393
15280
13205
7500
-21
-5891
-9948
-11584
-9899
-7302
-6163
-5625
-4129
-1547
503
946
1494
3297
5182
6457
6348
3863
229
-2681
-4743
-6744
-8832
-9394
-7269
-4021
-876
1894
2796
1974
1218
-46
-2898
-6016
-7491
-7191
-6120
-4372
-2020
-237
1281
3788
6408
8071
8881
9113
9524
10005
9835
9815
11152
13742
14346
8780
-358
-7480
-13484
-19458
-21523
-18912
-13849
-5602
5390
14059
17027
16783
15643
11432
4120
-2373
-7398
-11514
-12007
-9113
-7038
-6446
-5235
-3195
-1066
455
1333
2569
4206
5705
6734
5864
2717
-695
-3275
-5422
-7330
-8751
-8566
-6230
-3047
-49
1956
2013
1147
432
-1091
-3508
-5440
-6291
-6228
-5118
-3282
-1794
-597
1382
3901
6468
8827
9494
8879
9311
10019
9656
9743
11735
14528
13583
6423
-2142
-8664
-15081
-20091
-20844
-18213
-12209
-2306
8057
14726
17044
16753
14574
9537
2568
-3829
-8911
-11762
-10930
-8268
-6666
-5632
-3965
-2445
-1260
160
1196
1999
3862
6087
6792
5487
2706
-566
-3467
-5969
-7938
-8939
-8544
-6165
-2486
429
1641
1818
1254
-115
-2024
-4205
-6022
-6730
-6265
-4634
-2476
-1148
-21
2181
4691
6975
8739
8795
8441
9535
10474
10226
10511
12680
14761
11802
3434
-4602
-10685
-16692
-20438
-19969
-16337
-9317
709
10070
15384
16669
15952
13345
7764
947
-4877
-9395
-11384
-10064
-7824
-6688
-6002
-4623
-2389
-331
676
1625
3481
5581
7049
6958
4574
905
-2234
-4578
-6907
-9019
-9467
-7580
-4563
-1462
1159
2174
1879
1443
235
-2313
-4931
-6363
-6595
-6035
-4560
-2498
-829
804
3071
5306
7210
8575
8750
8991
10047
10367
10011
10850
13387
14479
9546
567
-6447
-12031
-17992
-20633
-18741
-14458
-6719
3953
12281
15583
16034
15108
11553
5311
-1065
-6315
-10301
-11205
-8942
-7093
-6849
-5591
-3122
-1572
-628
788
2173
3622
5647
6881
5873
3245
320
-2449
-5108
-7288
-8466
-8362
-6664
-3677
-654
1199
1719
1627
894
-922
-2975
-4549
-5820
-6295
-5641
-4369
-2834
-1280
423
2547
4690
7022
9132
9528
9248
9792
10009
9829
10856
13124
14027
9959
1809
-5504
-11292
-17187
-20635
-19566
-15083
-7258
2899
11340
15578
16634
15729
12381
6304
-594
-6233
-10060
-11370
-9907
-7920
-6919
-5268
-2779
-1326
-434
984
2201
3430
5279
6400
5640
3534
870
-2014
-4927
-7389
-8852
-8894
-7108
-4054
-1124
952
2132
2233
1082
-822
-2981
-5102
-6390
-6418
-5611
-4146
-2281
-416
1587
3729
6147
8709
9798
9542
10119
10775
10268
10367
12142
13787
11503
4094
-3870
-9838
-15705
-19843
-19781
-16683
-10220
-300
8961
14417
16328
15945
13603
8513
1832
-3994
-8527
-10879
-9924
-7959
-7127
-6176
-4366
-2605
-1154
192
1488
2998
4940
6705
6813
4781
1959
-744
-3643
-6423
-8244
-8858
-7937
-5369
-2178
308
1468
1814
1748
505
-1804
-3899
-5355
-6057
-5724
-4745
-3342
-1568
201
1963
3743
5713
8001
9427
9797
10380
10592
10048
10449
12358
13768
10919
3014
-4815
-9771
-14707
-19288
-19906
-16130
-9027
314
9020
14094
15282
14807
13142
8326
1329
-4514
-8373
-10187
-9312
-7522
-7070
-6633
-4330
-1703
-647
-107
1306
3191
5096
6565
6230
3870
1159
-1025
-3507
-6367
-8336
-8731
-7517
-4864
-1927
-2
915
1390
1335
283
-1771
-4085
-5648
-6043
-5690
-4933
-3652
-1923
85
2302
4559
6812
8663
9467
9853
10491
10721
10597
11379
13352
13907
9452
1137
-6548
-12653
-17871
-20566
-19566
-14883
-6653
3219
11618
16221
16892
15375
11987
6159
-516
-6189
-10014
-10952
-9385
-7444
-6352
-5333
-3377
-1390
-582
109
1656
3324
4936
6267
5970
3656
768
-1622
-4071
-6799
-8401
-8130
-6627
-4106
-1005
1063
1591
1742
1429
-309
-2740
-4598
-5825
-6440
-6008
-4666
-3165
-1657
391
2665
4637
7085
9456
9984
9820
10534
10677
9871
10351
12676
13324
8442
271
-6268
-11548
-16861
-19646
-18699
-14462
-6421
3485
11119
14744
15574
14871
11886
6112
-455
-6018
-9753
-10530
-9052
-7757
-7133
-5752
-3272
-1245
-593
109
1782
3581
5344
6619
5770
3135
543
-1751
-4376
-7161
-8881
-8446
-6532
-4083
-1174
961
1486
1649
1380
-541
-3148
-4965
-5872
-6043
-5501
-4191
-2566
-1023
1052
3718
6192
8453
9940
10176
10532
11217
10961
10633
12216
14154
11557
3501
-4666
-10451
-15948
-19993
-20144
-16785
-9780
238
9331
14541
16132
15602
13336
8406
1732
-4303
-8763
-10676
-9597
-7877
-7078
-6050
-4138
-2037
-599
47
897
2535
4579
6394
6801
5053
2231
-452
-3111
-5917
-8243
-9201
-8174
-5385
-2090
264
1184
1447
1477
509
-1732
-4223
-5756
-6073
-5662
-4670
-3307
-2125
-557
1847
4177
6509
8830
9693
9879
10852
11294
10569
10518
12445
14015
10134
1403
-5885
-11181
-16754
-19765
-18870
-15486
-8298
1954
10418
14611
15728
15118
12425
7167
864
-4972
-9592
-11107
-9456
-7805
-7113
-5750
-3877
-2282
-581
931
1751
2991
5242
6850
6340
4103
1250
-1611
-4288
-6608
-8332
-8814
-7319
-4330
-1256
873
1757
1760
1155
-399
-2748
-4837
-6008
-6248
-5534
-4054
-2450
-959
838
3131
5848
8287
9240
9329
10038
10742
10813
10929
11925
14068
13409
6248
-2703
-8994
-14807
-19637
-20480
-17877
-12150
-2952
6970
13800
16179
15940
14348
9944
3458
-2449
-7568
-10930
-10522
-8440
-7497
-6815
-5145
-2993
-1195
154
1367
2514
3970
5945
6831
5204
2338
-343
-2912
-5337
-7416
-8655
-8095
-5793
-2841
-193
1190
1299
1162
468
-1520
-3838
-5377
-6027
-5859
-4802
-3093
-1634
-384
1480
3676
6188
8764
9564
9252
9963
10418
10012
10520
12382
13994
11446
3695
-4007
-9658
-15700
-19988
-19833
-16527
-9986
-251
8840
14118
15855
15615
13437
8349
1783
-3915
-8405
-10798
-9896
-7952
-7245
-6364
-4182
-2049
-748
304
1350
2456
4127
5864
5999
4245
1868
-560
-3218
-5742
-7669
-8612
-7894
-5518
-2491
25
1192
1255
1034
-23
-2278
-4441
-5785
-6411
-5878
-4245
-2503
-1101
612
2965
5479
7826
9239
9258
9189
9819
10192
10022
10645
13040
14047
9176
622
-6638
-12541
-17734
-20325
-19133
-14158
-5962
3754
11933
15705
15754
14465
11238
5465
-839
-6222
-9818
-10440
-8795
-7063
-6325
-5521
-3556
-1569
-532
409
1598
3046
5069
6292
5440
3246
515
-2142
-4384
-6668
-8400
-8302
-6466
-3712
-843
1101
1740
1487
595
-1019
-3317
-5446
-6175
-5744
-4994
-3660
-2048
-703
1184
3642
6118
8612
9748
9577
10314
11138
10517
10170
11674
13774
12305
5268
-2816
-8766
-14223
-18458
-19581
-17529
-11391
-1986
6927
12959
15565
15456
13754
9775
3579
-2737
-7776
-10355
-9953
-8431
-7326
-6337
-4814
-2595
-672
276
1077
2311
3983
5726
6095
4550
2135
-572
-3101
-5145
-7210
-8589
-7988
-5834
-3028
-377
1021
1410
1400
439
-1392
-3527
-5646
-6636
-6218
-5216
-3657
-1883
-220
2093
5043
7990
9777
9330
8710
9582
9772
8911
9315
11594
13834
11980
4774
-3333
-9611
-15052
-18953
-19899
-17194
-10175
-475
8447
14250
16210
15429
13033
8433
1900
-4492
-9089
-10894
-9818
-7727
-6520
-5791
-4158
-2000
-579
166
939
2075
3905
5859
6261
4589
1923
-777
-3288
-5721
-7897
-8906
-7992
-5352
-2055
366
1385
1720
1382
-114
-2238
-4366
-6009
-6436
-5660
-4172
-2561
-1211
549
2980
5616
8288
9625
9232
9400
10158
9980
9686
10278
12302
14020
10303
1814
-5315
-10810
-16443
-19692
-19195
-15357
-7904
1697
10173
14821
15766
15129
12546
6869
318
-5264
-9631
-10945
-9201
-7499
-6747
-5493
-3423
-1485
-303
491
1377
2516
4324
5975
5545
3257
788
-1537
-3983
-6331
-8150
-8614
-7284
-4511
-1238
914
1403
1329
768
-994
-3384
-5505
-6751
-6647
-5385
-3516
-1720
-210
1673
4022
6587
8848
9199
8362
8852
9737
9479
9519
11235
14149
14493
8624
-18
-6991
-13364
-18684
-20394
-18857
-13970
-5052
5007
12241
15480
15982
14644
10661
4648
-1273
-6755
-10578
-10447
-8265
-7179
-6478
-4868
-3025
-1599
-529
327
1177
2625
4837
6217
5331
3049
625
-1894
-4494
-6824
-8361
-8381
-6692
-3698
-638
892
1165
1183
255
-1856
-4047
-5805
-6680
-6125
-4609
-2973
-1515
52
1983
4049
6570
8879
9017
8387
9357
10019
9350
9636
11659
14162
13942
7952
-981
-8082
-13485
-18195
-20490
-18721
-12742
-3784
5708
12915
15963
15690
13975
10382
4261
-2435
-7589
-10410
-10419
-8460
-6901
-6300
-5006
-2771
-998
-38
741
1716
3233
5142
6101
4913
2389
13
-2197
-4660
-6941
-8309
-8156
-6251
-3245
-545
820
1212
1195
211
-1868
-4064
-5706
-6398
-6014
-4868
-3342
-1862
-174
2037
4453
7248
9364
9179
8784
9652
9710
9261
10018
12092
14817
13956
6673
-2050
-8673
-14827
-19659
-21191
-19077
-12596
-2808
7030
13982
16592
16350
14697
10261
3509
-3008
-8372
-11328
-10726
-8625
-7325
-6357
-4651
-2364
-582
185
709
1666
3302
5277
6053
4779
2467
0
-2400
-4833
-7456
-9146
-8636
-6363
-3206
-192
1366
1694
1500
259
-2027
-4452
-6172
-6561
-5773
-4309
-2515
-826
917
2982
5354
7760
8820
8418
8551
9194
9197
9264
10254
12792
15217
12606
4623
-3416
-9450
-15023
-19643
-20706
-17001
-9935
-805
8688
14406
15492
15405
13820
8609
1883
-4000
-8543
-10554
-9621
-7620
-6631
-6158
-4224
-1690
-833
-629
466
1849
3649
5679
5947
4152
1831
-370
-2621
-5266
-7867
-8818
-7737
-5527
-2622
-220
686
1061
998
-520
-2840
-4954
-6274
-6186
-5120
-3610
-1895
-412
1199
3097
5041
7303
8518
8096
8696
10200
10122
9701
10904
13344
14845
11419
3032
-5149
-11050
-16154
-19825
-20072
-16062
-8434
1044
9833
14818
15537
14795
12746
7571
990
-4587
-8818
-10577
-9274
-7412
-6786
-6020
-4035
-1939
-709
93
902
2002
3910
5781
5663
3651
1426
-706
-3109
-5621
-7816
-8739
-7664
-5098
-2143
34
1043
1334
836
-647
-2715
-4941
-6346
-6381
-5701
-4189
-2078
-351
1510
3826
6160
8435
9085
8167
8612
9540
9090
9358
11207
13712
15074
11285
2940
-4848
-11143
-16695
-20006
-20044
-15992
-7939
1608
10044
14984
15837
14906
12460
7162
555
-5199
-9143
-10177
-8798
-7195
-6346
-5628
-3939
-1737
-639
-274
697
2154
4025
5851
5715
3571
1303
-708
-3094
-5768
-7992
-8704
-7579
-5109
-2188
-235
568
1143
911
-595
-2530
-4670
-6379
-6492
-5496
-4154
-2505
-578
1668
3901
6150
8195
8403
7731
8577
9196
8567
9031
10898
13525
15095
11102
2733
-4242
-10056
-16381
-20256
-19866
-15932
-8718
838
9573
14079
15016
15014
12743
6903
596
-4524
-8683
-9949
-8422
-7175
-6644
-5462
-3748
-2088
-935
-403
316
1870
4017
5638
5361
3525
1439
-746
-3198
-5670
-7837
-8597
-7214
-4691
-2078
-46
825
1024
739
-860
-3271
-5207
-6326
-6369
-5178
-3350
-1585
-5
1772
3727
5670
7665
8518
7960
8497
9824
9373
8659
10007
12588
14286
11783
4332
-3659
-9811
-14957
-18529
-19708
-17202
-9695
48
8192
13520
15442
14780
12809
8567
2232
-3916
-8331
-9858
-8822
-7535
-6790
-5852
-4357
-2222
-440
153
659
1900
3544
5129
5424
3751
1308
-874
-2848
-4945
-7199
-8485
-7733
-5494
-2682
-332
629
933
953
-320
-2478
-4493
-6205
-6778
-5775
-4125
-2444
-852
863
2768
4612
6772
8520
8482
8298
9201
9375
8917
9478
11481
14313
14113
8175
249
-6565
-12914
-17951
-20277
-19125
-13532
-4672
4682
11937
15225
15537
14321
10559
4660
-1315
-6571
-9672
-9553
-8104
-6921
-5757
-4384
-2650
-945
-161
60
755
2189
3887
4816
4312
2695
537
-1596
-3700
-6221
-8053
-7756
-6120
-3892
-1269
393
806
790
-115
-2024
-4146
-5982
-6619
-5916
-4635
-2697
-661
763
2216
3912
5881
7721
7870
7574
8817
9607
9146
9572
11379
13923
14822
10569
2464
-5316
-11373
-16026
-19364
-19867
-15412
-7169
2008
9911
14049
14742
14286
11891
6808
804
-4847
-8545
-9057
-7998
-6921
-6047
-5247
-3505
-1197
-255
-238
254
1311
3097
4669
4388
2870
1258
-494
-2498
-4981
-7357
-8045
-6902
-4628
-1987
-383
252
796
310
-1465
-3378
-5140
-6140
-5692
-4486
-2950
-1375
-98
1402
2983
4775
7342
8762
8345
8804
9870
9629
9293
10046
12191
14313
11883
4432
-3165
-9139
-14423
-18263
-19405
-16720
-10034
-1153
7380
12874
14522
14368
12886
8795
2960
-2951
-7617
-9465
-8781
-7486
-6572
-5772
-4245
-2004
-496
-184
19
800
2268
3857
4327
3306
1528
-254
-1915
-4051
-6358
-7448
-7004
-5420
-3007
-1028
-232
148
-10
-1181
-2914
-4800
-6040
-5914
-4969
-3473
-1671
-338
847
2288
4007
6540
8322
7992
8114
9271
9365
9159
9777
11387
14480
15133
9185
472
-6457
-12400
-17632
-20434
-19618
-14526
-5960
3755
11504
14934
15291
14580
11619
5955
-270
-5832
-9498
-9749
-8097
-6932
-6163
-4851
-2895
-958
-52
-121
85
1300
3146
4491
4349
2868
997
-723
-2721
-5387
-7644
-8165
-7083
-4887
-2186
-320
394
578
28
-1550
-3774
-5797
-6535
-5916
-4570
-2694
-981
264
1823
3770
5910
7888
8366
8017
8742
9349
8814
8761
10111
12854
15104
12409
4520
-3473
-9538
-15166
-19639
-20558
-17082
-10084
-859
8311
13847
15044
14774
13174
8339
1956
-3560
-7919
-9878
-8728
-6849
-5958
-5110
-3398
-1594
-787
-619
-275
318
1573
3570
4624
3753
2084
441
-1528
-4062
-6474
-7736
-7610
-6126
-3524
-1258
-242
194
41
-1162
-2849
-4500
-5689
-5794
-4880
-3331
-1683
-518
603
2061
3690
5954
7887
7986
7977
8960
9210
8904
9220
10304
13020
15201
11735
3513
-3926
-9475
-15007
-19354
-19748
-15908
-9084
75
8923
13548
14622
14831
12894
7685
1559
-3910
-8133
-9528
-8221
-6576
-5630
-4465
-2726
-1292
-727
-759
-893
-332
1332
3126
3883
3351
1986
460
-1238
-3688
-6333
-7770
-7570
-5992
-3592
-1578
-495
96
41
-956
-2552
-4307
-5459
-5448
-4587
-3222
-1850
-778
630
2313
4096
6571
8352
8080
7885
8601
8389
7695
7896
9385
12720
15197
11957
3968
-3517
-8966
-13948
-18237
-19392
-15988
-8869
286
8581
12873
13771
13740
11976
7396
1554
-4166
-8294
-8894
-7087
-5655
-5001
-4192
-2821
-1568
-1459
-1991
-2064
-1238
1001
3793
4862
4157
3085
1627
-781
-3940
-6914
-8665
-8627
-6615
-3627
-1534
-367
557
403
-941
-2475
-4111
-5483
-5472
-4145
-2575
-1395
-290
1109
2379
3817
6142
7694
7364
7469
8448
8244
7849
8890
10773
13522
15263
11794
4070
-3268
-9218
-14798
-19088
-19769
-15810
-8786
-345
7954
12956
14185
14053
12121
7379
1582
-3687
-7301
-8221
-7299
-5924
-4884
-4302
-3309
-2335
-2586
-2922
-2168
-784
1297
3731
5142
4938
3577
1651
-958
-4459
-7452
-8595
-8346
-6862
-4186
-1639
-40
711
527
-444
-2013
-3960
-5267
-5376
-4575
-2958
-1226
-29
1290
2825
4279
6189
7417
6956
7046
8298
8642
8474
9204
11156
14426
15733
10969
2517
-4613
-10031
-15454
-19627
-19669
-15302
-8031
1291
9604
13165
13723
13993
12026
6891
1054
-3985
-7412
-8045
-6526
-5289
-5383
-5135
-3525
-2403
-2829
-3250
-2701
-1139
1519
4134
5090
4399
3118
1553
-941
-4426
-7410
-8684
-8226
-6288
-3674
-1750
-719
-66
-43
-1015
-2831
-4590
-5184
-4725
-3717
-2223
-939
-138
950
2327
3826
5725
6887
6888
7461
8469
8544
8607
9504
11135
13939
15534
11402
2694
-4766
-9627
-14608
-18974
-19436
-15363
-8068
859
8489
12435
13596
13691
12155
7867
1890
-3602
-7090
-7827
-6716
-5886
-5866
-5352
-3884
-2610
-2470
-2923
-2668
-1007
1583
3900
4915
4413
2996
1404
-717
-3995
-7188
-8560
-8019
-6227
-3891
-1911
-635
-1
-20
-711
-2314
-4345
-5261
-4689
-3546
-2205
-835
305
1379
2504
3804
5468
6459
6207
6518
7680
7957
7813
8408
10008
13431
16141
13051
5400
-1699
-7568
-13307
-17842
-19557
-17341
-11015
-2048
6437
11406
13285
14089
13093
9375
4037
-1815
-6386
-7769
-7057
-6474
-6436
-6385
-5436
-3548
-2321
-2342
-2191
-758
1784
4244
5158
4245
2462
800
-992
-3847
-7019
-8657
-8283
-6372
-3771
-1825
-793
-98
99
-554
-2134
-4156
-5254
-4862
-3665
-2202
-982
-112
971
2212
3496
5209
6443
6500
6892
8014
8433
8446
9077
10599
13740
16314
13433
5661
-1891
-7881
-13507
-18022
-19778
-17490
-10877
-1643
6813
11741
13705
14433
13188
9324
3963
-1992
-6539
-7576
-6817
-6525
-6293
-5725
-4724
-3322
-2702
-3101
-2967
-1367
1301
3949
5305
4953
3479
1663
-585
-3865
-7306
-9039
-8783
-7058
-4262
-1808
-584
111
480
-272
-2111
-4107
-5298
-5139
-3876
-2236
-920
-23
1174
2652
3781
5073
6234
6024
5919
7207
7971
8057
9014
10691
13464
16155
13801
6046
-1639
-7482
-13125
-17760
-19363
-17245
-11484
-2729
6097
11205
13048
14188
13426
9492
4487
-715
-5667
-7729
-6988
-6434
-6579
-6197
-4940
-3343
-2480
-2407
-2256
-1575
375
3308
4786
4099
3023
1903
-32
-2817
-5849
-7983
-8458
-7160
-4537
-2273
-1251
-363
394
-227
-1846
-3409
-4681
-5094
-3978
-2166
-1054
-366
850
1974
2567
3807
5601
6137
5995
7239
8577
8391
8505
9948
11901
14549
15539
10819
2532
-4430
-10051
-15482
-18962
-18773
-14735
-7266
1862
9316
13136
14346
13899
11422
7035
1454
-4095
-7515
-8035
-7364
-7048
-6865
-6067
-4647
-3066
-2012
-1795
-1212
733
3012
4445
4674
3484
1597
-225
-2552
-5525
-7925
-8714
-7646
-5286
-2885
-1140
-6
466
103
-1079
-2700
-4123
-4771
-4247
-2945
-1927
-1199
-24
1049
1678
3146
5338
6340
6324
7085
8121
8107
7959
8670
10252
13237
15532
12481
4878
-1994
-7514
-13440
-17780
-18568
-16151
-10129
-1150
6921
11450
13471
14004
12349
8493
3351
-2275
-6703
-8160
-7533
-7041
-6967
-6422
-5238
-3699
-2362
-1976
-1885
-510
1882
3818
4591
3897
2212
590
-1247
-4023
-6828
-8235
-7864
-6169
-3904
-1876
-784
-450
-215
-433
-1646
-3075
-3776
-3581
-2793
-1961
-1390
-864
-150
859
2363
4316
5857
6367
6984
8294
8885
8792
9496
10879
12870
14972
13274
6313
-1169
-6730
-12381
-17130
-18374
-16452
-11453
-3112
5449
10630
12902
14015
13176
9526
4516
-672
-5520
-7996
-7695
-7300
-7594
-6921
-5289
-3752
-2635
-2072
-1680
-541
1462
3419
4311
3772
2392
883
-970
-3653
-6421
-7886
-7676
-6310
-4229
-2161
-910
-354
-86
-485
-1811
-3238
-3997
-3980
-3233
-2088
-1104
-487
17
822
1894
3167
4891
6234
6557
7269
8566
8980
9022
9820
11582
14173
14509
9493
2019
-3954
-8976
-13874
-17175
-17417
-13832
-6850
1225
7621
11231
12903
13202
11386
7239
1714
-3662
-6960
-7600
-7378
-7477
-7162
-6018
-4442
-2902
-2185
-2176
-1464
360
2352
3760
4002
3016
1678
250
-1904
-4687
-6981
-7729
-6981
-5471
-3573
-1791
-813
-442
-307
-898
-2296
-3474
-3722
-3159
-2250
-1358
-694
-237
354
1113
1993
3559
5409
6266
6764
7890
8741
8932
9351
10607
13000
14864
12568
6036
-867
-6491
-11709
-15897
-17404
-15668
-10546
-2682
4952
9632
11877
12824
11900
8797
4208
-1109
-5456
-7239
-7335
-7282
-6976
-6068
-4855
-3425
-2178
-1881
-1838
-794
1023
2673
3542
3321
2324
1005
-793
-3164
-5583
-7154
-7216
-6016
-4172
-2252
-1081
-692
-400
-604
-1766
-2958
-3574
-3508
-2634
-1626
-1084
-574
108
712
1409
2722
4663
5950
6238
7084
8238
8508
8840
9731
11138
13939
15488
11544
4178
-2022
-7187
-12687
-17019
-17935
-14880
-8761
-810
6455
10589
12392
13063
11491
7467
2324
-2777
-6214
-7123
-6721
-6326
-6250
-5930
-4752
-3665
-3558
-3612
-3036
-1421
1257
3635
4413
3916
2828
1243
-1219
-4507
-7315
-8402
-7829
-6036
-3597
-1627
-653
-121
166
-523
-2279
-3810
-4118
-3441
-2479
-1618
-1040
-601
94
943
1877
3509
5391
6333
7264
8879
9472
9048
9397
10448
12206
14436
13461
7509
520
-4815
-9741
-14506
-17287
-16597
-11996
-4497
3143
8400
11136
12341
12035
9664
5204
-275
-4634
-6449
-6484
-6265
-6425
-6540
-5835
-4489
-3583
-3519
-3415
-2097
422
2905
4341
4375
3328
1949
160
-2552
-5619
-7718
-8069
-6838
-5001
-3190
-1616
-686
-272
-100
-794
-2323
-3403
-3449
-2945
-2332
-1704
-1171
-603
371
1544
2797
4589
6145
6627
7522
8986
9123
8856
9825
11374
13493
14865
11615
4508
-1748
-6895
-12519
-16769
-17740
-15322
-9386
-1267
5783
10054
12266
12946
11543
7941
2841
-2461
-6099
-7206
-7099
-7107
-6927
-6201
-5056
-3684
-2940
-3034
-2542
-801
1319
3088
3818
3211
2137
923
-1162
-3987
-6369
-7375
-6947
-5606
-3797
-2135
-1174
-553
-185
-842
-2298
-3382
-3633
-3149
-2238
-1425
-746
-199
251
844
1431
2460
4553
6280
6848
7889
8973
8656
8481
9453
10728
12621
13473
10007
3839
-1651
-6775
-11644
-14763
-15657
-13482
-7635
-525
5009
8664
10808
11098
9610
6722
2418
-2379
-5500
-6463
-6790
-6870
-6392
-5818
-4882
-3281
-2392
-2542
-2047
-524
1101
2475
3080
2585
1684
610
-1165
-3522
-5549
-6498
-6267
-5168
-3611
-2276
-1498
-793
-306
-688
-1562
-2361
-2937
-2878
-2369
-2008
-1700
-1219
-462
529
1623
3391
5692
6781
7117
8310
8978
8473
8784
9858
11200
13549
13801
8710
1766
-3446
-8457
-13504
-16179
-15904
-12738
-6136
1723
7063
9593
11112
11188
8888
5080
536
-3940
-6374
-6386
-5943
-6022
-5845
-5061
-4083
-3273
-2997
-3161
-2671
-778
1508
2878
3147
2667
1788
412
-1790
-4353
-6250
-6836
-6059
-4333
-2619
-1578
-906
-304
-346
-1330
-2543
-3336
-3328
-2527
-1682
-1207
-848
-395
201
832
1847
3778
5687
6769
8049
9302
9244
8928
9431
10237
11962
13864
11909
5578
-481
-4854
-9816
-14456
-16194
-14663
-10060
-3066
3452
7388
9663
10989
10380
7591
3621
-852
-4659
-6199
-6060
-6098
-6388
-5908
-4722
-3659
-3124
-2960
-2754
-1805
57
1950
2850
2684
2051
1302
-18
-2345
-4677
-5966
-6268
-5557
-3950
-2546
-1817
-1154
-567
-727
-1616
-2598
-3070
-2778
-2072
-1513
-1233
-973
-423
271
770
1935
4406
6458
7228
8192
9281
9340
8999
9148
10145
12380
13825
11159
5003
-961
-5591
-10157
-14362
-16249
-14418
-8990
-2014
3806
7552
9702
10403
9648
7313
3165
-1472
-4469
-5556
-5804
-5909
-6123
-6125
-5183
-3832
-3391
-3567
-3059
-1602
240
1999
2981
2857
2307
1561
-130
-2656
-4856
-6088
-6228
-5253
-3685
-2321
-1446
-928
-702
-1098
-2132
-3010
-3149
-2632
-1896
-1343
-1001
-699
-342
189
905
2318
4806
6746
7437
8470
9304
8773
8552
9135
9920
11997
13415
10164
3945
-1328
-5957
-10710
-14288
-15546
-13611
-8273
-1438
4146
7652
9822
10655
9608
6950
2941
-1746
-4948
-5802
-5928
-6272
-6381
-5992
-4979
-3784
-3395
-3465
-2860
-1453
438
2307
3102
2791
2357
1628
-153
-2537
-4648
-6032
-6337
-5499
-4048
-2823
-2032
-1302
-740
-852
-1525
-2231
-2529
-2204
-1776
-1567
-1284
-995
-677
26
1104
2777
5069
6701
7355
8102
8655
8488
8354
8752
9816
11732
13076
10838
4710
-1455
-5698
-9970
-14148
-15496
-13358
-8587
-2164
3697
7366
9225
9887
9065
6328
2276
-1719
-4669
-5876
-5615
-5504
-5819
-5412
-4455
-3886
-3731
-3628
-3266
-2245
-356
1787
2929
2860
2463
1738
119
-2195
-4461
-5842
-5973
-5230
-3907
-2507
-1800
-1452
-927
-909
-1699
-2463
-2589
-2103
-1476
-1084
-855
-750
-474
270
958
2029
4328
6343
7054
7886
8541
8060
7862
8355
8971
10819
13036
11958
7017
1342
-3386
-8087
-12639
-14988
-14153
-10523
-4652
1534
5790
8260
9656
9401
7267
3793
-242
-3598
-5255
-5456
-5326
-5494
-5496
-4900
-4176
-3831
-3784
-3551
-2667
-958
1208
2743
2978
2636
2181
855
-1464
-3802
-5489
-6258
-5861
-4606
-3264
-2381
-1752
-961
-608
-1249
-2090
-2486
-2493
-2119
-1659
-1494
-1353
-889
-99
908
2287
4419
6431
7234
7832
8603
8339
7752
7964
8606
10414
13084
12708
7879
2030
-2767
-7513
-12193
-14999
-14810
-11522
-5468
1135
5456
7780
9444
9592
7672
4493
387
-3463
-5137
-5066
-5074
-5437
-5467
-4957
-4178
-3651
-3759
-3983
-3268
-1325
984
2608
3138
3025
2685
1584
-702
-3337
-5249
-6091
-5792
-4569
-3213
-2325
-1597
-801
-635
-1360
-2171
-2596
-2575
-2082
-1561
-1258
-850
-304
345
1150
2143
3837
5771
6572
6847
7499
7601
7406
7813
8464
10156
13063
13593
9621
3943
-1152
-6176
-11118
-14447
-14916
-12388
-7171
-634
4475
7189
8791
9233
7721
4888
1259
-2485
-4571
-4815
-4858
-5211
-5342
-5038
-4471
-4122
-4062
-3966
-3499
-1947
558
2409
3004
3198
3031
1914
-208
-2725
-4695
-5686
-5723
-4829
-3512
-2524
-1737
-957
-777
-1382
-2147
-2540
-2408
-2065
-1819
-1439
-924
-493
59
694
1313
2711
4906
6281
6566
6914
7214
7236
7533
8053
9128
11608
13682
11867
6518
1051
-3694
-8657
-12748
-14493
-13679
-9841
-3742
1666
5087
7440
8541
7998
6263
3213
-615
-3304
-4234
-4486
-4764
-4999
-4986
-4639
-4144
-3910
-4059
-3913
-2707
-597
1560
2904
3216
2992
2387
809
-1621
-3873
-5310
-5814
-5287
-3973
-2748
-2103
-1504
-859
-892
-1523
-2117
-2455
-2381
-1974
-1593
-1283
-885
-238
570
1251
2266
4153
5781
6304
6717
7230
7280
7490
8037
8573
10221
12835
12937
8736
2898
-2243
-6924
-11099
-13762
-14197
-11609
-6004
140
4296
6674
8065
8120
6835
4388
859
-2530
-4196
-4294
-4241
-4619
-4912
-4784
-4411
-3977
-3865
-3990
-3260
-1390
753
2520
3338
3090
2538
1605
-359
-2757
-4663
-5574
-5251
-4230
-3116
-2119
-1584
-1268
-971
-1438
-2439
-2894
-2805
-2317
-1479
-943
-650
-114
421
801
1192
2019
3813
5540
6079
6395
6944
7075
7213
7673
8361
10093
12343
12179
8050
2160
-2630
-6603
-10863
-13651
-13338
-10543
-5650
69
3929
5843
7126
7254
5923
3633
395
-2710
-4048
-3925
-3760
-4172
-4609
-4417
-4042
-4048
-4089
-4005
-3412
-1505
1009
2616
3067
2864
2332
1324
-661
-3026
-4559
-5123
-4776
-3588
-2537
-2124
-1726
-1250
-1257
-1923
-2742
-3026
-2651
-1982
-1322
-855
-486
65
711
1133
1538
2640
4392
5651
6229
6840
7234
7363
7834
8190
8621
10654
12688
10813
5513
621
-3367
-7953
-11717
-12950
-12248
-9140
-3399
1710
4286
6038
7150
6577
5008
2656
-694
-3282
-3647
-3184
-3580
-4286
-4340
-4282
-4364
-4027
-3903
-4071
-2909
-422
1605
2579
2821
2577
1975
637
-1394
-3316
-4692
-5071
-4210
-3120
-2472
-1986
-1656
-1548
-1729
-2450
-3188
-3204
-2628
-1813
-1151
-873
-544
67
685
1226
1941
3413
5426
6506
6655
7097
7374
7110
7280
7955
9239
11491
12125
8698
3503
-860
-5360
-10217
-13126
-13287
-11328
-7017
-1342
3016
5442
7036
7504
6251
3881
913
-1995
-3524
-3566
-3411
-3670
-3787
-3616
-3631
-3893
-4182
-4434
-4011
-2274
72
1780
2633
3051
3029
2112
202
-1977
-3721
-4762
-4821
-3982
-3044
-2473
-1975
-1480
-1478
-2100
-2792
-3150
-2880
-1994
-1248
-867
-286
402
838
1212
1605
2525
4390
5828
6013
6222
6871
7262
7497
7813
8678
10704
12093
10064
5220
285
-3936
-8003
-11413
-12922
-11837
-8336
-3418
1190
4211
5841
6621
6356
4836
2305
-593
-2690
-3240
-3117
-3417
-3908
-4088
-4080
-4017
-4014
-4156
-3936
-2762
-732
1342
2565
2919
2873
2377
1053
-939
-2911
-4309
-4791
-4318
-3343
-2588
-2303
-2017
-1652
-1772
-2388
-2938
-2985
-2341
-1403
-782
-402
55
548
953
1239
1663
2958
4891
6022
6193
6362
6545
6605
6873
7419
8655
10895
12096
9581
4499
-276
-4580
-8870
-11946
-12777
-11173
-7204
-2066
2215
4834
6204
6472
5618
3828
1308
-1354
-2975
-3012
-2594
-2818
-3230
-3346
-3517
-3794
-4037
-4299
-4104
-2768
-539
1475
2571
2941
2850
2039
353
-1633
-3387
-4557
-4594
-3706
-2788
-2288
-2138
-2024
-2003
-2465
-3191
-3496
-3059
-2117
-1106
-282
364
713
843
1102
1336
1795
3347
5120
5812
6262
6894
6966
6930
7280
7842
9366
11454
10936
6636
1729
-1933
-5923
-10182
-12212
-11474
-9003
-4744
180
3267
4757
5945
6031
4616
2497
12
-2072
-2659
-2336
-2546
-3186
-3344
-3338
-3842
-4350
-4380
-4342
-3699
-1547
853
2000
2486
2883
2613
1264
-748
-2584
-3850
-4519
-4334
-3510
-2880
-2577
-2115
-1712
-1898
-2464
-2879
-2800
-2215
-1553
-1048
-532
6
434
701
915
1406
2655
4495
5820
6166
6349
6774
7113
7179
7204
8106
10421
11725
8972
3826
-268
-3934
-8303
-11320
-11763
-10375
-6874
-1719
2266
4017
5101
5758
5188
3667
1446
-1104
-2440
-2145
-2103
-2979
-3401
-3359
-3789
-4083
-3889
-4195
-4343
-2718
-304
1108
1847
2458
2552
1879
502
-1327
-3035
-4072
-4146
-3494
-2799
-2517
-2583
-2546
-2395
-2761
-3429
-3384
-2603
-1620
-665
-78
151
380
527
598
828
1435
3016
5122
6144
6208
6385
6596
6651
6486
6466
7898
10164
10386
7799
3710
-796
-4644
-7747
-10393
-11237
-9402
-5754
-1331
2406
4356
5170
5518
5035
3411
921
-1363
-2465
-2641
-2432
-2355
-2894
-3427
-3508
-3746
-4129
-4197
-3807
-2432
-180
1616
2391
2582
2305
1387
-184
-2027
-3535
-4403
-4395
-3608
-2927
-2726
-2551
-2371
-2404
-2636
-2937
-2858
-2162
-1312
-671
-175
89
206
402
675
1054
2059
3871
5315
5647
5779
6098
6144
6278
6623
7091
8689
10721
10107
6473
2371
-1430
-5456
-8758
-10329
-10289
-8327
-4328
-180
2421
4083
5164
4995
4001
2608
403
-1553
-1995
-1889
-2147
-2348
-2589
-3230
-3782
-3941
-4164
-4375
-3628
-1798
45
1358
2267
2504
1952
928
-477
-2038
-3295
-3992
-3884
-3247
-2764
-2522
-2485
-2704
-2866
-2998
-3305
-3162
-2125
-913
-62
567
911
810
591
699
1070
1947
3703
5218
5562
5854
6492
6483
6339
6748
7244
8403
9999
9133
5251
1454
-1559
-5261
-8567
-9813
-9437
-7539
-3844
9
2455
4002
5085
5075
4044
2474
365
-1466
-1861
-1672
-2159
-2635
-2711
-3269
-3970
-4016
-4129
-4404
-3516
-1434
437
1486
2152
2504
2071
837
-687
-2332
-3846
-4477
-4244
-3792
-3337
-2936
-2578
-2152
-2066
-2554
-2921
-2654
-1872
-1103
-764
-452
66
309
437
858
1289
2290
4297
5745
5771
5664
6009
6121
5888
5858
6474
7877
9214
8584
5409
1679
-1157
-4164
-7455
-9124
-8588
-6509
-3140
392
2751
4179
5063
5101
4180
2270
-109
-1728
-2157
-2164
-2496
-3074
-3276
-3170
-3391
-3746
-3802
-3647
-2765
-865
839
1580
1885
2014
1579
318
-1526
-3204
-4183
-4428
-4061
-3474
-3084
-2786
-2344
-2008
-2186
-2742
-2987
-2487
-1582
-864
-436
-82
285
643
819
784
1166
2483
4141
5137
5421
5614
5867
5932
5784
5821
6647
8139
8767
7421
4791
1618
-1956
-5117
-7253
-8462
-7983
-5416
-2126
790
3177
4582
4831
4361
3235
1339
-679
-1848
-2172
-2354
-2425
-2422
-2793
-3214
-3358
-3765
-4145
-3596
-2349
-977
460
1663
2214
2041
1250
-91
-1807
-3288
-3977
-4074
-3804
-3224
-2785
-2599
-2334
-2288
-2701
-2920
-2638
-2095
-1342
-556
-38
279
497
606
508
350
874
2390
3976
4851
5307
5650
5811
5866
5845
5797
6447
7980
8756
7357
4528
1405
-1744
-4536
-6695
-7965
-7529
-5136
-1867
1023
2956
3996
4388
4228
3299
1413
-664
-1646
-1681
-1898
-2402
-2759
-3003
-3204
-3339
-3514
-3646
-3405
-2315
-703
407
950
1400
1543
1040
-126
-1742
-3080
-3661
-3797
-3674
-3412
-3161
-2819
-2462
-2416
-2658
-2902
-2713
-1963
-1337
-974
-313
371
625
726
737
766
1510
2940
4062
4422
4625
5188
5642
5512
5329
5717
6753
8059
8347
6748
4016
954
-2040
-4488
-6593
-7844
-6823
-3956
-892
1591
3164
4004
4453
3968
2427
624
-932
-1738
-1698
-1767
-2293
-2736
-2925
-3011
-3281
-3769
-3795
-3077
-1967
-625
494
1064
1427
1391
569
-683
-2081
-3343
-3845
-3657
-3389
-3169
-2894
-2600
-2466
-2679
-2990
-3049
-2702
-1918
-1150
-658
-111
377
509
617
725
842
1767
3385
4371
4462
4575
5028
5248
4946
4776
5306
6383
7597
7965
6614
4293
1812
-984
-3629
-5667
-6928
-6305
-3781
-1195
796
2579
3796
4197
3741
2301
486
-861
-1523
-1673
-1906
-2314
-2382
-2333
-2597
-3103
-3709
-3873
-3073
-1908
-888
134
984
1442
1387
509
-964
-2287
-3124
-3483
-3466
-3334
-3109
-2741
-2482
-2575
-3034
-3461
-3378
-2790
-2007
-1225
-557
119
737
831
558
454
650
1480
2989
4133
4460
4725
5155
5175
4729
4481
4848
5742
7014
7857
7140
5200
2839
20
-2808
-5031
-6519
-6354
-4137
-1415
718
2443
3699
4166
3696
2373
712
-774
-1592
-1669
-1874
-2376
-2447
-2381
-2712
-3125
-3560
-3813
-3253
-2116
-1046
-27
833
1250
1121
378
-859
-2226
-3274
-3626
-3531
-3459
-3213
-2782
-2577
-2651
-2910
-3284
-3308
-2716
-1853
-1040
-333
316
828
1001
871
632
639
1436
2813
3690
3887
4204
4598
4531
4178
3995
4214
5052
6357
7342
7237
5913
3807
1465
-1004
-3691
-5785
-5988
-4412
-2320
-299
1648
3160
3845
3676
2739
1193
-360
-1281
-1614
-1809
-2062
-2225
-2155
-2105
-2470
-3074
-3299
-3006
-2402
-1501
-566
80
500
688
346
-657
-1917
-2810
-3188
-3310
-3303
-3196
-2987
-2713
-2644
-2922
-3217
-3172
-2724
-1903
-1092
-634
-110
576
880
785
708
957
1886
3106
3744
3812
3909
4141
4206
3972
3807
4321
5541
6902
7709
7366
5973
4024
1533
-1402
-4082
-5723
-5717
-4181
-2129
-81
1848
3227
3738
3345
2146
697
-491
-1316
-1687
-1831
-1987
-1948
-1843
-2151
-2744
-3245
-3418
-3111
-2525
-1814
-909
-67
436
526
16
-927
-1792
-2444
-2902
-3029
-2940
-2819
-2643
-2513
-2666
-3090
-3388
-3257
-2823
-2172
-1302
-470
238
860
1066
865
768
920
1434
2451
3290
3451
3630
4154
4259
3780
3617
4215
5043
5814
6696
6997
6121
4609
2610
18
-2428
-4205
-4964
-4095
-2273
-638
1071
2824
3537
3097
2198
1050
-292
-1400
-1851
-1856
-1889
-1791
-1524
-1629
-2090
-2551
-2914
-2958
-2608
-2141
-1460
-546
22
82
-102
-624
-1464
-2267
-2779
-3001
-3143
-3232
-3100
-2916
-2962
-3124
-3200
-3056
-2656
-2096
-1414
-667
-34
433
799
926
860
994
1564
2370
2848
2902
3132
3551
3588
3412
3645
4330
5148
5979
6746
6999
6270
4868
3114
758
-1832
-3548
-4075
-3758
-2718
-1190
481
1948
2657
2528
1996
1244
322
-457
-924
-1180
-1323
-1355
-1403
-1802
-2452
-2818
-2952
-3194
-3084
-2378
-1622
-966
-315
-98
-291
-616
-1208
-1920
-2386
-2675
-2889
-2942
-3002
-3110
-3145
-3114
-3109
-3042
-2687
-2004
-1340
-765
-72
413
578
768
896
973
1397
2157
2803
3122
3265
3385
3409
3259
3264
3678
4411
5315
6202
6823
6781
5653
3854
2107
35
-2359
-3769
-3755
-3028
-1869
-475
869
1996
2495
2232
1647
847
-122
-766
-1009
-1240
-1580
-1792
-1794
-2022
-2650
-3041
-3004
-2916
-2648
-2050
-1428
-874
-540
-573
-750
-1124
-1728
-2156
-2378
-2695
-2977
-3124
-3124
-3075
-3208
-3289
-3008
-2564
-2078
-1533
-966
-277
340
579
711
857
864
1154
1808
2237
2350
2564
2954
3215
3147
3115
3626
4536
5271
5673
6106
6559
6060
4409
2781
1247
-818
-2520
-3023
-2900
-2273
-1044
235
1296
1940
1918
1683
1353
471
-480
-806
-856
-1203
-1713
-1897
-1834
-2134
-2616
-2646
-2507
-2449
-2151
-1692
-1364
-1153
-1021
-952
-944
-1241
-1692
-1897
-2055
-2501
-3005
-3156
-3060
-3113
-3273
-3086
-2616
-2250
-1870
-1254
-634
-190
284
803
1149
1271
1491
1992
2373
2283
2070
2178
2480
2646
2770
3285
4208
5026
5576
6202
6537
5936
4736
3399
1680
-315
-1839
-2555
-2515
-1841
-849
175
1059
1536
1575
1365
864
145
-370
-501
-598
-949
-1272
-1318
-1550
-2148
-2622
-2832
-2963
-2861
-2462
-2012
-1539
-1126
-910
-839
-1031
-1465
-1798
-2051
-2472
-2854
-2973
-2988
-3042
-3088
-3005
-2759
-2480
-2141
-1657
-1141
-652
-140
325
673
953
1230
1763
2311
2303
2053
2193
2465
2505
2572
2959
3757
4695
5264
5570
5985
6153
5577
4396
2955
1345
-333
-1629
-2162
-2110
-1607
-601
513
1259
1558
1451
1173
809
93
-658
-897
-907
-1103
-1289
-1357
-1474
-1778
-2187
-2479
-2691
-2784
-2534
-2119
-1814
-1545
-1296
-1134
-1103
-1404
-1827
-1978
-2195
-2709
-3045
-3096
-3157
-3207
-3155
-2929
-2477
-2032
-1586
-1030
-530
-127
230
477
730
1096
1550
2112
2441
2341
2387
2693
2700
2576
2859
3486
4122
4602
4995
5427
5684
5418
4646
3565
2245
700
-746
-1553
-1727
-1610
-1076
-140
683
1126
1246
1093
836
423
-202
-622
-787
-1033
-1289
-1361
-1454
-1676
-1967
-2225
-2386
-2521
-2611
-2466
-2180
-1962
-1761
-1542
-1379
-1414
-1685
-1987
-2168
-2423
-2799
-2992
-2961
-2886
-2780
-2573
-2304
-1995
-1672
-1311
-828
-348
41
484
1103
1725
2062
2030
1945
2019
2000
1879
2035
2517
3198
4029
4666
4939
5107
5263
5226
4691
3555
2420
1657
782
-293
-1001
-993
-476
-98
-120
85
581
672
481
421
263
-1
-248
-568
-976
-1434
-1782
-1815
-1821
-2066
-2253
-2242
-2152
-2160
-2300
-2215
-1815
-1589
-1534
-1365
-1335
-1565
-1925
-2373
-2714
-2941
-3202
-3239
-2980
-2651
-2224
-1756
-1365
-956
-624
-393
-135
11
162
672
1316
1717
1866
1914
2063
2213
2097
2137
2693
3423
4105
4666
5026
5194
5094
4751
4295
3486
2363
1476
819
143
-431
-700
-467
36
189
182
506
732
554
292
27
-379
-978
-1550
-1824
-1984
-2198
-2123
-1718
-1481
-1582
-1854
-1991
-1966
-2220
-2639
-2592
-2295
-2249
-2232
-2113
-2074
-2091
-2155
-2318
-2522
-2747
-2774
-2478
-2146
-1917
-1601
-1122
-689
-548
-559
-288
192
575
978
1359
1491
1604
1802
1870
1875
2097
2610
3290
3739
3863
4096
4466
4546
4207
3744
3461
3192
2593
1871
1378
1028
703
451
223
132
241
357
420
477
464
384
250
-90
-564
-905
-1145
-1401
-1661
-1805
-1791
-1842
-2016
-2127
-2141
-2149
-2197
-2280
-2272
-2116
-2042
-2110
-2114
-2065
-2116
-2261
-2411
-2475
-2403
-2257
-2030
-1726
-1440
-1230
-1054
-837
-568
-311
61
623
967
915
917
1169
1316
1283
1472
2097
2870
3350
3591
3931
4253
4137
3506
2657
1650
363
-695
-826
-381
58
912
2410
3656
3769
3001
2274
1836
957
-536
-1580
-1573
-1267
-1342
-1419
-968
-446
-407
-696
-1081
-1446
-1617
-1588
-1539
-1451
-1266
-1017
-902
-1269
-1987
-2466
-2576
-2791
-3220
-3256
-2697
-2148
-1990
-1911
-1645
-1328
-1213
-1253
-1134
-713
-294
-42
216
432
421
247
137
97
144
455
1096
1823
2413
2894
3234
3344
3153
2696
2335
2238
2110
1926
2058
2453
2714
2781
2729
2549
2207
1684
1123
682
424
359
413
489
519
485
412
228
-210
-699
-908
-1060
-1411
-1659
-1574
-1408
-1437
-1632
-1795
-1850
-2015
-2329
-2534
-2517
-2414
-2387
-2379
-2240
-2111
-2086
-2027
-1941
-1942
-1886
-1652
-1395
-1121
-744
-301
100
231
55
-118
-139
-253
-359
-69
666
1515
2135
2592
3089
3471
3381
2924
2555
2458
2366
2111
1979
2278
2682
2728
2514
2336
2257
1978
1358
756
582
653
593
502
577
767
799
475
-56
-555
-983
-1455
-1894
-2148
-2156
-2031
-1921
-1881
-1898
-1916
-1979
-2131
-2271
-2271
-2222
-2181
-2079
-1990
-1952
-1924
-1900
-1930
-1967
-1893
-1720
-1497
-1215
-845
-367
42
144
2
-113
-176
-350
-529
-302
318
966
1481
1956
2465
2849
2916
2691
2497
2403
2200
1948
1855
1976
2203
2435
2591
2633
2542
2236
1750
1243
842
521
309
301
417
448
349
260
169
-27
-379
-792
-1097
-1338
-1662
-1965
-2058
-2036
-2014
-1971
-1940
-1977
-2029
-2052
-2088
-2124
-2085
-1915
-1694
-1581
-1525
-1446
-1368
-1349
-1351
-1264
-1028
-732
-463
-196
-30
-45
-125
-136
-167
-244
-129
286
775
1062
1276
1683
2147
2313
2197
2175
2320
2320
2020
1785
1873
1973
1824
1629
1626
1694
1620
1416
1279
1258
1140
848
568
400
298
237
185
132
95
56
-53
-322
-673
-962
-1195
-1478
-1790
-1943
-1903
-1812
-1791
-1760
-1599
-1491
-1561
-1704
-1749
-1668
-1575
-1492
-1336
-1101
-928
-893
-954
-1017
-974
-850
-709
-536
-351
-241
-233
-312
-380
-365
-243
41
432
788
1042
1237
1439
1597
1580
1459
1465
1517
1420
1236
1142
1200
1257
1198
1143
1244
1333
1261
1145
1108
1100
960
750
649
609
483
308
206
123
14
-93
-154
-157
-245
-432
-560
-680
-897
-1080
-1128
-1126
-1174
-1258
-1289
-1283
-1340
-1409
-1360
-1253
-1200
-1122
-1018
-911
-831
-786
-735
-708
-726
-691
-591
-496
-375
-242
-146
-137
-185
-190
-142
-99
13
270
511
614
730
970
1214
1280
1237
1322
1477
1365
1067
924
935
892
709
553
613
747
727
656
708
810
829
750
644
613
576
423
241
112
43
-6
-69
-145
-174
-207
-362
-608
-772
-814
-850
-935
-965
-874
-796
-842
-945
-941
-843
-824
-939
-1009
-950
-924
-1003
-1011
-888
-740
-610
-467
-288
-110
26
93
83
11
-76
-106
-86
-59
19
213
408
469
482
626
848
927
959
1121
1322
1350
1204
1083
1054
969
693
410
296
229
56
-77
5
186
308
419
568
671
686
621
492
345
194
30
-91
-180
-293
-386
-449
-540
-649
-696
-669
-651
-652
-620
-548
-523
-567
-608
-612
-595
-592
-614
-611
-576
-510
-424
-379
-394
-404
-363
-340
-380
-368
-199
18
135
194
243
244
149
21
-65
-55
24
161
410
626
737
856
1008
1016
868
742
695
605
377
148
60
75
39
-10
52
201
277
248
259
311
322
289
247
177
68
-17
-70
-134
-202
-215
-203
-277
-457
-630
-676
-656
-686
-684
-497
-285
-275
-375
-408
-393
-455
-587
-673
-619
-501
-415
-299
-96
119
230
236
199
132
41
6
50
120
204
320
392
396
359
329
343
366
384
456
596
671
656
648
695
662
417
143
19
-75
-295
-429
-312
-91
51
59
134
258
232
63
-47
-61
-113
-241
-315
-271
-219
-245
-228
-157
-156
-247
-348
-406
-456
-489
-431
-316
-234
-175
-121
-129
-262
-418
-495
-522
-560
-595
-479
-225
-22
93
229
350
337
225
103
35
-11
-19
88
268
380
437
518
548
479
349
279
299
271
227
298
426
487
488
525
546
413
202
68
-7
-137
-238
-164
20
75
18
41
94
-10
-219
-304
-243
-217
-269
-240
-57
57
-25
-85
-30
-20
-159
-316
-305
-219
-260
-368
-376
-313
-322
-424
-515
-475
-348
-292
-281
-166
34
195
185
93
111
138
-7
-218
-264
-142
-50
-63
-1
237
388
293
197
268
300
168
33
77
192
172
97
163
344
400
353
390
478
461
315
189
170
150
65
-10
-26
-38
-90
-189
-254
-224
-158
-122
-78
8
111
187
199
165
135
74
-83
-259
-385
-438
-466
-481
-447
-358
-275
-242
-203
-137
-93
-80
-92
-79
-51
-29
5
29
27
33
42
-13
-75
-49
40
94
111
167
301
367
273
176
180
218
163
100
173
298
350
311
288
335
358
320
300
332
343
254
101
8
-47
-110
-178
-222
-204
-153
-120
-106
-34
78
131
86
-17
-100
-188
-304
-384
-392
-360
-345
-360
-354
-315
-293
-320
-323
-283
-308
-382
-410
-341
-265
-231
-195
-95
15
10
-47
-32
7
-15
-90
-111
-30
53
92
184
356
507
562
523
468
400
249
78
-22
-21
41
138
245
334
412
471
460
362
288
265
249
188
112
124
192
204
134
70
39
-42
-195
-312
-320
-284
-229
-157
-80
7
64
69
37
-23
-82
-132
-200
-272
-316
-310
-280
-291
-292
-259
-248
-266
-262
-214
-170
-147
-135
-71
-23
-35
-59
-47
-37
-65
-80
-44
-3
32
94
172
241
298
335
331
266
173
101
36
-31
-46
35
144
194
205
284
357
281
170
165
216
168
31
-15
55
47
-94
-174
-89
-23
-103
-157
-52
74
40
-64
-67
-28
-105
-253
-294
-227
-180
-196
-157
-22
101
125
86
76
63
-41
-217
-329
-340
-322
-309
-270
-142
19
94
101
157
257
260
156
83
71
34
-76
-144
-79
26
61
78
176
273
267
210
209
252
240
163
107
107
86
14
-55
-36
9
9
24
102
193
248
240
224
223
189
63
-89
-177
-231
-297
-368
-348
-238
-130
-62
11
124
189
147
69
34
-7
-97
-187
-222
-238
-281
-301
-254
-177
-108
-35
44
102
102
52
-12
-89
-182
-251
-266
-232
-174
-81
57
186
252
290
306
259
179
77
18
4
9
35
95
169
206
203
161
117
102
84
50
55
122
180
190
189
233
272
216
107
23
-21
-117
-246
-289
-232
-172
-165
-117
-19
52
45
28
65
79
31
-41
-60
-69
-113
-149
-133
-97
-100
-121
-119
-99
-101
-130
-116
-92
-66
-65
-78
-78
-81
-75
-88
-110
-89
-20
15
33
77
132
147
86
1
-24
-38
-99
-122
-48
55
103
118
156
216
202
113
65
47
-5
-77
-81
-31
24
62
98
148
156
131
116
118
91
43
5
-29
-70
-112
-120
-83
-47
-40
-9
22
26
14
-3
-2
11
6
-2
5
9
11
3
-3
-34
-88
-137
-174
-184
-198
-179
-101
-4
51
69
95
105
85
24
-17
-18
-24
-38
-37
0
44
67
76
101
130
109
53
33
20
5
-2
28
85
118
112
95
87
56
-25
-92
-122
-141
-144
-128
-51
50
128
163
183
152
70
-20
-122
-193
-214
-223
-200
-148
-98
-57
-33
-2
17
10
-27
-48
-54
-82
-112
-123
-122
-116
-125
-129
-90
-43
-31
-14
17
34
19
-32
-54
-41
-41
-62
-48
3
44
67
82
108
148
142
93
59
46
32
7
-10
2
15
18
16
34
57
62
74
101
118
110
98
87
84
82
81
84
77
61
28
-9
-52
-83
-90
-78
-35
9
29
54
88
92
58
14
-11
-42
-85
-110
-93
-61
-58
-50
-20
12
10
-12
23
83
87
56
54
54
21
-40
-101
-92
-70
-91
-70
-1
50
68
81
96
94
65
18
-10
-27
-60
-71
-64
-51
-34
-20
0
34
43
29
13
-11
-47
-62
-79
-85
-59
-21
14
34
44
44
25
-29
-84
-125
-153
-171
-169
-126
-68
-22
20
76
102
89
63
26
-20
-69
-100
-115
-107
-77
-48
-8
43
74
98
121
136
109
58
17
-21
-77
-118
-126
-87
-27
16
67
127
156
131
95
51
3
-47
-84
-91
-63
-13
31
77
123
147
153
133
96
52
20
-15
-57
-74
-79
-65
-55
-29
9
41
62
66
60
28
-18
-69
-105
-128
-144
-123
-75
-31
3
33
67
74
43
8
-7
-28
-48
-48
-11
25
46
67
92
88
57
29
20
22
2
-9
-1
8
-3
-27
-39
-31
-22
-2
41
63
70
67
70
63
38
8
8
16
6
2
14
16
5
2
7
19
32
41
62
84
80
65
60
44
6
-40
-81
-102
-106
-100
-72
-45
-4
29
29
25
29
32
26
9
2
8
-6
-28
-46
-41
-27
-12
11
44
80
106
109
112
85
45
-3
-39
-55
-68
-58
-28
2
11
28
39
40
44
45
42
44
36
19
-2
-31
-47
-52
-50
-26
-5
21
48
71
70
53
32
4
-9
-31
-48
-42
-30
-25
-22
-19
-7
-1
-11
-11
5
18
15
12
16
16
5
-24
-34
-15
-7
-10
11
47
58
52
32
18
24
14
9
28
54
67
79
83
71
49
21
9
-1
-3
-4
7
25
31
9
-15
-9
-8
-21
-11
17
41
52
40
22
4
-32
-61
-67
-46
-22
-10
23
58
68
50
37
26
3
-20
-35
-22
-4
-2
-5
7
15
15
5
14
34
30
31
37
38
26
10
5
-2
-3
13
34
54
65
64
62
38
9
-4
-6
1
8
25
50
81
81
61
33
11
-3
-23
-36
-19
-4
7
14
14
11
4
3
-1
-3
11
27
28
27
12
-13
-41
-61
-72
-64
-41
-23
9
38
49
43
44
39
30
22
11
-1
-20
-36
-45
-55
-53
-36
-14
4
29
54
65
68
62
37
7
-19
-46
-51
-41
-28
-6
24
55
62
50
48
37
27
18
16
21
34
41
32
20
13
9
4
20
31
52
64
67
51
31
9
-19
-49
-65
-51
-31
-13
15
36
43
48
35
23
1
-17
-28
-40
-49
-42
-44
-40
-24
-14
0
10
29
25
17
2
-27
-41
-51
-63
-60
-41
-10
12
28
51
60
46
31
10
-10
-27
-38
-35
-36
-19
-9
0
3
8
5
8
31
40
40
48
48
33
10
-12
-15
-7
2
11
26
44
44
28
28
21
-10
-28
-34
-26
-12
7
17
35
44
32
9
-2
-10
-13
-13
-5
4
20
22
7
9
12
12
-4
-8
-6
-6
-5
-13
-6
0
6
12
11
26
25
30
49
52
37
32
24
15
9
-2
4
7
10
13
13
16
16
23
26
29
34
37
27
16
5
-9
-17
-36
-40
-28
-23
-19
-12
0
0
-12
-30
-38
-44
-46
-54
-54
-39
-26
-21
-25
-24
-33
-45
-50
-52
-44
-32
-23
-19
-19
-14
-15
-25
-30
-34
-28
-24
-32
-31
-26
-19
-25
-35
-24
-4
1
4
16
28
51
41
27
20
21
13
-4
-7
-3
-4
-17
-1
15
18
18
22
37
48
36
25
20
13
-8
-27
-33
-31
-18
-12
-4
12
21
12
-6
-10
-15
-30
-37
-36
-28
-23
-30
-32
-39
-31
-32
-39
-37
-29
-17
-19
-17
-13
-20
-28
-36
-31
-28
-27
-24
-25
-27
-30
-36
-44
-44
-40
-38
-29
-16
2
18
15
18
25
21
7
-1
0
-6
-12
-21
-25
-26
-23
-14
-3
16
36
44
37
35
15
4
-13
-24
-25
-20
-14
-8
-2
4
6
0
-9
-30
-32
-33
-35
-41
-30
-15
-20
-20
-15
-23
-28
-33
-33
-25
-22
-17
-12
2
5
-5
0
1
-10
-7
-12
-13
-10
-11
-15
-12
-11
-13
2
19
28
33
39
30
17
10
5
3
3
-1
1
2
2
-6
-6
-2
2
-1
8
10
5
4
-2
1
-4
-15
-21
-25
-29
-22
-25
-33
-35
-28
-25
-37
-33
-35
-39
-34
-36
-36
-36
-48
-56
-55
-56
-56
-49
-46
-43
-40
-40
-45
-42
-46
-51
-55
-53
-42
-34
-26
-24
-18
-20
-16
-26
-28
-27
-20
-14
-13
-6
4
9
-4
-12
-12
-11
-13
-6
1
1
5
8
3
-3
-14
-19
-16
-21
-22
-16
-13
-16
-18
-18
-17
-28
-40
-28
-25
-25
-32
-32
-29
-31
-38
-50
-48
-52
-58
-62
-50
-51
-47
-47
-45
-41
-44
-51
-50
-55
-61
-58
-48
-43
-47
-40
-33
-28
-30
-18
-12
-13
-19
-24
-25
-22
-25
-30
-28
-18
-9
-7
-2
13
13
11
5
3
-1
-10
-9
-8
-2
-11
-18
-18
-24
-20
-22
-17
-8
-4
4
11
6
-3
-3
-16
-28
-32
-38
-35
-26
-22
-12
-11
-5
-11
-16
-21
-34
-37
-36
-32
-29
-31
-33
-31
-35
-46
-51
-45
-39
-35
-26
-18
-8
-3
-4
1
2
5
3
-3
-3
-9
-13
-18
-21
-14
-5
3
10
19
27
29
24
24
20
10
-3
-5
-2
-6
-6
-13
-6
3
3
4
3
2
-2
4
2
-2
-8
-15
-19
-28
-42
-46
-35
-32
-26
-20
-14
-11
-22
-25
-36
-39
-50
-49
-38
-32
-24
-21
-20
-25
-40
-47
-41
-37
-38
-33
-24
-20
-16
-20
-21
-22
-17
-26
-25
-11
-5
-5
-1
-5
-13
-4
-7
-12
-5
7
9
6
12
18
20
9
14
17
8
3
1
11
4
5
7
6
3
7
9
8
13
11
-1
-5
-9
-10
-11
-12
-2
5
15
14
13
24
10
1
-5
-7
-15
-18
-6
1
2
7
5
-6
-11
-18
-15
-16
-7
-10
-8
-7
-5
-4
-8
-2
1
3
7
5
6
4
-1
-6
-9
-7
-10
-9
-5
3
5
7
11
7
1
-1
-4
-4
-5
-2
0
4
4
1
-2
-9
-10
-9
2
3
1
6
2
0
-12
-15
-19
-14
-12
-4
2
13
19
15
11
6
6
0
-2
-8
0
5
7
0
-7
-2
-2
2
3
17
21
23
19
11
6
-3
-11
-20
-11
-1
8
11
13
10
12
-8
-14
-10
-3
-1
1
12
8
13
-2
-7
-10
-10
-3
1
2
8
17
6
6
4
0
0
-4
-6
1
11
5
5
0
3
-4
-15
-9
-8
-6
-2
-1
1
-2
-13
-18
-14
-14
-9
7
12
25
27
23
20
10
6
1
2
7
11
21
24
27
28
19
17
24
27
27
25
30
35
21
17
11
11
13
18
23
22
31
30
25
25
21
22
12
15
18
23
28
17
18
20
15
16
10
7
19
14
16
15
13
5
-6
-1
-9
-7
-5
-11
-5
3
1
-1
-3
-3
-3
-4
-1
3
6
-1
2
-1
-3
-5
-6
-6
1
5
6
10
15
15
22
18
22
25
17
18
18
12
11
9
2
8
8
13
12
14
22
15
16
14
14
11
7
-1
4
4
7
6
4
13
10
13
9
13
12
5
6
10
12
5
4
1
-1
-7
-4
4
3
0
-6
1
9
8
-2
-3
0
-6
-13
-18
-24
-21
-11
-12
-10
0
-1
-4
2
3
4
-1
2
7
6
11
10
3
8
13
16
21
20
11
16
10
2
-3
-1
-1
0
1
10
20
22
27
21
17
14
3
-5
3
2
6
5
7
11
5
9
5
5
7
5
4
8
9
1
-6
-8
-9
-12
-11
-12
-10
2
-6
-10
-10
-15
-15
-20
-13
-10
-8
-2
-1
0
-8
-13
-18
-23
-20
-15
-12
-5
3
2
-1
6
5
6
3
3
5
3
6
6
7
1
4
3
-5
5
9
13
16
18
12
9
2
3
0
-2
4
3
2
5
3
4
4
5
3
-1
-2
2
-5
-4
-2
-3
-4
-4
1
5
4
1
6
7
5
4
5
0
0
-1
0
-8
-6
-8
-8
-5
-4
2
-6
-8
-3
1
3
1
-4
-2
-1
-3
-3
3
3
1
-1
5
6
7
-1
-4
1
-2
-6
-3
7
11
7
4
2
5
5
10
13
10
9
6
5
5
8
8
13
8
7
8
8
9
8
10
6
-3
2
0
-3
-1
-6
2
6
-1
1
7
5
-3
-1
-2
0
3
-3
-2
1
-3
-8
-6
0
1
-2
0
5
3
-2
1
2
5
3
4
5
6
13
4
3
4
6
11
6
6
8
10
4
-1
11
6
9
7
8
3
2
-1
1
4
5
10
11
11
10
8
6
6
6
2
6
0
-4
3
0
10
3
6
4
3
7
0
6
7
10
8
11
20
18
12
13
12
4
8
5
5
8
5
9
8
8
8
7
9
4
6
0
2
-3
-6
-6
-8
-3
-1
2
-5
4
9
12
8
-3
-5
-6
-15
-16
-9
-9
4
8
9
7
-1
-2
-12
-12
-16
-15
-5
-2
-1
-4
-3
-1
-9
-9
-11
-11
-18
-20
-16
-14
-12
-8
-6
1
7
4
4
5
-3
-2
-7
-16
-12
-12
-9
-9
-6
6
5
6
0
-2
1
-1
-4
-1
-2
-3
-8
-5
-1
-4
0
0
4
6
6
-2
-2
0
-4
-5
-7
-1
-2
-10
-8
0
-2
-3
-6
-5
0
-7
-3
-4
-1
1
-6
1
1
4
0
3
9
6
9
4
2
3
4
0
-1
3
6
4
6
3
5
5
2
-1
-2
7
4
4
6
0
4
7
8
9
5
8
3
0
1
-4
1
-5
-6
-2
-1
2
6
6
3
4
5
-3
-2
-2
-5
-5
-1
-2
-4
-2
-1
1
2
2
6
4
-3
-4
-5
-5
-7
-10
-10
-5
-9
0
-3
-3
-3
-3
0
-3
-3
-9
-6
-6
2
-5
-7
-6
-4
0
-3
-4
-3
8
3
3
8
2
5
-1
-1
-6
-12
-5
-5
-2
-3
-4
1
0
2
0
2
7
2
2
-1
5
-1
0
3
4
1
-1
2
-6
0
1
-8
-1
1
2
0
1
1
-1
-2
-5
-1
2
5
1
1
-1
-5
0
2
5
5
-1
8
7
5
10
7
9
10
6
9
10
6
10
9
15
9
5
8
10
13
15
10
8
6
9
5
2
7
5
6
4
8
4
9
8
6
6
5
3
4
5
1
1
-6
-5
-1
-2
7
10
9
7
10
4
1
3
-1
9
2
0
6
1
-1
-1
5
5
3
4
4
12
10
0
3
3
5
11
13
12
12
15
14
15
17
11
9
7
9
12
11
15
16
15
18
20
17
12
18
17
13
17
14
9
11
11
8
9
10
11
10
15
13
12
13
10
8
6
5
6
8
6
10
11
11
16
19
12
16
19
18
7
6
6
3
6
2
5
-3
4
4
6
10
3
11
9
7
0
2
5
4
4
3
4
5
4
-1
-1
3
-5
2
8
6
8
5
3
-1
5
8
7
2
4
9
13
12
8
12
3
2
11
4
11
8
9
18
15
14
6
6
10
6
8
8
8
6
-3
4
7
5
1
0
5
7
8
4
5
6
12
7
4
6
2
1
6
5
2
5
5
5
6
6
5
3
6
2
3
8
5
-1
-1
4
4
6
4
6
8
7
5
5
5
10
13
11
15
10
12
7
6
10
6
2
2
7
6
3
3
4
2
-5
7
5
2
5
1
2
3
0
-3
-4
-6
-4
-3
-1
0
-1
-1
-2
2
-1
-7
-9
-4
-5
-4
1
-5
-5
-2
-5
-10
-14
-10
-6
-8
-6
-3
-7
-7
-7
-6
2
1
-5
0
9
5
0
-2
-1
-4
-1
-3
-9
-8
-8
-4
2
2
7
3
-6
0
5
6
2
-1
5
2
7
8
-3
-6
-5
0
2
-1
-1
0
0
-4
-3
-3
-7
-9
-10
4
7
4
4
-1
-3
-8
-2
-1
-7
-1
6
6
5
0
2
3
-14
-12
-6
-14
-10
-1
0
1
0
-4
-6
-1
-4
-2
1
-3
1
2
-4
-5
-10
-13
-13
-14
-12
-6
-2
0
-1
1
-10
-7
-7
-15
-1
5
1
2
-4
-3
-1
-5
-12
-5
-5
-6
3
6
8
10
9
5
-2
-5
-15
-5
-4
3
9
6
6
5
6
0
5
4
3
12
12
8
8
7
3
8
10
8
14
18
11
13
14
8
10
4
5
10
9
12
12
10
11
13
8
7
9
8
7
12
8
1
9
6
0
0
0
5
2
6
8
11
5
4
7
6
3
1
-2
1
4
-2
5
8
0
4
4
-2
6
2
4
1
-2
2
3
2
2
3
2
-2
-2
-2
-8
-8
-1
-1
-4
5
-1
2
4
4
7
9
5
-5
-2
-4
-3
0
0
-1
4
5
4
-2
-9
-4
-5
-6
-3
2
2
-5
-6
3
2
-6
1
6
3
3
1
-5
-3
-2
-2
0
-1
2
-1
-1
-6
-7
-9
-13
-7
-7
-6
-8
-5
-1
3
0
0
0
3
2
-1
3
0
7
8
7
5
5
-1
4
-1
-7
4
-2
-2
0
-2
-2
5
3
3
1
7
3
2
3
-2
-1
-5
-2
4
7
-1
3
3
-5
1
-3
1
6
1
3
-2
2
8
10
14
9
7
6
4
10
3
2
6
5
4
4
4
3
3
1
0
0
0
1
1
-1
0
-2
-4
-5
-5
-1
-5
-2
-3
-1
-2
-5
-8
-5
-2
-1
2
0
-2
0
-3
-3
2
-2
2
2
4
5
-1
3
-3
-5
-2
-5
-4
-5
-8
-12
-7
-2
-3
-3
-5
0
3
1
4
-1
-6
3
1
0
3
-1
4
2
-1
2
7
1
-4
3
6
2
7
9
9
6
5
-1
-5
-2
2
2
-1
-2
-4
2
-6
-4
-3
-4
-2
-1
5
5
7
6
5
5
5
0
6
1
4
7
0
1
1
-3
2
-1
-1
0
0
0
5
1
0
-1
-1
-2
-2
-4
-7
1
2
1
-3
-1
-2
-3
1
-2
-2
-6
-6
1
-4
-5
-6
-7
2
2
1
3
2
-4
-3
-5
-6
-8
-8
-13
-9
-4
-10
-5
-7
-11
-8
-5
-10
-6
-7
-9
-2
-1
-9
-7
-12
-15
-10
-11
-11
-6
-5
-9
-5
-7
-3
-11
-7
-9
-10
-4
-4
-3
-3
-3
-3
-2
-6
-2
-3
-7
-4
-10
-9
-6
-6
-7
-4
-6
-3
0
-6
4
-3
-3
-1
-5
-1
-1
-4
-4
-4
-6
-2
-1
-1
0
-3
0
-3
-4
-5
-5
-5
-3
-7
-6
0
-5
-4
0
-7
-7
-10
-16
-14
-10
-14
-10
-9
-17
-12
-8
-8
-6
-7
-10
-7
-9
-10
-7
-5
-2
-1
-1
-3
-3
-6
-10
-7
-6
-7
-6
-5
-11
-13
-6
-8
-6
-11
-9
-7
-13
-6
-7
-4
-6
-7
-8
-9
-10
-8
-13
-13
-15
-13
-9
-14
-12
-5
-9
-11
-7
-14
-9
-7
-6
-10
-5
-10
-8
-6
-4
-3
-5
0
1
-4
0
-1
4
2
-1
4
2
4
-5
1
5
0
-3
-1
5
7
3
2
8
14
8
4
8
8
0
1
0
9
8
4
2
6
7
2
9
6
8
6
9
8
13
12
8
10
10
12
5
4
7
11
5
9
11
14
9
9
7
1
8
5
5
5
5
4
2
8
2
5
7
3
4
2
-3
-5
-5
-7
-5
-5
-6
-5
2
-1
3
-1
2
4
0
1
-2
-5
-1
-4
0
-1
0
-1
-2
2
4
0
2
7
5
5
5
8
3
3
2
5
6
2
5
3
3
9
-2
-4
5
1
-6
-4
-4
2
1
-3
-7
-10
-5
-11
-8
-5
-4
-1
1
1
-4
-2
1
-3
-1
-6
1
-2
-3
2
-1
1
-2
-2
0
-3
-3
-4
-3
3
1
1
3
-3
-3
1
-1
-3
0
0
-2
-3
-2
-1
-2
2
5
4
-2
-3
0
0
3
2
-1
1
3
0
3
0
-2
0
-1
-5
-3
-3
-4
-3
0
1
-4
-2
1
-2
-10
-4
-1
-3
-4
-9
-4
-1
-5
-2
-3
-1
-4
-5
-2
-2
-8
-5
-8
-5
-4
-7
-3
-3
-1
0
-9
-6
-8
-4
3
-2
-1
-3
-4
-5
-7
-7
-4
0
6
6
3
2
-4
-5
-3
-2
-5
-2
-4
0
-4
-8
-8
-5
-5
-8
-2
-3
0
-5
-2
1
0
-3
-4
0
-9
-6
0
-2
-1
1
2
2
1
-5
-4
-6
-1
-3
-5
-2
-6
-4
-3
2
2
7
-1
2
7
7
4
1
5
-1
0
0
7
8
3
5
10
7
6
4
5
7
3
4
0
-1
7
4
5
9
7
7
5
5
4
0
-7
-5
2
5
-3
-7
-1
4
4
8
9
9
5
1
0
1
2
4
-3
1
-3
0
0
-2
-1
-2
8
-2
-2
1
-2
-1
-1
1
1
-3
-4
2
-2
2
-1
-1
2
-3
-4
-6
-4
-4
1
-2
1
1
1
6
1
4
4
4
-2
6
4
-2
-3
-4
0
0
1
3
5
5
3
5
-1
-1
0
1
6
11
2
7
7
3
4
3
-1
3
-1
1
8
0
9
9
6
4
3
2
5
7
1
5
3
4
5
7
7
6
4
6
7
9
6
7
4
1
5
-2
4
7
6
10
10
14
9
10
6
9
7
4
7
3
6
5
7
3
3
6
4
0
4
8
5
9
10
6
7
7
7
5
7
13
16
10
5
8
5
0
-1
3
8
8
8
7
8
2
3
2
-1
8
4
9
5
2
2
3
4
3
5
2
6
7
9
7
6
7
10
11
6
9
11
6
6
9
10
7
6
9
6
6
5
9
4
3
9
8
8
6
7
10
12
15
14
12
14
13
10
10
9
12
17
12
11
6
15
16
7
7
9
8
10
10
10
11
10
11
12
11
11
10
11
7
12
13
12
11
12
17
16
13
9
17
15
13
9
16
19
9
7
13
12
6
6
9
4
7
10
5
8
12
11
8
5
7
11
8
7
10
4
8
10
7
8
9
7
10
9
8
9
10
12
13
13
10
11
12
14
10
15
13
13
7
4
4
2
2
7
8
6
6
6
2
4
6
7
7
5
4
9
3
1
4
4
10
8
6
5
7
9
13
5
11
10
6
7
7
7
2
2
4
10
7
5
7
8
1
4
8
4
2
1
1
2
5
8
7
4
11
6
11
8
1
4
3
9
2
5
3
3
4
-1
1
-2
4
5
0
2
-1
6
3
1
3
3
0
0
-1
-3
1
-7
-3
0
4
1
-2
2
4
5
7
4
5
8
-5
-9
-7
-2
-4
-5
-4
-1
-5
-4
2
-2
-4
-2
1
3
4
-1
3
2
-1
1
-1
-2
-3
2
-2
-2
3
5
2
7
1
2
2
1
5
4
3
4
2
-3
5
5
7
9
7
10
12
11
6
9
6
7
7
7
5
7
9
2
3
0
1
-2
1
-3
1
1
-4
4
-1
-1
-3
-1
2
1
-2
1
1
-3
2
-2
-5
-3
2
1
1
-1
-4
-4
2
-2
-8
-1
2
2
-1
-7
-2
-2
-4
3
1
1
2
2
1
4
3
2
3
1
-2
-4
-1
-6
-2
-3
-2
-4
-3
1
-2
3
-1
1
1
-2
-3
-4
0
-1
-1
-7
-2
-2
-4
-2
-5
-6
-2
-2
1
5
7
0
-1
-3
-6
-4
-6
-3
-9
-7
0
1
-1
-2
-1
3
-3
-1
3
-1
1
3
-2
2
-1
-1
-1
0
3
-4
-1
-1
-4
0
-5
0
1
-3
1
-7
-2
4
-1
3
2
1
-2
-5
-7
-5
-5
-8
-18
-13
-8
-11
-12
-9
-4
-12
-13
-12
-14
-11
-13
-10
-8
-10
-6
-7
-5
-7
-12
-6
-6
-9
-9
-9
-7
-11
-7
-7
-11
-9
-2
1
-4
-5
-4
-3
-3
-5
-8
-3
-7
-6
-4
-1
0
-9
-5
-4
1
1
-3
-5
-6
-1
0
-2
-1
-1
-4
0
-6
-5
-2
-5
-5
-6
3
4
2
1
-3
-3
-7
-1
1
2
3
5
5
5
0
0
4
0
5
8
5
-3
-4
-5
-1
-5
-7
-1
-6
-3
-10
-7
-3
-5
-5
-3
-2
-2
-5
-9
-4
-2
-3
-6
-4
-4
-4
-7
-4
-1
1
1
2
5
0
-3
-1
8
2
-1
4
4
-1
2
2
-1
0
1
3
2
3
8
1
-3
-4
-2
0
-1
5
6
6
1
1
1
8
10
4
9
11
7
7
4
5
9
8
13
7
7
9
14
9
13
11
7
9
6
8
5
4
8
6
8
8
4
5
7
9
12
15
14
10
10
9
7
12
7
6
9
11
8
7
10
11
11
10
13
7
11
6
11
10
6
12
11
11
11
12
17
18
16
19
12
6
8
14
13
8
9
10
9
8
7
5
14
13
7
9
13
9
7
6
9
13
11
15
15
10
12
14
17
17
12
13
11
13
8
13
11
11
13
10
12
8
9
10
10
-1
6
4
3
8
3
4
6
9
10
5
2
3
4
4
-2
6
1
2
9
3
0
1
-3
-3
-1
-1
0
-7
-6
-2
-1
-3
-1
0
-2
0
4
0
4
6
-1
0
2
3
8
0
-3
2
3
1
3
6
1
2
0
9
8
2
4
2
0
4
5
4
3
3
7
3
1
1
4
-1
4
7
2
1
-1
1
2
7
2
4
4
3
2
-1
-1
0
0
3
5
-1
-5
-3
-1
3
3
1
-2
1
0
-5
-8
-5
-1
-2
2
2
5
4
1
0
-4
4
0
2
5
7
3
5
7
2
7
6
7
12
11
10
11
5
7
5
5
9
10
10
10
5
4
11
8
7
7
10
6
5
4
3
4
6
8
0
-2
5
1
3
6
3
6
4
5
9
7
9
8
10
9
5
8
6
6
6
9
8
2
4
5
4
3
5
6
7
5
4
6
0
6
-1
-3
3
3
4
3
1
3
9
10
4
10
10
4
5
8
9
9
6
11
9
10
12
12
14
4
7
7
6
14
13
11
8
4
9
7
8
4
9
15
12
9
7
9
10
11
17
10
12
11
14
14
10
4
7
7
6
6
8
14
11
8
12
12
14
11
9
9
6
14
12
14
16
11
10
11
9
14
14
14
16
14
12
9
6
14
8
8
11
10
10
9
10
8
6
8
5
7
6
6
10
5
6
5
8
10
4
6
9
14
8
7
7
6
3
10
11
10
9
7
7
4
5
2
4
1
6
10
0
4
7
9
2
7
9
11
9
6
3
4
5
0
7
3
6
6
3
8
10
12
12
10
6
6
7
6
10
13
9
8
11
7
6
5
5
5
8
11
8
8
11
12
6
6
5
3
9
11
9
2
6
4
10
10
0
1
2
4
10
5
2
4
0
-1
-1
-1
1
-4
-2
0
0
0
-1
3
4
-3
0
5
2
-3
12
3
0
3
-1
2
5
8
7
12
11
8
4
5
5
5
9
8
6
3
6
6
13
11
7
10
8
11
8
6
8
3
10
8
6
10
9
9
8
9
3
8
13
4
1
2
4
5
10
4
4
3
6
10
3
6
13
5
3
8
7
6
4
6
6
8
7
3
6
10
6
4
4
6
9
7
1
3
5
7
3
1
7
5
7
0
4
-3
6
6
1
0
-3
-3
0
0
-3
1
2
5
6
4
2
2
2
7
-2
-1
2
-1
4
-1
-3
-6
-5
-2
-2
1
-3
-1
3
3
-2
-3
-3
-4
1
0
2
-1
1
3
1
5
-2
-3
1
-9
-7
-3
-9
-9
-11
-14
-11
-6
-10
-11
-10
-11
-8
-10
-11
-11
-10
-14
-16
-11
-10
-5
-3
-5
-3
-10
-7
-5
-3
0
-4
-5
-5
-4
-7
-1
-5
-3
-4
0
0
-3
0
-5
-4
-3
-4
-7
-4
-5
-5
-7
-8
-3
-7
-6
-5
-8
-7
-6
-4
-7
-11
-7
-6
-2
-7
-4
-6
-6
-4
-3
-3
-1
-2
-6
-5
-3
-1
-3
-5
-2
-9
-1
0
-6
3
-4
-2
-3
-3
-2
0
-2
-1
1
-2
-1
-2
-1
3
-2
-4
-1
0
5
6
1
0
-1
-5
1
0
-3
-1
-1
-2
-6
-6
-7
-3
-1
-4
2
-3
1
0
0
4
-1
-1
-3
-1
1
2
-3
-1
0
3
7
5
6
6
2
2
3
1
0
-4
-8
-3
-4
-3
3
-2
2
-4
3
1
-1
1
-11
-4
-6
-3
0
-1
-2
-5
-6
2
0
-6
-4
-1
-3
-5
-4
-4
-2
-5
-5
0
-3
-1
7
1
5
4
5
4
-1
5
1
6
7
-6
-3
2
4
3
-2
-4
-5
-2
0
-1
-2
4
-1
-2
1
-1
-2
0
2
3
6
4
5
6
5
7
3
4
4
2
1
5
1
1
0
2
-2
-2
-6
-10
-6
-8
-5
-15
-8
-6
-4
-3
-9
-3
-6
-8
-9
-7
-1
-7
-9
-4
-6
-8
-6
-2
-8
-6
-6
-9
-7
-5
0
-1
-3
-4
0
-6
0
0
-2
-4
-9
-11
-9
-4
-9
-9
-10
-7
-9
-9
-9
-8
-6
-9
-6
-3
-3
-6
-7
-8
-10
-7
-7
-11
-8
-3
-7
-5
-9
-7
-9
-10
-13
-10
-11
-14
-8
-10
-11
-8
-2
-4
-9
-7
-7
-5
-2
-5
-5
-6
-5
-5
-1
-3
-8
0
-2
-6
-3
-5
-5
-2
-6
-7
0
-6
-10
-5
-7
-4
0
-2
-4
-3
1
-5
-3
-3
-6
-10
-7
-6
-1
-7
-3
0
-3
3
0
2
-4
-5
-4
-5
-4
-1
-3
-2
-4
-11
-4
-7
-9
-2
5
0
-3
-4
-1
0
-3
3
1
1
-2
-2
1
1
-2
-4
0
0
1
-5
-2
-6
-3
4
-1
2
-4
-6
-5
-5
-9
-5
-5
-7
-3
-6
-6
-1
-2
-2
3
0
-3
-1
4
1
-1
3
4
-3
-6
-1
-8
-10
-6
-5
-5
-2
6
0
4
-2
-6
-3
-3
-6
4
6
0
5
1
-5
-7
-1
3
4
1
2
-3
-5
-6
-7
-9
-2
0
-1
-2
-3
-4
-2
-7
-5
-5
-4
-2
-7
-8
-10
0
-2
1
-9
-8
-4
-8
-7
-5
-3
-4
-2
-1
-1
-1
-2
-1
4
7
12
6
7
4
1
0
-5
-3
4
2
-2
-5
-7
-4
0
-1
3
3
9
9
2
2
-6
5
5
4
2
-3
-3
-10
-9
-9
-5
-5
2
-3
-9
-7
-14
-11
-9
-6
-8
-7
-6
-11
-12
-16
-11
-4
-9
-7
-6
-8
-11
-11
-13
-8
0
-1
-3
-12
-10
-13
-8
-6
-2
-8
-10
-8
-9
-13
-13
-9
-4
1
-2
-4
-9
-8
-8
-10
-2
-5
-8
-6
-12
-8
-9
-8
-9
-8
-2
-1
-5
-10
-11
-7
-2
-5
-7
-5
-13
-14
-15
-16
-13
-10
-5
-6
-5
-2
-8
-11
-14
-9
-7
-7
-9
-15
-15
-19
-16
-15
-18
-13
-13
-14
-12
-17
-20
-15
-5
-7
-5
-8
-13
-5
-6
-7
-7
-11
-5
-4
-4
-8
-12
-7
-7
-4
-9
-5
-6
-11
-9
-5
-9
-13
-7
-12
-8
-8
-12
-6
-7
-6
-4
-14
-11
-11
-7
-11
-9
-6
-2
-1
-3
-2
-4
1
-3
1
-2
-1
-2
-2
1
-7
0
-11
-4
-4
-8
-6
-10
-9
-12
-9
-12
-17
-12
-12
-11
-8
-7
-7
-4
-5
-4
2
-4
-3
-4
-6
2
-6
-5
-6
-7
4
2
-2
