10
14
11
7
9
12
17
14
12
17
24
15
10
12
11
9
12
15
13
11
14
13
14
12
7
9
5
2
11
11
13
14
10
8
8
8
6
1
7
4
9
16
13
16
11
17
9
7
8
9
11
9
10
13
17
13
14
16
15
14
20
16
10
9
11
16
14
8
11
11
15
14
8
8
9
13
11
12
14
13
13
10
14
14
8
5
7
6
6
8
11
11
9
9
11
5
-2
-3
0
2
-3
1
-1
5
3
9
15
4
9
6
9
6
0
4
5
8
12
11
14
17
20
22
26
15
11
13
6
8
13
14
16
15
16
13
8
16
16
15
14
17
14
9
15
17
16
12
5
11
12
12
15
16
14
5
3
5
5
-2
3
7
6
11
11
10
13
12
11
10
4
7
7
5
7
13
13
18
10
7
15
5
9
9
6
8
12
9
9
16
14
10
14
14
15
12
12
5
5
8
8
14
10
10
14
8
6
7
5
10
11
11
17
13
11
15
10
11
9
9
8
11
12
10
10
11
7
7
4
-1
8
5
10
13
15
15
13
6
4
7
7
6
4
10
12
11
13
6
2
4
4
10
11
9
11
6
9
8
7
3
6
8
7
13
6
7
1
-5
-1
5
6
5
8
14
11
8
7
4
6
2
0
3
2
4
7
7
4
3
9
9
4
6
11
3
6
4
0
8
5
5
3
6
6
8
7
2
3
5
4
2
2
4
3
6
3
6
8
0
3
-1
6
3
-2
0
3
5
2
0
-3
1
2
0
4
1
4
8
6
3
-1
3
2
1
0
4
8
3
-1
5
-3
-2
3
1
-1
2
5
8
6
5
7
-4
-2
-1
0
1
0
3
7
4
6
5
4
0
-5
-6
-5
-5
-3
1
0
3
4
-3
0
-2
-5
-4
-8
-9
-11
-10
-4
2
6
2
1
1
-1
-3
-6
-10
-7
-4
0
2
2
6
6
4
-6
-5
-4
0
5
2
3
7
9
3
-3
0
-7
-3
-5
-1
-3
-5
-1
4
3
1
-2
-3
-3
-6
-2
-1
1
-1
3
-1
2
-6
-4
-6
-13
-6
-9
-10
-6
-8
-7
-1
-5
-11
-9
-11
-13
-6
-3
2
-1
-2
-5
-13
-10
-11
-15
-14
-10
-10
-11
-6
-10
-12
-10
-7
-8
-9
-10
-7
-9
-7
-3
-6
-4
0
0
-8
-6
-9
-9
-5
-10
-8
-3
3
2
1
-4
-3
-7
-3
-12
-10
-8
-8
1
-1
-3
-4
-4
-4
-6
-5
-3
1
1
-1
-4
2
-2
-9
-6
-6
-9
-4
0
0
0
-7
-8
-7
-5
-3
-1
-6
-1
1
-2
-5
-8
-9
-7
-9
-1
2
-4
-2
-5
-5
-6
-7
-10
-11
-8
-15
-12
-11
-16
-7
-11
-11
-10
-13
-11
-8
-13
-13
-13
-10
-12
-8
-6
-10
-7
-5
-5
-10
-10
-12
-14
-15
-14
-11
-10
-8
-7
-7
-10
-8
-11
-13
-11
-18
-12
-9
-14
-5
-4
-2
-3
-12
-17
-21
-20
-18
-14
-10
-7
-9
-9
-5
-15
-15
-19
-20
-17
-20
-15
-17
-15
-11
-9
-9
-4
0
-11
-6
-10
-11
-9
-4
-12
-11
-11
-9
-2
-8
-6
-11
-8
-8
-12
-14
-17
-12
-13
-15
-11
-9
-11
-11
-8
-12
-13
-15
-16
-17
-12
-12
-8
-8
-10
-10
-9
-7
-13
-11
-10
-7
-11
-12
-6
-11
-7
-7
-12
-12
-7
-10
-5
-7
-8
-8
-12
-11
-11
-9
-14
-16
-12
-7
-6
-12
-9
-12
-15
-16
-17
-14
-19
-16
-11
-13
-12
-11
-15
-11
-15
-12
-14
-17
-17
-17
-11
-17
-12
-9
-12
-11
-11
-4
-12
-11
-6
-15
-16
-11
-9
-5
-11
-12
-6
-12
-10
-11
-12
-11
-6
-4
-9
-8
0
-3
-5
-1
-6
-6
-5
-5
-7
-4
-1
-1
-3
-3
-3
-2
0
-2
-8
-6
-7
-2
-3
-2
-1
0
2
0
-3
-7
-7
-10
-10
-6
-6
-2
0
-6
-2
-4
-2
-6
-6
1
0
0
-6
-1
-4
-2
0
-4
-5
-6
-5
-10
-7
-6
1
-1
-2
3
5
2
-1
-2
-8
-3
1
-5
-2
-2
-2
-5
-7
-12
-12
-10
-9
-10
-12
-12
-11
-2
-8
-11
-2
-4
0
-1
-7
-5
-6
-4
-9
-5
-1
-2
-4
0
0
-2
5
-1
5
5
6
1
0
0
-3
-1
-5
-5
-1
0
-5
-3
-6
-3
-11
-7
-5
-6
-4
-6
-3
-5
-6
-3
-9
-9
-9
-6
-5
-4
-5
-9
-4
-10
-9
-14
-13
-12
-14
-12
-10
-9
-13
-5
-11
-8
-6
-9
-8
-12
-8
-6
-9
-6
-7
-7
1
-4
-4
-5
-7
-9
-10
-6
-7
-5
-11
-4
-1
-8
-8
-10
-14
-14
-14
-18
-11
-13
-10
-9
-10
-9
-12
-11
-12
-4
-9
-8
-9
-6
-4
-4
-6
-6
-8
-13
-10
-8
-8
-12
-8
-12
-7
-9
-8
-7
-13
-8
-5
-4
-5
-9
-8
-8
-7
-6
-5
-3
-2
-5
-7
-8
-7
-11
-15
-11
-7
-6
-8
0
-1
-6
-3
-8
-6
-4
-6
-4
-3
-2
-6
-4
-6
-10
-8
-5
-5
-4
2
-7
-6
-4
-2
3
1
-3
-5
-2
-4
4
-1
-4
-1
0
-3
-2
2
3
-4
2
8
4
6
1
2
3
3
2
2
3
6
3
5
7
5
6
3
6
3
4
5
6
5
-1
6
5
11
11
7
6
5
7
9
6
6
7
0
6
8
4
2
8
4
1
8
4
8
4
7
10
8
7
5
10
6
3
5
5
4
7
2
7
7
2
4
5
0
4
6
7
3
0
6
9
10
4
7
5
2
0
5
4
7
9
7
9
8
4
5
7
1
0
3
3
6
10
3
1
7
1
-1
0
5
5
6
5
2
7
3
11
9
7
9
4
6
0
1
7
6
4
6
4
1
6
5
7
3
7
7
4
3
9
5
5
6
4
10
11
11
10
6
10
12
9
13
7
9
10
4
13
13
8
5
3
7
5
8
9
9
6
3
7
7
10
7
8
2
5
9
4
9
8
10
4
4
1
2
1
3
4
2
7
10
6
6
6
8
7
2
2
3
4
4
9
2
3
3
4
4
1
0
4
0
4
3
-1
4
6
3
-3
0
-2
6
0
-1
0
1
-1
-5
-1
1
3
0
-1
2
-4
-1
1
-3
3
2
1
3
6
3
2
1
1
-6
-4
-2
-5
1
0
2
-3
-7
3
2
-3
-1
-4
1
1
6
2
4
7
3
4
2
4
-1
-2
-1
-3
-1
0
-4
-1
-1
0
-1
1
0
-7
-2
-3
1
0
1
1
-1
3
-1
1
0
2
0
-3
0
4
-3
0
3
1
0
-1
3
-4
1
2
3
4
1
2
0
0
1
0
7
6
3
4
-5
-2
0
-3
1
3
5
4
3
1
2
4
1
-4
-2
-3
-2
1
4
3
-1
-1
-2
-3
1
1
3
6
7
0
1
1
-2
1
-3
2
2
3
-2
7
10
3
4
3
2
1
1
4
3
0
1
3
2
-3
5
4
-1
5
2
-1
-3
-3
2
-3
3
-2
-1
2
1
3
2
-1
-4
-6
-9
-10
-8
-8
-9
-12
-8
-5
-8
-6
-3
0
-5
-6
-6
-9
-6
-9
-1
-5
-4
-6
-3
-5
-5
1
-3
-3
-3
-13
-9
-4
-6
0
0
5
0
0
0
-5
2
-2
-5
1
-3
1
6
-1
6
1
2
4
2
7
4
9
6
3
2
2
7
-3
8
10
8
7
3
4
5
4
3
3
4
10
7
8
7
10
-1
0
2
5
-1
1
3
1
5
6
4
3
6
7
5
3
7
6
7
7
9
4
9
9
7
6
9
6
3
7
12
12
9
8
12
10
7
4
13
11
7
5
4
7
5
13
11
11
6
12
14
11
13
13
14
9
11
9
5
10
11
6
10
11
12
15
7
6
5
2
4
8
7
10
6
9
12
16
8
1
6
8
7
6
10
11
12
9
9
10
13
14
14
12
13
15
13
10
12
12
8
10
10
10
7
10
10
4
10
15
9
7
5
8
10
10
4
7
12
9
9
5
7
12
10
11
11
7
7
8
12
10
7
13
6
5
-1
4
14
7
13
5
9
9
7
10
2
7
7
10
9
6
10
14
15
10
13
9
7
7
11
11
7
4
3
5
4
10
5
0
8
3
0
4
3
7
7
8
7
-2
6
8
1
-1
1
-2
-4
-4
-3
3
0
-1
-4
0
-2
-3
1
-1
2
-3
-3
0
-1
6
3
1
0
8
-2
7
8
4
3
-1
4
2
3
-1
1
2
2
1
0
0
1
0
0
1
2
5
-3
-2
-5
-2
0
2
5
-3
-4
-2
0
-2
-7
-6
-6
-8
-7
-7
-6
-1
-5
-3
-5
-7
-10
-10
-5
-11
-7
-7
-4
-8
-4
-1
-1
-2
-3
3
-1
0
-4
-4
1
3
1
-1
1
1
3
4
-2
-3
0
-3
0
0
1
2
5
4
1
2
-2
6
-3
-3
2
3
3
3
4
7
6
1
3
4
5
2
8
9
6
2
4
5
-2
1
6
4
0
7
5
2
7
3
-1
4
2
-1
2
2
5
2
-1
2
0
-3
4
-4
3
2
0
2
-3
-1
-4
4
0
-2
-5
-1
4
-1
0
1
-1
1
3
2
0
-2
4
1
0
-2
-3
-1
-3
0
-3
-2
1
-2
2
2
5
5
4
-5
1
8
5
8
7
11
11
10
2
8
11
11
13
9
6
14
9
2
11
14
9
6
4
6
13
8
5
4
3
6
7
8
5
5
5
8
6
10
7
4
10
6
11
11
8
13
7
6
4
10
13
6
12
5
5
5
6
9
9
6
12
11
10
7
7
6
12
8
10
15
10
10
6
11
5
6
5
7
12
7
4
5
9
9
6
6
6
5
9
7
7
10
9
9
9
7
10
5
0
3
3
6
4
2
-1
0
7
4
4
5
5
0
0
6
3
-3
0
-1
2
3
-4
1
4
4
3
0
2
1
-1
0
-1
11
6
0
6
0
0
2
3
6
3
3
6
-1
-1
-7
-12
-5
-8
-6
3
2
-4
-4
7
3
-5
-2
-8
-3
-3
-7
-6
-7
-7
-4
3
5
-4
-1
6
5
1
-4
-1
8
6
-4
1
0
-8
-1
11
3
-10
-4
3
-1
-7
-14
-6
3
5
5
9
10
3
11
4
-5
3
1
-3
-11
-11
-4
-1
7
6
3
16
19
7
-16
-20
-10
5
-5
-17
-5
11
8
-6
-2
7
18
41
36
-7
-28
-17
-5
-12
-27
-27
-5
21
3
-23
-25
-11
16
29
21
12
17
-1
-26
-45
-69
-58
-2
16
13
31
30
19
12
-17
-31
-3
10
-5
-5
-5
-35
-52
-50
-37
-7
42
60
65
41
-4
-10
-29
-71
-82
-29
8
-4
-18
5
18
-8
-5
32
43
48
56
36
-11
-52
-57
-38
-23
-41
-50
7
52
47
25
31
39
10
7
39
39
-32
-49
-10
-37
-91
-66
-8
38
94
104
51
28
39
15
1
17
-37
-129
-83
5
8
-5
15
35
50
9
-39
30
102
76
56
11
-70
-59
0
26
38
-59
-110
21
-3
-173
-123
10
96
231
247
345
475
143
59
190
-1310
-2486
-438
884
-697
105
2697
1514
-115
1270
486
-2276
-1414
323
-905
-1294
394
869
450
617
472
-180
-536
-417
39
206
25
277
695
598
203
-416
-854
-565
-466
-731
-143
568
384
588
1173
569
-317
-208
-170
-579
-598
-273
26
252
278
214
148
-91
-243
-109
6
59
200
319
433
408
18
-317
-316
-420
-606
-410
-115
-7
238
613
659
363
101
-4
-81
-217
-339
-326
-228
-174
-140
-29
36
7
15
10
-32
114
323
275
146
66
-166
-435
-528
-591
-529
-364
-308
-182
129
317
402
426
308
217
216
221
197
31
101
189
-1368
-3458
-3018
-1794
-1982
-564
2163
2160
1708
3067
1994
-969
-1075
-500
-1821
-2115
-1237
-1056
-530
-62
-591
-481
-53
-231
812
2159
1781
1957
2928
1873
273
-203
-1474
-2564
-1877
-1241
-70
3169
6559
10129
12890
8645
-557
-5367
-7956
-13459
-14797
-9192
-4239
208
7353
10880
8332
6370
5756
2225
-2438
-4430
-4208
-3210
-1482
409
618
-1347
-3045
-3223
-3584
-4072
-2701
127
2934
5353
6356
5287
3330
881
-2453
-5489
-7024
-7213
-6064
-3514
-652
1395
2687
3479
3315
2076
729
-67
-639
-1004
-879
-622
-417
-46
263
479
982
1811
3177
5302
8042
11284
12481
7540
-1047
-7112
-11587
-16175
-15950
-10338
-4533
1804
9342
12658
11008
9227
6978
2053
-2909
-5390
-5806
-4625
-2410
-411
124
-1116
-2666
-3240
-3615
-3809
-2313
682
3526
5463
6209
5387
3162
157
-2992
-5514
-6627
-6106
-4194
-1328
1423
2910
3409
3160
1232
-1542
-3262
-4133
-4251
-2706
-810
-6
619
984
232
-661
-994
-1147
-671
706
2262
3500
4203
4055
3124
1840
651
176
1470
3203
1859
69
2792
4545
279
-2254
-608
-1924
-3386
-101
1417
-465
405
1994
450
-1264
-1576
-1105
258
850
763
1720
1790
531
551
137
-2454
-3958
-3253
-2396
-1613
-769
157
1562
2081
1441
1542
1660
580
-216
-1250
-3999
-5923
-5002
-2988
-1222
-262
-228
382
835
-889
-2424
-2007
-2015
-1929
-142
456
-493
224
1055
-87
-772
-606
-666
1005
3667
4253
4199
5189
6139
7588
10322
14429
18042
12774
-2231
-12422
-15819
-24019
-28735
-18570
-6991
-475
11378
21523
19035
14730
14190
7763
-2882
-8335
-8990
-8365
-6754
-4256
-2014
-2425
-4541
-4082
-2707
-3734
-3065
1425
5300
7380
8648
7567
4564
950
-3672
-7564
-8849
-8643
-6714
-2498
1245
3058
4266
4624
3310
1098
-1162
-2572
-3011
-3645
-4010
-3262
-3089
-3638
-2918
-1721
-1083
573
2911
4178
5151
5792
4916
3779
2714
280
-1693
-1146
380
2604
7078
13329
18529
16816
6083
-5115
-11424
-18171
-23444
-19405
-10530
-2917
6575
15125
15710
12385
10206
5752
-1629
-7159
-8461
-6500
-3797
-1767
122
311
-2293
-4096
-3925
-4726
-5046
-2010
2104
4947
6609
6507
4657
1832
-1800
-4945
-6347
-6565
-5346
-2366
528
2021
2483
2434
1662
-1345
-5635
-6799
-5270
-4634
-2932
562
1712
1456
2434
1866
-266
-256
1459
3189
4712
5267
5540
6044
5642
5682
7495
10487
14589
14098
3267
-8221
-12016
-16969
-23519
-19936
-10577
-4567
3929
14374
16526
13740
13261
10061
1701
-5264
-7781
-7801
-6798
-5136
-3158
-2501
-3644
-3695
-2363
-2753
-3479
-1103
2606
4856
6068
6232
4650
1982
-1231
-4566
-6698
-7156
-6203
-3650
-654
1111
2267
3117
2407
320
-2622
-5653
-6234
-4876
-4468
-3365
-543
584
582
1954
2342
1325
2316
5022
6684
6698
6186
6074
5449
4394
5545
9111
13474
15642
8968
-4303
-11816
-15138
-22380
-24057
-14813
-6585
248
11947
18616
15891
14233
12922
4826
-4425
-8357
-8977
-8162
-6142
-3742
-2067
-2428
-3306
-2446
-2295
-3819
-2891
900
3913
5604
6591
5981
3676
431
-3005
-5791
-7431
-7257
-5073
-2327
-3
1863
2800
2783
1578
-1669
-4974
-5495
-4856
-4530
-2521
-500
-1535
-1966
224
223
-1104
1384
4762
6138
8360
9472
6896
4926
4383
2689
3012
7548
13955
18259
13053
-548
-9536
-13991
-22666
-26639
-18540
-9718
-2345
10269
19193
17832
15955
14945
7024
-3640
-9006
-10190
-9725
-7423
-4301
-2201
-1913
-2139
-1428
-1672
-3739
-3889
-779
2652
5178
6813
6661
4840
1717
-2587
-6384
-8278
-8386
-6444
-3041
-132
1767
3210
3587
1874
-1631
-4834
-5846
-5417
-5175
-4648
-2930
-1063
-43
883
1849
2055
2569
4956
7577
8054
7567
7588
6615
4640
4611
7207
11825
17297
16051
3789
-8412
-13501
-19995
-27023
-23360
-13187
-5354
4737
16289
19437
16909
15997
11786
1360
-7242
-9687
-9464
-8692
-6627
-3867
-2669
-3137
-2629
-1500
-2723
-4155
-1723
2220
4298
5819
6848
5458
2587
-508
-4172
-7203
-8051
-7077
-4978
-2137
675
2466
3053
2652
32
-4295
-6211
-5434
-5644
-5627
-3188
-1313
-852
762
2341
2178
2629
5107
7713
8503
7967
7849
7492
5724
5164
7668
12161
17392
16678
4473
-8531
-13522
-19927
-28126
-24900
-14193
-6464
3760
16310
20061
17880
17418
12968
2161
-6505
-9519
-9867
-9008
-7154
-4829
-3467
-3782
-3419
-2110
-2847
-3791
-1160
2604
4723
6561
7476
5746
2825
-426
-4508
-7849
-8846
-7806
-5383
-2641
-304
1950
3421
2654
-461
-4011
-5535
-5521
-5736
-4840
-2624
-1534
-553
1264
1172
455
2472
5113
6934
9304
10556
9843
8961
7820
6944
8485
12915
17797
15163
1584
-10369
-14527
-22160
-30434
-25092
-13570
-6098
5346
18597
21264
18925
18862
13117
932
-7585
-10354
-11033
-10226
-8036
-5469
-4020
-3818
-2750
-1745
-3212
-3759
-519
2979
4974
6836
7193
5026
1988
-1636
-5847
-8608
-8855
-7450
-4695
-911
1831
2559
3040
2723
-1274
-6011
-6680
-6034
-6608
-5278
-2732
-1742
-5
2444
2315
1734
3715
6541
8967
10620
10538
9733
9032
7816
7593
10370
15312
17047
8797
-5025
-13070
-18193
-26766
-28571
-18967
-9742
-1474
11815
20745
20206
19368
17583
8135
-2783
-8078
-10155
-10902
-9732
-7566
-5503
-4416
-3885
-2705
-2402
-3500
-2455
1189
4048
5775
7312
7199
4733
1133
-2718
-6278
-8540
-8604
-6931
-4612
-1622
1439
2821
2582
920
-2687
-5584
-6014
-6668
-6986
-4549
-2188
-893
1728
3341
2727
3532
5609
7086
8838
9827
9382
9290
8850
8123
10313
15462
18744
13476
-355
-11513
-16455
-24419
-30848
-24023
-12636
-5138
6566
19108
21212
19472
19659
13103
751
-6816
-9306
-10875
-10921
-9219
-7001
-5282
-4577
-3462
-2188
-2968
-3238
111
3783
5381
6862
7665
5980
2800
-1076
-5365
-8351
-9276
-8681
-6380
-3036
-441
1189
2262
1546
-1382
-4073
-5043
-5628
-5853
-4484
-2555
-1005
908
2310
2349
2686
4360
6789
8958
9960
10399
10787
10175
9683
11565
15664
18902
14361
685
-10702
-15907
-24462
-31794
-25623
-14285
-6798
4835
18331
21955
20757
21279
15407
2485
-6217
-8799
-10990
-12285
-10126
-7014
-5752
-4856
-2865
-2144
-3569
-3338
-43
2943
4563
6404
7438
6010
3000
-584
-4667
-8195
-9612
-8933
-7300
-4835
-1252
1852
2671
1624
-538
-3378
-5102
-5147
-5286
-5464
-4048
-1669
35
1159
2411
3501
4457
6655
9708
10873
10351
10614
10716
9653
10283
14598
19240
16288
3344
-9286
-15660
-23585
-31646
-28075
-16913
-8034
3114
16880
22861
22199
21917
17292
5277
-5460
-9638
-11053
-12169
-11133
-7880
-5558
-4924
-3454
-1981
-3105
-3751
-578
3050
4578
6202
7581
6287
3196
-396
-4634
-8135
-9384
-8927
-7427
-4887
-1701
1196
2929
2922
440
-3506
-5561
-5446
-5856
-5984
-4378
-2730
-1256
857
2349
3236
5173
8041
10531
11495
10998
10366
9702
8835
9339
12732
17959
18497
8039
-6218
-13919
-20679
-30357
-30903
-20506
-10868
-868
13525
22423
22619
22157
19201
8584
-3054
-8801
-10742
-11795
-11384
-8800
-5820
-4703
-4108
-2511
-2588
-4106
-2255
2142
4434
5612
7352
7098
4213
572
-3472
-7474
-9831
-9817
-7984
-5340
-2256
881
2670
2432
422
-2933
-5441
-5910
-6183
-6198
-4694
-3040
-1408
1166
2877
3204
4419
6785
9251
11060
11170
10368
9929
9110
8509
10596
15961
19970
14399
421
-10156
-16586
-26466
-32202
-25576
-15979
-7382
6521
19179
22447
22730
22152
14337
2317
-5897
-9781
-11720
-12030
-10412
-7561
-5596
-4723
-3089
-2349
-3983
-3749
-110
2917
4877
7332
8083
6183
3283
-743
-5514
-8852
-10220
-9888
-7659
-4584
-1679
841
1629
228
-1629
-3527
-5606
-6132
-5221
-4863
-3722
-689
1307
1922
3502
4866
5863
8923
11551
10961
10398
10693
9435
8975
12068
17280
20470
14706
526
-10568
-17071
-26553
-32505
-26675
-16901
-7386
6225
18404
22866
24080
23009
15321
3845
-5112
-9773
-11707
-12534
-11672
-8663
-6101
-4755
-2830
-2080
-3469
-2824
644
3143
4782
6941
7522
5664
2697
-1189
-5522
-8669
-10017
-9850
-8087
-4976
-1407
1733
3133
1485
-1893
-4309
-6006
-7607
-7378
-5522
-3822
-1357
1691
2944
3413
4925
6557
8541
10896
11551
11159
11061
9965
9135
10993
15213
19759
17595
4631
-8319
-14680
-23427
-32044
-28657
-18980
-10778
1763
15861
21674
22834
23546
18109
6947
-2595
-8244
-11069
-12088
-11901
-9674
-6730
-5319
-3772
-2129
-3142
-3770
-541
2745
4079
6052
7601
6563
4081
408
-4333
-7938
-9868
-10579
-9141
-6326
-3493
-206
1941
970
-965
-2414
-4526
-6169
-6104
-5396
-3946
-1635
196
1586
2931
4033
6316
9692
11377
11732
12183
10972
9140
9925
12123
15552
20018
16550
2766
-8618
-15176
-25359
-32469
-27715
-19084
-10446
3315
16390
21568
23481
23538
16863
6000
-2810
-8370
-11322
-12231
-11713
-9508
-6722
-5039
-3746
-2884
-3476
-3298
-357
2949
4832
6554
7836
6671
3255
-588
-4504
-8376
-10499
-9866
-7949
-5907
-3115
-178
587
-728
-1931
-3179
-5000
-5561
-4725
-4321
-3543
-1372
375
1084
2327
4376
6586
9248
12154
13685
13147
12229
12185
12142
13225
17796
20368
12168
-1941
-10886
-18046
-28406
-32323
-25205
-16209
-6946
6963
18765
22778
24112
23012
14716
3419
-4355
-9181
-12326
-13040
-11722
-8957
-5873
-4095
-3020
-2293
-2687
-2143
750
3350
4787
6448
7028
5306
2385
-1423
-5633
-8540
-9966
-10135
-7967
-4348
-1354
1287
2745
690
-2668
-3978
-5226
-7394
-7329
-5550
-4537
-2537
750
1957
1931
3817
6233
7780
9751
11227
10834
9833
8899
8342
9348
12606
18716
22732
14948
-257
-9251
-16085
-27732
-32469
-25391
-17203
-7747
7189
18243
21529
23551
22188
13400
2850
-4845
-9796
-11696
-11874
-11002
-7853
-4688
-3425
-2248
-2005
-3575
-3218
-148
2378
4319
6527
7339
6045
3155
-1081
-5464
-8634
-10377
-10420
-8574
-5687
-2581
78
1085
136
-1554
-3135
-4556
-5420
-5223
-4141
-2823
-1500
-14
1233
2130
3900
7100
10104
11823
12883
13092
12154
11560
12069
14158
18864
20165
10090
-3861
-11647
-20025
-30507
-31056
-23195
-15955
-4708
10632
19205
22213
25125
21937
11541
2045
-4887
-10580
-12969
-12745
-11403
-8314
-5232
-3489
-1939
-1746
-2782
-1453
1484
3096
4741
6752
6678
4703
1989
-1798
-5851
-8679
-10097
-10119
-8417
-5398
-2039
540
1270
82
-1774
-3534
-5346
-6369
-5773
-4434
-2752
-582
947
1619
2778
4605
6862
9581
11356
11500
11156
10523
9638
9884
12230
16785
19760
13795
867
-8698
-15442
-25304
-31117
-26148
-17414
-8465
4337
16305
21241
22643
22046
15109
4264
-3652
-8283
-11710
-12896
-11367
-8519
-5554
-3200
-1799
-1678
-2549
-2331
9
2434
3931
5576
6653
5565
2947
-379
-4470
-7867
-9227
-9442
-8582
-5702
-2140
468
1416
-82
-2306
-3342
-5057
-7167
-6546
-4832
-3977
-1517
1532
1856
1907
3625
4597
5854
8972
10502
9797
9654
8957
7500
8424
11703
16860
22238
18954
5639
-5413
-12367
-23245
-31743
-29023
-21221
-12308
848
13473
20056
23380
23518
17244
7182
-1785
-7798
-10958
-12500
-12416
-9500
-5575
-3216
-1899
-1458
-2528
-2845
-746
1443
2605
4506
6482
6144
3868
809
-3136
-6966
-9112
-9734
-9184
-6862
-3406
-905
-40
-134
-1216
-3073
-4838
-6150
-6303
-4957
-3343
-1600
708
2123
2422
3309
4861
6724
8874
9975
9926
9857
9427
9052
10048
12943
18452
21971
14697
649
-8350
-15532
-26672
-31698
-25990
-18263
-8707
5408
16103
20559
23719
22596
14073
4212
-3210
-8957
-11990
-12622
-11982
-9105
-5400
-3131
-1690
-1554
-2783
-2172
102
1386
3170
5947
6815
5884
4107
183
-4623
-7892
-10034
-10930
-9421
-6515
-3586
-1029
206
-379
-1802
-3179
-4571
-5774
-5694
-4266
-2862
-1462
403
1523
2025
3805
6460
8498
9996
10975
10909
9967
9140
9418
10995
14795
20420
20218
9107
-3391
-10592
-19904
-30370
-30625
-22868
-14954
-3625
10502
19013
22578
24489
20236
10037
934
-5543
-10755
-13207
-12855
-10805
-7220
-3697
-1768
-1154
-1739
-2526
-1618
335
1837
3610
5666
6250
4963
2512
-1001
-5109
-8415
-9812
-9426
-7867
-5217
-1982
197
396
-518
-1788
-3628
-5699
-6873
-6763
-5717
-3746
-1163
905
2070
3078
4489
6317
8243
9747
10151
9249
7951
7311
7333
8288
12159
19274
23002
16187
3875
-5104
-13869
-25517
-31297
-27514
-20397
-10272
3671
14646
20538
24459
23279
14885
4937
-2892
-9054
-12573
-13161
-11831
-8527
-4482
-1969
-1167
-1614
-2756
-2857
-1409
512
2680
5047
6660
6552
4173
247
-3764
-7611
-10698
-11183
-9486
-7204
-3832
-178
891
-226
-1242
-2703
-5026
-6414
-6273
-5268
-3332
-830
1190
2524
3641
5067
7171
9272
10197
10287
10152
9352
8793
9807
12034
16527
21674
18398
5519
-4993
-11619
-22414
-31040
-28592
-21321
-13197
-564
12155
19311
23287
23795
17781
8373
-95
-6815
-11267
-13255
-13030
-10201
-6227
-3450
-1745
-988
-1815
-2437
-1273
177
1384
3517
5687
6092
4665
1912
-1755
-5549
-8773
-10558
-10028
-7780
-4968
-1925
244
221
-943
-1905
-3515
-5914
-6942
-5871
-4329
-2617
-46
2301
3370
4297
5934
7643
8917
9715
10036
9701
8891
8956
10592
13477
18161
21089
14798
2090
-7016
-14321
-24758
-30294
-26060
-18919
-9939
3366
14548
19982
23377
22659
14831
5244
-2112
-8420
-12574
-13232
-11925
-9069
-5101
-2399
-1460
-1395
-2185
-2478
-890
747
1631
3830
6103
5463
3411
1429
-2287
-6653
-8727
-9500
-9676
-7311
-3721
-1644
-473
-22
-1310
-3155
-4612
-6039
-6391
-5152
-3509
-1443
1006
2512
3493
5048
6618
8058
9553
10000
9199
8422
8233
8554
10033
14185
20227
21414
12915
1209
-7451
-16801
-26891
-30335
-26305
-18658
-7388
5560
15490
21812
24482
21265
13220
4081
-3890
-9617
-12751
-13499
-11648
-7999
-4624
-2276
-1004
-1482
-2522
-1965
-564
431
2145
4670
6006
5534
3708
505
-3268
-6613
-9146
-9976
-8999
-6971
-3919
-996
-130
-559
-1144
-2624
-4533
-5854
-6616
-5848
-3467
-1439
247
2343
3674
4320
5763
7565
8728
9367
9318
8439
7780
8443
10234
13509
19321
23049
16882
4333
-5286
-14185
-25454
-31137
-28062
-21458
-11164
2608
13537
20537
25025
23220
15270
6483
-1686
-8672
-12233
-13183
-12441
-9088
-5146
-2999
-1810
-1661
-2771
-2800
-1261
95
1787
4507
6355
6220
4598
1587
-2360
-6245
-9368
-10724
-9762
-7352
-4354
-1452
216
410
-259
-1752
-3991
-6280
-7577
-6847
-4756
-2710
-317
2319
3705
4346
5576
6921
7955
8802
8764
7975
7650
8214
9506
11900
16773
22448
21132
10061
-1709
-9863
-20120
-29912
-30436
-23914
-15648
-3876
9431
18513
23452
24584
19410
10113
1326
-5880
-11078
-13439
-13365
-10912
-6828
-3587
-1789
-864
-1656
-3074
-2477
-684
589
2666
5509
6441
5121
2882
-326
-4468
-8359
-10588
-10616
-9157
-6637
-2986
131
857
287
-419
-2149
-4607
-6123
-6264
-5328
-3462
-1106
1055
2639
4091
5915
7569
8585
9402
9697
8852
8234
9094
10539
13004
18243
22453
17865
5793
-4770
-13145
-23347
-30195
-28327
-21614
-12312
448
12215
19553
23908
23576
16747
7569
-600
-7641
-12230
-13727
-13125
-10368
-6302
-3175
-1406
-903
-1764
-2160
-1080
-33
1000
3138
5135
5427
4196
1807
-1579
-5283
-8380
-10043
-9952
-8335
-5419
-2155
-114
347
-136
-1500
-3557
-5289
-6016
-5571
-4090
-2140
-114
1882
3297
4039
5161
6990
8504
9121
9190
8932
8805
9537
10957
13598
18845
22417
16657
4351
-5421
-13644
-24008
-30254
-27732
-20654
-11202
1167
12781
20334
23990
22885
16406
7386
-904
-7286
-11729
-13964
-13241
-10122
-6702
-3832
-1613
-1197
-1960
-1544
-264
424
1521
3705
5218
4950
3397
1078
-1907
-5319
-8201
-9333
-8864
-7450
-4820
-2015
-895
-839
-778
-1773
-3879
-5282
-5380
-4771
-3725
-2066
-51
1446
2484
3712
4647
5724
8113
9956
9484
8929
9538
9796
10443
13615
18709
21549
16808
5470
-4988
-13114
-22605
-29410
-27892
-21076
-11880
350
12071
19643
23800
23287
16614
7638
-95
-6814
-11979
-14184
-13554
-10767
-6997
-3790
-1726
-1023
-1444
-1509
-561
378
1157
2680
4378
4589
3171
1198
-1354
-4876
-8069
-9473
-9314
-7888
-5369
-2956
-1399
-535
-735
-2074
-3577
-4641
-5143
-4644
-3167
-1331
546
2224
3401
4220
5339
7056
8620
9202
9062
8987
9545
10866
12910
16839
21907
21283
11067
-1187
-9794
-19112
-28448
-30253
-24874
-16870
-5604
7413
17105
22828
24767
20609
12036
3514
-3795
-9874
-13570
-14334
-12362
-8814
-5444
-2755
-1232
-1587
-2051
-943
101
397
1906
4330
5225
4323
2700
221
-3323
-6918
-9231
-9748
-8694
-6452
-3675
-1360
-131
-36
-888
-2482
-4448
-5871
-5966
-5040
-3680
-1750
537
2414
3800
5170
6797
8428
9380
9339
8736
8306
8683
9934
12038
16182
21313
20748
11145
-633
-9493
-18759
-27712
-29808
-24782
-16528
-5280
7418
17007
22516
24335
20502
11913
3051
-4165
-10098
-13848
-14418
-12289
-8736
-5065
-2251
-979
-1272
-1688
-1072
-293
232
1681
3875
4956
4330
2689
127
-3293
-6617
-8797
-9529
-8805
-6629
-3795
-1704
-705
-394
-1084
-2802
-4579
-5624
-5659
-4587
-2836
-878
1073
2702
3927
4832
5796
7455
8937
8751
8146
8704
9290
9833
12225
16760
21475
21222
11821
-1020
-9960
-18452
-27982
-30304
-24309
-16311
-5733
7513
17080
21945
24105
20381
11352
3010
-3629
-9845
-13500
-13838
-12182
-8850
-5023
-2387
-1116
-1257
-1939
-1345
-197
204
1436
3882
5018
4216
2787
383
-3352
-6824
-8849
-9560
-8859
-6606
-3845
-1760
-495
-85
-745
-2140
-3949
-5563
-5611
-4389
-3242
-1555
781
2204
3187
4583
5476
6667
8662
9001
7997
8441
9458
9931
11787
15942
20755
21281
12793
370
-8219
-16419
-26473
-29711
-24277
-17016
-7462
5480
15532
20956
23759
20852
12352
4164
-2441
-8836
-13034
-13952
-12437
-9031
-5436
-2843
-1012
-835
-1773
-1295
-232
-178
1024
3570
4514
3938
3015
694
-2779
-5946
-8557
-9751
-8853
-7191
-5218
-2535
-593
-338
-592
-1119
-2612
-4096
-4452
-4199
-3622
-2218
-499
783
2107
3763
5528
7824
10138
10871
10341
9931
9749
9976
11563
15334
20171
19969
10610
-1041
-8900
-17483
-26783
-28810
-23789
-16593
-5920
6990
16635
22628
24961
20722
12185
4014
-3488
-10154
-14228
-15303
-13297
-9093
-5217
-2397
-469
-413
-1072
-566
-97
-163
1064
3116
3932
3538
2522
438
-2778
-6163
-8558
-9393
-8820
-7073
-4585
-2247
-681
-43
-403
-1761
-3534
-4749
-4994
-4457
-3240
-1581
-30
1518
3147
4232
5313
7520
9617
10125
9933
9755
9527
9973
11612
14969
19598
19826
11263
40
-8150
-16931
-25807
-27794
-23433
-16947
-6860
5762
15373
21198
23760
20401
12431
4496
-2658
-9341
-13540
-14393
-12778
-9341
-5345
-2333
-798
-639
-1071
-1002
-617
-344
823
2919
4070
3695
2650
665
-2603
-6001
-8345
-9155
-8477
-6798
-4489
-2009
-352
123
-329
-1752
-3623
-5034
-5619
-5085
-3622
-2035
-140
2034
3372
4096
5264
6690
8167
9408
9435
8783
8972
9768
10839
13726
18886
21637
15602
3329
-6462
-13992
-23588
-29421
-26153
-18894
-10101
2223
13751
20292
23421
22033
14607
5637
-1550
-7999
-13034
-14772
-13315
-9730
-5641
-2562
-653
-186
-1176
-1838
-1261
-747
-304
1589
3929
4239
2923
1582
-817
-4953
-8341
-9466
-9420
-8379
-5793
-2900
-995
119
302
-856
-2596
-3923
-4610
-4666
-3865
-2237
-554
691
2020
3599
5048
6904
9137
10078
9629
9516
9827
10023
11161
14483
19200
20450
13164
1257
-7771
-15498
-24410
-28482
-24894
-17759
-7937
4097
14102
20748
23872
20811
13159
5368
-2092
-8942
-13194
-14772
-13563
-9469
-5165
-2355
-402
50
-950
-1236
-782
-667
196
2104
3419
3544
2857
1231
-1467
-4854
-7850
-9177
-8817
-7602
-5630
-3023
-974
-255
-445
-1213
-2625
-4088
-4693
-4383
-3495
-2080
-470
917
2189
3376
4520
6357
8620
9737
9797
9863
9791
9899
10957
13389
18110
21370
15441
3079
-5629
-12518
-22544
-28195
-25104
-19387
-11352
1129
12190
18924
23358
22418
15070
7109
240
-7039
-12423
-14431
-13920
-10685
-6205
-3007
-974
-186
-984
-1260
-538
-646
-366
1812
3642
3833
3299
1723
-1174
-4587
-7842
-9599
-9187
-8005
-6172
-2990
-426
144
24
-789
-2928
-4676
-4976
-4773
-3982
-2208
-488
890
2650
4365
5707
7490
9314
9835
9426
9275
9644
10347
11634
14964
20192
21017
12381
482
-8004
-16451
-25462
-28332
-24408
-17630
-7573
4760
14808
21285
23822
20499
12971
5040
-2233
-8611
-13116
-14842
-13147
-9260
-5543
-2560
-565
-632
-1480
-1093
-493
-570
413
2750
4220
4003
2998
1182
-1997
-5729
-8449
-9425
-9005
-7527
-5074
-2393
-567
38
-391
-1554
-3089
-4471
-4900
-4214
-3110
-1796
-121
1361
2501
3713
4935
6631
8981
10212
9753
9541
10135
10744
11975
15105
19671
20447
12085
-329
-8623
-15757
-24660
-28132
-23920
-17169
-7524
5025
14791
20714
23772
20628
12626
5297
-1539
-8680
-13194
-14539
-13481
-9681
-5440
-2948
-1270
-620
-1301
-1067
59
76
514
2750
4264
3774
2729
1032
-2117
-5631
-8141
-9061
-8489
-7183
-5315
-2727
-663
-134
-331
-1085
-2836
-4388
-4753
-4562
-3767
-1968
-181
1161
2656
3807
4474
6062
8319
9363
9332
9482
9786
10323
11693
14508
19002
20770
13661
1514
-7218
-14560
-23695
-27819
-24161
-17935
-9188
3016
13236
19373
22782
20733
13359
5864
-753
-7561
-12365
-14086
-13284
-9892
-5781
-3116
-1350
-635
-1424
-1438
-244
-100
146
2394
4132
3579
2523
1093
-2007
-5578
-7863
-8630
-8084
-6537
-4487
-2415
-911
-321
-699
-2063
-3789
-4897
-5056
-4365
-3023
-1486
22
1342
2195
2885
3912
5409
7398
9161
9847
9989
10460
11116
11964
14304
18744
20901
14479
2339
-6917
-13845
-22615
-27803
-24839
-18332
-10172
1371
12368
19063
22551
21598
14950
6801
85
-6456
-12181
-14674
-13689
-10542
-6713
-3384
-1108
-431
-960
-962
-344
-369
-91
1745
3491
3590
2847
1675
-900
-4532
-7407
-8717
-8702
-7304
-5011
-2922
-1001
381
-245
-2130
-3506
-4757
-5731
-5092
-3635
-2138
-53
1609
2234
2996
3770
4512
6522
8681
9430
9996
10740
10969
11788
13923
17357
20477
17112
5757
-4909
-11682
-19716
-26389
-25668
-20260
-12707
-1610
9595
17106
21790
22276
16636
8673
1794
-4784
-10626
-13888
-14061
-11379
-7276
-3884
-1653
-558
-973
-1591
-1133
-631
-356
1106
3181
3924
3358
2187
-5
-3266
-6497
-8544
-8823
-7500
-5400
-3338
-1615
-296
24
-1146
-2868
-4078
-4889
-5066
-4106
-2606
-1047
629
1874
2554
3406
4823
6859
8976
10095
10333
10573
11020
11739
13258
16455
19908
17563
7122
-3753
-10762
-18462
-25653
-26165
-21326
-13945
-3196
8046
16284
21820
22666
17274
9860
2972
-4326
-10390
-13673
-14522
-12164
-7779
-4469
-2154
-325
-453
-1274
-754
-330
-477
778
2866
3703
3416
2548
507
-2772
-6228
-8445
-8642
-7503
-5880
-3582
-1105
77
-97
-871
-2431
-4441
-5467
-5419
-4927
-3500
-1262
508
1689
2908
3827
4362
5619
7684
9038
9345
9774
10443
10947
12156
15044
18905
19554
12359
704
-8089
-15016
-22906
-26589
-23343
-17161
-8286
3668
13558
19304
22308
20119
12707
5270
-1057
-7719
-12535
-14041
-12961
-9427
-5321
-2842
-1149
-311
-1230
-1543
-468
-392
-149
2119
3636
3271
2976
1654
-1735
-4945
-7218
-8812
-8246
-5915
-3727
-1562
456
1078
447
-1017
-3328
-5318
-6150
-6268
-5438
-3394
-1168
590
2041
3131
3953
5108
6833
8433
9183
9309
9383
9760
10643
12051
14886
18995
18694
9745
-1339
-8630
-16151
-24111
-25835
-21672
-15376
-5529
6137
14527
19873
22035
17998
10343
3481
-3149
-9340
-12788
-13512
-11684
-7702
-4220
-2069
-548
-836
-2084
-1762
-1035
-988
340
2626
3808
3970
3085
762
-2117
-5299
-8211
-8778
-7252
-5630
-3586
-936
509
460
-268
-2073
-4465
-5850
-6065
-5483
-3762
-1384
450
1604
2563
3159
3500
4516
6335
8021
9229
10234
11152
12159
13184
14820
18126
19284
12204
433
-7948
-14549
-22300
-25647
-22356
-16538
-8264
2756
12106
18041
21106
19125
12642
5809
-370
-6436
-10922
-12840
-12085
-9099
-5887
-3574
-1755
-1279
-2122
-1936
-717
-237
556
2660
4102
3908
3134
1612
-1296
-4698
-7321
-8405
-7863
-6429
-4495
-2194
-618
-444
-785
-1282
-2523
-4112
-5067
-5164
-4384
-2832
-1237
31
1303
2421
3148
4133
5936
8069
9838
10912
11446
12216
13059
13568
15851
19042
15505
4253
-5229
-11192
-19202
-25207
-23706
-18928
-12407
-1671
8870
15479
20222
21070
15518
8295
2407
-4051
-9976
-12993
-13305
-11145
-7571
-4667
-2440
-943
-1226
-1527
-410
158
169
1688
3423
3522
2962
1877
-565
-3480
-6008
-7922
-8134
-6694
-5002
-3047
-681
571
151
-855
-2302
-4471
-6187
-6290
-5196
-3636
-1662
583
2457
3514
3958
4515
5622
7129
8692
9820
10322
10979
12095
13058
15168
18705
17409
7546
-3148
-9528
-16778
-24212
-24588
-19660
-13834
-4611
6693
14436
19011
20874
16789
9278
3186
-2623
-8818
-12398
-12712
-10957
-7844
-4833
-2684
-1372
-1533
-2071
-1337
-626
-460
954
3026
3881
3700
2703
522
-2353
-5424
-7841
-8230
-6877
-5151
-3107
-791
540
426
-404
-1921
-4316
-6121
-6117
-5183
-3857
-1806
51
1221
2553
3458
3422
4171
6216
7985
9166
10119
10736
11406
11913
12672
15909
18925
14453
3786
-4974
-11406
-18620
-23263
-22693
-18643
-10974
-633
8283
15107
19963
19512
13977
7692
1657
-4613
-9577
-12444
-12774
-10136
-6644
-4200
-2190
-1121
-1688
-1867
-920
-563
-293
1369
3206
3724
3301
2033
-365
-3242
-5945
-7920
-8094
-6573
-4952
-3450
-1448
-20
-76
-834
-2067
-3825
-4891
-4719
-3995
-2796
-1189
159
1251
2225
2745
3496
5424
7775
9588
10950
11774
12187
12765
13492
15268
18109
16301
6278
-4521
-10590
-16809
-23315
-23665
-19009
-12987
-3819
6743
14187
18916
20321
15864
8956
3240
-2873
-8801
-11974
-12848
-11514
-7985
-4972
-3195
-1505
-1169
-1885
-1019
174
-70
668
2879
3652
2934
2117
243
-2783
-5478
-7391
-7957
-6707
-5102
-3693
-1503
80
-288
-1033
-1904
-3930
-5444
-5191
-4479
-3385
-1368
264
1228
2648
3857
4323
5641
8082
9835
10399
10798
11501
12204
12919
15034
18509
17718
8620
-2370
-9269
-15896
-22953
-24390
-20517
-14850
-5813
5228
13298
18455
20803
17317
10298
4236
-1717
-8002
-12066
-13246
-11923
-8649
-5567
-3457
-1709
-1369
-2079
-1394
-130
-164
510
2723
3684
2917
2163
719
-2242
-5122
-7013
-8026
-7489
-5706
-3948
-2061
-352
-157
-968
-2036
-3786
-5175
-5062
-4562
-3868
-1927
81
1137
2435
3635
3976
5304
7882
9422
10006
10964
11720
11997
12725
14835
18035
17723
9524
-1654
-9327
-15806
-22341
-24305
-21268
-15537
-6383
4213
12296
18100
20867
17676
10994
4868
-1270
-7289
-11271
-13021
-12246
-9050
-5794
-3612
-1953
-1585
-2068
-1398
-398
-333
530
2508
3551
3370
2546
712
-1954
-4666
-6966
-7867
-6894
-5431
-4203
-2428
-690
-263
-720
-1618
-3227
-4919
-5551
-4967
-3707
-2115
-387
1211
2536
3582
4450
5613
7393
9102
9890
10119
10715
11679
12456
13871
17326
19185
12910
1408
-6791
-12957
-20876
-25058
-22419
-17379
-9928
1133
10739
16659
20434
19209
12490
5762
242
-6094
-11231
-13040
-12355
-9755
-6306
-3816
-2256
-1504
-1937
-1962
-888
-428
-38
1836
3476
3448
2924
1788
-917
-4081
-6488
-7839
-7543
-6067
-4513
-2608
-513
286
-434
-1819
-3633
-5450
-6153
-5497
-4258
-2539
-301
1475
2398
3326
4427
5542
7242
8905
9297
9391
10363
11244
11788
13824
18004
20277
14812
3672
-5291
-11963
-20180
-25603
-23990
-18785
-11232
-344
9732
16344
20634
20081
13749
6912
1416
-5026
-10698
-12933
-12462
-10083
-6732
-4210
-2512
-1550
-2114
-2404
-1187
-791
-755
1512
3821
3856
3463
2702
-91
-3458
-5867
-7555
-7761
-6522
-5257
-3632
-1426
-407
-866
-1688
-3041
-4546
-4852
-4409
-3874
-2446
-635
565
1932
3310
3732
4572
6805
8731
9684
10507
11035
11322
11922
12814
15300
18601
15941
5551
-4177
-10119
-16976
-22949
-23181
-19389
-13056
-3395
6515
13878
18948
19735
15126
8875
3214
-2767
-8356
-11886
-12623
-10586
-7461
-5015
-2939
-1493
-1727
-2086
-1175
-654
-688
659
2699
3569
3358
2466
671
-2003
-5121
-7243
-7251
-6427
-5661
-3814
-1366
-315
-352
-581
-2036
-4511
-5767
-5696
-5342
-3765
-1204
416
1611
3299
4285
4836
6437
8254
9076
9425
9653
9996
10890
11973
14193
18476
19421
11582
390
-7265
-14003
-21692
-25327
-22850
-16784
-8141
2144
11458
17991
20442
17949
12063
5509
-491
-6085
-10930
-13095
-11511
-8471
-6127
-3849
-1874
-1822
-2517
-1902
-1042
-866
-53
1858
3609
4122
3283
1664
-732
-4190
-7015
-7597
-7242
-6665
-4874
-2765
-1411
-274
-53
-1460
-3146
-4437
-5391
-5212
-4075
-2737
-898
1121
2537
3769
4984
6063
7831
9656
10014
9988
10890
11691
12322
14738
18825
19568
12223
702
-7751
-14369
-22135
-26103
-23309
-17408
-9051
2099
11759
17852
20987
18937
12247
5832
264
-6258
-11428
-13075
-12042
-9280
-6075
-3738
-2189
-1856
-2700
-2458
-1131
-848
-282
2243
4207
4119
3595
2535
-271
-3965
-6931
-8213
-7707
-6389
-4778
-2560
-401
518
212
-1022
-3208
-5556
-6708
-6345
-5018
-2980
-600
1241
2501
3685
4467
5038
6417
7969
8469
8791
9681
10317
10819
12398
15731
19305
17924
8875
-1799
-8999
-15888
-22810
-24530
-20961
-14877
-5722
4789
12848
18193
19947
16017
9450
3909
-1684
-7487
-11216
-12169
-10593
-7494
-4864
-3056
-1843
-2103
-2824
-2262
-1567
-1306
162
2420
3635
3787
3198
1570
-1049
-4255
-6740
-7315
-6726
-5805
-4146
-2186
-883
-314
-939
-2648
-3897
-4688
-5678
-5321
-3384
-1787
-283
1607
2543
3198
4827
6154
7098
8802
9898
9945
10821
11963
12387
14478
18537
19025
11881
1193
-7231
-14032
-21124
-25056
-22975
-17055
-8923
1060
10419
17057
20189
18342
12392
6117
567
-5414
-10546
-12634
-11642
-9065
-6398
-4218
-2564
-2113
-2631
-2245
-1028
-651
-64
2219
4145
4081
3404
2236
-595
-3985
-6367
-7754
-7788
-6297
-4425
-2562
-545
455
-362
-2107
-4004
-5631
-6200
-5611
-4378
-2422
-44
1786
3010
3878
4264
5013
6764
8330
9149
9907
10601
11301
12438
14366
17847
19958
14541
3501
-5363
-12327
-20230
-24712
-23596
-19391
-11426
-637
8434
15397
20227
19201
13546
8001
2282
-4276
-9244
-11895
-12179
-9741
-6821
-4875
-2924
-1921
-2627
-2630
-1556
-1216
-518
1639
3517
4206
4139
3079
846
-2372
-5726
-7452
-7419
-6861
-5398
-2970
-1302
-587
-250
-1114
-2646
-3658
-4929
-5856
-4746
-2919
-1582
181
1790
2484
3367
4641
6028
7963
9608
10111
10678
11618
11856
12307
14753
17753
16273
7989
-1951
-8738
-14807
-21205
-23209
-19888
-14375
-6406
3478
11428
16607
18966
16129
10066
5063
-6
-6338
-10659
-11680
-10927
-8701
-5739
-3570
-2381
-2121
-2319
-1727
-1081
-1147
-29
2334
3429
3468
3460
2068
-791
-3596
-6003
-7419
-7062
-6019
-4814
-2620
-484
-75
-734
-1633
-3235
-5092
-5872
-5359
-4178
-2461
-332
1562
2884
3891
4851
6113
7791
9118
9547
9723
10375
11207
11974
14072
17900
18442
11063
463
-6917
-13280
-20750
-24307
-21764
-16296
-8458
1515
10118
15988
19103
17205
11316
5914
1033
-5082
-9935
-11401
-10621
-8596
-6049
-4010
-2544
-2072
-2732
-2632
-1592
-1420
-864
1620
3583
3616
3380
2718
253
-3096
-5712
-7006
-7000
-6191
-4811
-2845
-983
77
141
-836
-2381
-4082
-5710
-6050
-4712
-3131
-1557
498
2179
3316
4539
5739
7334
9260
9905
9702
10451
11268
11371
12768
16196
18094
13860
4168
-4932
-11184
-17586
-22766
-22434
-17904
-11527
-2455
7256
13982
17777
18038
13464
7413
2643
-2781
-8435
-11093
-10892
-9481
-7092
-4543
-3013
-2615
-2872
-2840
-2101
-1509
-820
1029
2958
3569
3526
3000
1096
-1790
-4532
-6502
-7103
-6388
-5233
-3748
-1899
-788
-894
-1268
-1783
-3188
-4746
-5127
-4667
-3853
-2236
-363
1037
2604
4325
5857
8014
10073
10456
10293
10768
10871
10803
12173
15286
17603
14072
4425
-4377
-10043
-16768
-22687
-22762
-18557
-12144
-2933
6484
13553
18324
18680
13988
8445
3540
-2509
-8264
-11344
-11743
-10017
-7391
-5176
-3195
-2078
-2471
-2409
-1303
-1173
-1293
460
2645
3427
3518
3099
1352
-1389
-4142
-6129
-6821
-6461
-5608
-4189
-2239
-846
-873
-1641
-2359
-3356
-4406
-4454
-3688
-2830
-1495
221
1480
2605
3811
4862
6516
8692
9866
10257
11205
12247
12732
13947
16783
18104
13064
2891
-6028
-12375
-18851
-23434
-22873
-18268
-10873
-1412
7389
14152
18538
18109
13178
7889
3017
-2969
-8246
-10739
-10847
-9185
-6857
-5078
-3520
-2510
-2921
-3058
-1818
-1122
-824
1147
3355
3791
3620
3053
704
-2410
-4847
-6779
-7311
-5988
-4597
-3446
-1567
-288
-571
-1118
-2039
-3978
-5443
-5554
-5009
-3712
-1755
-78
1454
3140
4409
5671
7601
9293
9977
10157
10369
10853
11458
12414
15279
18211
14692
4627
-4127
-9989
-16973
-22534
-22609
-18986
-12649
-3268
5896
12937
18199
18833
14087
8762
4245
-1794
-7772
-10857
-11280
-9754
-7202
-5065
-3317
-2134
-2387
-2646
-1648
-1234
-1398
204
2638
3599
3647
3186
1255
-1557
-4166
-6264
-6958
-6246
-5515
-4492
-2498
-1059
-1036
-1370
-1945
-3152
-4198
-4405
-3982
-3032
-1675
-270
1091
2586
4072
5453
7111
8959
10095
10361
10853
11910
12568
13434
16257
18122
13139
2742
-5871
-11983
-18575
-22889
-22062
-17881
-10950
-1494
7273
13832
18172
17923
13145
7863
3163
-2487
-7939
-10870
-10751
-8809
-6845
-5136
-3229
-2440
-3044
-2790
-1713
-1629
-1266
910
3065
3824
3912
3129
804
-2235
-4812
-6457
-6973
-6313
-4812
-3157
-1692
-448
-196
-1414
-2887
-4000
-5381
-6098
-4996
-3220
-1540
481
2287
3519
4641
5588
6644
8237
9321
9598
10366
11438
11983
13414
16583
18089
13572
4134
-4933
-11799
-17974
-22217
-22138
-18126
-11153
-2060
6822
13814
17994
17550
13111
7974
3071
-2443
-7447
-10206
-10313
-8582
-6572
-4892
-3356
-2812
-3279
-3048
-2050
-1556
-929
809
2771
3890
3872
2778
821
-1941
-4901
-6704
-7091
-6672
-5335
-3330
-1657
-527
-132
-923
-2268
-3618
-5195
-5991
-5071
-3560
-2047
23
1960
3088
4113
5347
6700
8232
9347
9837
10465
11344
12020
13084
15752
18184
14925
4987
-4709
-10630
-16681
-22440
-22892
-18563
-12174
-3471
5886
13101
17729
18353
14090
8557
3987
-1421
-7191
-10529
-10799
-9110
-6956
-5325
-3764
-2634
-2963
-3269
-2308
-1747
-1610
171
2720
3904
4055
3557
1665
-1282
-4229
-6470
-7334
-6898
-5855
-4289
-2311
-776
-315
-845
-1828
-2803
-3992
-5156
-5157
-4009
-2626
-925
1087
2571
3649
5013
6606
8266
9692
10216
10135
10591
11590
12602
14693
17765
16671
8025
-2367
-8948
-14851
-21301
-23244
-20093
-14695
-6372
3557
11131
16335
18744
15665
9777
5214
313
-5751
-9735
-10612
-9583
-7448
-5454
-3968
-2775
-2864
-3559
-2852
-1822
-1630
-267
2401
3956
4309
4135
2462
-646
-3819
-6430
-7855
-7499
-6097
-4422
-2420
-651
-26
-401
-1319
-2770
-4388
-5365
-5307
-4279
-2609
-842
869
2558
3680
4308
5697
7668
8765
9261
9959
10585
11324
12473
14333
17445
18296
11690
978
-6828
-13026
-20046
-23627
-21854
-17166
-9443
521
9072
15381
18910
17133
11876
7178
2221
-4012
-8777
-10592
-10246
-8290
-5987
-4473
-3345
-2816
-3275
-3262
-2297
-1838
-1247
1059
3540
4344
4199
3257
717
-2452
-5018
-6900
-7480
-6546
-5205
-3599
-1496
-199
-314
-854
-1924
-3819
-5158
-5281
-4869
-3682
-1528
496
1950
3195
4248
5573
7494
8947
9427
9785
10367
11097
12075
13731
16790
18458
13053
2195
-6290
-11997
-18870
-23629
-22403
-17540
-10262
-515
8350
14650
18751
18119
12736
7417
2944
-3065
-8617
-10847
-10398
-8535
-6316
-4742
-3461
-2690
-3141
-3256
-2163
-1478
-981
962
3225
4132
4011
2940
646
-2232
-4961
-6803
-7103
-6401
-5379
-3789
-1814
-483
-320
-1070
-2484
-4092
-5026
-5049
-4542
-3297
-1294
364
1471
2942
4532
5845
7602
9496
10385
10627
11101
11670
12115
13635
16992
17922
11307
931
-6530
-12828
-19999
-23367
-21619
-17440
-9886
332
8867
15210
19175
17556
12235
7729
2720
-3930
-8871
-10698
-10399
-8479
-6369
-4874
-3349
-2719
-3339
-3035
-1790
-1411
-807
1326
3388
4213
4171
3019
556
-2517
-5369
-7136
-7428
-6705
-5171
-3078
-1286
-53
390
-701
-2460
-3531
-4736
-6023
-5470
-3648
-2188
-385
1776
3097
4251
5878
7059
7979
9211
9906
10080
10951
12117
13183
15811
18442
14929
4837
-4574
-10965
-17645
-22874
-22933
-19090
-12426
-2872
6413
13265
18028
18508
13913
8524
4021
-1577
-7195
-10284
-10620
-8950
-6713
-5241
-3938
-2881
-3188
-3420
-2143
-1167
-934
656
3082
4165
4035
3275
1326
-1745
-4813
-6867
-7531
-6965
-5596
-3846
-1915
-209
185
-1025
-2432
-3354
-4411
-5106
-4505
-3153
-1833
-480
905
2070
3060
4310
6145
8081
9552
10664
11387
11874
12683
13833
15800
17790
14533
4205
-5536
-10837
-16838
-22671
-22419
-18043
-12488
-3614
6230
12716
17038
18384
14200
8709
4960
-538
-7025
-9989
-10110
-9314
-7363
-5515
-4481
-3453
-3221
-3421
-2220
-1056
-1029
430
3090
4089
3932
3457
1351
-1790
-4315
-6242
-7216
-6665
-5359
-3801
-2013
-624
-190
-853
-2195
-3397
-4439
-5206
-4829
-3581
-2202
-523
1238
2599
3782
4824
6024
7885
9559
10391
11018
11605
12104
13241
15468
17287
14478
5438
-4162
-10485
-16723
-22243
-22410
-18740
-13402
-4347
5769
12422
16928
18740
14928
9231
5148
-310
-6808
-10147
-10574
-9741
-7622
-5543
-4254
-3127
-2924
-3194
-2205
-1229
-1049
554
3045
3969
4034
3723
1597
-1550
-4064
-6224
-7544
-6956
-5528
-4212
-2331
-437
-27
-835
-1768
-2765
-3865
-4611
-4650
-3789
-2240
-638
877
2391
3500
4511
6250
8186
9533
10516
11131
11548
12402
13590
15431
17039
13428
3665
-5225
-10919
-17200
-21868
-21190
-17641
-11895
-2644
6379
12616
17162
17749
13329
8412
4253
-1403
-6946
-9913
-10430
-8976
-6932
-5581
-4073
-2896
-3332
-3276
-1703
-1063
-818
1111
3024
3679
4113
3387
740
-2164
-4652
-6632
-7098
-6426
-5330
-3398
-1337
-114
242
-776
-2531
-3434
-4337
-5665
-5301
-3505
-2186
-528
1765
3112
4020
5452
6814
8229
9723
10240
10477
11545
12511
13785
16691
17763
12148
2138
-6527
-13102
-18994
-22424
-21599
-17176
-9807
-496
8231
14626
17970
17127
12774
7672
2854
-2489
-7543
-10190
-9877
-8133
-6476
-5005
-3717
-3349
-3615
-3102
-1882
-1082
-203
1707
3726
4579
4227
2834
306
-2802
-5552
-7212
-7448
-6622
-5067
-2883
-804
470
820
-165
-1946
-3153
-4254
-5611
-5497
-3998
-2950
-1641
757
2583
3533
4793
6288
7768
9281
10156
10364
10764
11298
12036
14152
16479
14341
6229
-2911
-9456
-15119
-19939
-20981
-18143
-12720
-4652
4238
11190
15738
16954
13950
9251
4963
34
-5250
-8809
-9984
-9110
-7203
-5699
-4496
-3311
-3096
-3219
-2195
-916
-282
921
2834
4035
4059
3155
1252
-1509
-4366
-6300
-6858
-6401
-5276
-3756
-2152
-587
215
-621
-2249
-3404
-4383
-5301
-5035
-3564
-1966
-484
1013
2255
3242
4351
5621
6916
8483
10133
11003
11419
12390
13553
15076
17079
15053
5946
-4115
-10317
-16174
-21537
-21570
-17678
-12592
-4494
4987
11682
15968
17565
14264
8860
4674
33
-5481
-9099
-9929
-8900
-7149
-5830
-4632
-3389
-3427
-3830
-2515
-1021
-579
892
3083
3673
3426
3035
1013
-1985
-4329
-6265
-7278
-6528
-5093
-3485
-1489
-189
44
-398
-1762
-3191
-3957
-5075
-5703
-4178
-2205
-1044
582
2289
3059
4022
5797
7539
9010
10048
10434
10842
11479
12287
14376
16903
15275
7660
-1454
-8551
-14787
-19900
-21299
-18958
-13810
-5778
3097
10294
15508
17457
14770
10014
5665
707
-4870
-8963
-10516
-9725
-7705
-5970
-4529
-3158
-2751
-2793
-1962
-998
-568
342
1827
2952
3520
3100
1321
-1110
-3673
-5889
-6670
-6248
-5674
-4455
-2348
-779
-236
-387
-1620
-3290
-4134
-4545
-4698
-3672
-1976
-651
661
2137
3318
4559
6129
7686
9299
10638
11020
11079
11568
12468
14510
16566
13588
4537
-4258
-10105
-16141
-20902
-20546
-16850
-11695
-3675
5446
12148
16097
16806
13449
8618
4356
-565
-5849
-9178
-9733
-8439
-6849
-5728
-4462
-3345
-3392
-3360
-2022
-791
-155
1203
3013
3988
3935
2818
632
-2085
-4822
-6800
-7355
-6856
-5470
-3195
-1274
-278
387
-111
-1960
-3201
-3900
-5194
-5410
-3781
-2290
-896
1223
2666
3299
4562
5963
7003
8509
9867
10231
10724
11937
13161
14991
17119
15126
6762
-3016
-10124
-16102
-20819
-21387
-18317
-12824
-4303
4943
11704
16115
17458
14272
9145
4594
-364
-5653
-9290
-10490
-9452
-7246
-5541
-4347
-3175
-2742
-2697
-1969
-1030
-214
1050
2467
3372
3663
2838
739
-1714
-4155
-6418
-7207
-6377
-5224
-3698
-1507
169
546
-74
-1388
-2866
-4247
-5521
-5791
-4676
-3131
-1315
814
2363
3540
4947
6063
7157
8808
9876
9783
9885
10560
11339
13166
16070
16332
10435
851
-7309
-13529
-19132
-21775
-19747
-14761
-7522
1704
10102
15503
17753
16108
11112
5726
968
-4208
-8740
-10585
-9886
-7977
-5909
-4263
-3113
-2591
-2740
-2569
-1462
-474
252
1794
3391
3701
3100
1763
-801
-3913
-6319
-7525
-7326
-5975
-4202
-2190
-151
1000
553
-1103
-2713
-3871
-5252
-6093
-5128
-3407
-1919
87
2124
3215
4348
5957
7148
8334
9751
10284
10330
11034
11936
13323
16070
16795
10806
857
-6844
-12720
-18773
-21751
-19951
-15503
-8451
877
9122
14832
17834
16393
11624
6841
1985
-3644
-8338
-10758
-10587
-8431
-6343
-5065
-3507
-2337
-2509
-2322
-1067
-354
69
1497
2928
3293
3022
1826
-727
-3548
-5608
-6765
-6904
-6028
-4264
-1966
-111
735
589
-742
-2694
-4260
-5509
-6155
-5333
-3576
-1713
306
2200
3583
4690
5676
6789
8105
8785
8831
9156
9543
9934
11506
14504
16666
14076
5894
-2972
-9389
-15632
-20635
-20626
-17227
-12200
-3735
5839
12426
16424
17203
13335
8118
3699
-1672
-6951
-9778
-10473
-9273
-6820
-5025
-3667
-2317
-2328
-2725
-1664
-688
-427
851
2489
3139
3417
2801
509
-2132
-4599
-6784
-7225
-6321
-5361
-3345
-948
-221
28
112
-1659
-3488
-3929
-4910
-5439
-3722
-2062
-1093
778
2237
2654
3869
5583
6805
8255
9485
9834
10429
11476
12238
13746
16307
15780
8522
-1420
-8475
-13991
-19425
-21112
-18134
-13334
-6410
2784
10445
14918
16826
14917
9915
5023
439
-4687
-8788
-10475
-9845
-7747
-5781
-4457
-3002
-2153
-2389
-1986
-703
9
656
1930
2882
3044
2406
749
-1449
-3654
-5689
-6545
-5809
-4704
-3324
-1156
374
521
273
-852
-3181
-4956
-5736
-6162
-5350
-3202
-1250
365
2167
3553
4361
5165
6291
7777
8978
9262
9392
9977
10426
11258
13848
16111
13047
4510
-3979
-9975
-15313
-19310
-19488
-16074
-10166
-2258
5976
12508
16051
15708
12156
7341
2425
-2184
-6388
-9713
-10510
-8557
-6356
-5020
-3469
-2126
-2033
-2218
-1596
-661
105
911
1977
3025
3039
1681
-184
-2280
-4741
-6370
-6311
-5475
-4260
-2353
-609
181
286
-518
-2173
-3497
-4361
-5198
-5112
-3782
-2199
-553
1173
2214
2826
3904
5142
6377
8094
9536
10002
10477
11417
12268
13853
16350
15575
8280
-1367
-8495
-14358
-19538
-20840
-17960
-13042
-5898
2947
10516
15303
16859
14517
9770
4884
53
-4788
-8581
-10320
-9694
-7687
-5919
-4511
-2961
-2149
-2365
-1964
-626
238
859
2117
3192
3120
2133
462
-1825
-4109
-5794
-6522
-6010
-4658
-2982
-1046
461
791
227
-974
-2684
-4204
-5170
-5644
-5062
-3286
-1586
-425
998
2433
3144
3899
5634
7675
9133
10087
10617
10688
10766
11314
12880
14809
13157
5627
-3134
-8890
-13853
-18507
-19002
-15541
-10966
-4355
4158
10864
14468
15550
13190
8290
3636
-581
-5187
-8831
-10098
-9266
-7441
-5770
-4272
-2613
-1753
-1834
-1189
172
731
1022
1989
2615
2182
1209
-190
-2241
-4420
-5772
-5951
-5352
-4194
-2473
-869
-17
357
81
-1342
-3051
-4115
-4759
-4931
-4143
-2669
-1234
-76
1124
2489
3812
5159
6831
8692
10068
10690
11090
11565
11717
12425
14626
14449
7751
-1442
-7825
-13276
-18526
-19630
-16814
-12660
-5978
2714
9648
14036
16031
14014
9273
4736
297
-4438
-8138
-9933
-9548
-7644
-6055
-4887
-3278
-2315
-2372
-1642
-225
424
1072
2267
2882
2681
1926
288
-1870
-3845
-5398
-6024
-5505
-4340
-2690
-835
285
389
-198
-1441
-2912
-3866
-4336
-4688
-4524
-3211
-1432
-420
437
2007
3270
4052
5588
7434
8612
9497
10147
10472
10955
11674
13390
15400
12769
4361
-3763
-9516
-15273
-18792
-18095
-15587
-10798
-2568
5481
11302
15433
15715
11805
7193
2761
-2143
-6175
-8961
-10409
-9261
-6839
-5332
-3884
-2261
-2000
-2129
-1096
-5
573
1367
2168
2566
2459
1393
-411
-2341
-4491
-6137
-6064
-4904
-3636
-1896
-181
445
398
-19
-1478
-3367
-4481
-5066
-5240
-4163
-2252
-784
382
1836
3056
3777
4556
5630
7046
8716
9981
10690
11309
11729
12732
15068
15033
8644
-515
-7314
-12826
-17892
-19370
-16889
-12668
-6357
1908
9220
13859
15569
13746
9294
4487
212
-3885
-7641
-9902
-9638
-7769
-6183
-4882
-3229
-2203
-2226
-1796
-389
799
1332
1883
2534
2396
1286
18
-1479
-3683
-5437
-5641
-5071
-4115
-2403
-854
-201
36
-379
-1904
-3654
-4774
-5171
-4823
-3810
-2193
-233
1175
1821
2610
3586
4294
5455
7533
9263
9914
10521
11545
12127
12970
15101
14857
8312
-809
-7523
-13066
-17910
-18915
-16478
-12592
-6093
2269
9092
13597
15481
13442
9065
4775
340
-4075
-7404
-9516
-9638
-7689
-5875
-4786
-3198
-2128
-2218
-1549
-88
578
1068
1998
2379
2097
1406
-31
-1854
-3558
-5078
-5617
-4865
-3766
-2467
-890
-88
-84
-180
-1146
-2815
-3603
-3928
-4696
-4648
-3393
-2308
-1446
-111
1278
2399
3670
5244
7007
8667
9704
10106
10044
9599
9587
11105
13405
13364
8587
935
-5765
-10794
-15094
-17272
-15872
-12042
-6596
646
7871
12583
14208
12889
9241
4893
717
-3487
-7166
-9287
-9424
-7875
-5905
-4466
-3041
-1745
-1517
-1419
-367
445
594
1284
2104
1909
1203
305
-1292
-3166
-4589
-5315
-5023
-3961
-2828
-1635
-532
-151
-396
-1015
-2134
-3096
-3413
-3737
-3990
-3349
-2255
-1436
-518
782
2148
3473
4977
6782
8542
9644
10120
10519
10739
10736
11867
14171
13511
7104
-1050
-7051
-12321
-16831
-17603
-15217
-11478
-5354
2332
8552
12674
14400
12466
8305
4226
104
-4082
-7412
-9394
-9302
-7404
-5683
-4450
-2836
-1875
-2017
-1520
-141
668
1001
1597
2085
1928
1135
-92
-1701
-3544
-4871
-5050
-4464
-3522
-2186
-921
-372
-323
-520
-1387
-2888
-4123
-4615
-4655
-4048
-2596
-1206
-449
483
1672
2412
3310
4931
6626
8246
9744
10477
10909
11631
12108
13323
15070
12189
3397
-4557
-9437
-14714
-18247
-16935
-13685
-9303
-1839
5858
10864
13956
14069
10502
6270
2535
-1725
-5587
-8309
-9670
-8550
-6288
-5122
-3932
-2408
-2334
-2418
-1008
127
499
1404
2075
2022
1959
1141
-637
-2157
-3705
-5234
-5106
-3881
-3075
-1888
-387
-8
-174
-318
-1452
-3230
-4589
-5585
-5658
-4303
-2690
-1381
123
1383
2176
3234
4421
5436
6817
8287
9045
9415
9769
9817
10122
11957
14229
12692
5816
-2013
-7744
-12831
-16638
-16643
-13838
-9683
-3311
4059
9574
12816
13503
10762
6320
2400
-1323
-5166
-8022
-9117
-8408
-6673
-5119
-3853
-2654
-2222
-2227
-1407
-208
361
857
1621
2008
1882
1275
-1
-1610
-3281
-4797
-5184
-4380
-3395
-2148
-602
-12
-373
-633
-1306
-2689
-3635
-3990
-4244
-3743
-2508
-1618
-943
71
1065
1909
2950
4352
6267
8331
9670
10177
10418
10496
10625
11926
14214
13636
7226
-1406
-7649
-12432
-16438
-17100
-14749
-11127
-5033
2811
8877
12512
13932
11765
7366
3487
-254
-4366
-7575
-9254
-9019
-7034
-5231
-4147
-2821
-2148
-2384
-1650
-278
120
593
1726
2166
2078
2016
874
-1203
-2862
-4215
-5197
-4800
-3480
-2266
-1035
54
518
580
76
-1331
-2850
-4060
-5226
-5472
-4473
-3497
-2517
-762
988
2283
3674
4893
5776
6843
7825
8400
8847
9063
9116
9718
11637
14195
13450
6849
-1366
-7222
-12349
-16382
-16551
-14102
-10222
-3635
3657
8934
12629
13536
10357
6103
2538
-1530
-5298
-7736
-9073
-8334
-6037
-4566
-3512
-1921
-1368
-1768
-1296
-464
-131
373
1120
1682
1997
1603
417
-1077
-2860
-4463
-4846
-4262
-3527
-2282
-622
163
26
-92
-697
-2159
-3242
-3722
-4344
-4366
-3323
-2337
-1413
81
1412
2337
3589
5050
6452
7898
8973
9586
10122
10213
10056
11407
13941
13480
7480
-622
-6918
-12032
-16120
-16874
-14598
-10943
-5207
2015
7916
11706
13253
11335
7063
3088
-385
-4107
-7372
-8963
-8405
-6699
-5201
-3757
-2200
-1692
-2009
-1562
-631
-218
229
1164
1913
2075
1757
896
-584
-2486
-4072
-4635
-4372
-3711
-2561
-1134
-104
376
391
-391
-1812
-3154
-4354
-5327
-5211
-4031
-2770
-1466
186
1645
2574
3357
4227
5284
6540
7747
8731
9350
9587
9819
10529
12462
14611
12486
4724
-3250
-8469
-13133
-16446
-16084
-13405
-9131
-2514
4356
9413
12573
12586
9232
5282
1904
-1699
-5144
-7712
-8756
-7675
-5756
-4478
-3217
-1981
-1866
-1996
-1216
-434
-100
451
1220
1859
2163
1668
402
-1222
-3040
-4332
-4384
-3839
-3222
-1997
-638
-199
-284
-494
-1539
-2932
-3589
-4074
-4516
-3795
-2410
-1454
-275
1184
1869
2110
2688
3570
4936
6703
8136
9160
10057
10675
11053
12112
14181
14149
8283
-755
-7354
-11831
-15917
-17098
-14852
-11295
-5569
1988
7719
11030
12651
10779
6434
3083
207
-3576
-6652
-8124
-8152
-6537
-4674
-3764
-2787
-1968
-2179
-1896
-620
-22
261
1341
2211
2313
2040
1036
-605
-2280
-3814
-4489
-3987
-3201
-2248
-891
-83
-156
-396
-1083
-2401
-3392
-3829
-4115
-3865
-2891
-1895
-1419
-1244
-575
737
1732
2336
3503
5122
6796
8839
10468
10493
9882
9768
9793
10611
11966
9606
2127
-4859
-8476
-11772
-14456
-13690
-10997
-7620
-1935
4210
7864
9919
10331
7749
4448
2160
-979
-4721
-7097
-8094
-7572
-5740
-4439
-3611
-2283
-1745
-1838
-754
393
330
672
1705
1954
1664
1249
129
-1330
-2638
-3831
-4165
-3633
-3139
-2370
-1194
-720
-744
-620
-1337
-2843
-3688
-4026
-4277
-3575
-2145
-1003
-57
970
1915
2806
3635
4717
6327
7705
8584
9653
10543
10552
10793
12480
13818
11084
3883
-3681
-9178
-13470
-15886
-15346
-12902
-8603
-2153
3978
8259
11247
11596
8624
4989
1947
-1435
-4714
-7087
-8138
-7248
-5502
-4426
-3456
-2420
-2198
-2068
-1190
-299
374
1144
1817
2340
2501
1756
380
-1240
-3041
-4238
-4381
-4089
-3384
-2171
-1238
-758
-377
-617
-1763
-2978
-3760
-4145
-4016
-3363
-2391
-1349
-350
726
1813
2631
3337
4352
5801
7469
8850
9687
10393
11021
11325
12396
14188
12423
4938
-3354
-8806
-13326
-16650
-16302
-13466
-9378
-3045
3794
8540
11573
12295
9413
5378
2271
-1177
-4817
-7117
-8098
-7584
-5754
-4353
-3524
-2403
-2094
-2492
-1575
-105
292
837
2136
2737
2508
1964
689
-1050
-2674
-4150
-4742
-4011
-2971
-2111
-1162
-568
-604
-958
-1766
-3013
-4100
-4688
-4624
-3745
-2421
-1116
132
1266
2240
2975
3301
3752
5028
6639
7969
9127
9936
10142
10154
10908
12765
13066
8177
181
-5997
-10474
-14350
-15310
-13516
-10882
-5946
904
5995
9224
11379
10085
6188
3310
767
-2818
-5654
-6997
-7349
-6281
-4692
-3778
-2907
-2314
-2557
-2147
-758
-11
476
1645
2431
2457
2288
1386
-342
-2006
-3501
-4546
-4380
-3569
-2660
-1312
-104
195
-17
-641
-1897
-3255
-4480
-5456
-5389
-4301
-2977
-1421
346
1658
2507
3221
3704
4391
5628
6812
7692
8465
8674
8295
8275
9181
11082
12374
9422
2258
-4121
-7965
-11630
-14250
-13655
-11144
-7290
-1369
4357
7974
10140
9954
6894
3677
1309
-1741
-4902
-6686
-6955
-5832
-4208
-3287
-2557
-1872
-2094
-2162
-1177
-607
-604
278
1539
2089
2245
1936
713
-939
-2449
-3587
-4083
-3938
-3435
-2629
-1728
-1089
-847
-1172
-1941
-2597
-3108
-3745
-3936
-3270
-2438
-1701
-501
870
1769
2544
3660
5091
6736
8240
9155
9594
9781
9687
9842
11208
12815
10917
4073
-3416
-8266
-12278
-15597
-15517
-12633
-8682
-2940
3589
8189
10687
11129
8618
4822
1921
-892
-4329
-6880
-7459
-6615
-5328
-4060
-2897
-2281
-2443
-2442
-1697
-863
-201
681
1752
2583
2774
2253
1195
-453
-2490
-3932
-4365
-4289
-3812
-2846
-1906
-1347
-1054
-1189
-1783
-2509
-3114
-3458
-3324
-2722
-1921
-1082
-237
588
1340
2029
2852
4143
5863
7600
9016
9963
10442
10580
10654
11506
12773
10909
4048
-3572
-8459
-12356
-15340
-15004
-12379
-8769
-3000
3301
7430
10008
10734
8233
4831
2536
-232
-3557
-5754
-6704
-6461
-5255
-4389
-3743
-2822
-2714
-2844
-1632
-412
-215
635
2131
2712
2767
2586
1306
-553
-2131
-3661
-4552
-4124
-3359
-2706
-1658
-903
-1056
-1351
-1735
-2621
-3363
-3658
-3785
-3212
-1942
-975
-255
717
1389
1600
2032
2864
3974
5485
7256
8737
9475
9614
9698
10019
10976
12022
9971
3399
-3579
-7935
-11505
-14246
-13821
-11192
-7629
-2261
3323
6795
8955
9519
7099
3985
2086
-408
-3591
-5525
-6181
-5925
-4789
-3928
-3532
-2902
-2739
-2816
-1741
-420
74
900
2135
2622
2536
1956
521
-1026
-2385
-3837
-4446
-3902
-3365
-2831
-1875
-1215
-1166
-1565
-2511
-3299
-3329
-3258
-3091
-2154
-984
-182
577
1186
1495
1952
2543
3415
5114
7096
8464
9406
10121
10271
10437
11427
12155
10023
4050
-3159
-8439
-11665
-13726
-13889
-11609
-7624
-2557
2757
6888
9180
9357
7306
4464
2182
-182
-2987
-5109
-5961
-5704
-4747
-3928
-3426
-2857
-2639
-2678
-1934
-815
-223
547
1806
2532
2556
2214
1192
-313
-1825
-3293
-4130
-3988
-3701
-3321
-2279
-1360
-1186
-1141
-1390
-2283
-2896
-2989
-3092
-2725
-1826
-1182
-497
532
1079
1247
1907
2852
3965
5719
7639
8956
9810
10289
10252
10284
11209
11750
8725
1891
-4584
-8622
-11980
-14048
-12985
-10246
-6725
-1360
3931
6989
8944
9288
6618
3660
2131
-304
-3560
-5294
-5716
-5538
-4690
-4063
-3764
-3199
-3020
-2903
-1783
-654
-63
1161
2476
2772
2689
2133
541
-1046
-2243
-3596
-4186
-3725
-3439
-3004
-1872
-1273
-1354
-1199
-1514
-2547
-3009
-2982
-3084
-2608
-1633
-993
-161
861
1172
1310
1895
2412
3238
5009
6952
8462
9537
9939
9891
9996
10561
11137
9278
3420
-3197
-7609
-11031
-13319
-12760
-10619
-7579
-2450
2825
6061
8386
9223
7046
4258
2558
210
-2730
-4606
-5434
-5404
-4621
-4031
-3621
-3088
-3104
-3106
-2039
-899
-310
735
2007
2576
2741
2538
1376
-337
-1904
-3263
-4125
-4195
-3789
-3008
-1936
-1185
-930
-892
-1167
-1692
-2177
-2751
-3190
-2936
-2313
-1752
-934
12
632
1144
1687
2130
2917
4269
5750
7210
8368
8646
8417
8381
8519
9254
10322
8816
3372
-2636
-6610
-9706
-12192
-12549
-10611
-7075
-2366
2440
6266
8634
8884
7032
4415
2004
-414
-3074
-5250
-5761
-4835
-4032
-3666
-3066
-2738
-2996
-2709
-1652
-841
-330
495
1566
2399
2632
2144
1042
-510
-2123
-3331
-4075
-4233
-3731
-2950
-2017
-995
-488
-670
-1038
-1683
-2626
-3149
-3151
-2906
-2221
-1315
-648
-9
555
717
933
1626
2587
3920
5701
7308
8200
8390
8147
7849
7793
8401
9495
8757
4381
-1202
-5085
-8120
-10897
-11660
-10239
-7617
-3449
1380
4920
7269
8390
7119
4626
2713
539
-2331
-4425
-5181
-5007
-4319
-3796
-3380
-2830
-2769
-2749
-1865
-1096
-823
235
1609
2108
2399
2442
1273
-431
-1889
-3365
-4257
-4039
-3494
-2827
-1695
-726
-481
-672
-1081
-1822
-2710
-3225
-3157
-2759
-2161
-1370
-580
172
879
1395
1900
2520
2981
3591
4772
5993
6921
7572
7636
7412
7561
8082
8917
8791
5283
-359
-4551
-7552
-10381
-11159
-9808
-7643
-3665
1297
4565
6739
8119
6742
4013
2333
304
-2459
-4043
-4666
-4891
-4178
-3412
-3217
-2792
-2531
-2635
-1969
-989
-543
282
1471
2049
2264
2066
858
-618
-1838
-3193
-3948
-3589
-3066
-2470
-1350
-516
-388
-415
-711
-1433
-2158
-2792
-3137
-2903
-2478
-1933
-970
-10
606
1200
1658
1816
2037
2322
2897
4169
5399
5887
6148
6333
6335
6771
7771
8808
8952
6262
1024
-3352
-6160
-9127
-10778
-9649
-7429
-4186
516
4138
5906
7142
6583
4019
2099
518
-2119
-3935
-4135
-4118
-3620
-2581
-2235
-2202
-2000
-2182
-2016
-1203
-963
-741
422
1278
1355
1468
1041
-210
-1294
-2195
-3126
-3378
-3092
-2852
-2229
-1227
-605
-394
-362
-702
-1469
-2365
-2918
-2939
-2675
-2147
-1110
86
909
1407
1759
1933
2082
2415
3019
3886
4807
5532
5882
6082
6619
7383
8168
9224
9133
5680
347
-3687
-6745
-9564
-10401
-9175
-7106
-3566
915
4067
6006
7222
6313
3916
2051
199
-2209
-3872
-4439
-4360
-3613
-2799
-2369
-2004
-1941
-2234
-1970
-1318
-1090
-673
261
900
1143
1224
667
-501
-1577
-2501
-3307
-3481
-3007
-2403
-1620
-573
66
-29
-302
-648
-1472
-2382
-2763
-2748
-2502
-1786
-835
-62
591
1102
1287
1397
1703
2084
2623
3601
4793
5612
5937
6101
6292
6496
7049
8064
8196
5790
1495
-2389
-5084
-7269
-8721
-8548
-6747
-3822
-211
3131
5253
6098
5665
3902
1905
473
-1204
-3088
-3820
-3435
-2990
-2545
-2128
-2143
-2317
-2319
-2213
-1832
-1380
-1123
-412
747
1223
973
612
-263
-1571
-2428
-2949
-3297
-2956
-2185
-1432
-464
302
169
-380
-999
-2003
-2899
-3086
-2849
-2320
-1445
-571
243
951
1178
1133
1285
1443
1677
2510
3675
4692
5581
6042
6019
6271
6908
7562
8384
8262
5397
1062
-2321
-5191
-7972
-9087
-8409
-6779
-3701
114
2842
4734
6001
5418
3759
2515
937
-1206
-2619
-3250
-3451
-3036
-2699
-2768
-2606
-2521
-2723
-2420
-1909
-1665
-914
144
643
979
1180
587
-303
-1031
-1984
-2748
-2821
-2554
-1940
-950
-275
-43
36
-248
-805
-1384
-2086
-2623
-2639
-2402
-1986
-1204
-450
26
466
826
1048
1362
1759
2297
3223
4264
4962
5322
5423
5251
5260
5740
6496
7349
7367
5160
1390
-1850
-4378
-6796
-8068
-7570
-5963
-3329
87
2958
4775
5676
5080
3424
1925
354
-1568
-2897
-3357
-3437
-3114
-2651
-2469
-2363
-2426
-2742
-2613
-2091
-1884
-1488
-408
553
975
1148
851
10
-1004
-2083
-2884
-2994
-2694
-2143
-1127
-86
323
225
-127
-943
-2058
-2848
-3066
-2964
-2680
-2064
-1194
-314
551
1274
1741
2164
2634
3086
3791
4800
5539
5756
5805
6002
6285
6646
7414
8109
6631
2497
-1457
-3932
-6477
-8587
-8475
-6912
-4641
-1176
2213
4284
5618
5855
4406
2723
1498
-296
-2309
-3317
-3408
-3235
-3069
-2897
-2674
-2779
-3139
-2873
-2192
-1949
-1563
-433
633
1173
1441
1230
483
-419
-1398
-2260
-2628
-2587
-2301
-1640
-818
-314
-251
-514
-990
-1615
-2367
-2940
-2979
-2694
-2335
-1701
-766
77
693
1235
1708
1991
2302
3086
4188
5090
5669
6032
6049
5806
5711
5968
6674
7133
5600
2083
-1118
-3494
-6072
-7865
-7653
-6259
-4064
-866
2172
4249
5502
5393
4015
2604
1157
-795
-2422
-3206
-3497
-3331
-2910
-2612
-2419
-2487
-2771
-2589
-2126
-2025
-1600
-449
500
941
1324
1314
553
-497
-1444
-2156
-2472
-2350
-1840
-1121
-517
-220
-261
-556
-1030
-1826
-2863
-3422
-3218
-2773
-2242
-1351
-318
395
850
1248
1514
1576
1718
2224
3044
3959
4743
5169
5185
5059
5020
5133
5562
6311
6656
5503
2818
-128
-2710
-5124
-6711
-6778
-5763
-3914
-1118
1725
3695
4819
4859
3664
2145
723
-1036
-2679
-3413
-3497
-3347
-2903
-2424
-2280
-2341
-2354
-2296
-2155
-1880
-1408
-617
348
1002
1185
1123
660
-420
-1536
-2182
-2585
-2697
-2253
-1604
-1049
-547
-419
-818
-1420
-2127
-2815
-3074
-2877
-2487
-1769
-763
120
782
1338
1764
2110
2429
2731
3310
4135
4777
5225
5554
5531
5367
5506
6039
6767
6470
3952
594
-1721
-3802
-5989
-6698
-6031
-4887
-2613
356
2535
4005
4708
3904
2688
1912
471
-1415
-2495
-3010
-3247
-2950
-2701
-2763
-2697
-2693
-2670
-2154
-1715
-1568
-807
334
888
1145
1367
951
17
-876
-1737
-2445
-2688
-2587
-2161
-1338
-734
-660
-689
-930
-1692
-2419
-2721
-2852
-2646
-2009
-1282
-332
741
1145
1163
1494
1610
1400
1699
2494
3426
4439
5084
5295
5507
5437
5123
5385
5912
5808
4829
2743
102
-1974
-3763
-5498
-6005
-5175
-3878
-1861
647
2402
3392
3883
3329
2174
1089
-363
-1889
-2586
-2811
-2970
-2732
-2400
-2399
-2364
-2271
-2252
-2052
-1744
-1391
-650
198
635
915
1000
532
-170
-887
-1768
-2370
-2413
-2310
-1981
-1327
-978
-932
-745
-1034
-1988
-2475
-2321
-2268
-2013
-1245
-529
104
802
1053
1002
1279
1561
1680
2351
3521
4361
4848
5192
5230
5087
5003
5003
5395
6043
5564
3362
779
-1311
-3431
-5310
-6019
-5619
-4427
-2415
-143
1737
3284
4075
3545
2543
1717
435
-1224
-2279
-2737
-2971
-2836
-2512
-2382
-2298
-2203
-2151
-1910
-1617
-1405
-855
-95
337
629
888
633
-93
-907
-1783
-2434
-2566
-2474
-2161
-1479
-933
-727
-503
-573
-1287
-1993
-2259
-2386
-2298
-1752
-1016
-365
322
961
1266
1413
1702
2046
2455
3239
4094
4413
4527
4806
4823
4662
5004
5715
6101
5724
4177
1711
-687
-2741
-4623
-5727
-5656
-4619
-2669
-418
1350
2768
3731
3524
2618
1786
530
-1024
-1937
-2379
-2718
-2586
-2303
-2344
-2309
-2212
-2389
-2388
-2081
-1891
-1470
-530
252
625
898
829
150
-815
-1775
-2458
-2722
-2773
-2676
-2197
-1548
-1232
-1177
-1190
-1396
-1763
-1989
-1982
-1828
-1502
-952
-230
500
1146
1657
1984
2286
2885
3676
4270
4733
5129
5283
5500
5971
6229
6397
6652
5635
2883
211
-1836
-4149
-5851
-5984
-5322
-3923
-1603
512
2074
3465
3841
3139
2482
1571
34
-1096
-1715
-2379
-2669
-2593
-2724
-2819
-2866
-3099
-2976
-2477
-2149
-1538
-454
244
617
1069
1109
583
-72
-854
-1642
-2112
-2319
-2220
-1785
-1393
-1180
-947
-953
-1412
-1929
-2236
-2315
-2210
-2015
-1586
-783
-29
404
804
1110
1232
1429
1796
2277
2996
3759
4217
4509
4631
4421
4262
4482
4802
5235
5591
4788
2732
734
-914
-2815
-4353
-4864
-4679
-3619
-1655
160
1499
2748
3239
2667
2018
1333
32
-1221
-1847
-2264
-2520
-2451
-2399
-2534
-2618
-2553
-2407
-2198
-1926
-1405
-716
-101
411
674
474
-90
-892
-1852
-2555
-2849
-3013
-2961
-2493
-1933
-1545
-1214
-1076
-1251
-1443
-1490
-1515
-1446
-1150
-783
-339
297
938
1487
2356
3524
4321
4735
5133
5209
4921
4940
5240
5529
6084
6399
5388
3434
1338
-1133
-3635
-5162
-5706
-5484
-4112
-1891
207
1907
3135
3471
3026
2345
1406
116
-1009
-1600
-1969
-2253
-2202
-2113
-2363
-2604
-2616
-2703
-2764
-2424
-1823
-1107
-243
455
833
941
585
-161
-838
-1337
-1671
-1689
-1493
-1198
-772
-554
-787
-1046
-1250
-1726
-2203
-2321
-2236
-2037
-1528
-853
-303
141
505
693
738
803
995
1304
1774
2490
3241
3692
3790
3687
3429
3138
3108
3399
3821
4238
4470
4074
2829
1200
-278
-1665
-2920
-3433
-3136
-2508
-1416
65
1122
1650
2039
1918
1214
509
-344
-1478
-2109
-2208
-2370
-2316
-1937
-1804
-1856
-1809
-1844
-1906
-1886
-1851
-1551
-1061
-905
-918
-933
-1415
-2143
-2495
-2770
-3040
-2817
-2359
-1971
-1394
-905
-847
-810
-738
-888
-1007
-917
-671
-97
916
2150
3346
4208
4667
4918
4873
4532
4409
4681
5174
6058
7107
7259
5914
3684
1112
-1762
-4491
-6201
-6593
-5884
-4103
-1596
890
2946
4155
4091
3291
2353
946
-775
-1789
-2097
-2257
-2122
-1775
-1732
-1970
-2310
-2686
-2901
-2985
-2873
-2151
-1009
-119
615
1201
1098
508
-111
-873
-1583
-1810
-1746
-1470
-824
-286
-154
-40
-83
-628
-1217
-1612
-2014
-2242
-2136
-1831
-1261
-643
-344
-29
330
263
170
490
676
796
1320
1726
1834
2259
2617
2491
2511
2586
2271
2181
2459
2469
2560
3024
3205
3014
2730
2005
1028
278
-442
-1060
-1236
-1170
-915
-374
82
418
798
827
423
5
-519
-1108
-1425
-1711
-1991
-1896
-1766
-1913
-1989
-2043
-2274
-2414
-2588
-2888
-2799
-2453
-2355
-2115
-1639
-1579
-1690
-1646
-1808
-1982
-1788
-1641
-1520
-1039
-685
-559
-141
326
643
1294
2048
2381
2616
2903
3029
3297
3645
3914
4700
5935
6965
8064
8874
7938
5582
2973
-118
-3360
-5628
-6973
-7208
-5695
-3447
-1355
1080
3046
3477
3396
3251
2198
769
-179
-905
-1275
-1201
-1328
-1646
-1895
-2466
-3120
-3380
-3556
-3523
-2814
-1807
-792
299
980
1105
1021
489
-433
-1068
-1521
-1978
-1791
-1044
-565
-267
57
18
-376
-826
-1334
-1745
-1842
-1721
-1397
-905
-566
-415
-240
-91
-74
-100
-71
122
425
635
852
1188
1347
1299
1481
1799
1834
1781
1865
1858
1834
1945
2057
2149
2230
2104
1910
1880
1654
1095
724
660
564
441
339
181
77
-26
-236
-368
-396
-583
-770
-736
-820
-1178
-1547
-1899
-2268
-2479
-2553
-2583
-2529
-2433
-2358
-2217
-2119
-2225
-2345
-2310
-2250
-2202
-2112
-1988
-1800
-1559
-1316
-1046
-757
-545
-269
248
887
1472
1935
2171
2227
2281
2328
2331
2396
2685
3300
4275
5388
6512
7758
8745
8634
7085
4483
1421
-1564
-4120
-5962
-6657
-6001
-4437
-2485
-416
1321
2326
2686
2537
1967
1247
553
-77
-474
-696
-966
-1303
-1751
-2435
-3147
-3605
-3791
-3648
-3112
-2271
-1252
-231
543
945
957
554
-136
-828
-1356
-1689
-1698
-1314
-839
-641
-666
-750
-1027
-1488
-1885
-2078
-2016
-1746
-1439
-1051
-463
22
114
149
294
340
396
573
757
1089
1584
1937
2220
2508
2473
2215
2089
1871
1532
1473
1518
1441
1586
1844
1913
1991
1949
1468
988
672
156
-246
-222
-269
-341
11
252
171
233
181
-241
-579
-945
-1623
-2032
-2129
-2396
-2456
-2083
-1903
-1897
-1733
-1743
-1934
-1992
-2150
-2446
-2486
-2459
-2500
-2358
-2191
-2176
-2043
-1833
-1706
-1417
-986
-630
-96
655
1296
1848
2248
2185
2030
2201
2228
2067
2383
3053
3636
4512
5693
6636
7469
8105
7622
5987
3982
1475
-1407
-3540
-4746
-5407
-4979
-3452
-1843
-318
1261
2126
2170
2069
1663
807
131
-300
-762
-974
-968
-1200
-1605
-1978
-2484
-3016
-3263
-3232
-2953
-2365
-1595
-733
45
458
514
369
-50
-713
-1285
-1659
-1875
-1782
-1516
-1429
-1381
-1266
-1447
-1817
-1977
-2132
-2328
-2078
-1537
-1134
-610
30
348
538
856
957
934
1222
1591
1857
2273
2711
2900
3030
3094
2818
2329
1951
1667
1378
1236
1385
1639
1732
1707
1570
1162
599
170
-166
-487
-495
-240
-51
176
521
596
440
324
-71
-789
-1281
-1625
-2202
-2554
-2474
-2461
-2456
-2166
-1936
-1910
-1782
-1685
-1748
-1756
-1779
-1938
-1986
-1943
-2064
-2210
-2213
-2184
-2168
-2077
-1867
-1479
-992
-450
315
1156
1740
2110
2354
2341
2222
2228
2269
2456
3011
3636
4292
5265
6259
6897
7322
7179
5924
4060
2026
-315
-2382
-3563
-4178
-4041
-2879
-1545
-384
947
1866
1983
1944
1670
848
127
-346
-979
-1355
-1376
-1662
-1976
-2059
-2375
-2735
-2724
-2697
-2606
-2041
-1346
-814
-238
159
165
26
-337
-981
-1462
-1738
-2013
-2043
-1807
-1696
-1711
-1672
-1698
-1830
-1975
-2178
-2260
-2025
-1690
-1364
-810
-107
388
752
1102
1270
1281
1391
1633
1927
2295
2663
2930
3108
3107
2825
2481
2230
1931
1612
1545
1621
1528
1332
1149
859
475
164
-87
-239
-229
-165
-29
212
333
332
417
370
2
-422
-836
-1267
-1586
-1857
-2040
-1934
-1806
-1870
-1729
-1548
-1737
-1900
-1820
-1901
-1985
-1874
-1908
-1938
-1789
-1891
-2128
-2058
-2075
-2236
-2042
-1740
-1652
-1339
-811
-414
86
672
1018
1237
1407
1398
1505
1857
2139
2509
3199
3846
4263
4689
5129
5476
5712
5630
5092
4238
3008
1366
-184
-1262
-2048
-2432
-2046
-1201
-387
503
1419
1825
1806
1592
954
172
-342
-956
-1588
-1634
-1543
-1822
-1915
-1819
-2135
-2431
-2362
-2394
-2371
-1935
-1502
-1146
-598
-293
-428
-558
-837
-1544
-2160
-2406
-2552
-2546
-2244
-1849
-1525
-1320
-1352
-1522
-1645
-1761
-1833
-1664
-1261
-802
-319
195
651
1004
1308
1593
1866
2139
2402
2633
2856
3052
3137
3087
2964
2760
2485
2329
2249
2044
1860
1786
1512
1052
719
466
189
17
-56
-72
102
260
260
319
374
185
-99
-350
-692
-1035
-1274
-1477
-1582
-1633
-1728
-1744
-1768
-1957
-2043
-1983
-1989
-1935
-1808
-1809
-1762
-1686
-1923
-2182
-2227
-2386
-2545
-2391
-2246
-2186
-1896
-1604
-1462
-1164
-793
-499
19
631
966
1218
1516
1609
1535
1555
1705
1933
2270
2668
3164
3782
4366
4746
5063
5384
5320
4647
3658
2525
1179
-72
-937
-1408
-1390
-947
-355
329
986
1283
1352
1377
1042
378
-179
-637
-1105
-1402
-1566
-1672
-1661
-1710
-1901
-2002
-2062
-2221
-2249
-2099
-1890
-1600
-1276
-1024
-836
-860
-1137
-1394
-1674
-2109
-2391
-2409
-2417
-2342
-2164
-2084
-1906
-1603
-1535
-1453
-1069
-835
-740
-397
-73
123
558
1023
1296
1738
2173
2297
2514
2808
2740
2705
2937
2949
2797
2860
2863
2711
2656
2476
2112
1829
1435
856
477
302
121
127
342
498
548
511
363
186
-60
-388
-543
-604
-823
-1022
-1139
-1357
-1576
-1728
-1889
-1902
-1837
-1937
-1930
-1685
-1669
-1806
-1766
-1769
-1922
-1986
-2049
-2182
-2183
-2180
-2269
-2178
-2017
-1998
-1880
-1611
-1430
-1221
-776
-282
210
752
1202
1427
1479
1413
1331
1348
1435
1652
2097
2653
3105
3527
3995
4360
4544
4621
4616
4367
3749
2882
2050
1295
443
-296
-576
-495
-350
-125
263
698
1007
1090
994
808
444
-165
-744
-1140
-1532
-1902
-1986
-1885
-1873
-1912
-1878
-1857
-1898
-1984
-2082
-2030
-1878
-1895
-1989
-1878
-1806
-1992
-2132
-2134
-2232
-2333
-2287
-2206
-2089
-1918
-1808
-1659
-1364
-1197
-1102
-753
-287
64
494
1075
1559
1905
2118
2217
2296
2352
2315
2322
2512
2743
2915
3100
3295
3385
3322
3189
2983
2594
2083
1595
1162
786
499
331
365
536
561
470
500
510
280
26
-136
-359
-616
-884
-1167
-1378
-1550
-1799
-1956
-1941
-1981
-2126
-2140
-2048
-2055
-2107
-2037
-1872
-1790
-1809
-1822
-1865
-2010
-2163
-2290
-2363
-2323
-2233
-2143
-1936
-1689
-1542
-1274
-791
-363
27
597
1118
1293
1318
1392
1409
1393
1467
1633
1952
2377
2621
2772
3121
3384
3353
3417
3591
3446
3137
2936
2612
2183
1821
1373
988
804
430
17
32
40
-157
15
310
263
235
223
-108
-416
-722
-1316
-1644
-1718
-2122
-2378
-2196
-2308
-2559
-2404
-2347
-2431
-2234
-2166
-2217
-1939
-1883
-2177
-2076
-1934
-2184
-2179
-1964
-2092
-2078
-1817
-1789
-1604
-1061
-718
-331
367
763
882
1134
1141
919
1053
1252
1275
1613
2153
2494
2816
3134
3239
3351
3419
3152
2880
2839
2648
2318
2180
2100
1920
1728
1462
1096
781
472
151
8
-18
-79
-31
138
158
-23
-207
-422
-803
-1268
-1706
-2075
-2286
-2475
-2677
-2685
-2534
-2437
-2319
-2110
-1995
-1936
-1830
-1814
-1903
-1960
-2011
-2063
-2043
-2043
-2051
-1883
-1692
-1641
-1466
-1100
-767
-427
24
456
739
897
942
1005
1108
1105
1164
1518
1948
2196
2442
2795
3053
3093
3014
2967
2944
2786
2505
2331
2310
2201
1962
1872
1879
1658
1205
751
281
-341
-987
-1323
-1145
-744
-414
-24
455
638
293
-329
-960
-1571
-2200
-2807
-3135
-3133
-3017
-2846
-2486
-2080
-1814
-1611
-1517
-1611
-1761
-1820
-1840
-1770
-1650
-1559
-1383
-1187
-1180
-1221
-1067
-854
-652
-346
-18
252
500
653
688
758
903
1074
1349
1698
1978
2243
2504
2609
2604
2651
2669
2584
2520
2469
2314
2083
1859
1677
1548
1403
1236
1165
1099
841
524
353
290
212
104
69
94
28
-242
-517
-682
-899
-1187
-1437
-1597
-1711
-1821
-1929
-1907
-1759
-1697
-1688
-1581
-1528
-1605
-1637
-1610
-1588
-1504
-1425
-1383
-1255
-1133
-1172
-1167
-1028
-957
-872
-604
-305
-55
214
383
407
440
433
368
476
715
920
1214
1595
1854
1999
2156
2185
2039
1908
1739
1515
1433
1392
1308
1385
1537
1447
1278
1212
1018
738
576
427
319
340
270
120
149
172
-3
-114
-191
-403
-599
-765
-1043
-1227
-1263
-1367
-1436
-1353
-1309
-1315
-1233
-1239
-1307
-1278
-1289
-1424
-1452
-1412
-1436
-1406
-1303
-1222
-1142
-1016
-948
-862
-688
-503
-319
-92
128
272
390
453
418
360
351
391
454
592
831
1150
1442
1640
1783
1894
1894
1733
1550
1416
1249
1083
995
964
956
953
935
899
848
740
581
463
350
205
126
157
161
93
52
47
-19
-173
-353
-515
-650
-796
-989
-1107
-1095
-1117
-1149
-1079
-987
-957
-933
-932
-992
-1037
-1072
-1138
-1128
-1066
-1046
-978
-870
-865
-850
-758
-686
-652
-511
-306
-121
84
259
384
508
589
551
525
586
636
651
706
773
858
955
1055
1119
1179
1234
1189
1060
930
835
768
735
688
636
602
566
425
221
116
76
17
-28
-19
32
102
121
55
18
25
-63
-260
-418
-529
-668
-810
-912
-948
-896
-818
-798
-764
-671
-644
-678
-676
-668
-669
-651
-645
-673
-667
-647
-669
-666
-608
-565
-518
-416
-297
-184
-31
141
301
465
588
642
666
663
589
508
496
525
558
613
703
811
911
929
908
912
867
742
633
557
465
362
275
202
172
140
69
53
81
51
5
36
48
-6
-29
-49
-84
-122
-211
-300
-323
-357
-453
-495
-464
-521
-604
-614
-609
-602
-580
-574
-512
-398
-369
-388
-303
-219
-285
-356
-377
-425
-481
-531
-541
-413
-229
-143
-40
175
327
341
363
422
446
417
357
339
410
479
494
584
726
757
671
599
521
394
244
169
201
240
248
284
359
388
317
227
165
90
-40
-143
-151
-137
-141
-118
-31
24
12
-43
-92
-166
-279
-403
-473
-463
-457
-451
-379
-293
-252
-228
-219
-244
-254
-260
-285
-295
-282
-294
-272
-223
-208
-176
-123
-105
-101
-55
-21
-5
41
98
144
209
261
306
375
385
332
317
331
306
274
299
347
358
333
303
319
318
249
172
175
184
121
47
39
52
12
-46
-58
-39
-54
-108
-149
-114
-99
-175
-231
-211
-216
-268
-285
-264
-238
-222
-243
-230
-163
-137
-173
-166
-130
-150
-184
-200
-185
-166
-150
-141
-106
-49
-30
-2
63
96
96
119
146
140
155
153
153
168
179
175
184
201
201
221
268
286
298
339
342
315
285
236
162
93
29
-20
-20
-5
5
49
79
64
21
-7
-41
-96
-160
-189
-172
-168
-178
-167
-119
-102
-131
-157
-164
-200
-243
-274
-258
-207
-196
-186
-153
-117
-133
-175
-182
-186
-194
-173
-137
-88
-28
9
28
73
99
82
60
65
66
68
94
111
141
208
231
217
226
226
185
147
132
118
126
142
149
167
184
172
152
153
146
114
101
97
84
50
15
-36
-68
-92
-135
-150
-130
-120
-120
-100
-86
-79
-77
-91
-107
-89
-85
-119
-129
-130
-157
-189
-209
-235
-257
-268
-284
-270
-219
-177
-119
-32
43
82
96
86
59
23
-33
-53
-35
-16
6
46
87
120
138
140
136
143
137
109
118
142
149
158
170
186
205
195
142
98
95
67
36
49
93
128
146
123
114
121
61
-33
-65
-73
-117
-118
-105
-88
-50
-34
-54
-20
9
-30
-58
-64
-105
-150
-161
-170
-171
-157
-167
-165
-148
-176
-202
-168
-143
-143
-103
-42
-6
8
7
11
30
11
-42
-55
-39
-65
-85
-58
-29
-3
28
56
107
151
155
163
176
158
119
100
89
40
0
13
44
65
98
155
214
229
198
146
102
28
-59
-105
-100
-75
-55
-16
14
36
23
-20
-42
-57
-107
-131
-108
-97
-96
-65
-38
-37
-33
-60
-108
-159
-204
-253
-252
-203
-176
-117
-21
42
65
88
82
42
11
-33
-56
-37
-14
-10
37
89
100
103
107
93
74
72
66
82
113
134
149
175
172
155
138
113
81
57
37
36
59
75
80
78
76
62
42
7
-40
-61
-92
-125
-131
-117
-101
-71
-51
-32
-3
-11
-34
-67
-86
-108
-119
-125
-148
-129
-101
-89
-75
-59
-61
-77
-96
-107
-103
-74
-43
-1
57
81
78
70
50
23
-3
-30
-37
-15
7
13
57
103
105
100
96
85
72
48
24
47
89
92
91
111
105
67
26
4
-9
-7
-3
17
58
67
53
42
31
-27
-98
-142
-158
-172
-177
-147
-99
-59
-46
-48
-51
-69
-113
-165
-160
-145
-146
-113
-67
-30
-11
-4
-18
-30
-48
-82
-108
-98
-82
-69
-33
5
33
62
82
74
76
86
75
55
46
53
66
62
52
44
58
67
75
100
127
140
152
172
163
148
115
76
37
8
-12
-17
-7
4
15
25
36
24
-5
-37
-68
-106
-139
-162
-168
-156
-137
-110
-79
-65
-52
-56
-67
-74
-91
-103
-98
-73
-41
-20
-3
19
26
16
6
1
-22
-37
-43
-48
-30
-8
11
34
52
57
48
51
51
31
42
54
57
65
68
62
58
50
28
25
19
19
15
21
45
62
71
79
70
49
26
-5
-36
-63
-66
-66
-51
-36
-11
7
14
2
-20
-28
-64
-90
-100
-90
-84
-66
-52
-37
-34
-38
-38
-43
-37
-39
-23
0
40
64
82
98
88
78
43
10
-19
-35
-49
-44
-32
-15
15
37
50
57
54
42
32
26
24
23
30
38
37
37
35
26
16
9
1
8
28
25
28
46
40
27
16
5
-7
-11
-7
0
18
32
31
40
45
30
11
10
-12
-41
-49
-57
-48
-33
-18
-12
9
12
-13
-14
-1
-14
-11
12
26
39
58
63
62
72
49
17
4
-6
-31
-36
-30
-10
16
31
41
49
60
43
15
6
2
-15
-19
-6
10
32
42
37
37
30
18
2
4
5
3
3
20
37
46
45
45
43
17
-5
-29
-33
-30
-31
-12
2
15
13
7
12
7
-3
-23
-24
-17
-23
-30
-26
-7
-8
-15
-12
-8
-20
-29
-19
-3
11
30
46
45
40
23
12
4
-7
-14
-23
-10
1
-2
3
16
11
-5
-6
-12
-11
-8
-5
3
19
32
31
34
21
-5
-18
-21
-28
-32
-11
0
16
29
24
22
22
8
-17
-32
-41
-50
-47
-33
-28
-18
-6
-7
-16
-16
-20
-33
-35
-30
-32
-15
-14
-17
-16
-15
-27
-37
-39
-48
-42
-27
-18
-5
9
18
26
33
27
2
-4
-4
-15
-17
-6
12
27
40
43
42
32
7
-6
-6
0
4
14
31
53
55
44
42
38
17
-12
-19
-16
-13
-5
7
19
33
32
29
22
3
-26
-43
-46
-58
-60
-50
-40
-27
-18
-14
-19
-19
-34
-53
-55
-52
-52
-46
-45
-48
-44
-41
-41
-48
-46
-45
-47
-35
-29
-14
-1
3
11
9
3
-7
-11
-19
-20
-6
13
23
24
29
22
12
0
-20
-26
-16
-13
-7
19
30
37
43
36
24
18
10
-7
-5
0
2
14
27
35
39
31
23
11
1
-10
-20
-12
-10
-2
12
17
28
21
1
-4
-9
-17
-28
-26
-25
-35
-33
-36
-41
-49
-52
-40
-30
-21
-24
-16
-7
-3
-6
-3
12
13
1
-9
-11
-6
-14
-17
-7
-3
6
7
11
16
11
6
10
13
8
5
14
18
12
8
8
10
4
1
8
11
8
6
12
23
29
36
32
31
30
19
7
-3
-4
-12
-8
-9
-5
0
8
8
-1
-2
-2
-10
-15
-14
-20
-17
-22
-28
-32
-25
-34
-32
-25
-18
-12
-5
-3
-5
-6
4
6
2
6
2
15
12
1
3
6
6
1
0
4
4
11
16
14
18
10
-5
-10
-16
-11
-1
5
11
13
19
15
16
20
0
-7
-10
-23
-27
-26
-30
-34
-23
-17
-18
-16
-16
-23
-17
-17
-18
-26
-21
-20
-25
-22
-23
-22
-22
-15
-17
-24
-22
-18
-10
-10
-6
2
-1
2
6
10
2
3
8
11
7
2
8
2
0
-2
-2
-5
0
-4
-4
4
-1
-7
-6
-9
-8
-8
-19
-20
-21
-26
-29
-22
-19
-21
-13
-11
-13
-12
-22
-18
-15
-19
-21
-24
-22
-22
-23
-23
-22
-15
-17
-20
-18
-5
-8
-17
-8
-2
-7
-8
-11
-5
-1
1
-6
-8
1
-6
-9
0
10
7
11
22
23
26
18
10
11
3
2
-1
-7
-6
-1
2
-6
-2
-3
-18
-19
-19
-26
-22
-23
-22
-18
-21
-17
-17
-16
-23
-35
-38
-36
-33
-32
-26
-22
-19
-20
-19
-23
-31
-35
-43
-44
-37
-35
-32
-28
-16
-12
-7
-9
-6
-5
-8
-5
0
10
19
25
27
27
28
17
9
0
-6
-5
-7
-1
3
22
24
29
39
33
28
22
10
2
-2
-10
-11
-15
-14
-18
-19
-9
-16
-23
-25
-27
-26
-30
-29
-20
-24
-24
-26
-24
-26
-32
-38
-44
-34
-37
-37
-30
-28
-30
-33
-33
-34
-27
-28
-22
-20
-22
-20
-16
-15
-9
-8
-5
-3
7
9
13
14
19
22
24
26
26
28
28
34
28
27
27
28
18
20
23
24
23
19
17
16
21
13
15
17
14
6
-2
-2
-5
-21
-23
-25
-27
-22
-21
-14
-10
-3
-5
-8
-13
-14
-32
-36
-45
-49
-44
-45
-35
-25
-19
-22
-19
-12
-13
-21
-29
-27
-26
-26
-19
-12
-8
1
3
3
5
4
4
5
10
11
15
26
35
32
29
29
23
12
15
7
9
16
23
25
29
33
27
28
20
14
8
4
2
3
3
10
10
5
2
-2
-12
-13
-23
-31
-24
-20
-16
-13
-6
-12
-14
-13
-18
-26
-29
-34
-31
-30
-24
-21
-19
-13
-12
-13
-18
-20
-16
-9
-12
-12
-7
-2
2
1
4
8
12
16
16
17
20
21
18
15
28
25
22
25
19
15
14
17
19
18
21
17
15
17
13
10
9
9
8
10
16
19
20
26
23
20
13
7
6
-8
-10
-14
-9
-7
-6
-9
-3
5
-9
-13
-9
-11
-11
-9
-8
-6
-10
-8
-15
-17
-22
-26
-26
-21
-20
-21
-7
-6
-4
6
2
-2
0
-4
-6
4
9
7
18
27
26
29
32
30
28
19
16
22
23
29
28
28
30
31
30
25
17
18
20
19
19
19
16
23
27
21
12
7
0
-10
-14
-16
-12
-2
-4
-4
-1
0
-6
-5
-7
-10
-11
-16
-16
-8
-4
-2
-1
1
-3
-9
-5
-15
-23
-20
-17
-16
-8
-2
-4
3
8
-6
3
1
-2
3
3
4
3
11
7
10
6
9
5
4
4
12
15
13
12
15
21
14
13
10
4
7
8
7
12
10
6
4
8
4
-2
-5
-4
-12
-14
-12
-14
-12
-6
-9
-7
-11
-8
-10
-10
-11
-9
-5
-7
-2
-1
0
-1
-2
-2
-2
-1
2
-2
-1
-1
-2
-1
5
0
1
7
8
3
0
4
-3
7
5
8
17
20
19
17
20
18
22
16
19
16
15
9
9
15
9
15
20
17
13
16
15
7
13
12
12
9
8
1
-1
1
-6
-5
1
2
-4
-2
-4
-3
-7
-7
-12
-7
2
-4
-3
3
0
2
3
-3
-4
-5
-14
-10
-4
-8
-6
-3
-3
-5
-5
-6
-4
2
-4
-8
-1
-5
-10
-1
0
0
5
13
11
11
11
10
9
6
10
8
15
14
12
16
20
18
20
18
17
20
17
12
11
19
13
9
9
3
6
3
-1
5
7
0
-6
-2
-5
-9
-9
-5
-6
-4
0
-3
3
0
-6
-8
-4
-6
-10
-11
-10
-10
-6
-5
-1
-3
0
6
-1
4
6
-1
2
0
0
6
-1
0
2
6
10
9
18
21
16
18
16
10
6
9
7
6
13
12
17
20
15
11
13
10
3
5
-2
2
-3
-3
-1
-1
3
0
-2
-8
-9
-12
-10
-8
-12
-10
-16
-14
-13
-20
-20
-22
-18
-8
-8
-8
-3
-7
-12
-9
-14
-8
-8
-12
-5
-1
6
3
4
4
6
0
3
7
5
3
1
11
14
12
12
19
10
11
10
7
5
9
13
11
13
13
13
11
9
12
10
10
7
12
9
9
9
6
8
3
-2
0
-7
-10
-10
-12
-10
-9
-7
-6
-6
-5
-4
-10
-8
-2
-6
-9
-3
-6
-9
-1
-4
-9
-9
-8
-1
-3
-6
-5
2
5
7
7
5
11
3
-2
0
1
5
5
8
4
12
13
9
13
8
9
5
7
5
7
4
0
1
3
6
4
5
7
10
6
11
14
15
15
9
13
11
11
9
6
9
10
3
8
9
7
12
13
11
4
6
2
0
2
5
6
6
10
12
7
8
5
4
3
12
16
14
15
18
20
14
15
16
19
15
8
5
2
13
14
12
13
12
16
6
11
6
6
5
4
10
6
9
3
2
-3
-4
3
1
1
0
2
12
6
2
5
0
1
-1
4
1
0
3
5
4
-5
-1
0
-2
-3
2
1
4
4
3
3
1
4
3
0
-3
-2
-5
3
1
6
7
9
7
6
11
15
17
7
8
6
7
12
7
7
2
5
7
10
9
8
13
12
12
12
14
14
9
11
15
9
15
14
14
12
9
8
5
5
6
5
3
6
9
6
10
10
8
6
6
-1
1
6
7
6
4
5
8
3
2
5
0
6
-2
-6
-2
-1
0
2
2
2
4
4
7
10
8
7
11
11
8
9
9
6
0
8
3
4
10
4
2
3
6
13
10
11
12
6
2
0
2
2
2
5
6
2
9
8
3
0
2
0
-2
-2
4
-3
6
6
-1
4
6
-3
-2
-4
-8
-7
-11
-7
-2
2
3
6
7
4
-3
1
0
-6
-4
-5
-4
-3
1
6
3
5
2
2
4
-1
6
8
5
9
10
4
8
6
4
5
6
5
3
8
3
7
6
3
5
3
2
-5
4
0
3
7
9
10
13
6
6
8
9
10
5
9
7
6
3
0
0
1
2
3
-2
2
0
2
-1
-5
2
0
0
-2
2
3
3
0
1
4
0
3
-1
0
4
-5
-6
-4
-2
-4
0
1
6
8
3
-1
3
5
2
3
-1
0
0
-1
4
0
-4
-6
-5
-11
-9
-1
-5
-8
-6
-2
-3
-4
-6
-6
-5
-8
-7
-12
-9
-2
-8
-4
-5
-4
-5
-1
-3
-4
-1
-5
0
-4
-3
3
4
4
5
6
3
2
0
1
4
6
5
4
6
5
-2
4
5
4
-1
1
-1
1
1
-4
-1
1
1
0
8
7
10
12
5
5
4
-4
2
0
2
-3
1
5
2
5
-1
1
8
6
7
6
0
5
12
8
9
10
9
11
8
11
7
5
10
13
12
13
8
10
13
5
5
10
14
13
11
13
14
9
6
-2
6
4
1
8
10
11
10
6
6
10
5
3
6
7
2
0
3
2
7
0
4
4
4
1
-1
3
5
2
5
6
2
6
5
0
-2
3
4
-1
0
3
2
5
1
-2
1
3
1
2
3
-4
-1
5
1
0
4
4
6
1
7
5
5
7
5
3
-1
9
6
11
3
3
7
-1
3
3
10
7
7
9
13
14
13
12
12
12
9
8
9
10
7
2
6
6
1
6
6
9
7
2
10
13
9
7
10
15
12
13
13
19
14
13
12
13
14
11
13
14
9
13
13
14
17
16
18
17
17
15
17
19
18
15
15
16
19
21
21
21
19
22
22
21
23
26
26
24
22
20
18
21
21
17
20
21
25
27
29
25
25
23
27
27
26
27
26
25
20
20
19
23
25
26
23
19
21
17
19
19
15
15
12
12
16
15
18
14
13
22
21
24
20
18
19
16
16
14
13
16
13
12
16
21
19
14
11
8
13
9
6
3
10
14
13
13
15
16
13
14
15
21
20
14
15
19
19
20
22
23
17
18
22
16
23
24
24
26
20
23
26
24
26
22
22
27
23
25
27
28
29
28
33
27
27
31
24
23
16
19
19
15
24
19
21
16
17
21
16
19
18
23
23
25
20
20
20
25
19
19
20
13
12
20
22
20
21
20
19
22
21
16
21
19
22
23
21
22
25
17
23
21
18
22
15
13
17
17
21
17
20
19
14
12
12
9
11
13
11
13
8
12
10
9
10
8
5
12
7
9
2
6
9
4
4
2
10
9
5
8
7
7
4
1
4
8
5
7
11
10
8
2
5
-1
1
4
0
5
7
5
6
7
6
4
6
9
16
11
12
14
15
8
7
6
7
12
10
15
18
14
18
20
12
12
13
8
10
14
7
8
6
8
9
13
12
12
14
5
5
12
12
6
11
7
5
8
1
6
10
11
6
4
4
6
6
10
4
-4
1
0
-5
-2
-1
-2
3
7
3
6
8
11
6
-1
5
3
2
4
7
4
6
12
9
11
8
2
5
0
5
1
-1
2
3
6
3
5
5
3
6
4
3
2
2
-2
-4
0
-1
-4
-1
2
0
2
2
0
-1
-1
4
2
0
1
-4
2
-8
-11
-8
-4
-3
-3
-2
-2
3
-2
0
1
-1
-3
-3
-7
-5
-8
-5
-6
-2
-1
1
5
3
4
-4
-5
-6
-4
-9
-2
-4
-9
1
1
-7
-6
-1
3
-3
-4
-2
-3
0
2
5
2
1
3
10
3
8
10
10
11
7
10
5
10
8
6
4
10
8
2
2
3
6
3
4
0
-4
1
-3
-2
-3
3
5
0
6
6
11
6
11
3
3
6
4
6
1
6
7
9
2
5
4
9
7
14
12
8
11
9
10
5
15
11
8
7
9
6
9
5
11
6
6
12
4
6
5
8
2
2
5
6
3
4
3
5
5
5
1
2
8
5
5
7
9
4
3
6
10
5
5
5
7
3
4
5
0
4
5
9
6
9
4
1
-3
0
3
1
-1
0
-6
-8
-6
-9
3
-3
-4
0
4
2
0
3
2
1
1
0
2
-1
-2
3
2
4
4
10
8
6
2
4
3
5
3
2
3
3
6
-3
3
4
0
0
-1
-6
2
5
2
3
5
3
6
7
1
7
9
8
5
8
10
5
6
9
7
10
17
12
10
13
13
12
10
8
15
16
9
10
11
10
6
5
4
5
0
-2
-2
-3
-4
-2
-1
-6
-5
3
0
-1
-3
0
1
-6
-2
-2
-3
2
3
0
1
-4
-3
-2
0
0
-4
4
-3
-3
-8
-7
-7
-3
-2
-2
-5
-7
-2
-6
-2
-9
-14
-6
-9
-10
-13
-9
-9
-9
-5
-12
-7
-5
-5
-3
2
-5
-4
-4
1
0
-3
-2
-4
-5
-8
-4
-3
-6
-6
-4
-5
-5
-1
-1
-3
2
0
3
1
-2
-2
-2
6
-2
-4
4
0
2
1
1
-2
1
2
-1
-3
-2
1
3
3
1
0
1
1
-1
1
-4
-5
0
-2
-3
-4
-5
-5
-4
-2
-8
-1
-9
-1
-1
-10
-10
-7
-3
-9
-9
-7
-8
-9
-11
-8
-7
-6
-5
2
-1
-3
0
-9
-8
-6
-3
-7
-5
0
-2
3
0
3
4
1
2
8
2
6
3
-1
4
2
0
0
1
-2
3
2
1
2
-3
0
-3
-1
1
4
6
7
5
10
5
8
7
4
4
-2
-4
1
-1
-1
3
2
4
-2
-3
2
3
3
3
1
5
8
5
2
0
4
4
4
2
2
3
4
3
1
0
7
3
1
7
3
5
7
6
3
-1
2
2
-2
7
5
2
5
2
4
6
-3
-2
5
1
3
5
7
1
2
1
-4
-5
-1
3
-4
-4
0
-1
-2
7
8
0
3
3
1
1
-3
-6
-2
-8
-3
-2
-4
1
0
1
2
7
1
6
6
4
4
5
10
9
4
3
6
8
9
0
3
-2
1
5
-1
5
0
0
-1
0
3
-1
-1
-3
-5
-9
-1
-4
-8
-4
-3
-2
-5
3
-3
-3
1
2
3
-2
0
0
-2
-3
-3
-4
-1
-8
-3
-6
-2
-2
-6
-6
-6
-5
-11
-8
-6
-6
-11
-13
-7
-12
-9
-5
-7
-7
-6
-7
-10
-9
-3
-4
-7
-2
-7
-7
-6
-8
-10
-9
-10
-15
-11
-13
-15
-11
-10
-11
-7
-8
-9
-12
-15
-16
-17
-14
-20
-17
-12
-13
-12
-15
-14
-16
-18
-18
-17
-14
-19
-10
-12
-14
-11
-16
-16
-11
-15
-11
-10
-14
-14
-11
-9
-11
-7
-12
-11
-7
-13
-15
-7
-14
-18
-11
-13
-12
-12
-9
-9
-14
-10
-11
-10
-10
-15
-17
-14
-15
-15
-13
-13
-16
-15
-12
-12
-14
-9
-5
-9
-13
-8
-6
-13
-12
-9
-7
-7
-9
-11
-7
-10
-5
-1
-12
-11
-9
-6
2
-4
-9
-4
0
-3
-1
-3
3
-3
-6
-3
-5
-5
-7
-5
-9
-6
-4
-1
-1
-3
-6
-3
-8
-2
-6
-8
-2
-9
-4
-4
-6
-8
-6
-4
-3
-8
-13
-8
-4
-6
-6
-6
-2
-2
-3
0
2
3
-4
-2
-1
1
-2
0
2
6
4
4
4
0
0
1
2
2
2
-3
3
5
3
1
2
0
3
2
-2
2
-1
1
-1
0
-1
0
0
-2
0
0
4
5
-2
6
5
1
2
1
3
4
2
-1
2
5
12
4
8
2
8
9
2
5
2
7
7
5
2
-1
-2
2
8
5
7
8
2
7
7
7
8
4
4
1
5
7
4
3
4
5
6
1
4
4
2
5
1
6
4
7
6
4
10
6
5
6
7
10
7
6
7
10
10
8
9
8
7
14
12
5
9
5
8
9
8
3
5
6
-1
0
1
1
6
6
0
0
2
6
4
6
8
7
3
1
9
7
4
4
0
6
13
11
7
3
6
6
3
0
8
4
6
4
1
-1
-3
1
0
3
2
-2
-2
0
-1
-1
-1
-4
0
2
-6
-3
0
0
-7
-5
-5
1
-3
2
-2
-6
-2
-5
-3
-3
-1
-2
-2
-4
2
3
-2
-2
0
0
-3
-3
-4
-3
0
-6
-5
-3
-9
-10
-5
-4
-6
-6
-6
0
-1
-5
2
-4
-3
2
1
3
4
2
-1
-1
-3
0
-3
-1
0
1
-1
-5
-5
-6
-2
0
2
0
-1
3
4
3
-2
0
-3
-4
-4
-3
0
-5
1
0
-1
-3
-5
-4
-3
1
3
-2
-6
-3
-3
-4
-8
-4
-6
-6
-10
-8
-5
-7
-7
-1
-5
-7
-4
-7
-5
-6
-7
-10
-7
-7
-10
-6
-6
-5
-5
-3
-1
-4
-4
-1
-1
-1
-2
-3
-5
-7
-6
-5
-3
-5
-8
-10
-5
-8
-9
-11
-10
0
-10
-7
-8
-10
-6
-3
-6
-3
0
-4
-6
-6
-7
-6
-4
-6
-5
-8
-5
-4
-8
-5
-7
-10
-9
-13
-11
-11
-6
-3
-6
-9
-7
-4
-10
-9
-10
-15
-8
-6
-8
-8
-13
-9
-10
-12
-9
-5
-1
-3
-4
-6
-6
-4
-2
-1
3
0
-7
-4
-3
-7
-3
-7
0
-2
-8
-2
-6
-1
-5
-5
2
-2
-4
-5
-5
-1
0
-2
2
3
-1
-2
-1
-1
-3
2
-2
-4
-2
-2
2
1
2
-2
-2
-7
-1
-1
0
1
-5
0
-3
-5
-7
-1
-6
-8
-7
-8
-4
-4
-1
-1
-4
-6
-5
-5
-10
-4
-7
-3
-5
-5
-5
1
-1
-1
1
-8
-5
-8
0
-3
-5
-2
-4
6
3
1
-1
2
-1
1
3
3
4
6
6
3
4
5
3
7
8
2
1
-3
-2
3
4
-1
-2
3
2
2
4
1
-1
-3
0
1
-4
-3
-7
-3
-3
-7
-7
-5
-2
1
0
-3
-2
1
-2
-5
-2
-2
-4
2
-3
-6
-6
-6
-2
-3
-5
-4
-1
2
3
-4
-5
-7
-3
-1
-3
-3
-1
0
-3
2
2
0
-1
1
0
0
1
0
5
4
2
5
3
3
3
2
5
5
9
8
5
5
6
2
2
4
4
0
4
1
-2
1
4
0
-2
6
0
0
-1
2
3
0
4
0
-1
2
8
0
0
1
-1
2
2
2
-1
4
0
2
4
-3
1
4
4
8
7
7
5
-1
-1
5
2
5
3
-1
1
0
1
-5
-5
-4
-3
2
-4
0
5
2
10
-1
-3
4
-5
1
0
-4
1
4
1
1
4
3
8
3
4
7
1
2
2
5
6
9
3
9
8
6
2
5
6
7
6
3
-1
3
9
3
6
5
7
6
8
10
5
10
5
3
10
5
6
8
10
10
7
9
5
10
8
8
10
10
11
9
11
11
10
7
5
6
8
6
9
9
2
2
1
0
3
5
6
8
-2
3
4
2
4
5
1
-6
3
5
4
-3
-1
4
-1
2
3
3
4
1
7
2
-1
1
0
2
-2
0
-1
-3
-6
-7
-6
0
-2
-2
5
-4
-5
-2
2
-1
-5
-4
-1
0
2
-1
-4
-6
-4
-3
-1
-4
-5
1
-3
-3
-2
2
-2
-1
1
-2
-1
-2
1
0
-7
3
-1
2
1
-5
-1
-1
3
1
-2
0
0
2
6
2
3
7
6
7
12
12
13
12
6
5
8
8
5
11
10
8
4
1
5
6
7
5
-2
-4
4
0
6
9
9
14
13
11
7
9
6
4
2
2
8
4
9
7
5
0
2
8
6
10
3
3
-1
4
1
-5
-7
-6
-4
1
-1
-2
0
-6
0
-4
1
3
2
6
2
0
5
6
-1
3
2
3
4
1
-5
-1
0
3
3
2
2
-2
3
-1
-2
0
0
0
1
3
0
-1
4
5
4
1
1
2
2
3
4
5
5
6
4
2
1
2
2
4
1
5
0
1
9
0
3
2
4
1
0
2
0
-1
-3
-4
-5
-5
-3
3
-1
2
-4
-5
-3
0
2
-3
3
-1
0
1
8
4
1
-5
-3
0
-4
0
2
2
0
2
2
0
1
1
-4
3
1
2
0
4
5
3
0
-2
0
-3
-1
-2
-1
0
-3
-3
-1
-6
-4
1
-5
-5
-7
-6
-9
-9
-4
0
-2
-3
-4
-5
-1
-3
0
-1
-2
-1
-4
-6
-4
-3
-5
-7
-4
-2
-3
1
-4
-7
-1
-9
-6
-8
-9
-8
-9
-7
-10
-7
-10
-8
1
-10
-6
-3
-3
0
-9
-1
-4
-4
-7
-10
-5
-7
-8
-9
-12
-7
-10
-15
-6
-9
-9
-7
-11
-7
-7
-11
-6
-5
-11
-8
-8
-10
-10
-10
-10
-11
-9
-14
-12
-8
-6
-10
-8
-9
-5
-7
-8
-5
-5
-4
-7
-5
-8
-5
-5
-5
-2
-4
-5
-4
-6
-1
1
-2
-5
-1
-3
-2
1
-1
2
-3
-3
-1
1
-1
-4
-2
0
-1
-3
-5
2
-14
-8
-6
-7
-3
-9
-6
-10
-8
-6
-7
-7
-10
-6
-9
-7
-9
-13
-5
-8
-5
-7
-7
-6
-9
-4
-6
-5
-2
-5
-5
-6
-6
-8
-7
-4
-5
-5
-7
-6
-6
-5
-7
-9
-6
-8
-11
-11
-12
-11
-13
-13
-9
-12
-9
-7
-7
-2
-4
-5
-8
-9
-11
-12
-9
-13
-8
-8
-10
-11
-9
-9
-9
-6
-12
-12
-13
-17
-18
-13
-15
-16
-18
-17
-20
-26
-20
-19
-19
-18
-17
-15
-21
-14
-15
-17
-14
-13
-17
-16
-11
-11
-8
-13
-11
-9
-12
-14
-13
-9
-11
-10
-9
-8
-12
-7
-12
-11
-8
-13
-8
-8
-8
-13
-7
-7
-11
-13
-11
-7
-13
-13
-14
-7
-9
-7
-4
-8
-7
-3
-6
-8
-9
-8
-11
-5
-2
-4
-2
-6
-3
-7
-9
-6
-5
-6
-9
-6
-7
-6
-6
-4
-2
-13
-10
-7
-7
-10
-10
-12
-9
-10
-6
-7
-13
-6
-15
-10
-15
-17
-22
-14
-8
-13
-13
-12
-7
-13
-9
-9
-11
-10
-13
-8
-11
-11
-6
-15
-11
-12
-10
-12
-7
-5
-6
-4
-6
-9
-9
-12
-8
-5
-13
-6
-4
-9
-10
-16
-8
-9
-11
-11
-13
-19
-17
-14
-12
-11
-11
-11
-7
-9
-8
-4
-6
-7
-8
-13
-9
-11
-7
-15
-17
-10
-15
-15
-18
-17
-16
-14
-16
-13
-17
-14
-14
-14
-15
-19
-20
-21
-15
-16
-18
-17
-19
-17
-12
-11
-19
-17
-15
-15
-16
-11
-12
-13
-13
-14
-10
-7
-4
-8
-4
-10
-7
-7
-7
-7
-7
-7
-6
-7
-13
-7
-7
-4
-7
-11
-13
-11
-7
-4
-8
-5
-8
-9
-8
-9
-10
-9
-9
-8
-12
-17
-13
-10
-10
-7
-10
-12
-13
-14
-9
-15
-12
-13
-12
-9
-13
-13
-11
-7
-8
-7
-11
-8
-2
-13
-10
-13
-15
-11
-14
-6
-9
-6
-5
-5
-2
-7
2
-3
-2
0
-1
1
-4
-4
-2
-5
-5
-7
-6
-3
-2
3
0
-3
1
0
-7
-1
-6
-7
-3
-1
-1
-3
-1
2
0
-5
-7
-7
-8
-9
-12
-8
-8
-4
-2
-8
-14
-7
-7
-10
-12
-16
-12
-12
-11
-9
-9
-15
-21
-16
-17
-13
-16
-19
-17
-12
-13
-17
-15
-8
-9
-9
-8
-10
-7
-9
-8
-11
-8
-7
-5
-6
-6
-4
-5
1
-2
0
2
0
-3
-2
0
1
-4
0
2
-2
0
7
-1
-6
-1
-2
-4
-9
-7
-9
-12
-6
-9
-9
-3
-8
-6
-4
-6
-4
-3
-9
-1
1
-2
-1
-8
-2
-5
-3
-5
-2
-3
-3
2
-3
-3
-9
-4
-4
-6
-9
-7
-5
-10
-8
-7
-9
-1
-6
-8
-8
-6
1
-2
-2
-3
-9
-3
2
-5
-1
4
1
3
1
-5
-1
-1
-6
-7
-6
-9
-4
-2
0
-3
-8
-7
-7
-4
-4
-6
-4
0
-3
-1
-2
-2
-1
0
2
-1
-3
-7
-3
-2
-4
-4
-5
-3
-3
-2
-3
-7
-2
-9
-6
-8
-13
-12
-10
-13
-9
-9
-11
-5
-6
-12
-12
-8
-6
-4
-12
-10
-8
-7
-9
-6
-9
-5
-3
-6
-4
-3
-4
-8
-6
-7
-7
-2
-5
-9
-11
-4
-9
-10
-9
-6
-4
-8
-14
-7
-8
-11
-13
-12
-9
-7
-8
-3
-5
-8
-7
-6
-5
-7
-6
-4
-3
-5
-1
-2
-8
-7
-3
-5
1
-1
-2
0
-3
-2
-1
-5
0
-3
0
-2
-3
-5
-4
-1
-3
0
-3
-8
-6
-9
-5
-4
-9
-4
-3
1
-3
-11
-7
-8
-7
-7
-1
-1
-1
-5
-1
-1
-3
-2
-8
-2
0
-2
-1
3
4
-5
1
-2
-7
-4
-5
-9
-9
-6
-12
-7
-4
-4
-5
-5
-3
0
-6
-6
-4
-5
-3
-7
-7
-11
-5
-11
-6
-3
-5
-3
-1
-2
-2
-3
-4
-7
-8
-4
-5
-9
-6
-3
-8
-3
-4
-2
4
-1
-3
-3
2
-2
-8
-3
-1
-6
1
-3
2
3
5
1
2
4
1
2
-1
-2
-3
2
1
2
4
1
4
3
-1
4
4
3
0
4
4
2
4
2
8
12
6
9
6
9
8
6
9
3
5
7
6
0
6
8
4
12
7
5
8
3
2
2
-3
-1
7
4
5
10
5
11
6
3
2
1
-1
4
4
-1
3
4
4
6
5
-1
-1
1
2
8
5
6
0
2
-5
-1
1
-3
0
-2
-1
-2
4
1
-2
1
0
0
-4
-4
3
-5
-2
-5
-3
5
3
2
-2
-1
2
0
-1
-3
0
-5
-2
1
-4
4
-1
-2
7
3
-2
-3
-4
0
-1
-3
1
0
2
2
0
4
5
-3
-3
4
7
2
-1
-2
-3
1
0
-3
-6
-2
-1
0
-2
-4
2
0
-4
-3
-5
-3
-2
-2
-3
-4
-9
-7
-5
-2
-2
-4
-1
-1
-1
2
-2
-1
-1
2
-2
2
-1
-4
9
1
10
6
2
0
1
-1
-1
7
0
3
3
4
5
4
8
1
4
-1
2
2
6
2
-1
-1
-2
-1
3
3
-1
1
3
10
-2
3
4
7
11
8
2
-1
3
6
1
-2
1
-1
-3
0
2
4
7
9
1
-3
5
6
3
3
3
5
6
16
12
10
7
8
5
5
9
3
5
6
7
6
5
7
6
9
3
1
4
2
4
4
6
6
4
4
4
2
6
5
7
8
3
1
2
0
6
6
0
3
-1
-1
8
2
-3
0
3
2
3
2
0
2
2
5
-2
0
-1
2
5
3
6
5
1
0
7
5
5
5
5
2
5
3
4
9
7
5
5
14
16
14
14
15
12
10
13
11
16
9
6
11
13
13
8
12
11
10
8
13
12
10
10
10
15
12
9
13
8
14
14
8
7
13
11
7
11
8
13
13
7
11
14
11
5
10
11
7
10
8
12
13
12
15
9
11
6
5
8
6
9
7
6
3
5
10
7
7
8
6
12
6
6
11
7
9
8
6
3
8
10
5
7
5
-3
4
1
7
0
2
10
8
7
3
11
6
0
1
-2
-1
0
1
3
-1
-3
3
7
1
-1
-1
3
1
-3
-1
-1
-2
0
3
1
0
3
-3
-1
-3
-2
-3
-2
-8
-2
-5
-7
3
-5
-3
-7
-4
-7
-3
-6
-7
-7
-6
-6
-9
-5
-8
-7
-1
-6
-13
-7
-10
-4
-5
-8
0
0
-4
1
0
-2
1
-4
-4
-6
-6
-10
-8
-1
-3
-2
-3
2
-3
-8
-5
-4
-6
-1
-5
1
3
-4
0
-2
-4
1
-1
-11
-5
-5
-6
-5
-3
-4
1
-1
-4
-1
1
2
1
-4
-4
-1
-5
-4
-1
4
-1
-2
-7
-9
-6
-2
-8
-7
-6
-8
-6
-10
-6
-5
-7
2
0
-4
-5
-1
-4
-2
1
-2
1
-2
-2
-3
-6
0
-4
-5
0
0
-2
2
-3
-1
2
-1
-3
-3
-3
0
-2
1
-2
-1
-3
-4
-3
-6
0
-1
-2
0
1
4
0
-2
-1
3
5
4
-1
1
3
-1
0
1
4
3
3
-2
5
2
3
5
0
1
2
0
-3
-2
-6
-3
-3
3
5
0
1
-1
-1
-3
-1
-1
-1
2
3
5
2
-3
4
5
3
5
3
1
3
2
-1
7
3
4
9
5
8
6
9
4
9
8
-2
4
4
2
2
6
-3
-1
3
2
9
9
-1
4
10
7
10
-1
-3
-1
2
-3
-6
-3
-2
-2
-8
-2
-5
-4
-5
-6
-1
-1
3
-4
-5
-4
-3
0
0
2
-5
1
2
2
1
2
2
-4
-1
-3
0
1
0
-2
-2
4
0
5
3
3
5
1
1
1
3
5
-1
1
2
-2
1
-4
1
-2
-5
0
2
3
-1
3
4
-6
-3
-3
2
1
-4
4
0
-3
-2
3
1
-1
-2
-5
-3
-1
-4
-7
-2
-4
3
0
-1
1
1
1
4
1
-3
2
-4
0
-2
-3
-2
-2
0
-3
-8
-4
1
1
-1
-3
2
0
6
6
1
-1
1
-3
-7
-4
-3
-1
-3
0
-5
0
1
-3
1
-5
-6
-1
-6
-4
-1
-2
-5
-6
1
-2
-3
-6
-7
-7
2
-5
-13
-9
-10
-8
-2
-4
-5
-4
-6
-11
-13
-9
-12
-8
-11
-11
-12
-9
-8
-9
-11
-10
-9
-7
-2
-8
-6
-8
-8
-3
-7
-3
1
-7
-8
-8
-6
-5
-5
-9
