-1
-9
-5
-7
-9
-4
-5
-7
-8
-9
-9
-15
-9
-1
-3
0
-12
-4
-7
-15
-7
-8
-6
-7
-14
-18
-17
-13
-6
-10
-9
-11
-13
-13
-15
-11
-16
-11
-14
-18
-12
-14
-17
-16
-20
-18
-10
-20
-11
-13
-15
-19
-17
-17
-26
-18
-23
-15
-14
-13
-14
-18
-22
-17
-12
-19
-17
-16
-18
-18
-17
-20
-18
-20
-18
-15
-17
-17
-14
-20
-17
-18
-16
-21
-20
-16
-16
-16
-26
-22
-17
-23
-21
-20
-25
-24
-20
-20
-19
-13
-15
-17
-14
-13
-13
-13
-16
-12
-17
-18
-13
-15
-16
-16
-13
-15
-13
-14
-13
-14
-13
-13
-11
-5
-10
-10
-9
-7
-10
-14
-8
-11
-7
-12
-13
-9
-6
-10
-10
-6
-11
-9
-6
-7
-9
-4
-9
-6
-7
-13
-10
-11
-13
-14
-12
-11
-12
-16
-14
-17
-13
-12
-10
-16
-14
-6
-10
-10
-7
-8
-7
-10
-7
-7
-9
-11
-6
-3
-8
-10
-4
-7
-11
-10
-14
-9
-9
-9
-11
-9
-8
-11
-11
-8
-10
-8
-17
-12
-8
-6
-10
-15
-16
-14
-13
-16
-17
-9
-7
-14
-9
-7
-8
-10
-3
-11
-14
-10
-9
-7
-13
-5
-7
-13
-14
-10
-9
-11
-14
-13
-11
-7
-10
-16
-10
-12
-10
-10
-14
-14
-12
-13
-15
-14
-14
-7
-14
-16
-13
-11
-13
-9
-13
-16
-12
-12
-12
-12
-13
-11
-15
-15
-13
-12
-8
-10
-5
-7
-8
-9
-12
-7
-5
-10
-13
-6
-4
-12
-13
-7
-5
-5
-7
-6
-5
-5
-4
-3
-8
-5
2
-4
-4
-5
-6
-12
-6
-6
-8
-3
-7
-4
-5
-3
-6
-12
-12
-10
-8
-5
-2
-10
-3
-13
-13
-3
-8
-11
-9
-8
-14
-14
-8
-7
-7
-6
-7
-6
-8
-6
-9
-7
-5
-8
-10
-2
-3
-11
-5
-2
-7
-7
-7
-6
-5
-2
-4
-11
-5
-5
-7
-4
-9
-2
-5
-10
-6
-8
-2
0
-3
-3
3
0
1
-4
-2
4
0
3
3
4
0
-5
-3
1
-2
-4
0
1
-3
1
-3
-3
5
0
-2
0
2
3
5
2
0
1
2
1
2
4
2
-2
-2
0
-2
-1
-2
-4
-4
0
-2
-2
4
2
-2
1
2
3
-1
2
1
3
3
7
9
7
7
1
4
5
7
6
8
4
4
6
6
8
0
5
13
10
6
8
9
7
1
4
2
6
7
5
5
-2
0
-3
5
4
8
2
2
4
0
9
5
9
6
0
-1
4
3
2
4
2
10
4
1
8
8
2
2
0
3
-1
2
-1
-3
1
1
3
-1
-1
-6
4
1
0
4
1
2
1
4
5
6
-3
-2
5
4
6
1
3
3
-2
-1
4
0
1
5
9
10
10
13
6
11
12
10
12
3
4
8
5
5
9
4
5
4
1
4
4
2
2
5
5
4
9
11
9
9
9
13
7
10
11
13
8
11
8
11
15
9
9
10
6
6
10
8
9
6
2
3
4
7
13
11
9
7
9
13
11
10
11
5
7
8
11
7
6
4
5
8
-1
7
7
2
2
6
6
6
2
6
3
0
3
4
5
4
5
-1
3
-3
-3
-1
-1
5
0
2
4
2
-1
3
4
1
-3
-6
0
-3
-2
-1
0
1
2
-2
-3
0
-2
-3
-3
-6
-1
2
-1
4
7
0
3
2
5
5
0
3
2
-1
-1
5
1
-2
2
-3
7
6
4
5
4
10
1
3
4
10
3
0
2
0
2
-2
7
3
-1
-4
3
4
4
1
3
5
2
5
3
4
8
-1
-2
4
7
8
6
6
2
7
3
3
7
9
4
14
12
8
5
7
6
9
8
9
10
5
2
1
8
5
8
5
11
11
8
5
9
9
6
7
3
8
4
7
6
1
7
6
8
8
12
16
14
9
12
15
9
11
7
9
7
12
10
7
8
7
11
17
7
9
9
9
9
0
5
7
6
1
3
6
0
0
3
4
3
-2
1
4
1
-3
-1
-3
1
-1
2
-1
1
-1
-4
5
-2
3
5
5
0
-2
-1
-2
5
4
3
7
3
10
11
8
8
6
4
7
10
15
7
9
15
9
8
6
9
5
4
9
6
7
6
5
7
13
6
10
12
2
6
6
8
7
5
11
13
12
12
9
13
8
9
5
12
16
14
13
8
5
8
12
14
19
12
14
13
15
16
13
13
10
11
7
6
10
10
8
10
5
7
3
7
2
3
10
5
7
5
3
-1
3
0
-1
4
-5
-1
-2
-3
0
-1
-2
3
-1
-7
3
-4
-3
4
4
0
-3
0
2
0
-3
-3
-3
-2
-2
1
-2
0
3
-1
3
2
2
3
9
6
6
1
2
5
3
0
4
5
6
7
-1
-1
-1
5
1
7
2
6
8
4
10
1
3
2
2
2
6
-1
0
2
-1
4
5
5
4
4
3
1
2
2
3
-3
1
3
3
8
3
6
9
9
9
8
9
2
4
6
0
-1
0
3
6
6
3
6
10
6
5
8
8
9
8
3
2
1
6
4
4
5
1
4
8
12
12
4
3
6
7
3
0
5
9
5
7
7
4
4
-5
0
1
-4
0
1
-1
3
3
3
2
0
0
5
5
4
6
-2
-4
3
3
-4
0
1
-3
1
1
1
-5
3
2
4
3
1
4
7
10
9
7
7
2
1
5
0
0
-4
-3
1
1
2
6
0
1
-4
1
3
6
6
4
6
3
5
4
4
4
2
8
11
10
7
11
6
4
6
7
8
1
5
2
10
10
7
7
7
7
8
5
0
1
3
2
3
7
7
4
3
2
-3
8
-3
-6
1
-2
3
2
3
7
8
5
4
1
4
-4
2
8
2
5
7
4
6
7
9
10
9
5
4
8
5
7
3
7
8
8
7
9
6
4
2
6
1
2
6
6
3
3
7
0
2
8
3
2
8
5
7
5
8
4
6
4
9
5
3
1
2
9
4
7
1
5
5
0
3
0
0
6
10
7
3
2
3
-4
2
-4
-1
4
-1
7
5
-1
-4
-2
-1
-3
3
2
0
-2
-3
-4
0
5
-3
3
5
-7
-4
-2
-7
-3
-1
-5
0
3
-4
-2
-3
1
-1
6
2
1
0
8
6
7
11
3
10
7
8
5
1
5
6
5
7
4
3
1
-2
3
2
3
7
6
5
4
6
1
4
1
3
10
5
4
2
2
-2
-2
0
2
3
5
-1
3
0
2
3
6
-1
4
3
-1
1
-1
-3
4
3
0
4
4
4
0
3
-6
1
3
0
5
6
4
4
6
3
7
11
9
10
7
5
8
8
6
5
9
7
7
1
0
3
2
4
0
6
3
3
-1
-1
1
-2
0
0
-2
-3
-2
1
-4
-6
1
-2
1
2
-3
1
-5
0
-6
-3
1
-5
-7
-7
-8
-12
-10
-10
-9
-4
0
-3
-5
-7
0
-7
-5
-5
-9
-5
-4
-4
-7
-2
-6
-9
-9
-5
-7
-4
-5
-7
-6
-9
-8
-7
-8
-5
-5
-9
-3
0
0
-6
-6
-9
-11
-4
-7
-7
-9
-5
-3
-3
-6
-7
-5
-8
-7
-10
-6
2
-8
-8
-8
-6
-3
-9
-2
-8
-5
-3
-4
-3
-4
-3
-10
-5
-11
-13
-10
-8
-12
-8
-4
-10
-11
-8
-12
-9
-7
-12
-9
-10
-13
-9
-11
-15
-4
-9
-5
-8
-6
-5
-9
-9
-6
-12
-14
-8
-7
-8
-6
-8
-9
-7
-5
-9
-9
-9
-5
-4
0
1
-7
-6
-6
-7
-6
-6
-9
-9
-4
-8
-5
-5
-11
-11
-10
-8
-8
-5
-12
-7
3
0
-3
0
-4
-3
-4
-8
-3
-5
-9
-7
-3
-10
-8
-6
-7
-7
-7
-6
-6
-6
-2
-8
-1
3
1
2
-2
-6
-6
-5
-9
0
-4
-6
-2
-8
-5
-8
-3
-4
2
-3
-3
1
-6
2
-1
5
5
2
-3
0
0
2
-4
-3
-4
-6
-5
-1
-2
-5
-7
-5
-3
-5
-6
-7
-8
-4
-1
-3
-3
-1
0
-4
-6
-4
-3
-3
-7
-7
-10
-3
-2
-2
1
-4
-3
-3
-1
-5
-4
-5
1
-5
-8
0
1
2
-5
-1
-2
-5
-3
-3
-1
-3
-1
-8
-5
-6
-8
-3
-8
-5
2
-5
-1
-3
-3
-5
-8
-3
-2
-6
-4
-1
-4
-6
-4
-4
-3
-1
-8
-13
-9
-5
-9
-10
-6
-8
-9
-6
-13
-9
-7
-10
-12
-15
-7
-6
-6
-7
-11
-9
-10
-4
-12
-9
-10
-7
-3
-10
-3
-14
-10
-6
-7
-5
-8
-6
-3
-1
-5
-8
-5
-1
1
-2
-1
0
3
-1
2
4
3
-1
-2
-3
-4
1
2
3
-3
-3
-1
-4
-7
-5
-3
-10
-3
-6
-9
-6
-11
-11
-6
-4
-8
-4
-3
-5
-4
-2
-6
-1
-1
3
1
0
3
3
0
1
3
-2
1
4
1
3
4
1
0
1
1
3
4
3
4
6
10
7
6
3
4
2
-2
1
2
0
-3
3
4
1
0
-2
3
4
-2
2
2
0
-1
0
3
-6
-2
-1
0
-1
-2
-5
-2
-1
-4
0
-6
-3
-2
-6
0
-1
-8
-1
-1
-3
1
-3
-7
-1
1
-2
5
3
1
-1
-2
6
2
10
9
11
8
6
11
3
1
4
5
-1
6
6
5
4
-1
2
3
3
5
8
14
11
13
14
9
9
7
5
4
7
7
2
1
-1
4
6
2
5
4
-1
2
9
6
8
4
2
4
4
2
0
-3
0
2
2
-2
-4
0
-1
0
2
4
1
3
0
1
0
4
7
1
1
4
3
3
2
2
4
10
11
8
9
6
5
5
4
6
2
-5
0
5
4
2
5
-1
4
6
2
7
6
5
8
7
7
5
6
3
10
11
9
6
9
13
4
12
11
13
12
12
14
11
12
13
7
14
10
12
16
8
17
12
8
13
13
9
8
8
8
5
10
10
10
7
9
3
5
10
10
13
5
9
8
4
4
11
5
13
8
0
5
8
-2
-6
2
-3
2
2
3
7
2
4
2
8
9
4
4
3
6
9
5
12
9
9
16
7
9
9
12
5
4
6
3
9
12
6
6
4
5
8
4
1
3
2
-2
1
1
2
-4
2
2
-1
1
0
-1
-2
-2
-6
-3
-1
1
1
-2
4
0
1
3
2
-1
5
-2
-2
-4
-4
2
-4
1
-1
2
1
2
4
1
-2
-2
4
-1
6
2
0
2
2
4
3
3
-3
0
2
-4
3
4
1
5
2
4
1
6
3
3
5
4
4
3
4
6
1
8
4
6
7
4
8
6
8
9
11
3
7
9
8
11
6
5
5
3
6
2
6
-2
-2
6
-4
2
-1
3
-2
1
5
1
6
3
1
2
-1
1
-2
-2
2
-3
0
1
-5
-4
1
-1
-3
7
5
3
5
4
6
4
9
9
9
7
4
3
4
-1
7
9
4
10
4
2
3
4
1
-3
7
7
5
6
5
2
5
2
-1
3
-5
3
4
5
2
-2
-2
-7
-6
-4
-5
-3
-11
-9
-7
-9
-5
-4
0
-8
-6
-4
-4
0
-2
-6
-8
-5
-2
-5
-7
0
-1
2
2
-6
-5
4
-1
-3
-1
-3
4
-1
6
6
10
7
6
5
-1
3
6
-1
4
4
2
9
5
6
7
5
4
1
-1
-4
4
2
-6
1
4
3
3
4
7
7
13
4
6
0
-2
3
-4
9
2
1
5
5
3
6
9
4
-4
-4
-5
-8
-3
-2
-4
0
-2
-6
-5
-2
-3
-6
-6
-10
-13
-10
-6
-10
-10
-8
-11
-12
-8
-6
-12
-6
0
-9
-7
-7
-7
-7
-8
-6
-1
-5
-3
3
1
-1
-3
-6
-9
-10
-9
-7
1
1
-6
-4
-8
-6
-2
1
-1
-7
-3
-7
-4
-6
-2
-7
-3
-1
0
0
-5
-4
1
-1
0
3
-6
-6
-4
-4
4
-1
-4
-2
-4
1
-1
-2
0
-5
-6
-7
-4
-4
-2
-3
-1
-3
-7
-1
-1
4
1
4
1
-1
4
-2
4
1
4
1
7
7
5
5
9
-1
0
1
3
-4
-5
4
-1
2
1
-5
-4
-1
-3
-4
-5
-3
-4
-4
-8
-7
-5
1
1
-5
0
0
-4
2
-3
-2
-5
-8
-10
-10
0
-4
-1
0
-2
-2
-2
1
-2
-9
-8
-8
-9
-10
-3
-4
-5
-2
-2
-6
-9
-3
-7
-2
-7
-4
0
-2
-4
-6
-1
-5
-5
-7
-11
-9
-10
-2
-5
-12
-7
-2
1
-4
-11
-5
-1
-1
2
-3
-5
-1
-1
1
2
-6
-4
2
-4
-4
2
0
-3
1
1
2
-8
-6
-4
-4
-3
-2
-2
-3
3
2
-4
0
-3
-1
-4
0
5
-4
1
4
-1
0
1
-10
-3
-2
-3
-7
-9
-5
-4
-3
-6
-2
-6
-4
-1
0
0
4
-3
-2
1
-1
-1
-4
-3
-4
-3
-5
-1
-1
-3
0
-1
3
-4
3
2
-4
-4
-2
-1
-7
-4
-1
4
-2
-2
-5
-5
-6
-5
-1
-3
-2
1
1
-4
-5
-8
-6
-1
3
-5
-2
2
4
3
0
0
-5
0
3
-9
-5
-3
-6
-3
-2
-4
-5
-6
-8
-4
-6
-4
-6
-9
-9
-7
-10
-8
-3
-4
-6
-2
-3
-4
-3
-5
-3
-5
-9
0
1
-2
-1
1
2
-2
-1
-4
-2
-7
-9
-6
-5
-3
4
-4
-5
-5
-4
-1
-1
-5
-6
-6
-6
-2
-2
0
-6
-5
-3
-2
-2
-4
-1
-5
-7
-4
-6
-6
-7
-6
-4
-6
-9
-5
-4
-2
-6
-4
-5
-3
3
2
2
2
0
-1
-3
-1
4
2
3
3
2
1
3
3
0
-3
-5
-5
-2
1
-3
-11
-7
-3
-1
-3
-6
-10
-9
-7
-7
-2
-5
-5
0
-8
-9
-1
-4
-6
-5
-6
-7
-10
-8
-7
-2
-5
-3
-7
-8
1
-3
-6
-9
-12
-11
-3
-8
-10
-9
-8
-11
-8
-6
3
-3
-7
-8
-10
-5
-5
-3
-8
-11
-12
-7
-3
-2
-4
-8
-10
-8
0
-4
-14
-9
-8
-7
-7
-5
-4
-8
-3
-4
1
-2
2
-6
-9
-9
-8
-1
-2
3
6
5
2
4
-2
3
1
-1
-1
2
4
3
8
3
2
-1
-2
1
2
1
-1
-1
-2
2
1
6
5
4
2
2
3
3
6
1
0
-2
-3
-1
4
0
2
-5
1
-2
-1
2
4
-1
-1
-3
0
2
-7
-3
2
5
7
4
-1
3
5
4
2
6
9
4
4
6
2
7
13
12
7
12
6
4
2
9
10
6
7
4
7
9
8
10
4
-3
1
1
2
3
6
4
1
4
4
2
-1
4
-3
-4
-2
-7
0
6
1
-1
-1
-1
2
-1
4
2
3
6
4
12
6
1
3
9
8
10
11
8
10
7
9
4
10
10
4
11
12
8
12
16
13
11
14
11
11
11
15
13
13
14
11
9
9
13
9
13
8
9
11
10
13
10
9
13
13
9
14
14
16
12
14
18
13
11
9
14
14
11
12
16
16
9
9
15
10
12
17
8
12
11
13
8
14
15
9
9
12
7
5
12
2
8
13
9
9
9
7
8
9
6
9
9
10
11
9
13
8
6
13
9
8
10
10
5
4
7
4
5
8
4
12
5
11
10
5
7
6
16
6
7
9
8
10
7
13
11
10
6
4
7
10
4
1
7
9
6
9
8
6
5
2
6
9
9
2
6
7
4
3
2
3
2
6
0
3
0
6
4
4
4
8
8
10
8
10
12
0
9
2
1
8
8
0
5
3
0
6
4
17
8
7
7
5
0
5
5
2
4
2
4
4
2
3
8
3
-1
3
6
3
2
5
4
2
5
5
4
3
3
2
-1
2
7
-1
5
4
5
3
3
2
1
-1
1
7
2
-3
-3
-2
-2
2
1
2
2
4
1
3
6
8
1
4
6
7
10
7
10
5
6
6
8
14
6
5
3
3
5
5
11
9
5
4
9
4
7
9
9
6
2
8
5
-2
2
-3
1
4
2
4
3
-3
-2
-2
4
2
0
2
2
0
0
5
4
4
-1
6
-1
4
1
-4
2
0
0
1
8
0
3
-4
1
1
4
1
0
4
1
9
0
3
5
1
5
5
2
7
3
0
4
5
4
8
5
6
6
2
11
2
6
3
5
9
8
7
2
9
7
7
13
7
10
12
12
9
11
11
9
14
13
14
8
3
14
9
5
7
5
7
8
2
6
6
8
3
2
8
5
4
5
10
1
6
4
4
6
5
5
7
4
7
6
10
5
5
9
2
5
5
8
9
6
6
9
2
6
5
4
8
11
11
3
8
11
11
7
13
8
5
10
12
9
15
9
12
5
7
15
9
11
9
8
11
9
10
14
8
8
7
5
10
12
10
12
7
-1
5
9
13
7
3
9
8
6
9
8
12
15
7
10
6
6
6
4
7
4
4
1
3
3
-1
9
11
4
5
7
5
3
1
5
4
6
4
10
7
7
5
10
13
12
11
12
15
12
12
11
6
8
7
12
10
6
13
6
11
18
14
12
11
11
8
7
13
12
10
9
4
6
7
12
16
8
9
11
11
7
17
10
13
11
10
11
2
12
6
6
0
-1
2
1
3
4
5
5
1
-1
6
3
1
4
1
4
-1
0
5
1
0
-1
-5
0
2
1
4
2
2
-1
3
4
4
2
7
5
6
9
1
0
6
2
10
7
3
4
7
8
7
12
9
11
9
9
9
13
6
7
10
8
4
7
10
11
10
13
16
13
14
8
14
12
4
7
10
5
7
12
9
11
8
11
7
5
4
8
6
4
13
11
10
6
14
7
10
11
7
9
12
9
2
10
9
9
10
8
5
3
8
11
11
7
7
7
9
3
5
14
10
9
6
11
8
7
12
8
2
11
5
2
9
2
8
5
6
5
10
7
8
4
-1
5
2
4
1
6
9
0
7
2
3
1
3
3
-2
5
2
5
4
7
-1
3
4
1
4
0
5
4
4
-2
0
2
1
7
8
4
7
5
9
9
1
3
5
1
7
-1
3
3
3
7
0
6
0
5
2
2
3
4
-1
4
2
-3
3
-2
0
0
2
-1
0
0
1
-1
-2
1
4
3
-1
4
-2
9
4
2
10
-1
1
4
5
2
5
4
4
2
0
6
5
5
6
-2
3
5
-1
5
4
7
4
1
2
0
6
5
1
2
1
5
5
9
6
5
4
2
4
2
0
0
-2
4
-7
0
-2
-5
-2
-3
0
-2
-1
-2
-4
2
1
3
2
6
5
2
0
1
5
-4
1
5
4
-1
0
2
0
0
2
-2
-1
-5
-3
1
-2
-6
1
0
-5
2
1
-3
-2
0
1
-1
0
7
1
-4
0
2
-3
-1
2
0
4
1
2
-3
-4
-6
-5
-4
6
-1
2
6
-3
3
6
2
2
5
-2
-2
-4
-6
-2
-3
-3
-2
-1
-4
-4
-9
-5
-6
-11
-6
-6
-6
-1
-3
-6
-7
-5
-3
-8
-8
-8
-11
-8
-6
-6
-9
-13
-6
-3
-1
-8
-6
-7
-7
-6
-13
-7
-10
-5
-7
-14
-12
-9
-9
-6
-11
-10
-9
-8
-12
-12
-8
-12
-9
-6
-10
-12
-6
-6
-10
-11
-7
-9
-12
-9
-13
-8
-10
-9
-11
-10
-9
-11
-5
-10
-3
-4
-9
-10
-8
-5
-7
-6
-7
-9
-10
-8
-2
-5
-7
0
-9
-9
-5
-13
-5
-9
-7
-10
-7
-6
-6
-4
-4
3
-5
-1
-1
-3
-6
-7
1
-10
-3
-7
-10
-2
-6
-3
-9
-5
-6
-3
0
-3
-9
-6
-10
-10
-5
-8
-11
-9
-8
-13
-9
-8
-1
-6
-8
-7
-8
-6
-2
0
-10
-9
-5
-7
-8
-6
-13
-7
-7
-11
-8
-10
-6
-2
-6
-7
-6
-10
-7
-6
-5
-5
-9
-6
-6
-5
-4
-9
-4
-6
3
-6
-5
-6
-7
-6
-9
-5
-2
0
-3
-1
-1
-7
-6
-3
-6
-3
-4
-2
2
-1
-5
2
-1
-3
3
0
-1
-6
-2
-6
-3
-5
-6
-8
-7
-4
-3
-1
-7
-3
-1
1
-1
-5
-8
-1
1
-2
-2
-3
-2
2
0
-1
0
-3
-3
-5
0
-3
-5
-5
-6
-7
-4
-7
-4
-2
-5
-3
1
-1
-4
0
-3
-1
-5
4
-6
-4
-3
1
4
1
-3
-4
1
-5
-5
-1
2
-6
-5
-2
0
-3
-1
2
-1
-3
-3
-4
-1
-2
-13
-1
-2
-9
-5
-2
-5
-5
-6
-3
-5
-10
-5
-4
-3
-5
-6
-6
-12
-10
-5
-5
-2
-4
-9
-10
-11
-5
-6
-9
-7
-4
-5
-8
-1
-3
-9
-6
-8
-9
-5
-7
-8
-11
-6
-10
-13
-6
-1
-9
-2
-5
-6
-6
-7
-8
-13
-10
-6
-8
-13
-8
-10
-14
-12
-9
-12
-11
-10
-8
-11
-8
-11
-7
-11
-14
-12
-9
-8
-13
-9
-11
-11
-11
-9
-9
-12
-8
-15
-23
-21
-22
-17
-16
-17
-22
-15
-13
-17
-15
-12
-14
-12
-19
-18
-13
-16
-18
-23
-18
-18
-14
-20
-22
-15
-15
-16
-17
-16
-19
-14
-15
-14
-9
-11
-10
-7
-12
-10
-12
-9
-12
-12
-6
-4
-3
-9
-3
-1
-4
-6
-4
-5
-3
-5
-6
-4
-4
-5
-9
-3
-4
-6
-3
-3
-8
-6
-1
-9
-2
-3
-2
-9
-9
-5
-10
-6
-7
-9
-13
-9
-6
-4
-6
-8
-6
-7
-6
-2
-5
-7
-6
-10
-6
-4
-4
-7
-3
-4
-3
-4
-6
0
-3
-6
-6
-1
-4
-6
-8
-6
-4
-4
-1
-6
1
5
0
-2
-2
-2
-6
0
-4
-6
-7
-11
-13
-13
-7
-4
-5
-2
-9
-6
-2
-5
-5
-5
-5
-6
2
-4
-2
-4
-4
0
2
-3
-1
0
1
-6
-4
1
-1
3
-2
-5
1
0
-1
3
3
2
-1
-3
-7
-3
-4
1
-1
-4
-5
-9
-8
-7
-6
-2
1
-4
-1
0
0
0
4
1
-3
0
1
5
1
-3
2
4
2
0
-2
4
3
-1
-4
1
2
6
5
0
4
1
2
2
-3
1
-1
-7
-5
-1
0
0
2
4
-1
-3
-2
-1
4
-3
0
-4
-4
-1
-2
-4
-8
-6
-3
-6
-3
-2
-3
0
-8
-2
1
1
4
4
7
9
6
6
7
5
8
4
2
7
9
3
5
7
7
5
15
12
7
9
7
6
4
11
4
2
6
4
4
4
3
3
1
5
4
2
2
8
8
6
6
4
8
5
6
3
-5
-3
-3
-1
1
4
4
2
0
3
4
1
5
-1
-1
4
2
2
6
3
3
9
4
3
9
7
1
10
4
2
2
5
6
0
-1
1
3
-1
0
6
1
2
1
2
-1
-4
-1
-2
3
0
1
-1
-5
-3
0
-3
-2
-7
-6
0
2
0
-4
1
1
2
5
-1
0
4
1
0
0
3
2
-1
0
1
-2
1
0
2
4
5
5
4
6
4
2
-1
-6
0
2
1
-1
2
-5
2
0
-1
0
-4
-2
-9
-2
-3
-2
1
-1
0
1
-4
-6
3
2
2
-1
-5
-4
-5
1
1
2
1
2
4
1
-2
3
-3
-1
-1
-6
1
-1
-2
-4
-1
-8
-6
-4
-5
-5
-5
-3
-11
-3
-3
-4
-3
-4
-9
-10
-8
-10
-9
-9
-8
-8
-10
-9
-8
-4
-10
-12
-5
-8
-14
-9
-11
-5
-7
-5
-2
-5
-6
-4
-2
-11
-3
-9
-5
-5
-9
-8
-8
-1
-3
1
-1
-1
-1
2
-6
0
2
3
4
4
5
-4
1
-1
-2
0
-1
0
0
-1
-1
-3
3
-2
3
2
-7
-3
1
1
0
-5
-4
-1
-7
1
-1
2
1
-2
0
-4
0
-3
-3
-4
-10
-4
-3
0
-2
-2
-1
-6
2
-2
-6
-3
-3
-2
-1
1
1
2
-3
-3
-4
2
-1
-3
-5
-2
-2
-5
1
-5
2
-4
-11
-5
-7
-5
0
3
-2
-1
-1
-8
3
2
0
5
-2
-1
2
-1
2
3
-6
-4
-2
-5
-8
2
0
-7
-4
2
-3
1
0
-5
2
-5
-2
-6
-6
-3
-6
-12
-1
-6
-9
-4
-9
-7
-8
-4
-4
-6
-6
-3
-8
-6
-4
-5
-4
-5
-4
-6
-1
-1
-4
-5
4
-5
-10
-4
-3
-1
-3
-1
-4
-5
-5
-6
-2
-2
0
-4
-7
-4
-4
-9
0
-1
-1
-5
-3
-2
-7
-1
-5
2
4
-2
3
6
4
3
2
-1
2
0
-1
-1
-2
-3
2
-1
-2
-3
-1
4
-4
-1
0
1
-1
5
3
2
0
-6
-6
-4
1
-4
-4
-6
-7
-6
-6
1
-2
-2
-8
-7
-7
-9
-3
-6
-1
-6
-1
-1
1
0
-6
-8
-10
-8
-11
-8
-8
-7
-5
-8
-5
-2
-2
-4
-1
-2
-3
-2
-5
-5
0
-3
-9
-2
-6
-9
-5
-5
-2
-2
0
-3
-5
-2
-4
-2
1
0
0
-1
3
-2
2
0
1
0
-5
0
-4
-4
-4
-2
0
-6
-3
-2
-1
-3
-3
-6
-5
-8
-5
1
-6
0
2
-5
0
-2
-5
-2
-8
3
0
1
5
0
-1
-2
2
-1
2
1
2
3
1
0
-2
3
7
3
4
2
1
3
6
0
6
0
1
8
-1
3
3
5
7
5
9
5
4
8
3
7
5
5
9
6
8
8
9
9
7
1
6
1
3
4
3
7
7
7
8
7
7
9
3
4
2
3
5
11
9
7
8
6
7
7
6
6
7
5
7
5
5
3
5
4
1
-1
5
3
3
9
4
8
9
0
6
3
8
11
6
4
6
6
7
5
7
7
2
6
4
8
8
7
5
1
5
0
3
2
4
2
2
4
7
2
-3
2
-4
1
-2
-1
-4
3
6
2
-4
-5
-2
-9
1
-1
-7
-4
-4
-4
0
3
1
5
3
6
4
2
9
7
10
8
3
6
9
7
11
14
13
14
11
12
12
9
10
14
9
11
14
12
16
12
12
8
12
10
8
5
1
6
7
12
9
5
6
8
9
6
3
2
5
4
4
8
12
8
6
3
7
8
2
0
-2
1
6
0
3
6
6
2
-3
2
-2
5
4
4
10
5
5
2
7
0
2
7
0
-1
3
4
-3
-3
2
0
0
0
0
1
4
1
3
1
0
-1
4
6
1
3
6
4
7
10
7
8
9
11
12
6
15
8
11
10
10
14
6
9
11
8
7
11
9
12
9
9
12
13
9
12
15
13
11
12
10
11
16
9
12
11
11
5
10
6
4
7
7
9
5
8
11
13
13
12
8
9
15
9
12
12
10
7
5
10
8
8
8
5
9
7
1
3
6
3
-1
4
0
1
-1
2
4
2
0
5
4
3
4
5
9
6
10
7
-1
-1
5
8
5
6
8
6
9
12
11
9
10
9
7
6
8
11
8
7
10
9
10
14
3
6
11
10
10
9
12
5
8
11
8
11
10
6
13
10
9
8
11
6
8
11
12
12
7
13
9
12
10
10
15
12
13
11
12
17
7
10
15
18
9
9
16
16
10
10
13
12
15
12
13
16
16
10
15
10
11
15
13
12
9
15
14
15
11
14
15
24
13
11
19
18
14
9
16
13
13
16
18
15
16
13
12
17
18
12
11
11
16
18
15
16
14
15
17
15
16
19
18
15
16
17
13
13
16
8
13
13
15
12
10
11
1
10
15
11
12
10
8
14
7
4
11
9
10
11
8
12
5
4
11
8
5
9
7
8
8
10
12
9
11
7
10
11
6
7
11
3
7
12
8
12
6
6
8
7
10
5
1
5
5
9
4
9
6
5
2
3
3
1
3
-3
4
7
4
10
10
1
5
4
4
1
-2
0
4
4
1
3
-1
3
-1
0
2
-3
0
3
5
0
1
4
4
1
-2
2
-3
3
3
-3
-1
-5
-2
0
2
4
3
-7
-2
-2
-4
-4
-4
-1
-2
-6
-14
-10
-7
-11
-9
-7
-11
-3
-8
-11
-4
-6
-7
-12
-7
-5
-5
-9
-8
-5
-9
-2
-5
-5
-6
-11
-4
-2
-3
-4
0
-4
-2
-7
-6
-6
-9
-2
-4
-1
-8
-7
-4
-4
-3
-2
-5
-6
-8
-6
-4
0
-3
-3
0
-5
-7
-8
-6
-3
-1
0
0
-8
-7
-11
-9
-6
-10
-2
-8
-9
-6
-12
-14
-10
-13
-9
-10
-11
-11
-8
-5
-9
-3
-11
-15
-11
-10
-13
-16
-10
-7
-7
-7
-7
0
-6
-6
-8
-6
-4
-7
-4
-3
-6
-8
-3
-8
-4
-2
-3
-4
-8
-5
-4
-6
-2
-6
-8
-12
-6
-4
-6
-2
-10
-7
-10
-8
-8
-14
-11
-6
-6
-5
-6
-2
-7
-2
2
-1
-7
-6
-10
-16
-16
-21
-20
-16
-17
-17
-16
-14
-11
-3
-8
-5
-8
-16
-13
-16
-22
-20
-15
-18
-15
-15
-14
-15
-15
-12
-7
-13
-14
-17
-19
-20
-18
-17
-22
-17
-16
-14
-8
-9
-1
6
6
4
-4
-2
-5
-12
-10
-19
-17
-12
-11
-12
-2
1
6
16
17
10
2
4
5
-4
-15
-15
-16
-18
-13
1
3
4
15
25
22
25
25
20
13
7
-2
-8
-13
-20
-11
-5
-1
-1
15
26
26
20
23
14
-7
-13
-19
-32
-48
-43
-24
-32
-36
-10
8
3
4
15
-1
-27
-37
-46
-90
-133
-149
-164
-202
-223
-222
-240
-262
-263
-254
-273
-289
-284
-281
-296
-295
-287
-276
-255
-220
-180
-132
-79
-40
14
80
129
168
221
287
332
372
465
549
603
700
836
895
917
1005
1064
996
925
906
772
544
399
261
-2
-236
-340
-488
-695
-767
-780
-878
-942
-884
-875
-932
-905
-857
-897
-931
-901
-923
-1007
-1011
-967
-1004
-1018
-949
-895
-868
-758
-606
-513
-370
-126
111
308
592
956
1224
1473
1855
2168
2232
2334
2563
2547
2242
2090
2007
1566
1050
850
574
-48
-430
-443
-727
-1169
-1181
-1072
-1300
-1437
-1193
-1132
-1348
-1284
-1054
-1116
-1237
-1089
-978
-1038
-967
-774
-678
-581
-338
-113
63
323
562
732
972
1212
1288
1327
1463
1492
1364
1295
1245
1009
739
622
449
105
-134
-216
-415
-650
-678
-683
-842
-905
-773
-774
-917
-886
-804
-943
-1088
-1050
-1109
-1350
-1432
-1366
-1472
-1593
-1476
-1333
-1331
-1196
-891
-696
-572
-286
15
150
310
559
695
789
1012
1185
1248
1475
1795
1946
2164
2622
2839
2787
3053
3386
3116
2713
2767
2530
1676
1153
1001
233
-773
-1007
-1156
-1977
-2483
-2238
-2341
-2802
-2600
-2127
-2247
-2295
-1734
-1413
-1560
-1372
-906
-844
-904
-603
-383
-431
-326
-41
94
113
260
442
536
603
659
680
649
557
434
300
68
-273
-548
-760
-1077
-1392
-1524
-1560
-1608
-1488
-1121
-692
-259
335
1118
1794
2262
2761
3334
3593
3473
3418
3371
2891
2210
1835
1418
599
-22
-179
-500
-1024
-1094
-933
-1075
-1127
-844
-724
-823
-715
-601
-765
-870
-899
-1162
-1414
-1470
-1699
-2017
-2002
-1951
-2155
-2081
-1684
-1555
-1475
-948
-481
-410
-114
392
447
338
515
515
143
-80
-109
-323
-522
-427
-208
35
482
1115
1812
2503
3094
3663
4258
4523
4403
4311
4103
3402
2558
1971
1138
-50
-843
-1275
-2029
-2732
-2810
-2793
-3021
-2901
-2368
-2116
-1978
-1471
-946
-807
-699
-419
-333
-483
-601
-680
-922
-1241
-1404
-1447
-1553
-1642
-1517
-1246
-1002
-736
-320
53
264
510
757
753
594
455
212
-123
-353
-535
-726
-677
-368
-47
407
1195
1920
2429
3173
3990
4268
4284
4532
4484
3803
3193
2786
1858
664
-6
-575
-1578
-2323
-2475
-2729
-3096
-2938
-2541
-2441
-2227
-1608
-1144
-1000
-743
-443
-441
-576
-647
-837
-1218
-1559
-1772
-1947
-2122
-2211
-2113
-1882
-1614
-1272
-800
-375
-90
279
637
728
654
616
533
319
155
98
96
220
513
971
1603
2258
2786
3431
4236
4694
4750
4925
5031
4540
3846
3408
2655
1374
399
-202
-1181
-2258
-2757
-3054
-3555
-3733
-3466
-3323
-3225
-2732
-2153
-1824
-1499
-1118
-920
-841
-780
-891
-1138
-1367
-1599
-1834
-1959
-2039
-2104
-1995
-1661
-1352
-1020
-562
-169
125
475
766
754
650
669
634
456
403
550
712
950
1489
2197
2755
3233
3906
4640
4971
4998
5127
5080
4513
3840
3317
2455
1171
209
-454
-1455
-2490
-2995
-3350
-3854
-4007
-3772
-3686
-3601
-3122
-2563
-2235
-1882
-1448
-1192
-1034
-863
-854
-1034
-1192
-1328
-1515
-1672
-1757
-1853
-1821
-1579
-1327
-1086
-755
-407
-110
202
450
492
452
496
542
468
477
682
947
1270
1860
2629
3203
3688
4422
5151
5380
5388
5519
5354
4679
4013
3446
2388
1060
171
-579
-1686
-2656
-3120
-3534
-4022
-4082
-3884
-3843
-3715
-3230
-2720
-2409
-2070
-1689
-1427
-1238
-1088
-1060
-1157
-1280
-1376
-1449
-1534
-1650
-1680
-1571
-1428
-1246
-989
-772
-597
-351
-92
-27
-96
-106
-91
-105
-78
44
304
706
1226
1970
2867
3584
4164
5010
5841
6071
6025
6190
6021
5199
4475
3918
2735
1244
373
-338
-1586
-2648
-3013
-3431
-3999
-4021
-3745
-3771
-3687
-3133
-2627
-2406
-2131
-1793
-1594
-1493
-1424
-1490
-1667
-1843
-1991
-2045
-2094
-2230
-2235
-1973
-1702
-1491
-1123
-739
-536
-255
159
274
104
119
228
113
36
239
506
784
1367
2260
3126
3812
4550
5491
6308
6594
6639
6771
6568
5780
5000
4310
3050
1481
455
-375
-1711
-2914
-3430
-3876
-4469
-4582
-4318
-4303
-4233
-3671
-3077
-2829
-2606
-2260
-2034
-1974
-1959
-2030
-2212
-2402
-2504
-2491
-2466
-2507
-2402
-2016
-1593
-1242
-801
-316
40
399
812
962
822
773
820
717
579
655
864
1115
1623
2456
3287
3923
4640
5612
6389
6631
6711
6857
6567
5746
4979
4186
2779
1161
94
-902
-2370
-3589
-4123
-4637
-5226
-5244
-4925
-4835
-4612
-3894
-3200
-2870
-2531
-2074
-1803
-1734
-1710
-1767
-1963
-2165
-2260
-2268
-2291
-2336
-2200
-1815
-1414
-1091
-670
-202
125
445
799
875
721
704
787
677
593
832
1143
1447
2116
3097
3836
4390
5284
6241
6650
6731
6935
6863
6167
5386
4723
3579
1958
688
-270
-1595
-2968
-3751
-4298
-4964
-5246
-5027
-4894
-4802
-4260
-3526
-3062
-2689
-2196
-1827
-1680
-1598
-1600
-1770
-2007
-2190
-2307
-2396
-2504
-2535
-2334
-1988
-1703
-1371
-904
-509
-178
241
539
517
518
721
788
746
983
1422
1765
2348
3379
4255
4776
5553
6557
7046
7073
7229
7214
6523
5649
4982
3916
2264
870
-123
-1420
-2857
-3735
-4302
-5010
-5417
-5262
-5130
-5106
-4681
-3962
-3487
-3121
-2585
-2165
-1984
-1789
-1647
-1776
-1947
-1984
-2055
-2176
-2188
-2152
-2101
-1849
-1476
-1202
-921
-519
-152
127
401
505
446
507
652
664
760
1177
1629
2117
3045
4112
4747
5383
6436
7181
7232
7318
7470
6925
5937
5244
4324
2666
1083
35
-1218
-2775
-3811
-4415
-5161
-5677
-5591
-5431
-5410
-5031
-4311
-3776
-3374
-2817
-2353
-2143
-1919
-1719
-1783
-1965
-2009
-2035
-2148
-2170
-2092
-2025
-1845
-1488
-1139
-878
-551
-159
146
382
514
493
488
594
646
691
993
1461
1919
2700
3803
4621
5213
6189
7178
7454
7481
7730
7501
6563
5761
5053
3580
1790
600
-516
-2157
-3514
-4186
-4931
-5722
-5852
-5627
-5676
-5547
-4870
-4235
-3902
-3459
-2882
-2611
-2484
-2236
-2117
-2256
-2345
-2241
-2209
-2224
-2116
-1907
-1702
-1408
-990
-615
-336
-34
346
622
709
711
739
805
812
897
1187
1592
2025
2740
3814
4696
5287
6130
7150
7576
7538
7705
7643
6794
5823
5152
3933
2085
695
-307
-1815
-3400
-4204
-4826
-5693
-6067
-5817
-5741
-5780
-5217
-4458
-4084
-3743
-3148
-2758
-2662
-2431
-2198
-2265
-2379
-2265
-2152
-2157
-2056
-1841
-1625
-1356
-957
-580
-313
-47
263
526
613
577
546
586
602
643
923
1362
1815
2499
3599
4613
5291
6130
7181
7778
7821
7945
7932
7212
6216
5446
4332
2559
998
-121
-1536
-3150
-4191
-4849
-5657
-6166
-6062
-5914
-5891
-5467
-4736
-4238
-3878
-3373
-2917
-2720
-2552
-2363
-2343
-2424
-2412
-2318
-2267
-2176
-2014
-1778
-1459
-1096
-712
-364
-47
246
530
687
655
589
610
621
574
747
1175
1613
2188
3228
4354
5090
5897
7046
7833
7947
8078
8249
7682
6642
5882
4924
3167
1444
313
-1064
-2823
-4041
-4716
-5585
-6283
-6267
-6083
-6098
-5786
-5043
-4492
-4157
-3653
-3130
-2889
-2743
-2509
-2416
-2481
-2488
-2389
-2299
-2255
-2098
-1834
-1528
-1209
-818
-402
-86
187
510
719
687
629
690
701
631
797
1231
1644
2175
3176
4340
5140
5897
7026
7926
8127
8214
8435
8029
6995
6161
5314
3714
1886
630
-647
-2413
-3820
-4584
-5422
-6260
-6427
-6264
-6290
-6097
-5448
-4849
-4501
-4020
-3474
-3151
-2931
-2664
-2499
-2494
-2457
-2345
-2229
-2129
-1963
-1713
-1406
-1047
-648
-238
80
349
655
877
854
759
748
694
575
617
922
1291
1743
2580
3736
4690
5450
6485
7581
8076
8162
8382
8299
7451
6466
5686
4373
2457
926
-258
-1901
-3575
-4520
-5252
-6162
-6556
-6364
-6300
-6245
-5670
-4956
-4556
-4137
-3525
-3137
-2976
-2686
-2442
-2472
-2507
-2393
-2301
-2261
-2097
-1854
-1617
-1291
-844
-405
-89
196
523
779
853
796
729
647
542
509
664
976
1366
1992
3025
4158
5012
5895
7056
7947
8223
8383
8573
8120
7102
6277
5334
3608
1758
478
-938
-2758
-4086
-4857
-5783
-6541
-6551
-6388
-6454
-6159
-5435
-4914
-4559
-3970
-3442
-3243
-3009
-2666
-2566
-2650
-2583
-2461
-2405
-2258
-2020
-1789
-1510
-1066
-589
-200
135
460
755
956
1023
965
864
782
729
734
942
1311
1764
2519
3653
4732
5521
6501
7663
8317
8449
8665
8695
7922
6903
6127
4879
2926
1271
27
-1662
-3437
-4507
-5337
-6349
-6858
-6696
-6668
-6673
-6111
-5367
-4949
-4485
-3790
-3359
-3201
-2881
-2569
-2573
-2620
-2501
-2400
-2337
-2151
-1882
-1640
-1317
-844
-374
-17
309
658
933
1075
1083
996
870
763
704
728
947
1308
1819
2676
3806
4807
5627
6681
7785
8320
8457
8664
8535
7687
6722
5884
4459
2523
978
-340
-2091
-3744
-4728
-5599
-6539
-6872
-6696
-6674
-6579
-5937
-5202
-4803
-4337
-3690
-3317
-3181
-2912
-2665
-2703
-2768
-2639
-2513
-2461
-2297
-1998
-1722
-1398
-916
-423
-89
230
637
917
999
1011
975
840
728
728
788
1000
1420
2023
2893
4041
5072
5915
6982
8092
8615
8711
8922
8778
7846
6859
6033
4529
2512
986
-339
-2187
-3867
-4822
-5746
-6746
-7042
-6858
-6909
-6819
-6139
-5453
-5065
-4532
-3886
-3555
-3353
-2989
-2764
-2799
-2758
-2604
-2509
-2387
-2153
-1902
-1631
-1225
-745
-308
60
408
743
992
1100
1074
965
828
716
656
697
918
1316
1878
2751
3895
4904
5767
6834
7939
8495
8651
8894
8768
7903
6972
6167
4679
2688
1143
-194
-2020
-3724
-4717
-5653
-6631
-6961
-6791
-6811
-6716
-6052
-5314
-4846
-4324
-3699
-3290
-3047
-2774
-2575
-2574
-2620
-2602
-2494
-2368
-2298
-2133
-1790
-1413
-1058
-591
-145
140
437
812
979
882
815
790
676
599
727
976
1336
1924
2839
3958
4959
5833
6889
7990
8574
8755
8981
8879
8076
7151
6349
4929
2964
1413
103
-1700
-3425
-4452
-5405
-6456
-6865
-6745
-6841
-6848
-6256
-5536
-5103
-4638
-4005
-3540
-3288
-3022
-2760
-2664
-2723
-2712
-2521
-2366
-2350
-2187
-1790
-1458
-1166
-665
-185
33
319
765
932
804
780
782
631
587
744
976
1322
1956
2837
3926
5016
5917
6885
7984
8708
8881
9019
8972
8248
7231
6385
5086
3136
1456
135
-1574
-3341
-4462
-5406
-6480
-6988
-6918
-7005
-7049
-6529
-5861
-5442
-4946
-4315
-3906
-3637
-3267
-2962
-2862
-2797
-2674
-2513
-2291
-2067
-1879
-1568
-1139
-746
-319
142
461
662
954
1178
1089
889
771
633
475
462
629
921
1383
2134
3207
4339
5269
6214
7379
8315
8679
8876
9018
8577
7627
6783
5736
3963
2097
696
-836
-2663
-4049
-5004
-6048
-6795
-6847
-6802
-6906
-6585
-5884
-5372
-4914
-4287
-3816
-3581
-3250
-2884
-2785
-2778
-2686
-2603
-2485
-2267
-2091
-1941
-1614
-1172
-787
-386
11
273
519
838
980
854
721
694
614
559
710
1005
1361
1942
2919
4063
5002
5853
6953
8035
8585
8804
9033
8862
8050
7194
6356
4869
2955
1424
48
-1724
-3355
-4431
-5468
-6444
-6773
-6741
-6885
-6818
-6268
-5693
-5245
-4691
-4162
-3864
-3539
-3121
-2913
-2878
-2799
-2707
-2569
-2338
-2149
-2032
-1749
-1315
-942
-546
-131
118
327
683
911
818
669
670
624
534
637
895
1191
1689
2590
3715
4701
5547
6593
7745
8471
8752
8983
8980
8337
7472
6686
5411
3512
1842
512
-1172
-2951
-4179
-5168
-6213
-6756
-6730
-6784
-6820
-6338
-5629
-5115
-4619
-4044
-3635
-3333
-2999
-2758
-2739
-2791
-2777
-2684
-2547
-2472
-2410
-2172
-1810
-1465
-1052
-607
-316
-47
411
758
765
715
783
771
710
804
1011
1257
1700
2493
3530
4522
5356
6320
7468
8320
8658
8889
9026
8545
7684
6959
5868
4050
2284
957
-666
-2561
-3931
-4938
-6072
-6836
-6899
-6942
-7097
-6741
-5995
-5437
-4963
-4338
-3800
-3468
-3106
-2757
-2653
-2691
-2652
-2527
-2413
-2357
-2271
-2073
-1790
-1471
-1046
-606
-337
-47
427
774
819
823
896
859
803
912
1108
1332
1742
2478
3466
4468
5303
6210
7317
8198
8555
8789
8977
8558
7694
6985
5998
4248
2470
1161
-391
-2291
-3685
-4682
-5846
-6697
-6813
-6866
-7080
-6804
-6118
-5618
-5166
-4508
-3989
-3696
-3270
-2849
-2736
-2710
-2573
-2467
-2382
-2228
-2089
-1979
-1726
-1357
-982
-615
-300
-9
352
689
801
781
805
819
778
853
1084
1369
1752
2454
3474
4500
5343
6246
7360
8240
8611
8855
9029
8605
7733
6986
6007
4283
2478
1143
-401
-2286
-3671
-4647
-5806
-6656
-6749
-6770
-6990
-6709
-6012
-5564
-5136
-4432
-3927
-3732
-3323
-2862
-2798
-2829
-2647
-2552
-2559
-2367
-2145
-2081
-1864
-1405
-1000
-691
-322
31
308
602
806
789
703
709
703
714
900
1217
1587
2222
3256
4330
5170
6082
7216
8114
8515
8802
9006
8600
7761
7028
6075
4388
2593
1229
-306
-2154
-3575
-4565
-5696
-6571
-6696
-6699
-6880
-6604
-5913
-5439
-4997
-4278
-3761
-3574
-3197
-2746
-2690
-2777
-2641
-2552
-2600
-2455
-2234
-2161
-1984
-1523
-1084
-777
-397
-6
265
531
757
744
620
602
607
580
748
1104
1480
2096
3164
4287
5127
6073
7280
8187
8592
8948
9183
8745
7906
7204
6194
4468
2694
1297
-302
-2146
-3552
-4602
-5734
-6561
-6716
-6738
-6865
-6581
-5934
-5413
-4924
-4276
-3769
-3503
-3156
-2773
-2662
-2699
-2644
-2564
-2528
-2428
-2277
-2159
-1938
-1552
-1114
-725
-376
-22
347
664
833
840
786
772
741
732
910
1215
1562
2187
3233
4306
5103
6036
7237
8114
8473
8843
9091
8600
7746
7085
6040
4231
2480
1115
-538
-2417
-3756
-4769
-5906
-6667
-6732
-6710
-6776
-6400
-5681
-5093
-4560
-3915
-3401
-3111
-2810
-2530
-2469
-2583
-2665
-2658
-2653
-2661
-2600
-2429
-2197
-1870
-1379
-883
-525
-156
338
700
814
865
915
858
788
853
1041
1317
1710
2380
3395
4457
5284
6224
7413
8285
8626
8968
9219
8705
7802
7115
6055
4176
2376
1030
-675
-2631
-3969
-4954
-6136
-6927
-6958
-6950
-7046
-6635
-5853
-5278
-4766
-4070
-3500
-3215
-2907
-2605
-2559
-2688
-2757
-2737
-2752
-2768
-2678
-2480
-2223
-1863
-1339
-819
-435
-33
458
808
908
953
983
898
806
843
1006
1261
1649
2319
3325
4393
5276
6241
7433
8359
8776
9113
9375
8954
8047
7295
6260
4444
2565
1139
-512
-2477
-3921
-4893
-6022
-6888
-6979
-6901
-7003
-6692
-5907
-5293
-4825
-4146
-3513
-3226
-2986
-2632
-2546
-2731
-2818
-2772
-2823
-2888
-2757
-2540
-2338
-1977
-1406
-884
-496
-59
429
746
874
945
909
777
691
687
767
1012
1422
2024
2999
4151
5122
6073
7316
8406
8896
9260
9623
9308
8376
7585
6635
4831
2850
1384
-246
-2267
-3768
-4732
-5877
-6816
-6921
-6838
-6978
-6673
-5903
-5352
-4887
-4147
-3563
-3345
-3029
-2643
-2624
-2766
-2754
-2772
-2856
-2763
-2566
-2411
-2137
-1655
-1120
-618
-112
321
680
1020
1193
1133
981
832
648
475
481
648
928
1452
2363
3516
4560
5562
6806
8031
8742
9159
9561
9462
8638
7751
6852
5211
3134
1502
-37
-2011
-3696
-4714
-5737
-6724
-6944
-6757
-6798
-6589
-5840
-5179
-4713
-4049
-3455
-3247
-3038
-2724
-2712
-2918
-2987
-3034
-3147
-3075
-2868
-2724
-2447
-1920
-1364
-835
-259
226
578
954
1235
1181
983
867
702
461
394
565
801
1220
2095
3272
4353
5366
6642
7972
8839
9332
9801
9873
9189
8301
7437
5952
3871
2080
529
-1420
-3298
-4504
-5544
-6642
-7089
-6945
-6940
-6851
-6188
-5410
-4913
-4309
-3636
-3303
-3156
-2866
-2730
-2945
-3131
-3175
-3254
-3296
-3138
-2913
-2654
-2210
-1598
-966
-375
137
584
1003
1291
1316
1150
980
782
527
370
438
652
1001
1720
2859
4040
5056
6269
7680
8728
9289
9772
10024
9519
8594
7740
6472
4459
2497
923
-913
-2901
-4301
-5305
-6413
-7085
-7005
-6882
-6853
-6319
-5485
-4914
-4378
-3678
-3249
-3144
-2918
-2708
-2862
-3130
-3199
-3258
-3355
-3242
-2996
-2750
-2382
-1784
-1120
-519
26
499
918
1254
1366
1237
1042
842
600
399
398
571
876
1469
2502
3744
4854
5972
7335
8595
9305
9746
10105
9871
8957
8015
6971
5175
3022
1323
-315
-2319
-3980
-5009
-6033
-6927
-7039
-6776
-6728
-6432
-5628
-4927
-4450
-3824
-3293
-3173
-3068
-2848
-2909
-3200
-3360
-3429
-3524
-3442
-3187
-2942
-2585
-1989
-1311
-657
-41
459
837
1200
1412
1299
1022
756
465
171
53
144
380
846
1761
3042
4314
5456
6794
8260
9281
9795
10236
10336
9593
8549
7639
6156
3911
1939
392
-1538
-3528
-4750
-5692
-6777
-7225
-6924
-6761
-6668
-5983
-5113
-4595
-4056
-3423
-3181
-3189
-3007
-2941
-3238
-3495
-3583
-3698
-3679
-3417
-3150
-2840
-2241
-1483
-780
-81
554
984
1353
1704
1724
1397
1054
752
371
66
9
123
404
1106
2277
3608
4821
6097
7612
8956
9726
10207
10527
10183
9192
8199
6991
4955
2689
959
-780
-2879
-4507
-5496
-6510
-7271
-7178
-6827
-6729
-6280
-5367
-4648
-4136
-3528
-3152
-3130
-3044
-2948
-3182
-3522
-3708
-3864
-3903
-3674
-3409
-3159
-2585
-1772
-1043
-306
476
993
1350
1788
1977
1672
1245
920
503
63
-167
-185
-22
487
1463
2781
4134
5407
6871
8492
9656
10229
10673
10794
10072
8967
7937
6285
3891
1831
203
-1834
-3887
-5130
-6066
-7050
-7334
-6936
-6696
-6435
-5582
-4621
-4003
-3430
-2903
-2746
-2761
-2739
-2952
-3405
-3826
-4154
-4342
-4309
-4193
-4014
-3518
-2733
-1943
-1092
-152
561
1086
1693
2105
1989
1667
1358
934
452
90
-138
-159
175
858
1942
3330
4650
5963
7625
9218
10049
10542
11031
10799
9760
8726
7484
5302
2908
1117
-766
-3071
-4815
-5842
-6883
-7629
-7510
-7098
-6856
-6251
-5177
-4271
-3647
-3054
-2602
-2476
-2514
-2640
-2953
-3451
-3941
-4207
-4281
-4319
-4254
-3839
-3177
-2472
-1605
-615
168
777
1457
1968
2020
1829
1552
1107
607
219
-122
-278
-59
469
1338
2673
4095
5353
6884
8634
9783
10328
10878
11018
10200
9099
8042
6263
3829
1786
57
-2087
-4109
-5369
-6351
-7293
-7567
-7223
-6925
-6556
-5749
-4793
-4078
-3507
-3035
-2783
-2735
-2796
-2979
-3321
-3752
-4084
-4170
-4112
-4039
-3755
-3145
-2431
-1652
-685
229
833
1377
1949
2162
1937
1595
1153
545
7
-350
-601
-615
-206
596
1807
3323
4760
6206
7966
9551
10402
10904
11290
10893
9740
8625
7250
4972
2535
712
-1155
-3341
-4943
-5886
-6839
-7438
-7190
-6727
-6460
-5852
-4892
-4130
-3580
-3086
-2857
-2903
-2965
-3123
-3522
-3962
-4296
-4517
-4506
-4274
-3972
-3504
-2724
-1811
-870
129
959
1500
2006
2421
2374
1955
1460
887
224
-294
-613
-773
-623
-10
1072
2531
4030
5453
7115
8910
10139
10739
11232
11255
10331
9111
7953
6036
3434
1284
-448
-2591
-4582
-5708
-6596
-7441
-7476
-6891
-6527
-6087
-5121
-4180
-3575
-3017
-2636
-2675
-2816
-2925
-3313
-3872
-4297
-4621
-4808
-4663
-4348
-3991
-3338
-2370
-1367
-370
616
1347
1856
2331
2560
2251
1711
1169
529
-101
-519
-713
-698
-282
657
2065
3614
5062
6665
8503
9985
10758
11263
11495
10832
9569
8389
6768
4242
1805
-3
-2011
-4182
-5586
-6468
-7385
-7725
-7225
-6735
-6377
-5536
-4481
-3780
-3221
-2727
-2631
-2795
-2912
-3196
-3747
-4247
-4604
-4865
-4822
-4504
-4161
-3609
-2673
-1626
-633
407
1282
1831
2294
2644
2482
1936
1370
753
48
-499
-768
-854
-610
168
1446
2977
4499
6080
7889
9576
10609
11174
11551
11224
10088
8845
7419
5135
2545
567
-1315
-3523
-5216
-6158
-7048
-7635
-7330
-6730
-6388
-5732
-4656
-3853
-3342
-2816
-2584
-2749
-2948
-3167
-3660
-4240
-4635
-4901
-4966
-4745
-4379
-3870
-3028
-1995
-958
81
1024
1693
2204
2610
2613
2203
1663
1065
381
-205
-577
-739
-604
15
1121
2568
4089
5614
7371
9149
10371
11018
11478
11405
10453
9216
7905
5849
3252
1110
-744
-2950
-4881
-5981
-6868
-7628
-7556
-6935
-6530
-5986
-4898
-3910
-3372
-2862
-2420
-2468
-2780
-2991
-3369
-4043
-4623
-4883
-5007
-5019
-4730
-4137
-3401
-2505
-1374
-212
703
1452
2179
2634
2649
2385
1942
1309
624
83
-335
-560
-431
134
1184
2627
4139
5640
7408
9196
10387
11060
11570
11475
10500
9293
7960
5819
3198
1067
-880
-3165
-5100
-6233
-7189
-7950
-7846
-7250
-6835
-6218
-5091
-4086
-3489
-2909
-2436
-2438
-2697
-2914
-3294
-3950
-4543
-4837
-4973
-5015
-4792
-4246
-3496
-2633
-1543
-366
569
1302
2036
2563
2594
2329
1950
1375
685
139
-235
-456
-365
186
1235
2651
4101
5553
7319
9123
10296
10968
11526
11462
10478
9314
8058
5924
3283
1183
-729
-3059
-5018
-6119
-7117
-7951
-7863
-7284
-6944
-6366
-5215
-4238
-3626
-2964
-2451
-2428
-2560
-2633
-2984
-3570
-4027
-4330
-4523
-4479
-4237
-3857
-3207
-2330
-1362
-360
557
1251
1828
2308
2410
2094
1650
1139
497
-88
-448
-615
-544
-56
1000
2427
3851
5280
7006
8808
10022
10702
11273
11291
10379
9225
8062
6096
3507
1405
-392
-2627
-4611
-5719
-6654
-7538
-7554
-6982
-6667
-6214
-5175
-4228
-3676
-3080
-2603
-2619
-2781
-2846
-3171
-3738
-4156
-4434
-4630
-4530
-4211
-3838
-3220
-2284
-1307
-350
593
1321
1838
2302
2477
2167
1664
1161
540
-95
-465
-593
-569
-148
872
2296
3733
5146
6833
8617
9909
10635
11191
11295
10475
9305
8152
6331
3778
1551
-246
-2371
-4412
-5641
-6547
-7438
-7591
-7049
-6666
-6277
-5340
-4369
-3783
-3226
-2737
-2700
-2880
-2959
-3221
-3758
-4199
-4490
-4671
-4581
-4268
-3885
-3288
-2368
-1377
-389
598
1343
1857
2346
2586
2309
1788
1274
645
-28
-444
-595
-623
-292
684
2101
3527
4927
6584
8365
9697
10466
11042
11193
10454
9285
8157
6442
3930
1644
-146
-2207
-4285
-5570
-6475
-7402
-7629
-7084
-6677
-6318
-5398
-4376
-3759
-3168
-2583
-2508
-2702
-2734
-2938
-3524
-4025
-4319
-4569
-4596
-4307
-3954
-3463
-2597
-1565
-586
384
1209
1775
2247
2552
2398
1899
1375
799
138
-316
-491
-537
-267
613
1978
3392
4757
6356
8124
9512
10337
10934
11144
10509
9383
8285
6682
4241
1906
77
-1951
-4064
-5457
-6404
-7361
-7696
-7229
-6801
-6462
-5627
-4611
-3929
-3352
-2787
-2643
-2784
-2822
-3002
-3479
-3954
-4274
-4463
-4430
-4183
-3857
-3298
-2447
-1516
-545
436
1178
1684
2192
2495
2292
1823
1368
808
202
-176
-326
-362
-66
804
2116
3514
4848
6377
8107
9491
10278
10827
11066
10441
9288
8213
6642
4219
1899
114
-1894
-4008
-5383
-6318
-7280
-7626
-7161
-6733
-6396
-5549
-4499
-3817
-3248
-2689
-2519
-2652
-2767
-2987
-3458
-3995
-4400
-4603
-4588
-4458
-4191
-3600
-2775
-1893
-875
173
926
1485
2090
2440
2267
1882
1471
923
357
13
-158
-183
158
985
2282
3699
5004
6473
8210
9603
10308
10825
11079
10411
9208
8140
6569
4090
1773
34
-2006
-4142
-5499
-6446
-7434
-7772
-7343
-6980
-6658
-5804
-4826
-4175
-3562
-3015
-2862
-2916
-2930
-3129
-3520
-3889
-4207
-4365
-4219
-3970
-3694
-3091
-2204
-1337
-421
587
1303
1748
2242
2525
2281
1786
1314
726
106
-282
-478
-502
-157
695
1994
3453
4801
6268
8017
9455
10178
10676
10960
10345
9132
8056
6530
4093
1758
32
-1936
-4066
-5418
-6281
-7208
-7568
-7086
-6635
-6326
-5495
-4444
-3791
-3275
-2729
-2555
-2732
-2873
-3068
-3530
-4069
-4426
-4592
-4568
-4386
-4026
-3421
-2606
-1657
-618
364
1114
1722
2257
2508
2336
1944
1434
829
292
-97
-313
-286
105
959
2274
3751
5108
6625
8387
9762
10460
10977
11194
10500
9297
8175
6521
4025
1726
-62
-2147
-4282
-5605
-6533
-7506
-7792
-7296
-6886
-6545
-5647
-4568
-3929
-3385
-2790
-2604
-2796
-2905
-3048
-3551
-4125
-4424
-4538
-4586
-4404
-3949
-3358
-2595
-1592
-492
402
1117
1804
2327
2472
2326
1991
1455
876
408
60
-139
-54
389
1269
2611
4022
5320
6868
8580
9769
10377
10888
10935
10074
8913
7777
5941
3455
1325
-471
-2583
-4540
-5733
-6715
-7601
-7718
-7261
-6937
-6533
-5636
-4705
-4063
-3490
-2984
-2837
-2915
-2943
-3069
-3440
-3871
-4101
-4120
-4045
-3836
-3418
-2800
-2085
-1204
-196
607
1149
1715
2202
2244
1991
1671
1198
592
159
-66
-194
-94
421
1423
2752
4098
5417
6976
8599
9662
10242
10709
10640
9696
8579
7440
5523
3079
1085
-675
-2775
-4560
-5644
-6630
-7439
-7411
-6976
-6743
-6288
-5392
-4608
-4054
-3452
-3054
-3046
-3087
-3084
-3309
-3679
-3990
-4214
-4255
-4065
-3786
-3390
-2721
-1908
-1053
-93
756
1302
1781
2239
2290
1956
1612
1190
600
167
31
9
152
778
1917
3276
4595
5954
7528
9010
9936
10449
10792
10495
9444
8293
7025
4974
2563
639
-1151
-3216
-4846
-5827
-6788
-7450
-7259
-6808
-6580
-6025
-5101
-4430
-3909
-3307
-3023
-3117
-3149
-3169
-3480
-3844
-4065
-4264
-4279
-3981
-3625
-3208
-2463
-1564
-730
184
1031
1546
1935
2306
2292
1879
1463
1021
437
-1
-107
-87
115
828
2039
3404
4711
6136
7736
9127
9985
10513
10798
10390
9336
8212
6842
4700
2357
504
-1352
-3439
-4998
-5974
-6944
-7532
-7313
-6919
-6691
-6071
-5153
-4491
-3960
-3392
-3121
-3179
-3173
-3236
-3564
-3890
-4109
-4282
-4237
-3945
-3618
-3148
-2358
-1473
-639
274
1085
1593
2009
2339
2254
1836
1450
1008
444
60
-11
47
345
1189
2483
3810
5097
6598
8218
9451
10142
10627
10756
10090
8939
7798
6194
3859
1632
-122
-2093
-4149
-5474
-6365
-7299
-7667
-7254
-6867
-6580
-5776
-4775
-4172
-3697
-3130
-2907
-3069
-3158
-3278
-3700
-4155
-4372
-4455
-4449
-4213
-3744
-3127
-2349
-1408
-398
510
1222
1835
2324
2496
2318
1987
1567
1045
563
264
165
272
741
1693
3002
4307
5601
7147
8740
9796
10349
10806
10755
9840
8688
7527
5633
3176
1153
-611
-2791
-4735
-5837
-6784
-7723
-7831
-7328
-7061
-6676
-5681
-4721
-4218
-3661
-3066
-2938
-3086
-3098
-3225
-3683
-4088
-4200
-4230
-4221
-3949
-3413
-2794
-2046
-1062
-75
691
1343
1989
2388
2407
2224
1906
1404
902
556
307
212
444
1071
2112
3451
4757
6051
7610
9109
9976
10452
10821
10498
9423
8316
7033
4878
2477
640
-1215
-3403
-5051
-6003
-7016
-7762
-7599
-7162
-6976
-6446
-5469
-4713
-4233
-3657
-3236
-3214
-3251
-3219
-3403
-3769
-4023
-4086
-4033
-3874
-3528
-2991
-2346
-1559
-592
323
987
1547
2109
2391
2283
2019
1625
1033
524
241
26
-44
275
1030
2175
3565
4906
6257
7860
9308
10108
10582
10869
10375
9247
8168
6753
4468
2139
371
-1545
-3675
-5126
-6060
-7084
-7631
-7349
-6976
-6771
-6163
-5276
-4638
-4114
-3588
-3351
-3385
-3387
-3420
-3658
-3968
-4193
-4273
-4143
-3862
-3517
-2971
-2217
-1394
-458
484
1159
1648
2147
2442
2307
1958
1546
1003
489
205
84
67
373
1198
2444
3800
5063
6460
8076
9377
10087
10581
10752
10094
8971
7910
6343
3985
1764
4
-2001
-4045
-5353
-6309
-7323
-7705
-7322
-6999
-6748
-6027
-5150
-4557
-4007
-3458
-3290
-3359
-3331
-3387
-3692
-4024
-4224
-4281
-4167
-3884
-3494
-2924
-2138
-1261
-307
616
1299
1811
2287
2536
2383
2009
1590
1086
595
322
244
311
685
1590
2920
4248
5495
6979
8580
9711
10320
10800
10823
9978
8833
7712
5935
3506
1411
-353
-2473
-4426
-5564
-6520
-7500
-7694
-7217
-6958
-6657
-5767
-4888
-4399
-3849
-3270
-3169
-3327
-3297
-3386
-3841
-4247
-4378
-4445
-4438
-4168
-3681
-3085
-2312
-1339
-332
545
1252
1873
2344
2520
2381
2045
1619
1134
706
443
381
509
963
1943
3269
4526
5774
7348
8897
9839
10414
10896
10739
9761
8657
7438
5417
2982
1022
-845
-3073
-4875
-5924
-6962
-7852
-7839
-7382
-7198
-6766
-5767
-4936
-4467
-3833
-3269
-3232
-3320
-3228
-3385
-3877
-4199
-4272
-4370
-4352
-4025
-3545
-2981
-2182
-1188
-249
554
1270
1877
2302
2463
2317
1990
1604
1200
830
623
627
808
1331
2382
3696
4850
6086
7663
9051
9816
10351
10728
10350
9300
8263
6937
4782
2455
609
-1301
-3472
-5076
-6110
-7180
-7900
-7761
-7417
-7264
-6727
-5776
-5061
-4539
-3899
-3457
-3395
-3335
-3220
-3383
-3722
-3892
-3935
-3911
-3720
-3367
-2906
-2293
-1468
-565
285
989
1540
2019
2340
2349
2069
1653
1203
751
412
248
252
491
1159
2303
3629
4835
6143
7730
9082
9854
10363
10680
10249
9202
8187
6836
4676
2411
645
-1234
-3345
-4877
-5873
-6918
-7567
-7384
-7081
-6942
-6394
-5490
-4850
-4368
-3795
-3460
-3455
-3423
-3386
-3601
-3924
-4110
-4166
-4098
-3871
-3528
-3041
-2364
-1530
-619
264
956
1506
2015
2332
2293
2001
1620
1133
653
353
210
199
467
1216
2399
3723
4946
6300
7896
9219
9932
10441
10737
10223
9141
8129
6745
4496
2264
548
-1378
-3506
-4945
-5899
-6948
-7526
-7249
-6937
-6797
-6150
-5204
-4617
-4163
-3574
-3280
-3352
-3369
-3372
-3671
-4060
-4268
-4353
-4360
-4183
-3808
-3327
-2685
-1837
-871
11
719
1357
1919
2234
2230
2018
1662
1182
749
474
332
352
656
1400
2598
3931
5129
6493
8119
9386
10027
10550
10828
10206
9095
8118
6643
4320
2135
444
-1564
-3700
-5072
-6068
-7167
-7686
-7413
-7173
-7016
-6311
-5393
-4824
-4284
-3650
-3362
-3379
-3292
-3287
-3582
-3904
-4065
-4170
-4169
-3941
-3591
-3131
-2456
-1599
-670
202
932
1546
2075
2385
2371
2122
1730
1247
793
459
289
280
547
1286
2465
3752
4942
6347
7981
9212
9900
10488
10742
10115
9075
8108
6566
4267
2151
416
-1625
-3698
-5045
-6080
-7141
-7579
-7327
-7112
-6888
-6161
-5307
-4724
-4155
-3573
-3328
-3309
-3226
-3270
-3560
-3835
-4013
-4117
-4063
-3834
-3513
-3046
-2355
-1554
-695
148
823
1375
1883
2192
2177
1953
1644
1252
882
655
573
607
927
1709
2853
4029
5151
6524
8025
9105
9744
10289
10442
9771
8798
7851
6272
4020
2013
324
-1725
-3740
-5032
-6082
-7142
-7540
-7278
-7108
-6890
-6135
-5262
-4686
-4125
-3530
-3272
-3255
-3176
-3206
-3516
-3858
-4045
-4122
-4108
-3945
-3628
-3130
-2474
-1672
-760
55
699
1295
1842
2117
2079
1927
1661
1297
1021
912
895
1005
1465
2352
3509
4632
5742
7111
8469
9341
9866
10307
10201
9336
8382
7369
5584
3323
1502
-194
-2317
-4140
-5269
-6393
-7406
-7604
-7361
-7340
-7073
-6262
-5536
-5028
-4388
-3828
-3641
-3497
-3275
-3302
-3521
-3666
-3748
-3774
-3645
-3397
-3102
-2607
-1931
-1174
-362
361
909
1415
1863
2009
1862
1633
1299
872
591
495
466
614
1184
2170
3359
4531
5748
7159
8484
9350
9890
10273
10044
9135
8190
7091
5191
2981
1265
-453
-2540
-4143
-5131
-6229
-7082
-7065
-6813
-6822
-6442
-5648
-5095
-4646
-4033
-3684
-3675
-3526
-3358
-3554
-3778
-3835
-3952
-3983
-3719
-3414
-3148
-2580
-1787
-1049
-272
518
1066
1499
1954
2108
1888
1621
1316
901
593
520
534
704
1314
2360
3549
4707
5961
7394
8685
9498
10034
10381
10088
9158
8216
7034
5052
2863
1153
-626
-2743
-4314
-5308
-6423
-7219
-7133
-6900
-6899
-6435
-5586
-5031
-4564
-3929
-3575
-3581
-3426
-3285
-3509
-3771
-3849
-3955
-3999
-3763
-3464
-3174
-2582
-1792
-1048
-285
472
1010
1444
1886
2002
1768
1516
1262
896
625
618
701
914
1576
2680
3817
4869
6148
7583
8692
9391
9952
10201
9735
8862
7986
6646
4595
2577
917
-999
-3042
-4463
-5543
-6679
-7300
-7189
-7055
-6978
-6401
-5571
-4980
-4461
-3864
-3511
-3441
-3334
-3268
-3469
-3778
-3960
-4010
-4028
-3907
-3640
-3230
-2645
-1938
-1096
-272
375
945
1534
1923
1954
1851
1686
1392
1124
1000
998
1101
1460
2242
3343
4464
5497
6770
8153
9111
9644
10106
10188
9473
8528
7604
6021
3851
1959
326
-1704
-3610
-4827
-5948
-7045
-7410
-7250
-7272
-7116
-6421
-5742
-5237
-4607
-4052
-3825
-3648
-3368
-3341
-3494
-3574
-3642
-3675
-3526
-3256
-3028
-2619
-1956
-1275
-575
166
732
1150
1622
1926
1819
1601
1415
1109
804
699
751
867
1277
2160
3316
4425
5507
6849
8201
9108
9651
10067
10031
9278
8349
7360
5730
3599
1767
160
-1816
-3614
-4777
-5849
-6833
-7135
-6966
-6972
-6798
-6121
-5481
-5017
-4462
-3967
-3799
-3680
-3447
-3451
-3653
-3743
-3777
-3788
-3622
-3320
-3037
-2598
-1899
-1175
-454
241
794
1227
1649
1887
1770
1514
1274
973
685
567
623
786
1246
2182
3388
4515
5640
7033
8408
9300
9832
10234
10150
9363
8414
7365
5655
3484
1648
6
-1994
-3787
-4941
-5980
-6930
-7179
-6946
-6909
-6689
-5921
-5184
-4730
-4196
-3653
-3489
-3473
-3300
-3338
-3670
-3894
-3934
-3991
-3977
-3711
-3367
-2952
-2282
-1448
-654
30
665
1245
1684
1912
1873
1657
1378
1099
833
686
722
898
1353
2297
3527
4610
5723
7172
8531
9346
9901
10345
10147
9295
8433
7341
5479
3323
1582
-158
-2256
-3960
-5094
-6247
-7163
-7304
-7122
-7139
-6819
-5994
-5315
-4834
-4219
-3682
-3550
-3462
-3253
-3331
-3669
-3855
-3907
-3990
-3965
-3690
-3387
-2992
-2322
-1493
-725
-58
594
1181
1636
1883
1876
1703
1455
1200
990
893
934
1116
1603
2536
3717
4775
5863
7252
8551
9357
9893
10297
10095
9266
8405
7318
5484
3335
1580
-154
-2228
-3935
-5103
-6263
-7189
-7350
-7200
-7238
-6941
-6169
-5524
-5028
-4385
-3869
-3715
-3538
-3260
-3280
-3494
-3582
-3599
-3628
-3490
-3212
-2934
-2525
-1888
-1138
-415
231
774
1249
1674
1871
1783
1574
1296
967
723
641
652
792
1279
2193
3351
4473
5584
6916
8251
9185
9743
10164
10088
9350
8462
7471
5801
3652
1851
211
-1769
-3544
-4713
-5797
-6785
-7036
-6876
-6914
-6753
-6077
-5446
-5028
-4459
-3955
-3817
-3691
-3402
-3370
-3592
-3693
-3684
-3717
-3617
-3326
-3048
-2685
-2067
-1311
-573
78
621
1115
1547
1774
1722
1514
1236
922
672
581
575
704
1147
2008
3149
4283
5386
6678
8059
9054
9652
10106
10137
9461
8566
7628
6063
3910
2022
400
-1551
-3404
-4626
-5704
-6742
-7101
-6945
-6944
-6828
-6189
-5527
-5071
-4497
-3945
-3770
-3653
-3358
-3300
-3518
-3637
-3672
-3756
-3685
-3415
-3160
-2845
-2258
-1518
-784
-100
469
957
1419
1726
1738
1584
1371
1084
856
791
800
894
1285
2071
3139
4254
5325
6538
7860
8898
9514
9965
10071
9469
8552
7653
6209
4101
2175
579
-1331
-3233
-4489
-5557
-6657
-7133
-6992
-6985
-6930
-6341
-5688
-5231
-4631
-4032
-3814
-3680
-3355
-3257
-3444
-3526
-3552
-3666
-3601
-3322
-3099
-2825
-2268
-1575
-911
-215
393
836
1281
1643
1703
1546
1355
1104
838
732
738
813
1123
1819
2857
3994
5086
6292
7642
8786
9491
9988
10222
9755
8864
7997
6707
4689
2684
1068
-781
-2747
-4126
-5211
-6376
-7049
-7011
-6972
-6991
-6534
-5856
-5344
-4787
-4167
-3843
-3690
-3423
-3255
-3364
-3502
-3595
-3712
-3659
-3451
-3250
-2953
-2433
-1782
-1074
-288
363
825
1339
1776
1872
1745
1558
1268
919
720
661
639
832
1402
2338
3501
4643
5812
7168
8465
9306
9837
10193
9937
9078
8191
7069
5193
3094
1400
-354
-2356
-3896
-4978
-6150
-6981
-7065
-6961
-6985
-6658
-5965
-5406
-4877
-4249
-3856
-3716
-3509
-3309
-3357
-3529
-3657
-3766
-3761
-3591
-3391
-3101
-2623
-2009
-1291
-485
216
719
1234
1729
1920
1849
1668
1362
998
724
570
485
582
987
1756
2890
4073
5158
6472
7916
8939
9540
10053
10133
9430
8556
7691
6116
4000
2204
580
-1398
-3175
-4361
-5537
-6613
-6935
-6846
-6913
-6754
-6140
-5531
-5016
-4363
-3842
-3670
-3472
-3207
-3191
-3359
-3511
-3667
-3769
-3663
-3479
-3318
-2948
-2365
-1705
-939
-163
438
924
1475
1869
1893
1739
1504
1164
833
618
501
487
717
1333
2352
3521
4585
5792
7273
8483
9207
9803
10135
9690
8839
8071
6822
4804
2846
1249
-611
-2562
-3936
-5065
-6259
-6871
-6836
-6829
-6796
-6300
-5639
-5098
-4444
-3839
-3581
-3413
-3135
-3056
-3216
-3361
-3557
-3776
-3740
-3565
-3485
-3245
-2696
-2094
-1436
-598
119
585
1134
1703
1874
1771
1658
1393
1010
791
692
589
671
1171
2012
3074
4212
5355
6659
8010
8984
9591
10041
9988
9280
8450
7482
5793
3710
1964
268
-1734
-3435
-4607
-5794
-6774
-7003
-6906
-6913
-6649
-5990
-5371
-4791
-4117
-3675
-3493
-3262
-3068
-3154
-3327
-3475
-3707
-3807
-3644
-3507
-3370
-2929
-2308
-1689
-920
-85
486
952
1546
1907
1883
1753
1540
1145
784
601
427
353
619
1228
2139
3278
4416
5591
7000
8317
9123
9689
10097
9807
9002
8244
7081
5129
3146
1551
-301
-2335
-3781
-4908
-6145
-6898
-6888
-6860
-6883
-6398
-5688
-5138
-4508
-3834
-3509
-3347
-3063
-2974
-3167
-3335
-3519
-3788
-3851
-3704
-3630
-3459
-2948
-2307
-1665
-857
-63
505
1051
1620
1895
1836
1682
1418
1025
696
475
307
327
689
1398
2435
3599
4725
6058
7530
8652
9369
9974
10150
9600
8836
8015
6503
4453
2690
1036
-968
-2787
-4032
-5242
-6361
-6751
-6690
-6733
-6569
-5942
-5305
-4756
-4068
-3522
-3325
-3130
-2915
-2973
-3187
-3357
-3603
-3842
-3806
-3660
-3586
-3289
-2683
-2038
-1328
-480
262
804
1367
1854
1992
1878
1639
1269
851
502
214
27
116
526
1268
2361
3554
4723
6109
7600
8683
9395
9963
10055
9474
8716
7777
6149
4145
2379
652
-1348
-3075
-4310
-5515
-6491
-6758
-6690
-6681
-6380
-5697
-5049
-4459
-3766
-3273
-3082
-2905
-2760
-2865
-3114
-3364
-3649
-3850
-3825
-3748
-3635
-3257
-2675
-2036
-1256
-396
273
818
1417
1841
1895
1764
1520
1103
688
382
95
-46
144
619
1432
2628
3860
5040
6497
8019
9037
9677
10246
10268
9547
8739
7771
6014
3918
2211
477
-1599
-3273
-4428
-5623
-6582
-6760
-6637
-6663
-6332
-5590
-4978
-4444
-3762
-3304
-3207
-3082
-2949
-3134
-3463
-3713
-3998
-4218
-4172
-4022
-3863
-3440
-2765
-2038
-1216
-318
408
985
1585
1988
2019
1855
1563
1104
647
298
-16
-171
21
529
1382
2592
3867
5117
6630
8168
9190
9857
10430
10405
9675
8857
7823
6015
3910
2203
426
-1677
-3340
-4482
-5698
-6631
-6753
-6628
-6638
-6267
-5490
-4865
-4322
-3629
-3199
-3116
-2998
-2894
-3104
-3440
-3694
-3989
-4199
-4115
-3961
-3817
-3367
-2648
-1919
-1116
-212
512
1054
1593
1988
1998
1769
1433
965
504
119
-203
-334
-134
361
1209
2443
3730
4962
6456
8010
9072
9733
10312
10365
9671
8862
7886
6156
4055
2312
581
-1480
-3203
-4381
-5544
-6491
-6684
-6522
-6483
-6169
-5423
-4755
-4219
-3592
-3153
-3067
-3006
-2937
-3118
-3478
-3781
-4061
-4252
-4192
-4022
-3819
-3402
-2706
-1936
-1110
-247
488
1055
1556
1936
2007
1791
1396
936
503
106
-261
-402
-229
200
989
2218
3524
4721
6183
7814
8987
9693
10312
10504
9935
9110
8211
6650
4540
2691
1019
-971
-2806
-4070
-5181
-6211
-6586
-6425
-6360
-6205
-5583
-4868
-4346
-3820
-3348
-3184
-3176
-3106
-3183
-3488
-3814
-4070
-4233
-4203
-4036
-3817
-3455
-2832
-2065
-1256
-427
295
864
1355
1736
1852
1677
1286
795
356
-26
-415
-636
-499
-82
627
1807
3196
4432
5806
7486
8858
9621
10234
10611
10207
9355
8504
7173
5139
3168
1544
-307
-2225
-3612
-4683
-5738
-6303
-6224
-6119
-6038
-5559
-4860
-4321
-3852
-3384
-3173
-3181
-3164
-3223
-3510
-3853
-4154
-4371
-4417
-4296
-4096
-3774
-3207
-2484
-1669
-785
9
639
1213
1682
1878
1802
1518
1038
518
108
-309
-672
-699
-375
179
1128
2493
3844
5133
6731
8328
9360
10009
10557
10541
9820
8951
7898
6154
4060
2308
606
-1360
-3022
-4148
-5191
-6048
-6247
-6073
-5998
-5733
-5091
-4488
-4033
-3552
-3208
-3151
-3186
-3217
-3418
-3747
-4055
-4325
-4480
-4412
-4212
-3960
-3500
-2820
-2058
-1215
-360
353
925
1432
1760
1795
1607
1239
706
193
-210
-597
-839
-705
-282
397
1532
2945
4260
5643
7286
8731
9602
10238
10660
10406
9609
8730
7490
5585
3598
1920
144
-1795
-3264
-4320
-5378
-6072
-6096
-5957
-5924
-5568
-4892
-4363
-3972
-3518
-3231
-3254
-3306
-3329
-3544
-3912
-4203
-4379
-4463
-4363
-4126
-3809
-3324
-2617
-1813
-998
-232
421
971
1423
1668
1652
1434
1042
555
115
-233
-576
-723
-514
-18
756
1913
3293
4581
5979
7584
8900
9674
10208
10525
10184
9346
8421
7090
5156
3234
1632
-153
-2030
-3377
-4357
-5375
-5967
-5903
-5807
-5794
-5384
-4695
-4259
-3932
-3488
-3257
-3341
-3379
-3389
-3668
-4057
-4281
-4402
-4483
-4374
-4092
-3753
-3253
-2528
-1703
-915
-198
449
1001
1418
1610
1581
1353
942
437
23
-332
-692
-816
-565
-56
733
1945
3345
4652
6087
7728
9037
9815
10386
10688
10303
9462
8543
7180
5229
3331
1718
-83
-1944
-3277
-4310
-5332
-5897
-5851
-5782
-5785
-5355
-4697
-4265
-3917
-3486
-3292
-3382
-3411
-3443
-3745
-4152
-4403
-4541
-4624
-4530
-4244
-3888
-3404
-2687
-1820
-996
-286
377
987
1418
1612
1636
1443
996
498
119
-265
-666
-809
-590
-118
641
1817
3195
4501
5932
7541
8905
9743
10306
10634
10372
9606
8662
7386
5542
3611
1963
231
-1626
-3094
-4149
-5135
-5804
-5858
-5754
-5754
-5435
-4767
-4273
-3963
-3565
-3305
-3378
-3475
-3500
-3763
-4220
-4517
-4651
-4774
-4738
-4458
-4094
-3621
-2896
-2017
-1161
-389
341
987
1464
1738
1775
1589
1189
674
184
-238
-619
-882
-778
-334
368
1432
2812
4208
5582
7185
8703
9690
10305
10756
10677
9944
9037
7904
6145
4103
2384
693
-1240
-2852
-3950
-4986
-5808
-5955
-5806
-5810
-5591
-4937
-4386
-4052
-3656
-3328
-3349
-3479
-3509
-3712
-4161
-4530
-4724
-4873
-4904
-4692
-4328
-3895
-3241
-2351
-1420
-575
198
913
1476
1830
1951
1847
1501
960
434
8
-416
-788
-832
-483
112
1025
2341
3757
5101
6644
8288
9491
10173
10684
10844
10291
9371
8329
6769
4697
2815
1182
-695
-2498
-3735
-4729
-5662
-6033
-5886
-5840
-5761
-5207
-4546
-4169
-3818
-3410
-3338
-3479
-3492
-3618
-4044
-4473
-4690
-4881
-4981
-4800
-4494
-4128
-3498
-2609
-1690
-805
55
800
1395
1873
2101
2020
1722
1250
673
147
-285
-750
-1011
-796
-276
454
1618
3103
4483
5922
7670
9143
9967
10540
10962
10681
9798
8856
7537
5541
3507
1861
81
-1869
-3327
-4352
-5336
-5958
-5953
-5819
-5796
-5411
-4703
-4192
-3855
-3461
-3241
-3330
-3438
-3524
-3866
-4363
-4722
-4933
-5067
-5024
-4769
-4402
-3841
-3043
-2096
-1130
-246
551
1257
1829
2159
2176
1958
1522
923
337
-191
-728
-1150
-1154
-765
-143
846
2251
3730
5176
6866
8571
9725
10409
10961
11072
10453
9505
8399
6700
4594
2771
1111
-833
-2648
-3842
-4811
-5709
-6043
-5901
-5857
-5740
-5141
-4459
-4102
-3787
-3433
-3372
-3531
-3605
-3809
-4307
-4766
-4982
-5151
-5250
-5073
-4737
-4282
-3584
-2643
-1661
-740
155
972
1664
2158
2362
2277
1974
1503
918
340
-209
-723
-949
-752
-283
453
1633
3109
4530
6061
7800
9226
10079
10709
11119
10827
9978
8978
7589
5625
3623
1903
16
-1979
-3460
-4528
-5549
-6210
-6246
-6136
-6084
-5644
-4901
-4386
-4031
-3579
-3289
-3346
-3438
-3516
-3867
-4367
-4678
-4852
-5051
-5077
-4808
-4419
-3894
-3112
-2152
-1220
-330
570
1351
1924
2280
2383
2215
1835
1298
692
103
-431
-826
-894
-598
-35
866
2191
3656
5079
6699
8359
9547
10282
10874
11049
10477
9552
8478
6863
4802
2915
1169
-822
-2665
-3939
-4991
-5947
-6345
-6261
-6206
-6008
-5376
-4710
-4298
-3866
-3420
-3295
-3387
-3422
-3612
-4061
-4463
-4696
-4929
-5079
-4943
-4633
-4229
-3580
-2698
-1773
-866
66
919
1587
2062
2324
2315
2060
1604
1027
470
-55
-533
-768
-606
-185
490
1626
3059
4432
5894
7583
9033
9915
10578
11034
10784
9961
9017
7717
5763
3727
1981
83
-1958
-3504
-4607
-5688
-6420
-6502
-6383
-6301
-5868
-5127
-4564
-4146
-3632
-3283
-3275
-3327
-3379
-3685
-4157
-4479
-4703
-4932
-4983
-4769
-4422
-3944
-3193
-2279
-1362
-449
469
1258
1842
2238
2408
2294
1937
1431
868
300
-256
-654
-725
-500
-21
858
2144
3523
4901
6507
8148
9345
10138
10784
10979
10455
9595
8555
6945
4883
2980
1197
-834
-2737
-4058
-5163
-6180
-6623
-6532
-6450
-6266
-5618
-4862
-4378
-3909
-3382
-3170
-3231
-3267
-3399
-3839
-4304
-4561
-4814
-5045
-4987
-4693
-4315
-3739
-2876
-1920
-1022
-91
827
1547
2038
2353
2428
2196
1769
1254
686
114
-360
-588
-513
-176
475
1565
2921
4272
5713
7345
8787
9719
10391
10847
10679
9919
8980
7737
5885
3858
2070
200
-1817
-3420
-4576
-5685
-6483
-6615
-6489
-6419
-6027
-5263
-4632
-4189
-3649
-3218
-3160
-3214
-3243
-3505
-3983
-4341
-4577
-4844
-4965
-4784
-4451
-4012
-3330
-2425
-1491
-582
345
1174
1799
2220
2420
2364
2045
1549
971
385
-155
-564
-695
-506
-60
744
1960
3360
4725
6229
7843
9118
9932
10542
10807
10409
9555
8551
7114
5149
3197
1421
-485
-2394
-3813
-4903
-5905
-6478
-6457
-6305
-6155
-5635
-4870
-4321
-3898
-3405
-3105
-3136
-3249
-3357
-3710
-4187
-4521
-4758
-4972
-5008
-4755
-4352
-3833
-3076
-2130
-1179
-262
634
1429
2002
2337
2467
2364
1998
1457
900
362
-145
-477
-496
-239
265
1169
2454
3788
5115
6633
8143
9229
9940
10462
10536
9965
9076
8008
6429
4452
2592
845
-1062
-2820
-4093
-5146
-6063
-6457
-6371
-6258
-6060
-5487
-4794
-4328
-3909
-3448
-3243
-3314
-3383
-3481
-3834
-4242
-4489
-4680
-4838
-4775
-4461
-4063
-3524
-2735
-1804
-902
-29
833
1547
2046
2353
2441
2278
1880
1365
832
324
-133
-407
-368
-52
529
1495
2767
4058
5384
6884
8285
9242
9873
10310
10233
9558
8668
7535
5859
3910
2176
465
-1436
-3039
-4169
-5193
-6025
-6251
-6146
-6121
-5880
-5245
-4663
-4294
-3856
-3434
-3348
-3409
-3399
-3543
-3924
-4261
-4432
-4627
-4747
-4623
-4319
-3939
-3380
-2586
-1715
-875
-30
783
1439
1915
2206
2312
2161
1803
1393
977
548
172
35
182
529
1147
2157
3351
4518
5793
7209
8388
9155
9710
10016
9755
9031
8154
6932
5202
3378
1741
0
-1816
-3268
-4368
-5386
-6100
-6269
-6252
-6237
-5913
-5307
-4808
-4423
-3954
-3580
-3484
-3462
-3405
-3541
-3856
-4067
-4174
-4304
-4336
-4139
-3827
-3429
-2836
-2068
-1284
-506
279
994
1579
1996
2225
2252
2090
1766
1354
925
524
186
32
153
504
1074
1967
3098
4245
5441
6759
7925
8716
9260
9591
9437
8812
7984
6870
5302
3570
1975
331
-1427
-2899
-4000
-5025
-5806
-6078
-6116
-6153
-5914
-5362
-4897
-4544
-4070
-3667
-3554
-3499
-3386
-3491
-3792
-3949
-4034
-4195
-4247
-4041
-3770
-3430
-2849
-2110
-1385
-625
198
919
1495
1972
2265
2297
2178
1945
1536
1072
689
355
118
156
468
953
1703
2761
3902
5030
6268
7464
8325
8872
9260
9270
8740
7949
6975
5569
3874
2299
739
-996
-2533
-3661
-4678
-5561
-5947
-6008
-6086
-5945
-5441
-4962
-4645
-4206
-3746
-3590
-3543
-3409
-3452
-3706
-3858
-3916
-4069
-4146
-3973
-3719
-3437
-2924
-2245
-1576
-854
-53
672
1256
1780
2136
2244
2201
2034
1677
1238
876
536
236
170
413
814
1421
2354
3445
4510
5663
6878
7826
8439
8898
9080
8745
8051
7197
5986
4386
2787
1265
-413
-2049
-3299
-4341
-5294
-5862
-6010
-6081
-6041
-5628
-5112
-4746
-4328
-3836
-3548
-3448
-3302
-3229
-3397
-3586
-3662
-3789
-3918
-3849
-3671
-3452
-3051
-2443
-1785
-1103
-329
428
1074
1632
2075
2291
2297
2192
1927
1504
1089
720
368
174
265
574
1029
1769
2802
3875
4954
6138
7241
8021
8541
8901
8837
8277
7506
6506
5089
3448
1918
355
-1333
-2769
-3846
-4823
-5606
-5929
-5994
-6029
-5820
-5325
-4899
-4554
-4090
-3691
-3532
-3416
-3274
-3343
-3541
-3640
-3713
-3845
-3871
-3712
-3499
-3187
-2646
-1993
-1340
-599
215
935
1530
2072
2442
2556
2519
2383
2052
1591
1163
801
471
305
429
727
1221
2016
3034
4055
5121
6263
7233
7891
8349
8576
8339
7697
6880
5762
4262
2695
1206
-377
-1957
-3216
-4209
-5119
-5719
-5891
-5939
-5920
-5581
-5076
-4705
-4327
-3852
-3522
-3391
-3236
-3129
-3241
-3398
-3444
-3518
-3633
-3591
-3407
-3186
-2830
-2264
-1648
-1018
-287
469
1094
1639
2106
2369
2420
2362
2178
1800
1368
1006
675
406
364
575
944
1504
2380
3389
4373
5421
6499
7334
7869
8236
8297
7901
7181
6288
5070
3547
2046
594
-965
-2416
-3520
-4429
-5239
-5679
-5770
-5803
-5706
-5301
-4847
-4528
-4142
-3700
-3459
-3367
-3203
-3154
-3303
-3395
-3389
-3467
-3529
-3381
-3142
-2890
-2453
-1858
-1278
-651
65
742
1281
1774
2152
2314
2320
2226
1989
1607
1216
863
558
367
377
598
1001
1617
2459
3428
4400
5386
6356
7123
7591
7865
7858
7428
6683
5777
4602
3148
1686
303
-1134
-2485
-3522
-4372
-5093
-5497
-5600
-5624
-5505
-5157
-4781
-4466
-4098
-3729
-3520
-3395
-3246
-3199
-3271
-3279
-3254
-3275
-3210
-3011
-2760
-2450
-1989
-1427
-865
-254
382
973
1475
1893
2181
2296
2276
2133
1859
1488
1089
715
425
233
205
405
794
1352
2114
3047
3977
4893
5809
6588
7083
7349
7410
7096
6450
5635
4604
3298
1932
629
-702
-1995
-3048
-3889
-4604
-5077
-5273
-5329
-5279
-5050
-4736
-4432
-4117
-3800
-3556
-3377
-3234
-3143
-3120
-3104
-3075
-3046
-2947
-2790
-2575
-2273
-1868
-1412
-905
-340
228
755
1249
1676
1964
2133
2179
2095
1888
1606
1261
907
616
416
327
426
715
1143
1753
2547
3414
4241
5099
5906
6481
6812
6981
6877
6397
5702
4850
3752
2473
1208
-30
-1297
-2440
-3333
-4097
-4722
-5091
-5228
-5269
-5184
-4930
-4626
-4338
-4016
-3668
-3406
-3220
-3030
-2879
-2807
-2747
-2652
-2564
-2484
-2311
-2051
-1761
-1425
-990
-482
6
499
1005
1435
1769
2015
2169
2162
2028
1813
1518
1174
843
569
371
309
430
705
1144
1767
2512
3310
4126
4950
5631
6124
6442
6535
6329
5851
5203
4319
3200
2022
844
-386
-1592
-2617
-3472
-4230
-4784
-5082
-5241
-5287
-5133
-4848
-4560
-4226
-3827
-3471
-3209
-2942
-2687
-2556
-2490
-2387
-2292
-2256
-2178
-2014
-1812
-1581
-1249
-827
-400
30
522
1010
1390
1701
1958
2078
2031
1912
1734
1424
1074
795
559
374
349
517
802
1227
1884
2644
3373
4149
4944
5558
5960
6245
6303
6017
5499
4844
3945
2817
1666
516
-708
-1861
-2798
-3641
-4375
-4843
-5077
-5211
-5195
-4963
-4664
-4365
-3981
-3558
-3227
-2959
-2685
-2479
-2393
-2315
-2222
-2192
-2157
-2039
-1871
-1687
-1408
-1022
-615
-181
298
799
1218
1573
1876
2045
2075
1993
1827
1545
1177
812
492
206
26
8
159
453
922
1585
2328
3097
3907
4691
5327
5786
6073
6128
5887
5419
4757
3855
2792
1672
515
-657
-1735
-2667
-3480
-4131
-4538
-4765
-4863
-4793
-4565
-4291
-3981
-3606
-3253
-2994
-2754
-2538
-2418
-2361
-2304
-2263
-2254
-2195
-2061
-1896
-1685
-1365
-969
-550
-93
403
869
1277
1637
1903
2026
2037
1931
1697
1389
1019
603
222
-48
-231
-284
-133
199
670
1307
2112
2934
3734
4541
5254
5734
6025
6139
5953
5471
4830
4018
2976
1843
743
-375
-1471
-2388
-3130
-3781
-4225
-4427
-4508
-4488
-4312
-4036
-3764
-3479
-3167
-2903
-2733
-2578
-2459
-2419
-2404
-2373
-2351
-2297
-2190
-2015
-1783
-1464
-1078
-640
-153
325
786
1217
1594
1843
1963
1982
1866
1615
1303
935
513
115
-180
-378
-458
-351
-51
395
1013
1782
2596
3404
4216
4940
5477
5823
5986
5890
5504
4955
4220
3244
2187
1140
66
-1015
-1947
-2705
-3394
-3895
-4149
-4274
-4320
-4191
-3944
-3712
-3444
-3121
-2873
-2706
-2532
-2381
-2341
-2328
-2273
-2249
-2231
-2123
-1947
-1762
-1486
-1110
-710
-290
184
647
1042
1392
1676
1825
1852
1780
1585
1283
929
537
123
-207
-437
-574
-555
-336
37
551
1250
2050
2824
3619
4417
5055
5492
5780
5849
5624
5197
4621
3833
2844
1824
799
-266
-1271
-2112
-2854
-3489
-3898
-4121
-4257
-4255
-4088
-3881
-3655
-3370
-3081
-2865
-2679
-2494
-2372
-2322
-2262
-2202
-2153
-2073
-1932
-1763
-1542
-1223
-859
-476
-51
383
776
1138
1466
1675
1747
1751
1638
1382
1073
725
311
-88
-367
-551
-646
-549
-254
166
742
1498
2302
3077
3887
4650
5216
5606
5839
5827
5530
5070
4426
3556
2564
1555
512
-550
-1491
-2297
-3015
-3570
-3893
-4097
-4191
-4112
-3920
-3710
-3457
-3151
-2899
-2694
-2498
-2341
-2243
-2187
-2141
-2106
-2055
-1959
-1828
-1659
-1424
-1116
-758
-368
43
451
826
1169
1438
1592
1655
1601
1416
1161
834
433
23
-319
-585
-762
-787
-635
-327
143
797
1575
2377
3200
4041
4795
5355
5744
5955
5903
5598
5122
4438
3540
2547
1528
483
-552
-1470
-2275
-2957
-3456
-3760
-3941
-4007
-3912
-3730
-3525
-3279
-3010
-2799
-2637
-2481
-2387
-2353
-2344
-2342
-2335
-2304
-2225
-2094
-1908
-1628
-1283
-899
-449
14
444
858
1248
1527
1680
1754
1702
1508
1235
907
502
83
-257
-521
-692
-703
-522
-188
301
982
1780
2598
3437
4274
4986
5527
5899
6059
5943
5590
5055
4311
3383
2369
1319
261
-755
-1661
-2438
-3087
-3552
-3834
-3971
-3984
-3873
-3689
-3471
-3211
-2966
-2770
-2608
-2487
-2425
-2406
-2399
-2408
-2413
-2380
-2277
-2138
-1936
-1647
-1289
-884
-434
41
476
884
1251
1518
1661
1702
1619
1406
1103
754
347
-73
-427
-684
-827
-815
-620
-263
253
945
1767
2600
3449
4286
5006
5556
5930
6091
5984
5641
5129
4402
3487
2483
1451
402
-596
-1475
-2243
-2891
-3354
-3628
-3771
-3807
-3720
-3550
-3361
-3137
-2926
-2776
-2669
-2582
-2549
-2559
-2587
-2613
-2637
-2615
-2520
-2360
-2141
-1835
-1445
-1006
-532
-34
439
863
1237
1516
1668
1700
1629
1435
1131
777
389
-12
-361
-602
-734
-747
-570
-208
292
937
1708
2538
3345
4123
4849
5408
5758
5918
5865
5559
5039
4374
3541
2571
1570
587
-363
-1252
-1987
-2591
-3073
-3379
-3522
-3566
-3529
-3398
-3222
-3060
-2895
-2747
-2658
-2628
-2610
-2611
-2650
-2684
-2680
-2637
-2539
-2359
-2102
-1787
-1401
-947
-472
4
468
882
1217
1476
1634
1656
1565
1373
1095
746
367
-15
-366
-628
-766
-786
-659
-354
105
687
1403
2201
3000
3759
4468
5067
5473
5693
5711
5500
5079
4488
3739
2860
1922
981
57
-805
-1562
-2191
-2697
-3050
-3254
-3353
-3366
-3297
-3179
-3053
-2934
-2820
-2748
-2730
-2727
-2732
-2759
-2792
-2785
-2727
-2624
-2444
-2188
-1874
-1499
-1067
-597
-122
339
760
1114
1393
1576
1647
1612
1477
1250
942
603
257
-72
-355
-540
-609
-551
-344
13
508
1113
1815
2550
3269
3952
4552
5012
5295
5396
5301
5008
4525
3896
3131
2269
1365
481
-365
-1156
-1822
-2369
-2791
-3080
-3239
-3305
-3305
-3238
-3117
-3012
-2909
-2809
-2751
-2723
-2708
-2692
-2689
-2675
-2617
-2511
-2362
-2146
-1857
-1525
-1147
-717
-269
168
576
954
1248
1454
1584
1608
1517
1328
1075
754
393
38
-288
-561
-718
-761
-671
-429
-45
466
1085
1790
2538
3258
3924
4501
4934
5195
5265
5156
4828
4334
3712
2958
2112
1254
408
-407
-1135
-1744
-2247
-2643
-2888
-3019
-3089
-3085
-3008
-2922
-2853
-2759
-2681
-2666
-2674
-2674
-2690
-2726
-2718
-2659
-2591
-2448
-2214
-1937
-1610
-1215
-783
-348
97
522
884
1176
1394
1510
1514
1418
1234
960
632
292
-47
-361
-591
-714
-711
-562
-270
158
708
1361
2088
2821
3521
4163
4684
5057
5245
5249
5063
4681
4129
3448
2664
1804
936
104
-671
-1366
-1937
-2381
-2709
-2914
-3005
-3029
-2995
-2918
-2820
-2733
-2665
-2624
-2617
-2635
-2659
-2686
-2713
-2710
-2653
-2545
-2368
-2111
-1799
-1421
-993
-533
-69
382
794
1126
1394
1553
1591
1524
1350
1092
762
396
16
-347
-632
-819
-896
-843
-633
-284
200
807
1490
2214
2930
3615
4212
4673
4982
5106
5033
4780
4355
3776
3081
2306
1505
704
-54
-737
-1332
-1805
-2158
-2414
-2554
-2611
-2612
-2569
-2511
-2450
-2424
-2422
-2447
-2509
-2604
-2692
-2778
-2847
-2861
-2808
-2677
-2478
-2195
-1830
-1403
-940
-455
25
470
853
1165
1384
1469
1455
1340
1121
818
469
102
-272
-588
-826
-960
-974
-843
-566
-151
392
1028
1724
2446
3149
3793
4324
4724
4963
5014
4889
4592
4129
3535
2848
2091
1322
573
-127
-761
-1289
-1695
-2003
-2213
-2328
-2367
-2369
-2334
-2287
-2288
-2306
-2345
-2428
-2542
-2660
-2772
-2870
-2918
-2901
-2807
-2647
-2390
-2052
-1644
-1188
-694
-209
254
682
1022
1283
1426
1457
1383
1206
925
578
189
-200
-564
-866
-1084
-1194
-1177
-1013
-697
-274
267
901
1581
2272
2939
3543
4033
4391
4611
4650
4511
4231
3814
3270
2652
2000
1327
665
65
-446
-884
-1231
-1470
-1642
-1751
-1813
-1841
-1878
-1933
-2000
-2102
-2239
-2403
-2574
-2741
-2884
-2980
-3012
-2968
-2844
-2629
-2323
-1944
-1503
-1021
-530
-56
387
771
1053
1239
1318
1275
1131
887
582
216
-177
-547
-874
-1126
-1290
-1329
-1240
-1018
-662
-199
359
991
1665
2332
2945
3503
3956
4269
4441
4466
4339
4064
3674
3190
2630
2037
1450
873
337
-121
-510
-829
-1085
-1270
-1417
-1533
-1636
-1725
-1851
-2000
-2154
-2334
-2531
-2731
-2897
-3024
-3111
-3122
-3041
-2876
-2628
-2283
-1872
-1414
-925
-430
33
450
807
1054
1198
1243
1186
1019
776
471
108
-265
-609
-912
-1154
-1302
-1326
-1250
-1050
-721
-299
206
772
1373
1972
2543
3068
3499
3819
4028
4116
4067
3897
3626
3269
2848
2386
1919
1450
993
588
229
-95
-363
-602
-810
-1014
-1207
-1396
-1622
-1861
-2112
-2367
-2633
-2876
-3069
-3224
-3311
-3306
-3216
-3033
-2759
-2412
-1998
-1543
-1062
-598
-160
223
541
772
894
923
865
710
489
218
-83
-383
-674
-917
-1092
-1192
-1196
-1096
-903
-624
-255
178
657
1156
1667
2154
2590
2978
3297
3516
3648
3694
3645
3505
3309
3051
2744
2402
2046
1692
1324
977
639
316
6
-289
-588
-888
-1174
-1465
-1766
-2056
-2341
-2601
-2824
-3005
-3123
-3184
-3171
-3075
-2907
-2664
-2366
-2019
-1640
-1236
-844
-476
-145
123
323
450
500
468
362
219
29
-192
-418
-629
-804
-950
-1030
-1047
-992
-867
-676
-426
-122
230
614
1009
1412
1813
2178
2514
2811
3048
3229
3338
3377
3362
3269
3128
2933
2689
2399
2090
1757
1400
1040
669
301
-78
-448
-799
-1143
-1483
-1797
-2084
-2342
-2568
-2757
-2891
-2983
-3007
-2965
-2870
-2720
-2506
-2251
-1958
-1647
-1324
-998
-703
-436
-203
-26
99
167
185
153
74
-30
-157
-297
-436
-559
-656
-737
-767
-746
-685
-571
-406
-196
63
350
671
1012
1365
1729
2063
2376
2675
2927
3123
3269
3361
3378
3336
3227
3054
2827
2542
2223
1864
1471
1059
637
204
-231
-632
-1031
-1410
-1751
-2048
-2319
-2550
-2709
-2825
-2894
-2899
-2844
-2749
-2603
-2399
-2162
-1918
-1640
-1345
-1064
-791
-521
-297
-118
32
134
181
190
150
65
-47
-177
-324
-483
-625
-760
-864
-947
-974
-963
-904
-791
-629
-414
-160
143
470
821
1179
1538
1897
2233
2532
2796
3012
3172
3274
3320
3289
3194
3050
2850
2599
2301
1974
1619
1230
827
433
22
-375
-744
-1106
-1438
-1730
-1981
-2195
-2362
-2468
-2526
-2540
-2491
-2405
-2280
-2121
-1933
-1730
-1525
-1302
-1092
-901
-730
-582
-470
-393
-341
-328
-341
-377
-431
-505
-584
-666
-745
-810
-851
-870
-862
-826
-745
-631
-476
-277
-42
217
507
822
1143
1471
1795
2109
2393
2644
2863
3026
3141
3195
3198
3128
2990
2820
2577
2294
1967
1615
1235
834
447
52
-332
-694
-1013
-1307
-1568
-1772
-1935
-2065
-2145
-2176
-2175
-2133
-2060
-1958
-1841
-1699
-1546
-1393
-1232
-1073
-915
-776
-653
-542
-459
-400
-358
-355
-379
-426
-496
-583
-678
-782
-889
-984
-1048
-1081
-1093
-1047
-962
-821
-632
-397
-125
173
502
841
1183
1519
1836
2118
2372
2594
2762
2884
2953
2968
2950
2868
2736
2565
2357
2116
1834
1536
1218
893
557
230
-92
-411
-697
-949
-1173
-1371
-1511
-1626
-1705
-1735
-1746
-1720
-1667
-1591
-1512
-1406
-1291
-1185
-1077
-963
-858
-778
-702
-639
-609
-599
-602
-623
-686
-755
-833
-935
-1028
-1116
-1193
-1253
-1271
-1252
-1206
-1106
-959
-770
-552
-293
-13
269
563
862
1144
1394
1637
1846
2025
2183
2307
2391
2455
2493
2497
2473
2405
2296
2168
1992
1794
1562
1299
1015
727
437
155
-121
-372
-596
-788
-945
-1071
-1164
-1235
-1275
-1297
-1299
-1288
-1275
-1251
-1221
-1197
-1156
-1115
-1075
-1033
-990
-955
-924
-904
-895
-898
-914
-942
-992
-1035
-1075
-1113
-1131
-1125
-1093
-1033
-934
-799
-651
-478
-285
-85
123
325
518
694
865
1018
1161
1299
1425
1544
1655
1749
1835
1900
1938
1948
1930
1866
1767
1631
1458
1261
1041
808
576
359
154
-29
-189
-310
-417
-496
-551
-597
-623
-652
-667
-687
-706
-720
-724
-733
-731
-726
-713
-689
-670
-644
-630
-621
-624
-650
-690
-734
-800
-862
-917
-976
-1017
-1034
-1025
-995
-934
-851
-743
-628
-493
-353
-220
-82
49
170
289
402
516
628
739
847
949
1045
1132
1207
1250
1263
1251
1205
1127
1030
909
765
621
480
339
220
128
55
-10
-41
-61
-66
-61
-57
-49
-55
-60
-61
-75
-96
-107
-116
-127
-126
-126
-127
-132
-143
-148
-177
-221
-275
-350
-433
-517
-613
-707
-787
-848
-902
-923
-933
-920
-882
-822
-745
-660
-564
-458
-349
-243
-130
-21
83
194
294
395
491
574
654
716
764
793
807
803
768
719
653
570
482
400
318
231
157
98
39
3
-21
-35
-45
-45
-35
-26
-15
6
17
24
40
63
77
94
103
113
110
111
97
67
28
-21
-82
-154
-217
-298
-363
-435
-487
-534
-569
-583
-594
-588
-567
-538
-502
-461
-407
-352
-295
-222
-145
-73
5
98
179
250
315
380
425
452
470
471
447
420
383
324
261
205
150
96
49
7
-32
-58
-67
-77
-74
-66
-49
-16
13
39
75
100
118
146
149
152
151
140
120
99
82
54
29
-3
-21
-54
-90
-126
-161
-197
-236
-273
-307
-335
-357
-374
-380
-369
-356
-335
-300
-267
-217
-167
-116
-65
-18
31
72
113
136
167
190
203
206
212
209
201
186
173
156
134
120
93
64
44
26
5
-8
-19
-22
-16
-5
14
42
72
113
146
182
217
230
236
237
214
180
137
90
37
-11
-57
-94
-115
-127
-120
-118
-108
-101
-103
-116
-142
-166
-197
-225
-253
-261
-262
-242
-214
-178
-125
-82
-38
-8
18
28
22
16
13
10
12
29
48
77
106
125
135
129
116
91
39
-8
-63
-106
-134
-149
-129
-91
-35
34
102
169
222
254
271
267
246
213
172
131
96
79
74
74
83
109
116
122
107
91
52
7
-31
-71
-101
-128
-132
-116
-99
-78
-55
-48
-52
-64
-88
-135
-177
-217
-252
-272
-272
-254
-214
-169
-115
-63
-19
8
20
19
7
-11
-35
-53
-61
-55
-36
-11
25
56
81
98
97
96
75
54
38
22
25
29
53
84
113
143
158
164
153
131
92
46
13
-21
-40
-33
-13
26
67
119
160
186
191
175
135
80
23
-40
-88
-119
-131
-128
-104
-83
-63
-52
-57
-87
-142
-189
-246
-294
-309
-312
-279
-221
-144
-63
12
66
91
93
61
5
-57
-112
-153
-164
-138
-87
-4
95
178
246
281
278
234
167
84
0
-71
-104
-105
-66
11
96
182
249
287
282
237
170
77
-12
-88
-130
-133
-94
-22
60
145
215
248
229
167
75
-48
-177
-278
-351
-389
-362
-297
-221
-128
-47
4
21
-9
-58
-135
-218
-283
-312
-301
-256
-172
-81
16
95
132
132
101
29
-62
-140
-191
-203
-171
-91
17
128
240
320
363
346
290
192
77
-24
-111
-144
-140
-81
11
119
225
298
330
306
238
145
24
-84
-157
-183
-163
-93
17
142
257
334
364
335
251
129
-16
-152
-269
-337
-347
-302
-221
-111
-8
76
118
112
65
-24
-128
-236
-324
-383
-392
-355
-280
-198
-105
-14
38
62
56
19
-27
-76
-106
-119
-100
-56
6
77
140
190
212
215
191
154
106
51
17
3
4
16
47
78
93
116
115
99
81
67
55
43
48
71
92
119
141
152
140
116
79
30
-10
-57
-91
-110
-109
-89
-61
-30
-5
6
5
-17
-56
-110
-156
-214
-239
-244
-243
-220
-188
-147
-113
-82
-74
-63
-73
-77
-86
-82
-63
-41
8
46
92
126
149
159
150
131
103
80
58
48
40
55
63
70
79
83
76
56
40
24
12
15
25
36
67
93
108
121
117
102
77
51
27
15
1
-1
8
21
29
30
33
14
-1
-33
-69
-93
-122
-129
-129
-122
-113
-111
-115
-131
-149
-169
-185
-192
-185
-163
-126
-71
-18
30
68
90
85
71
47
14
-11
-25
-19
3
39
81
117
140
143
127
89
42
-16
-60
-96
-106
-90
-57
-15
23
70
98
105
103
86
53
26
8
6
10
30
56
86
102
116
116
94
74
41
21
-5
-13
-13
-18
-12
-17
-29
-52
-81
-125
-160
-185
-209
-224
-214
-186
-153
-121
-84
-52
-40
-21
-10
-13
-5
5
11
27
48
70
78
85
94
87
80
69
52
42
38
41
40
38
32
25
15
-4
-18
-34
-47
-40
-31
-18
8
32
53
68
73
58
40
15
-6
-14
-15
-2
17
41
75
99
109
104
86
51
3
-42
-81
-113
-133
-132
-125
-107
-84
-73
-66
-64
-71
-90
-95
-101
-101
-85
-62
-27
8
38
63
78
79
69
51
35
14
10
10
19
30
47
62
70
73
64
52
36
13
-2
-6
-6
-1
16
34
43
55
69
62
48
42
34
20
21
22
36
50
67
75
86
88
79
69
51
32
9
-10
-37
-53
-59
-68
-78
-86
-90
-96
-108
-117
-121
-123
-117
-113
-94
-78
-57
-34
-17
10
20
21
23
17
13
12
7
8
16
32
43
56
69
66
58
50
30
16
0
-9
-11
-2
11
32
49
72
86
79
73
50
27
4
-9
-12
4
30
65
98
121
143
139
124
94
47
2
-39
-67
-85
-85
-66
-43
-11
1
12
5
-28
-60
-108
-138
-163
-168
-147
-116
-63
-11
35
72
81
79
56
28
-11
-37
-51
-50
-32
-7
38
74
107
116
113
88
57
28
-2
-16
-28
-13
10
42
65
83
88
80
66
35
7
-17
-21
-26
-8
24
49
86
110
120
117
105
80
50
18
-7
-31
-51
-49
-48
-47
-48
-46
-60
-73
-86
-103
-113
-125
-132
-124
-116
-92
-76
-65
-53
-41
-25
-23
-18
-16
-6
12
17
25
32
37
43
45
48
45
50
58
63
71
80
76
75
76
63
51
39
26
17
15
18
27
33
47
62
72
85
79
74
69
64
58
54
50
50
58
61
60
52
40
23
7
-11
-37
-56
-62
-65
-65
-64
-53
-49
-47
-45
-46
-52
-59
-64
-74
-74
-70
-63
-52
-39
-24
-10
6
13
18
30
28
34
40
44
43
45
41
40
44
51
50
47
51
44
41
36
33
28
25
21
16
10
12
19
21
24
35
38
45
43
40
35
33
36
26
23
23
19
24
18
17
13
1
-8
-23
-36
-45
-58
-63
-64
-68
-58
-58
-54
-50
-53
-49
-52
-55
-52
-46
-41
-37
-28
-12
-2
12
26
22
26
30
26
25
26
26
26
32
41
45
46
58
55
50
43
35
33
29
23
30
35
37
44
48
54
54
55
49
46
43
40
33
30
36
43
47
43
39
34
21
11
-1
-19
-34
-49
-53
-52
-54
-51
-48
-39
-28
-29
-27
-29
-39
-41
-51
-58
-56
-51
-43
-28
-22
-10
-9
2
3
6
0
-9
-16
-19
-17
-7
8
11
32
42
51
61
58
46
38
32
21
13
8
19
27
36
48
55
61
56
52
41
32
19
16
11
10
15
17
27
27
23
16
7
-7
-25
-41
-54
-62
-60
-53
-53
-40
-29
-26
-18
-19
-25
-34
-45
-52
-58
-68
-65
-58
-47
-37
-28
-22
-19
-11
-6
-10
-10
-15
-16
-11
-14
-8
-5
2
12
16
22
15
17
18
14
16
13
16
11
18
25
30
36
35
38
35
35
37
31
31
28
23
15
20
20
11
8
3
4
1
-4
-14
-18
-25
-27
-30
-32
-30
-36
-29
-31
-30
-26
-22
-23
-26
-27
-26
-26
-29
-26
-29
-30
-31
-26
-24
-22
-19
-12
-4
-10
-9
1
4
2
0
2
-7
-8
-2
-3
-3
5
13
12
24
23
27
31
29
24
28
24
14
14
17
19
23
28
29
26
20
20
16
7
1
0
-3
-4
-7
-13
-7
-9
-4
-10
-16
-14
-14
-19
-21
-23
-22
-22
-26
-29
-26
-24
-29
-26
-29
-25
-26
-23
-18
-11
-5
-9
-8
-10
-9
-8
-12
-11
-14
-13
-15
-4
0
-2
11
11
14
13
18
19
22
23
24
24
25
29
30
31
20
24
24
13
7
2
6
7
3
1
7
6
8
9
0
0
-5
-10
-9
-4
-7
-3
1
2
-8
-5
-11
-14
-21
-24
-21
-26
-22
-23
-15
-10
-4
0
3
1
4
0
-9
-13
-17
-13
-9
-6
0
11
9
19
21
18
18
14
11
10
13
16
21
27
32
39
41
41
34
29
31
26
20
15
15
15
10
3
7
6
3
5
-4
-7
-4
-2
-5
-5
-7
-7
-8
-13
-7
-13
-12
-18
-19
-19
-24
-21
-23
-19
-12
-15
-16
-12
-17
-14
-15
-10
-8
-11
-8
1
6
4
6
8
11
10
10
13
19
21
26
24
25
27
26
27
20
18
25
19
11
22
18
16
14
7
9
5
10
1
3
3
4
3
0
0
5
8
4
4
3
5
3
1
-4
-6
-13
-15
-18
-25
-20
-23
-25
-18
-14
-14
-10
-3
-1
-3
-6
-4
-5
-9
-10
-11
-4
-2
5
15
17
18
24
27
26
27
23
24
16
16
20
19
18
23
31
31
23
26
22
16
11
5
0
-3
1
-4
2
-1
-2
4
6
3
-5
-4
-5
-7
-2
0
7
7
8
5
-1
-4
-3
-15
-24
-19
-17
-17
-11
-8
-2
-1
0
1
-6
-8
-6
-11
-10
-5
-2
8
15
19
22
23
22
27
23
24
21
20
22
26
31
29
27
34
32
25
26
21
17
13
7
6
8
7
10
9
14
16
14
15
12
4
12
12
3
8
14
8
8
6
1
0
3
-4
-9
-12
-8
-13
-14
-11
-17
-10
-11
-16
-12
-13
-8
-13
-11
-2
-5
-7
-4
1
8
9
7
11
10
16
16
22
21
26
29
22
22
21
23
23
25
20
17
19
20
10
11
11
5
3
5
6
7
11
14
16
17
21
18
20
9
7
4
-1
1
-5
-7
-7
-3
-5
-5
-6
-11
-14
-18
-20
-21
-25
-25
-20
-21
-21
-14
-16
-12
-11
-11
-8
-16
-14
-9
-1
-1
-1
3
14
11
12
11
14
15
8
14
10
11
8
9
11
8
7
10
7
6
6
6
5
9
13
7
8
5
15
9
0
7
10
4
7
2
5
12
6
6
10
4
-3
-5
-3
-4
-16
-10
-6
-9
-6
-10
-8
-10
-13
-13
-15
-18
-18
-20
-19
-18
-14
-9
-8
0
-5
-6
1
2
6
5
4
6
2
7
7
12
11
11
13
6
13
4
-4
3
1
0
7
5
3
10
6
9
8
11
15
12
12
11
9
6
15
15
16
9
9
11
6
7
6
5
6
-1
-5
0
-5
-9
-5
-7
-10
-7
-12
-15
-18
-19
-19
-15
-14
-21
-17
-18
-22
-13
-15
-16
-11
-7
-8
-2
-8
-1
-2
-5
6
-1
0
-3
0
-4
-4
-3
0
0
-2
9
0
0
8
7
-1
0
4
7
2
8
7
7
12
4
14
9
11
15
8
6
5
8
8
5
2
0
0
-1
-4
4
-3
-4
-11
-9
-10
-12
-11
-10
-11
-11
-9
-9
-9
-8
-4
-8
-3
-1
-5
-9
-2
-3
-3
-2
2
5
3
4
7
4
6
-1
-7
0
-2
-5
-1
-3
0
4
4
0
3
6
2
0
-5
5
4
3
2
5
4
5
10
5
7
7
9
10
6
5
2
7
9
7
8
0
8
4
1
4
1
-6
-6
-10
-12
-7
-9
-8
-10
-7
-5
-5
-6
-5
-10
-3
-10
-6
-11
-8
-5
-7
-6
-9
0
-4
-3
-4
-9
-10
-11
-11
-12
-6
-5
-3
-5
-4
-2
2
-1
-7
1
-6
-3
0
-1
3
2
-2
2
4
5
-4
-2
2
-2
1
0
2
-4
-8
-4
-8
-1
-4
3
-3
-8
-5
-3
0
-3
-1
-1
0
-3
-1
-6
-6
-6
-10
-5
-2
0
-2
0
3
2
3
2
0
-6
-8
-9
-6
-14
-6
-5
-11
-2
-6
-11
-8
-7
-7
-7
-4
1
-5
0
2
1
1
-3
-7
-8
-1
-1
0
5
-1
-2
-6
-5
-1
-7
-5
-4
-8
-11
-6
-9
-10
-8
-9
-9
-15
-14
-13
-11
-12
-11
-12
-10
-8
-8
-7
-3
-6
0
-2
-6
-1
1
2
-2
-8
-8
-8
-12
-11
-7
-7
-9
-5
-11
-12
-6
-10
-9
-15
-17
-16
-19
-17
-16
-13
-12
-15
-9
-7
-7
-5
-2
-4
-4
-5
-4
0
-6
5
-2
2
0
-2
1
-9
1
-3
-4
-5
-1
-4
-8
-8
-6
-6
-9
-9
-10
-2
-9
-3
2
-2
-1
-3
-2
-3
-3
-3
-4
-6
-5
-9
-9
-8
-9
-5
-7
-2
-9
-7
-9
-18
-13
-14
-13
-15
-13
-8
-10
-12
-4
-6
-7
-11
-8
-5
-8
-7
-9
-12
-7
-6
-8
-12
-11
-10
-11
-11
-10
-10
-6
-3
-4
-3
-4
-7
-4
-6
-3
-6
-9
-8
-8
-9
1
2
2
5
3
4
0
4
1
1
-3
-5
-8
-7
-4
1
-1
3
-1
-3
2
-3
-9
-10
-5
-9
-7
-9
-7
-4
-7
-2
-7
-2
-7
-9
-6
-8
-5
0
-1
4
2
-3
7
5
5
2
0
-2
1
-2
-2
2
0
4
2
4
4
-1
1
-2
-4
-3
-3
-2
-4
-1
1
-1
-2
8
1
-1
2
5
6
5
11
-2
2
4
-2
-3
-4
2
7
8
5
8
3
0
-4
-1
-5
-8
-2
-6
-2
-7
0
-4
0
4
5
-3
-7
-2
-4
-1
2
-2
-3
-3
-1
-1
-2
-5
-4
-7
-8
-5
-4
-6
-10
-6
-3
0
-7
-5
-10
-4
-4
-5
-5
-3
-2
-3
-2
-1
-1
1
1
-4
3
1
-2
-2
-4
0
-4
-5
-2
-9
-3
-4
-5
-6
-3
-3
-5
-8
-7
-2
-3
1
-3
1
0
-3
-1
5
1
-2
3
-5
-2
1
-2
1
5
1
-1
-1
0
2
-3
-1
-6
-5
-1
-4
-2
-3
0
-2
-4
-3
0
5
-3
0
1
-4
-2
-2
0
-2
-1
0
-3
-3
1
-1
-9
-13
-13
-11
-9
-4
-5
-8
-13
-6
-8
-9
-7
-8
-8
-4
-4
-10
-9
-14
-7
-10
-10
-5
-7
-7
-5
-10
-4
-10
-10
-9
-7
-9
-7
-7
-11
-2
-5
-5
-5
-5
-1
-1
1
0
-4
-5
-5
-4
-6
-4
0
-3
-5
-2
-5
-3
-2
-3
0
-1
-4
-7
-1
-4
-2
2
-1
6
6
1
-3
3
3
3
-2
-10
-6
0
-5
-7
1
0
-3
1
-3
-8
-13
-10
-5
-3
-11
-6
0
1
3
4
9
3
6
4
5
6
2
1
6
7
7
4
3
7
1
1
1
-2
2
1
2
2
1
1
-1
-2
-10
-9
-4
-3
-6
0
-4
-3
-5
-1
-6
-2
-5
-6
-1
-2
1
-4
-5
-2
-5
-2
-8
-12
-13
-11
-12
-9
-5
-6
-7
-2
-1
-4
-11
-9
-13
-15
-11
-7
-4
-6
-4
-5
-2
-6
-3
-4
-1
-3
-7
-6
-7
-2
1
0
2
3
3
0
2
-1
-2
-2
-6
0
-4
-6
-1
0
-1
-2
-3
1
-2
-1
-1
-1
4
1
-4
4
6
4
6
5
0
-2
3
6
1
1
1
2
2
-2
1
1
2
4
2
0
2
-4
-2
-3
1
-3
-4
2
-6
1
0
-2
-1
2
-1
-3
2
-1
-3
-1
-5
-5
-3
1
-3
0
2
5
4
-4
-3
2
4
1
5
-2
5
6
6
4
5
6
1
10
8
7
9
1
1
4
-1
2
2
7
8
8
2
4
5
2
-4
0
-7
-6
-4
-7
-1
2
2
-5
-6
-2
3
1
0
2
1
3
1
2
3
5
5
0
-1
-1
3
-2
-3
2
7
8
6
11
15
10
5
5
7
12
8
9
12
12
10
9
10
9
9
4
6
13
8
8
11
10
9
10
8
2
10
8
3
4
6
6
3
6
-3
6
5
3
3
3
9
7
3
3
5
2
4
0
3
5
8
2
3
10
8
3
2
4
5
2
0
3
8
11
5
6
10
10
8
-1
3
3
4
-1
4
5
4
4
5
14
5
7
2
3
11
6
7
0
-1
4
-2
-2
2
0
4
-4
-3
0
-1
-4
-1
-1
0
-1
-4
-1
0
-3
3
0
-1
3
-4
1
7
5
12
5
5
7
8
10
3
7
4
1
1
6
7
11
7
1
4
3
-5
-1
3
1
1
4
2
0
1
0
1
1
-3
0
0
-1
-4
-5
-1
1
-1
-7
-2
-1
0
1
4
2
-1
2
4
2
5
2
-4
4
0
1
0
0
4
0
0
4
9
3
-1
5
7
5
8
7
13
10
9
11
8
16
12
12
10
10
18
12
3
6
7
13
5
1
9
9
9
8
13
6
3
3
9
9
9
16
8
12
11
8
5
4
6
4
9
7
9
6
4
3
3
0
3
9
4
5
7
8
5
4
-2
-7
4
2
-7
-1
2
3
-1
-1
1
-3
1
-3
0
1
-5
-2
-2
3
5
3
2
5
4
0
6
5
4
5
0
4
6
1
1
1
0
1
0
-2
3
1
0
5
3
3
1
1
4
-3
1
2
-3
2
-6
-4
0
6
6
10
5
4
11
3
1
-1
1
5
2
0
-2
2
5
5
2
10
8
3
1
4
5
3
5
6
8
9
7
9
13
12
12
13
11
11
15
13
11
12
9
1
3
8
8
12
9
9
12
8
11
11
8
4
8
2
0
8
2
2
1
4
6
8
4
-2
-1
4
3
3
1
5
2
-2
-1
2
1
-2
4
-2
-2
-4
-4
-1
-8
-1
-6
-6
-1
-2
-4
-9
-9
1
-9
-4
0
-1
-4
-5
0
-3
2
-3
-1
-2
7
3
-3
3
0
-1
1
4
3
2
-4
2
0
-1
5
-1
-1
3
1
-3
6
-3
1
4
2
3
-2
2
0
3
2
4
5
1
3
-2
0
-5
-8
-4
-5
-2
-7
-3
-4
1
-1
-1
-1
-5
-4
-5
-6
-1
1
-7
-4
-5
-5
-6
-1
0
-5
0
4
-7
-4
-7
-2
0
-2
3
0
2
-1
1
1
1
-3
-3
0
1
-5
-5
-4
-3
1
-3
-1
-6
-8
-1
-3
-8
-1
1
-4
-6
-9
-4
-4
-4
-3
-4
-4
-8
-10
-7
-3
-3
-4
0
-1
3
-2
-3
3
0
-7
-6
-5
-2
-4
-3
-1
-4
-8
-6
-6
-10
-10
-9
-5
-12
-2
-7
0
-5
-15
-6
-10
-8
-11
-14
-16
-12
-13
-13
-7
-12
-13
-8
-10
-9
-8
-6
-9
-12
-8
-12
-12
-9
-7
-5
-4
-7
-8
-4
-3
-1
-7
-3
-8
-13
-7
-5
-4
-11
-5
-1
-4
1
-5
-9
-7
-4
-11
-3
-4
-8
-3
-6
-5
-8
1
0
-2
-7
-8
-8
-12
-9
-16
-10
-6
-12
-14
-13
-5
-4
-9
-6
-12
-11
-11
-11
-9
-6
-5
-8
-3
-4
-8
-2
-6
-11
-13
-13
-10
-17
-12
-8
-11
-8
-8
-10
-14
-14
-4
-4
-8
-5
-10
-10
-7
-8
-8
-2
-3
-8
-8
-4
-6
-11
-5
-3
-2
-13
-7
-2
-3
-1
-4
-5
-6
4
-2
-5
-7
-7
-5
-1
-8
-4
-7
-9
-4
-11
-3
-8
-5
-10
-7
-5
-9
-2
-1
-3
-8
-9
-16
-13
-12
-4
-11
-10
-5
-11
-9
-13
-7
-1
-6
-9
-15
-16
-6
-5
-6
-8
-5
-7
-11
-10
-10
-5
-6
-7
-6
-9
-7
-8
-7
0
-1
-2
-2
0
-5
-5
-4
-8
-5
-3
-9
-9
-7
-6
-1
-6
-6
-5
-4
-3
-5
-5
-4
-6
-7
-6
-13
-10
-2
-4
-5
-1
-1
-1
-3
-8
-5
-6
-1
-3
-7
-3
-8
-11
-3
-5
-4
-8
-8
-5
-4
0
-4
-1
1
-2
-7
-5
-1
0
-4
0
-7
-4
-8
-9
-2
-5
2
-4
1
-2
-2
0
3
1
4
2
4
3
2
5
-1
4
1
0
-4
-3
-2
0
5
1
0
1
0
2
3
-1
2
1
1
-1
-5
-6
-5
0
-1
-6
-2
-2
-4
-7
-10
-10
-7
-1
-5
-8
-4
-5
-3
-3
-9
-9
-9
-11
-11
-5
-1
-10
-8
-4
-3
-5
0
1
-2
-6
-7
-2
-4
-6
-2
-4
-5
-4
-9
-4
-3
-2
-2
-3
0
-1
-1
1
6
3
4
0
4
4
-3
2
2
0
-4
3
0
-2
0
5
6
5
7
7
2
1
0
2
-1
2
6
2
3
8
7
7
3
0
9
5
9
2
0
5
-3
1
4
3
1
3
1
1
0
1
5
0
3
3
-1
4
0
1
-2
1
0
-1
2
-3
6
4
-3
6
10
6
3
2
-1
-3
-5
0
3
-2
-6
-3
-3
-1
2
0
5
-1
-2
4
7
7
2
5
7
7
2
-1
5
3
2
5
4
3
-2
3
0
-2
-6
-5
-1
-3
2
-2
-5
-3
0
-2
0
-1
-5
-2
-2
-3
1
5
-5
-3
-3
-4
-3
-1
0
-2
-3
-6
4
0
-3
0
-5
-4
0
-1
-3
1
3
-4
-4
-1
2
-1
0
2
5
-4
0
6
1
6
1
-3
-1
0
-6
-3
-5
-6
0
-1
4
0
0
0
-3
-4
-7
0
-7
-6
-7
-6
-1
-4
0
-3
-2
-4
-4
-2
0
-3
-6
0
-1
-2
-2
-4
2
0
1
0
-3
1
4
3
0
6
3
-2
1
-1
1
0
2
-2
2
0
2
14
2
1
-5
2
-1
-2
2
-1
-1
-3
0
-2
4
-1
5
4
2
3
5
3
2
3
8
0
-5
6
0
1
2
1
4
1
-1
-3
3
5
7
4
3
5
1
0
-3
-5
-2
1
-2
0
2
1
-3
-1
3
2
2
-2
2
2
4
5
5
3
7
8
5
4
4
3
8
7
-2
-2
-7
-1
1
-1
-1
-2
-3
-5
2
-2
3
0
-1
1
-6
1
-4
-5
-1
2
2
-1
0
-1
3
8
5
-1
0
1
4
-1
0
-1
5
7
4
3
1
3
2
6
0
6
2
2
4
3
0
0
3
1
-3
-3
0
-1
2
-1
-1
6
4
4
-5
-2
0
5
0
1
-1
0
4
-1
5
3
5
1
-2
6
3
5
13
1
4
0
-3
6
5
0
2
1
-2
0
-2
-3
-4
-5
0
0
3
5
2
2
-2
2
0
1
4
0
0
0
3
2
2
-1
-5
0
3
1
-3
1
5
2
4
0
5
6
1
-5
1
5
3
-2
-1
-3
-3
1
-8
-8
-1
4
5
0
-2
-1
0
-1
-1
1
2
3
1
0
-4
0
0
0
1
1
1
3
7
6
1
-2
3
1
3
1
10
11
4
5
8
9
6
10
8
4
2
-5
1
6
-1
0
5
-2
3
2
4
4
4
4
7
10
6
8
6
4
4
1
2
3
5
5
1
7
5
4
6
5
4
6
4
3
6
9
10
4
5
1
6
4
6
12
7
8
3
8
7
7
10
10
1
-2
3
2
5
7
1
-1
-4
-2
-2
1
1
-4
2
3
-4
-1
1
-2
-1
-3
-1
1
1
6
2
0
4
4
12
7
3
3
2
6
3
6
7
5
5
4
5
5
5
2
9
4
4
5
11
10
11
7
2
6
10
10
6
1
4
6
4
2
9
8
-1
1
3
8
3
6
5
3
0
-3
2
-3
5
3
1
6
3
10
7
7
8
8
10
6
10
12
14
10
5
9
10
5
7
9
8
4
5
6
10
3
2
4
9
7
6
7
1
6
9
7
7
10
9
7
7
5
3
1
2
2
4
7
11
7
5
8
9
9
9
13
8
8
8
5
11
17
16
11
12
10
14
14
11
13
13
9
10
11
11
16
6
8
11
7
10
9
7
8
3
0
7
5
1
5
7
4
5
8
4
9
6
11
8
5
9
5
4
6
8
6
9
11
7
8
8
6
10
7
7
7
4
5
7
8
9
5
8
5
9
8
7
4
3
8
4
-2
2
2
4
5
2
2
1
5
2
2
4
8
9
-1
6
8
4
4
4
-1
2
-2
-1
5
9
3
4
7
5
5
5
4
3
3
2
2
1
3
3
7
4
1
5
4
6
6
8
6
5
5
3
5
8
6
-1
5
4
-2
0
2
-1
-2
5
0
0
-3
2
3
3
-1
-1
0
0
4
-2
0
4
0
-3
0
0
-4
-8
-1
-4
-7
-1
-3
3
-2
-1
-4
-4
-1
-3
-4
-1
-2
-8
-6
-5
-4
-4
-9
-8
-1
-3
-4
-4
-4
-4
-6
-2
-6
-1
-3
-9
0
-2
-5
-7
-3
-8
-8
-3
-5
-7
-10
-1
-2
-4
-5
-4
-4
-5
-8
-8
0
0
1
6
4
-1
1
4
3
-2
-2
-4
5
6
3
0
-3
-1
1
2
4
5
2
5
2
3
-6
-3
-2
-1
-2
-2
2
1
2
-5
1
4
-2
-2
-2
2
-1
-2
-1
5
6
2
3
3
-4
-3
-2
-5
-2
-3
-5
3
0
-2
4
7
7
-1
-2
4
-1
-2
-8
-5
-1
-1
-3
1
-3
-5
-2
-7
-9
-8
-11
-7
-8
-5
-2
2
-4
-6
-5
-8
-5
-2
-7
-6
-5
-3
-5
-7
-3
-2
3
-1
2
-1
-1
-1
-6
-10
-3
0
1
-4
3
4
-5
3
-1
-6
-4
-1
-6
1
0
5
2
-4
1
3
5
1
2
-3
-2
-1
1
0
-1
-2
-3
-4
-7
-4
-4
-2
-1
-2
-1
-2
2
3
-3
1
-4
-1
-1
-4
-3
-2
-4
-6
-3
-7
-2
-1
-4
-3
-7
-7
0
-2
-3
-1
-1
2
-1
-3
6
3
2
5
7
2
6
4
1
3
-1
-1
1
1
-3
0
2
1
0
1
1
1
0
-1
4
3
5
-1
-1
2
4
7
4
1
-2
-3
-2
0
-4
-9
-3
-3
-4
0
-1
-1
4
-2
0
2
0
3
-4
-5
-2
-3
-5
-4
-8
0
-3
-5
-10
-5
-3
-5
-8
-6
-7
-5
-8
-10
-7
-11
-8
-11
-11
-9
-12
-9
-12
-14
-14
-11
-10
-16
-13
-7
-7
-9
-4
-3
-6
-4
-2
-3
-2
-2
-1
0
-3
-1
-3
1
1
0
4
-1
0
0
-8
-3
-7
1
-6
-4
-2
-8
-8
-2
3
-4
-5
-5
-2
-4
0
-1
-4
-7
-3
1
1
1
-2
-1
-2
-1
-6
-1
-2
-2
-2
-1
3
-4
1
-2
-3
-2
-5
-7
-1
-3
-5
0
-3
-4
3
-2
-1
2
3
4
1
4
5
8
6
3
-2
5
7
2
1
2
0
4
3
2
2
8
10
12
10
2
9
10
11
9
5
12
6
5
10
9
10
7
8
6
9
6
6
6
3
7
8
10
9
8
8
2
0
5
5
4
7
12
8
1
4
2
4
7
6
5
8
8
6
9
7
4
5
5
6
6
1
5
4
10
6
11
9
6
6
2
10
3
7
8
6
10
10
10
8
4
7
10
5
7
9
11
10
10
11
8
10
12
8
10
4
7
12
7
8
5
7
10
2
5
0
1
9
2
3
6
5
8
8
6
7
2
6
2
7
5
1
5
5
6
3
0
2
3
2
5
-1
5
6
2
0
6
1
0
8
4
0
4
4
6
4
5
2
6
8
3
3
4
6
10
9
5
4
6
10
7
6
5
11
11
12
8
13
13
8
13
13
12
7
11
9
13
8
10
12
11
13
7
8
13
10
10
12
7
13
8
8
11
8
8
2
9
5
2
10
9
5
3
2
6
6
9
6
5
3
5
15
10
12
12
10
12
6
6
7
11
8
9
12
6
3
11
13
10
11
8
7
10
8
8
8
14
7
5
9
7
13
9
11
8
5
7
3
7
14
13
12
10
8
9
5
10
6
7
11
9
9
6
3
4
6
1
9
5
5
6
6
7
3
4
-1
1
-3
0
5
2
5
4
4
5
4
3
8
2
2
5
4
5
6
6
-1
7
3
2
0
1
3
5
6
2
5
6
9
6
4
8
3
6
7
3
6
12
3
2
4
9
10
2
3
2
12
8
9
9
6
8
7
8
6
10
3
2
7
7
5
6
7
9
5
2
8
7
5
7
-2
4
3
1
5
6
6
3
2
-4
-1
7
5
-2
0
4
2
-4
-7
1
-1
2
9
6
7
7
6
5
8
4
4
-3
6
8
9
9
9
7
9
9
8
8
-4
6
8
6
8
7
7
8
1
10
11
9
10
9
6
6
10
6
7
7
8
4
7
10
12
10
7
9
7
8
11
12
13
10
12
7
8
10
9
13
11
9
7
13
8
2
10
7
11
11
5
7
7
10
8
12
9
0
9
12
9
12
10
9
9
12
9
10
11
11
16
7
11
10
10
10
9
9
7
6
8
6
3
8
8
9
6
6
5
4
6
5
8
4
10
9
9
8
10
12
7
9
6
6
6
6
7
9
6
4
3
2
4
1
4
6
3
3
4
3
8
7
8
7
5
3
3
6
7
1
4
11
2
7
8
2
6
4
5
10
8
12
8
11
6
2
9
3
6
8
3
4
5
7
11
7
7
8
8
12
5
6
9
12
12
8
7
11
7
9
8
1
10
4
6
1
3
4
5
5
2
6
1
2
4
-1
-1
8
1
3
3
6
1
1
0
1
4
0
9
11
7
3
8
8
4
8
6
3
2
-4
1
8
6
3
3
5
-1
4
-2
1
4
-2
0
5
7
7
3
8
0
-2
1
-4
3
2
1
-1
1
4
5
7
2
1
2
0
5
3
7
8
-2
2
0
2
0
0
3
4
7
0
-2
-4
2
-2
0
1
-1
3
-6
-4
0
-2
4
4
2
2
3
-2
4
1
0
1
3
-1
1
4
-1
6
4
6
3
1
5
1
1
-3
-1
4
-2
3
2
3
5
1
-3
-2
1
1
2
6
0
1
-3
3
2
4
10
2
4
-1
2
-1
-3
-1
-4
1
0
-3
-1
1
-1
-2
5
11
3
-1
7
-2
-2
3
1
-2
6
3
-2
3
-6
7
0
0
0
-2
3
3
12
-3
-1
4
6
4
3
7
-2
-1
4
2
-1
-2
-1
-1
-1
-3
-4
1
-3
0
-2
1
4
1
4
4
-6
-1
-1
2
9
1
-2
-2
-1
3
4
3
1
-1
0
-3
-2
0
-2
-5
0
-5
2
4
-5
1
-3
-3
-6
-7
-4
-3
-3
-6
-2
-6
-7
-4
-5
-8
-11
-7
-9
-8
-4
-6
-7
-7
-6
-2
1
-1
1
-8
-9
-5
-7
-4
-4
-7
-8
-4
-5
-3
-6
-8
-5
-3
0
-5
-5
-5
-1
3
-4
-2
-1
-5
-9
-6
-5
-2
-5
-1
-3
-3
0
0
0
-5
-2
-2
-3
-6
-2
0
-5
2
-1
0
-1
-6
-2
-1
2
-3
2
2
0
2
0
0
2
3
-3
1
1
0
2
-3
-3
0
-1
-1
-1
-2
0
-2
-7
-2
-5
-5
-6
-2
-7
-8
-8
-11
-4
-8
-4
-5
-2
-10
-8
-5
-9
-8
-9
-4
-5
-7
-5
-2
-12
-7
-7
-3
-3
-7
-4
0
-2
-5
-8
-8
-7
-1
-5
-4
-2
-9
-6
-6
0
0
0
2
-2
0
-2
-4
-4
-3
-3
-7
-3
-4
-7
-2
0
-2
-1
-2
1
-3
-2
-4
-3
-2
-1
2
-2
-2
-4
1
-6
0
2
1
1
-4
-1
-3
-7
-6
-4
-6
-2
2
-2
-2
-4
-6
-9
-8
-4
-9
-3
-6
-4
-4
-4
-2
-5
-5
-2
-1
0
0
3
-2
-3
0
-6
-3
-2
-5
0
2
2
-2
-3
-4
0
-1
-5
-4
-4
-4
-5
-5
-9
-4
0
-3
-3
-4
-6
-1
-5
-1
-5
-5
-3
-8
-8
-10
-6
-6
-3
-1
-2
-5
-9
-8
-5
-6
-6
-1
0
1
-4
-8
-9
-3
-12
-9
-15
-8
-5
-10
-7
-10
-3
-8
-7
-5
-4
-5
-10
-5
-5
-7
-4
-2
-2
-5
-1
-1
-5
-7
-4
-7
2
-2
-2
1
-5
-4
-4
-6
-6
-6
-7
-1
-3
-7
-1
-2
1
3
0
0
-1
-7
-6
-3
-2
-7
-4
-3
0
-2
0
5
6
-1
0
3
-4
-1
0
-3
2
2
-3
-6
0
-2
-3
0
-2
-1
3
3
2
4
4
3
2
6
-1
-3
-3
-5
1
-1
-1
-5
0
2
-4
-4
6
3
1
0
6
1
6
5
4
4
2
4
4
1
4
10
6
6
7
4
6
14
4
3
1
7
4
2
9
1
1
4
2
-3
-2
-9
-5
-2
-3
1
-1
-2
-1
0
-6
-4
-7
1
-2
-7
-7
-3
1
-1
0
-3
-5
-3
-3
-4
-5
0
-1
1
-2
-1
1
1
0
1
0
-3
-1
-2
0
3
-1
2
1
-6
1
2
-4
-1
2
-3
1
5
1
3
4
0
-1
5
0
3
3
1
2
8
6
1
5
4
0
-1
3
0
3
5
5
0
-2
3
1
2
3
1
7
4
1
3
3
2
4
6
5
0
3
4
5
6
5
8
8
10
4
8
6
6
6
-1
5
0
-1
0
3
2
0
-1
2
7
1
1
9
-1
-3
5
3
6
7
5
3
6
-4
-2
1
5
5
1
7
2
4
5
5
5
4
4
0
4
0
6
5
6
6
7
10
3
5
2
5
2
4
9
2
0
7
6
6
6
7
8
5
4
7
5
-4
-1
0
4
-3
-1
-1
-6
-1
-2
-1
3
3
-2
5
3
6
5
4
8
6
12
5
7
4
3
7
5
7
5
4
8
8
8
13
8
13
11
13
10
6
8
3
6
3
1
4
4
3
5
2
1
-1
7
5
2
6
7
7
6
7
5
7
1
5
4
3
6
8
10
7
10
7
9
2
5
6
2
3
5
6
7
6
6
3
9
5
4
6
3
3
3
10
4
3
6
6
-2
-2
5
4
3
7
6
5
4
1
5
1
5
6
1
-1
3
4
4
6
2
3
0
2
0
-7
2
1
-3
-4
1
3
2
5
0
2
6
0
3
4
3
6
6
2
3
-1
5
1
-2
1
5
9
-1
-1
5
1
2
3
2
5
1
0
1
2
4
7
-1
-4
-1
4
-1
1
2
-5
-4
-2
1
2
-2
-2
0
-1
2
-5
0
1
-5
-2
2
-6
-1
-1
-5
-1
-3
-6
-3
0
3
-1
-6
3
2
6
-1
0
-5
-6
-3
-5
-4
-3
2
-6
-2
3
-2
-1
0
3
0
2
7
4
4
1
2
-2
-1
-4
-3
1
0
0
-2
3
0
-1
0
0
1
2
-2
-1
0
1
2
2
6
5
5
4
3
2
1
0
5
10
3
2
10
11
10
11
12
11
10
9
7
8
9
6
6
5
5
8
8
5
2
4
0
2
5
4
1
5
10
4
3
1
6
3
3
4
5
3
6
2
5
11
6
10
7
11
4
7
4
4
8
8
3
9
9
5
6
10
10
12
8
2
13
2
3
6
0
2
1
1
2
2
-1
-5
-2
1
0
1
-4
-3
-8
1
-2
-4
-1
-3
6
1
3
7
6
3
1
2
-2
3
-3
0
6
-1
2
-2
1
-1
-3
-2
-3
-1
0
0
6
8
2
2
2
1
-2
0
-2
3
-2
0
1
3
-1
-6
-5
-10
-5
-9
-11
-10
-7
-4
-4
-3
-8
-7
-2
0
-1
-2
1
-4
-1
-1
-4
-2
-3
-4
-7
-7
-11
-10
-9
-3
-4
-4
-4
-4
0
-8
-6
0
-4
-4
0
-4
-6
-5
-5
-5
1
-6
-2
-7
-2
6
-7
0
-10
-11
-6
-8
-2
-10
-5
-4
-8
-4
-8
-5
-10
-6
-3
-5
-10
-7
-9
-12
-5
-4
-2
-6
-4
-6
-6
-8
-11
-5
-12
-8
-3
-4
-9
-4
-9
-10
-3
-8
-9
-11
-10
-10
-8
-12
-10
-9
-13
-12
-14
-14
-11
-9
-11
-9
-4
-10
-8
-6
-3
-9
-9
-5
-11
-10
-14
-7
-7
-8
-7
-7
-10
-9
-4
-5
-8
-7
-12
-10
-7
-9
-10
-3
-6
-8
0
-1
-4
-9
-1
-5
-7
-3
-3
-15
-6
-5
-10
-13
-7
-6
-7
0
-8
-5
-14
-7
-4
-5
-1
-1
1
-1
-3
-5
-3
-1
0
1
-1
-8
-6
-2
-1
-4
-2
-1
-2
3
-4
-2
-3
3
-7
-9
-3
-4
-4
-4
-1
-5
-6
-5
-10
-9
-4
-7
-7
-2
-6
-10
-5
-6
-6
-4
-4
-4
-1
-1
-7
-4
-6
-7
-4
-8
-4
-3
-4
-2
-5
0
-3
-1
-3
-1
-3
-5
-6
-1
0
-1
-2
-3
-2
-4
0
-8
-5
-4
-7
-7
-12
-10
-9
-12
-13
-9
-9
-9
-7
-5
-10
-6
-3
-7
-7
-5
-11
-9
-5
-8
-7
-4
-11
-9
-5
-6
-5
-7
-6
-9
-10
-5
-12
-8
-9
-4
-8
-11
-11
-9
-16
-18
-8
-5
-8
-9
-13
-16
-8
-9
-12
-12
-6
-12
-11
-12
-17
-12
-15
-11
-15
-9
-9
-10
-4
-8
-8
-7
-8
-8
-10
-7
-7
-6
-3
-3
-4
-9
-8
-11
-9
-11
-9
-10
-8
-8
-11
-8
-8
-7
-6
-4
-7
-11
-9
-8
-7
-9
-7
-7
-9
-7
-6
-10
-8
-10
-9
-7
-8
-2
-10
-10
-7
-5
-8
-12
-11
-10
-13
-9
-9
-11
-13
-9
-5
-3
-9
-9
-9
-11
-4
-9
-16
-10
-9
-15
-8
-11
-10
-9
-3
-10
-4
-6
-10
-13
-14
-7
-13
-11
-7
-10
-9
-9
-10
-12
-10
-11
-9
-10
-10
-8
-13
-10
-6
-5
-9
-5
-6
-12
-9
-9
-11
-12
-5
-2
-6
-12
-9
-8
-10
-8
-8
-12
-9
-9
-6
-6
-10
-12
-8
-2
-1
-6
-8
-2
-8
-6
-5
-3
1
-4
-4
4
3
-4
-3
0
-3
-6
-7
0
-1
-3
-7
-5
-10
-10
-8
-11
-7
-11
