15
17
18
15
17
15
19
12
14
16
13
10
14
19
19
15
14
10
9
6
11
13
7
16
7
12
13
10
5
8
8
5
8
4
2
-1
6
8
7
10
12
12
8
5
-1
1
0
3
4
2
6
6
2
6
3
9
6
5
10
6
12
7
10
11
11
9
14
15
12
12
16
13
14
14
18
11
7
8
17
16
17
18
17
21
22
18
20
18
16
15
10
12
11
20
9
17
13
9
17
17
17
14
14
9
9
8
10
8
8
11
9
10
9
6
3
2
4
4
0
-2
3
4
8
5
0
1
-2
-1
5
3
6
8
3
2
5
5
-1
-1
3
-1
5
8
4
12
7
5
12
9
15
14
15
13
16
11
11
12
7
12
13
13
18
14
16
14
9
17
17
14
14
21
16
11
16
12
7
11
11
13
21
14
10
9
13
7
9
12
4
12
11
18
16
10
16
15
17
18
12
12
12
16
13
13
12
11
13
11
12
16
18
16
12
19
24
16
23
21
20
24
26
22
19
27
28
29
26
22
23
32
27
25
21
25
24
20
27
29
24
27
26
26
24
24
24
19
24
21
20
18
14
13
17
24
17
14
14
20
20
19
12
10
12
10
8
5
8
6
10
1
0
3
3
8
5
5
4
7
7
1
2
6
-1
0
0
-2
-3
1
0
-2
7
7
5
4
3
4
5
5
5
6
10
13
10
12
10
9
12
10
12
11
7
9
8
7
14
9
11
12
9
9
5
10
9
13
14
13
6
8
10
9
12
9
4
7
9
9
10
8
4
8
8
6
8
12
9
9
8
12
10
3
3
1
4
-2
-1
-1
-2
4
-2
2
2
-2
-2
1
2
1
0
2
1
-2
1
0
3
1
0
0
-2
2
5
2
3
10
4
5
13
7
9
11
7
12
11
5
7
12
5
6
9
11
12
10
12
14
12
7
8
3
6
1
-1
5
2
4
5
3
-6
-2
2
-6
-3
-3
-4
-4
-7
-7
-2
-2
-6
-4
-5
-4
-7
-6
-3
-6
-6
-12
-6
-7
-6
-10
-10
-1
-4
-3
0
-1
-2
-1
2
-1
-1
-2
-1
7
6
4
7
3
-1
4
6
1
6
2
-2
3
6
7
3
3
12
8
11
12
9
14
7
10
10
5
7
5
4
8
10
4
-3
1
1
1
9
0
3
4
3
5
2
1
5
5
2
2
3
-1
-3
-5
2
6
-2
-3
-1
2
0
1
-4
-5
-1
-2
-4
2
-3
-3
1
1
-1
1
-1
2
6
0
7
5
10
9
6
9
9
5
10
7
6
9
7
5
9
8
5
11
10
13
11
14
18
16
8
4
10
11
12
9
7
12
16
5
3
9
9
13
5
7
7
4
6
3
4
6
1
8
4
0
1
7
9
-1
-1
-5
-6
-3
-4
-3
1
-2
1
-2
1
-1
-1
3
3
3
-2
3
3
6
0
-1
3
0
1
5
9
6
6
8
15
9
11
12
16
12
13
19
12
15
16
13
16
18
19
15
20
11
12
14
12
12
12
14
15
9
11
13
11
14
6
7
6
7
11
13
10
11
10
11
7
5
10
6
8
8
8
3
5
6
8
6
9
10
4
5
9
9
3
6
4
3
8
8
9
6
2
3
7
12
8
3
4
3
7
7
1
0
0
7
9
2
5
2
-1
0
-2
0
-3
-2
-1
-6
-8
-4
-8
-5
-12
-4
2
-3
-7
-9
3
-4
-5
-9
1
2
-3
-1
2
-3
0
-4
-5
-4
-7
-6
-7
-4
-11
-9
-8
-8
-10
-11
-16
-12
-15
-10
-7
-8
-8
-11
-8
-6
-5
-4
-8
-10
-7
-10
-16
-12
-15
-17
-14
-6
-9
-15
-10
-13
-11
-14
-9
-10
-11
-11
-10
-4
-2
-4
-9
-4
-5
-4
-8
-4
-6
-5
-10
-11
-6
-11
-3
-1
-4
-7
-9
-7
-15
-14
-10
-13
-12
-15
-17
-17
-18
-19
-20
-20
-18
-16
-16
-13
-16
-19
-18
-22
-20
-17
-20
-21
-23
-19
-17
-19
-15
-14
-16
-14
-13
-12
-20
-14
-14
-17
-7
-9
-11
-6
-9
-7
-6
-8
-6
-6
-6
-10
-5
-6
-7
-6
-5
1
-2
-5
-8
-6
-8
-8
-13
-6
-11
-6
-2
-6
-4
-1
-7
-10
-9
-11
-5
-13
-11
-9
-6
-9
-13
-11
-10
-11
-19
-11
-13
-15
-15
-20
-14
-11
-12
-11
-14
-11
-10
-9
-13
-14
-12
-11
-15
-11
-11
-9
-9
-8
-8
-9
-3
-7
-3
-4
-7
-3
-7
-8
-2
-6
-4
-2
-1
2
3
9
5
6
9
5
7
2
3
9
-1
1
2
5
3
3
5
2
3
0
0
0
3
-4
-2
-2
1
1
-2
-2
-2
-2
-8
-7
-7
-6
-3
-8
-8
-1
1
-5
-11
-12
-11
-6
-7
-11
-11
-13
-7
-12
-7
-10
-12
-7
-13
-13
-12
-11
-10
-8
-13
-10
-13
-10
-12
-5
-10
-17
-11
-13
-10
-14
-13
-15
-13
-11
-14
-7
-9
-8
-10
-7
-5
-6
-9
-6
-9
-8
-5
-5
-7
-6
-8
-5
-3
-11
-9
-12
-10
-6
-5
-10
-11
-6
-9
-17
-12
-12
-10
-13
-18
-14
-19
-11
-13
-14
-18
-14
-19
-19
-19
-18
-18
-21
-18
-24
-19
-22
-16
-19
-15
-18
-26
-23
-17
-17
-14
-17
-14
-20
-20
-12
-12
-15
-16
-15
-16
-10
-9
-14
-12
-13
-11
-1
-10
-11
-12
-11
-4
-11
-5
-4
-5
-6
-8
-7
-4
-10
-11
-8
-10
-6
-7
-14
-9
-14
-11
-10
-11
-3
-9
-7
-17
-11
-10
-16
-14
-10
-12
-8
-14
-11
-15
-19
-18
-19
-17
-22
-17
-19
-15
-22
-17
-15
-14
-13
-12
-17
-20
-19
-16
-16
-13
-15
-16
-14
-10
-7
-10
-15
-15
-7
-10
-8
-13
-13
-3
-11
-6
-5
-9
-8
-7
-6
-6
-6
-3
0
2
1
1
-2
-4
4
4
6
0
0
-2
-1
-2
-6
1
-3
-3
-7
-7
-6
-7
1
-2
-6
-2
-2
-10
-11
-7
-10
-3
-5
-2
-1
-8
-6
-8
-10
-7
-4
-9
-10
-11
-11
-19
-18
-15
-13
-4
-12
-9
-10
-11
-11
-18
-13
-13
-8
-12
-13
-13
-9
-6
-5
-2
-8
-5
-5
-3
-4
0
-7
-8
-6
-2
1
-1
-2
-4
-9
-7
-7
-9
-3
-3
-5
-5
1
-2
-6
-3
1
5
-4
-2
-5
-2
1
-1
2
-3
-8
-1
1
-4
-5
-2
-1
-1
2
4
-2
-5
-1
2
-6
-9
-9
-4
-7
-9
-10
-9
-4
-6
-4
-1
-3
-5
1
-1
-6
-9
-6
-7
-10
-7
-7
-7
-10
-9
-6
1
-3
-6
0
-9
-4
-3
-3
-7
-7
-6
-8
-8
-4
-1
3
1
-4
0
-3
1
-1
1
-2
-4
1
-5
-5
2
4
-3
0
-1
-3
5
-6
-5
-6
1
0
-1
-2
-8
-3
-9
-10
-11
-8
-5
-5
-5
-13
-10
-12
-5
-1
-4
-2
-10
-9
-13
-6
-6
-9
-9
-10
-8
-8
-16
-13
-13
-13
-14
-16
-12
-14
-13
-11
-10
-12
-6
-6
-8
-8
-7
-10
-10
-8
-9
-3
-3
-6
-9
-8
-7
-10
-8
-6
-7
-12
-9
-6
-7
-9
-7
-9
-10
-13
-13
-16
-17
-18
-18
-17
-20
-22
-25
-21
-25
-22
-21
-23
-26
-27
-25
-25
-23
-23
-18
-20
-21
-22
-19
-23
-23
-25
-25
-17
-17
-12
-19
-15
-8
-11
-8
-10
-19
-13
-8
-12
-13
-11
-8
-16
-15
-11
-15
-13
-10
-13
-9
-8
-15
-10
-11
-9
-10
-9
-6
-9
-11
-7
-5
-7
-10
-8
-11
-11
-4
-8
-4
-8
-9
-7
-9
-9
-12
-14
-13
-4
-10
-7
-4
-9
-8
-7
-11
-13
-7
-8
-8
-10
-9
-13
-9
-8
-8
-6
-7
-13
-9
-10
-13
-7
-7
-8
-12
-9
-7
-6
-9
-9
-10
-10
-15
-15
-15
-8
-13
-12
-7
-6
-11
-12
-9
-8
-5
-6
-3
-6
-8
-5
-4
-2
-3
-5
4
1
-5
-2
8
1
-3
4
0
2
10
6
8
6
1
5
8
4
3
1
2
8
5
3
10
0
3
3
0
1
-5
2
6
0
-1
-2
4
-1
4
6
3
1
-4
2
0
-5
-5
-6
-7
-1
-3
-3
-5
0
2
0
2
0
3
-5
3
5
-5
0
1
-1
4
3
0
1
0
4
5
2
1
1
2
-1
5
0
-5
0
2
1
-5
-6
-7
-3
-5
-6
-5
-6
-4
-5
-3
-5
-11
-6
-6
-3
-10
-11
-7
-13
-4
-11
-7
-6
-12
-7
-16
-13
-8
-14
-14
-16
-13
-11
-11
-12
-12
-7
-7
-9
-11
-11
-11
-9
-11
-12
-9
-12
-7
-8
-16
-12
-12
-10
-16
-10
-10
-13
-9
-8
-11
-14
-10
-12
-9
-8
-11
-8
-7
-8
-7
-8
-9
-9
-14
-19
-12
-15
-10
-11
-16
-14
-16
-11
-16
-15
-17
-15
-17
-20
-16
-18
-12
-10
-10
-13
-16
-13
-14
-14
-14
-8
-11
-12
-9
-13
-7
-11
-10
-18
-11
-6
-12
-4
-6
-9
-15
-17
-12
-15
-15
-15
-15
-18
-14
-8
-7
-15
-17
-15
-16
-17
-14
-12
-11
-12
-12
-12
-14
-7
-6
-10
-10
-4
-11
-11
-8
-9
-6
-13
-1
-1
-6
-8
-10
-7
-6
-4
-8
-3
-7
-6
-5
-10
-4
-5
-6
-6
-7
-7
-6
-6
-7
-6
-9
-8
-10
-9
-11
-9
-6
-5
-9
-8
-8
-7
-13
-16
-14
-11
-9
-11
-9
-8
-5
-6
-4
-10
-3
-7
-8
-10
-10
-2
0
4
-3
1
-6
-1
-2
-5
-4
0
-2
4
-1
0
4
-3
1
3
3
2
4
1
4
2
3
4
7
3
2
6
7
7
9
7
5
4
2
0
4
6
1
5
7
5
3
6
3
1
1
1
-3
-3
1
5
2
2
1
3
5
9
7
7
6
1
7
4
6
11
6
8
10
14
6
9
7
7
9
5
4
4
10
8
10
5
5
6
7
3
-1
0
0
1
2
7
0
-2
1
-4
1
-1
-5
-2
2
-1
-4
-2
-1
-3
-5
-3
-7
-3
-1
-4
-9
-2
-5
-4
-1
0
-5
2
-2
-4
-5
-5
-2
-1
-2
-5
-7
-7
0
0
-2
1
1
-2
3
1
0
-4
0
2
-1
0
3
10
5
4
3
-3
-4
-5
-3
-1
0
-3
-4
1
-1
-1
-1
3
4
5
-1
-2
-3
-3
1
-4
-3
-6
-7
0
4
2
-1
1
-2
-3
8
-4
-2
1
3
2
3
3
2
0
1
5
2
1
-6
0
-1
-2
-2
2
-1
-1
1
0
-4
-4
-5
-2
1
-1
-5
3
1
3
-1
-2
6
-8
2
2
-1
0
-2
4
0
-3
0
-2
-6
-1
-1
1
-2
-6
-2
-1
-1
-2
-3
4
-4
0
-5
-6
-1
-6
-4
2
-1
4
-3
1
6
-1
3
7
3
-3
1
-3
-9
-5
-4
-1
1
-1
-1
1
3
-2
4
1
-4
0
-4
-4
-7
-6
-7
-2
-9
-1
0
-5
1
-5
-4
-10
-4
1
-4
-3
-3
0
-5
-4
-2
-3
1
-2
-3
-5
3
-2
2
5
3
1
-1
8
0
1
0
6
4
12
11
10
16
13
10
9
14
13
8
9
12
11
13
15
12
11
13
11
12
14
12
17
15
6
8
11
7
10
12
14
12
12
14
12
11
10
12
7
9
8
11
12
8
12
12
7
7
9
6
11
13
8
10
3
2
6
7
-1
-2
5
-1
-2
-3
-1
0
-2
3
1
-4
-3
1
1
8
3
-2
4
0
0
-1
1
-1
-1
2
3
5
-3
-3
0
-1
1
2
2
1
-4
1
7
4
-1
7
10
12
14
12
5
6
9
8
8
3
5
14
11
12
17
16
14
13
14
13
12
10
6
7
10
7
10
12
12
17
9
8
11
9
8
9
7
9
5
2
9
5
6
10
5
2
-1
0
3
4
-4
-2
3
3
2
2
7
-1
-1
4
5
0
-3
1
-3
-2
3
-1
-2
0
-4
-3
-1
-2
-2
-2
3
-1
-6
-4
-7
-1
1
-6
3
-1
-4
-1
-7
-2
-5
-12
-5
-1
-2
-2
1
-7
-2
-1
-1
1
-3
-4
0
-2
-14
-4
-3
-4
-1
-2
1
-1
5
7
4
2
5
4
7
6
1
0
-2
-3
-3
-2
-5
-3
-6
-7
-10
-8
-7
-11
-13
-11
-7
-9
-11
-8
-14
-14
-13
-14
-16
-16
-12
-14
-14
-16
-14
-16
-18
-18
-16
-19
-12
-13
-13
-15
-15
-13
-14
-4
-6
-6
-11
-7
-5
-8
-3
-8
-6
-2
-1
-2
-8
-3
0
-2
1
-3
-3
-4
-1
3
-5
-2
3
0
-3
4
-3
-3
1
0
-1
-5
-8
-6
-4
-1
-3
-4
-7
-8
1
-1
-6
-3
-4
-8
-6
-8
-4
-9
-9
-1
-7
-8
-5
-10
-10
-3
-4
-2
-11
-12
-6
-7
-7
-4
-6
-8
-9
-15
-7
-4
-6
-11
-6
-9
-9
-5
-11
0
-10
-12
-2
-7
-10
-9
-9
-9
-6
-10
-9
-4
-5
-1
-2
-4
1
-1
-2
-9
-9
-4
2
-3
-4
-2
5
4
4
0
1
5
6
6
4
4
4
5
5
9
1
7
4
6
4
7
2
-5
6
-2
-1
5
6
5
-4
-3
0
-3
-3
1
-3
-4
-4
-4
-2
-5
-6
-6
-5
-2
-7
-10
-5
-8
-5
-6
-7
-8
-9
-6
-10
-11
-10
-11
-11
-10
-7
-8
-4
-4
-11
-10
-12
-12
-11
-9
-9
-9
-6
-6
-5
-1
-11
-10
-6
-10
-10
-8
-9
-3
-8
-16
-12
-7
-13
-17
-16
-13
-11
-10
-8
-9
-18
-17
-17
-12
-12
-15
-16
-12
-16
-14
-17
-21
-20
-20
-15
-12
-13
-13
-16
-14
-10
-13
-12
-13
-12
-13
-9
-13
-10
-13
-8
-6
-14
-15
-15
-14
-15
-11
-9
-9
-8
-7
-7
-10
-3
-5
-6
-7
-8
-10
-16
-10
-10
-10
-10
-9
1
-4
-11
-12
-12
-9
-7
-10
-10
-9
-11
-15
-14
-6
-7
-13
-12
-8
-17
-19
-19
-13
-12
-9
0
-6
-10
-12
-13
-8
-10
-6
-5
-7
-5
-4
-4
-1
-3
-6
-1
-1
-2
-9
-3
-7
-9
-3
-7
-14
-10
-6
-4
-6
-6
-7
-11
-10
-10
-5
-5
-8
-4
-7
-11
-11
0
-5
-8
-4
-5
-4
-8
-3
0
2
1
0
-6
-3
-7
-2
1
-5
-5
-2
-6
-6
1
-4
-3
-1
0
-7
-8
-4
-2
-2
-2
-3
-5
-7
-2
0
-2
0
2
-2
4
1
-2
5
2
5
6
2
2
3
7
7
10
9
6
7
8
8
12
12
3
7
7
9
11
13
14
11
10
14
15
11
13
14
16
14
6
11
8
10
10
6
8
11
9
12
12
10
10
8
10
6
9
11
9
12
10
4
9
3
3
6
7
8
2
5
3
1
1
0
8
3
4
3
1
4
2
6
2
9
6
7
5
3
7
3
7
5
7
6
7
11
14
10
12
11
11
10
8
11
14
12
9
13
9
10
13
21
21
17
17
17
14
13
17
19
16
16
11
8
8
12
11
14
15
11
10
6
9
5
14
12
7
8
6
9
9
5
2
9
8
9
11
8
7
9
10
9
6
6
8
8
5
2
12
9
9
11
8
9
9
15
13
13
4
6
14
9
10
12
11
5
11
14
11
10
12
13
12
10
10
8
6
8
15
9
15
14
7
11
8
5
4
7
6
8
2
2
4
3
3
1
0
1
2
5
8
3
3
2
2
9
4
9
8
6
8
7
8
-2
2
5
3
8
0
4
4
2
6
5
3
1
1
-2
1
0
4
4
7
7
7
9
3
14
4
7
14
8
8
5
6
5
5
6
6
4
3
6
2
0
1
7
2
1
3
3
7
3
6
1
-1
2
1
-1
1
2
-6
-3
-7
-7
2
-5
-1
2
1
4
-3
-4
-3
-3
1
5
4
1
0
7
9
4
5
7
5
2
4
3
8
14
14
15
15
15
7
10
12
11
11
10
12
19
15
15
18
18
11
13
14
8
9
12
12
12
13
13
7
12
12
10
12
7
12
10
8
13
13
13
11
16
9
10
16
12
16
8
13
13
13
15
9
13
6
10
10
12
13
11
12
9
11
8
9
9
13
7
12
11
13
9
10
15
11
12
9
8
8
10
10
6
6
11
6
12
8
9
8
4
11
16
15
11
16
16
13
14
16
12
12
15
13
11
13
14
21
16
9
10
16
15
14
17
17
16
11
17
12
13
12
15
17
11
16
14
14
13
12
12
7
5
10
7
7
15
12
11
8
3
8
8
4
3
8
7
4
10
7
4
5
10
12
10
14
12
6
3
11
11
9
10
9
10
12
13
16
17
12
10
13
10
10
15
8
11
12
12
13
8
9
12
14
11
7
9
8
9
5
7
12
7
6
13
8
9
16
12
8
13
7
6
8
5
8
9
9
7
8
11
10
13
8
7
16
14
13
12
12
9
9
8
9
11
15
14
7
5
11
7
9
10
11
13
4
5
-1
2
0
2
5
2
5
2
6
2
-2
3
4
4
6
7
4
7
3
9
6
7
11
3
8
7
5
7
9
8
8
3
11
13
11
9
8
8
7
11
6
13
15
12
9
10
13
9
15
13
15
12
12
13
13
15
14
16
11
19
19
14
13
14
14
12
13
11
9
11
12
12
14
12
9
12
9
10
5
2
4
4
7
6
12
7
9
3
6
8
3
2
2
3
1
10
7
4
6
10
6
7
4
2
10
2
5
10
2
7
7
11
9
7
7
9
8
6
4
3
7
6
6
13
14
6
5
10
13
10
13
9
10
13
11
13
11
12
10
4
11
14
14
10
11
7
9
11
12
12
12
14
11
14
12
12
17
13
9
17
13
10
19
13
17
14
13
8
6
10
10
5
6
7
10
9
9
12
10
7
4
7
6
7
3
2
5
5
8
8
12
7
9
5
4
7
4
6
11
7
6
7
11
14
8
10
13
14
13
9
13
13
14
13
18
19
16
15
13
19
13
13
13
12
13
11
10
10
7
8
6
13
12
11
12
13
11
7
11
8
5
2
6
6
3
6
4
1
6
1
3
4
-2
4
0
2
5
1
-3
2
-1
-2
-7
-5
0
5
1
0
-2
-3
-5
-5
-2
-5
1
0
2
2
1
0
-1
-2
2
4
7
-1
0
4
2
6
3
-1
2
7
4
2
5
6
3
3
2
8
5
2
3
5
5
3
0
5
5
3
4
-5
6
-1
3
0
5
4
-3
-1
-3
0
-3
0
0
2
-5
-8
-3
-9
-8
-5
-7
-9
-10
-3
-7
-6
-9
-12
-12
-9
-15
-7
-13
-11
-12
-12
-4
-14
-12
-13
-7
-13
-16
-14
-12
-12
-13
-6
-9
-9
-5
-8
-7
-13
-12
-7
-10
-7
-7
-5
-2
-10
-2
-4
2
-1
-5
-5
-6
0
-6
-6
-6
-5
-3
-4
-9
-4
-8
-11
-6
-6
-4
-7
-10
-5
-1
-4
-4
-8
-9
-9
-9
-8
-13
-8
-3
-8
-8
-6
-8
-15
-12
-15
-12
-20
-19
-17
-15
-12
-20
-18
-16
-20
-19
-19
-11
-7
-9
-2
-9
-12
-10
-4
-6
-2
-1
0
5
2
-1
3
2
0
4
9
10
8
8
10
8
7
5
5
7
9
11
11
9
8
11
11
5
4
7
6
5
8
6
10
6
-1
7
4
-1
0
3
-1
3
-1
-3
-4
1
1
0
5
3
0
-3
-7
-4
-3
-3
-5
-6
-1
-7
-1
4
-6
-6
1
1
4
3
1
0
2
-1
2
5
9
5
1
6
4
4
7
4
3
4
3
4
5
5
7
4
2
4
4
3
9
6
-2
2
7
2
0
6
2
-1
1
-2
-2
-5
-1
0
-3
0
0
-3
-3
-9
-8
-5
-7
-2
-3
-2
-8
-9
-7
-6
-2
-11
-4
-6
-10
-5
-5
-5
-4
-4
-3
-6
-6
0
0
-2
-8
-2
5
-3
0
-4
-5
-2
-2
0
-6
-3
-1
-2
-1
8
4
4
1
0
5
0
6
2
-1
7
4
7
4
1
3
5
-2
3
5
2
2
2
4
2
3
5
0
-3
-2
-7
-4
-10
-12
-7
-8
-8
-13
-8
-8
-8
-8
-6
-7
-9
-9
-11
-7
-16
-8
-12
-14
-9
-8
-13
-14
-13
-13
-13
-13
-10
-9
-13
-15
-16
-19
-17
-17
-13
-14
-10
-9
-5
-4
-10
-7
-7
-4
-8
-11
-13
-8
-9
-12
-13
-14
-11
-13
-7
-11
-9
-7
-8
-5
-8
-13
-8
-12
-12
-9
-13
-7
-9
-12
-11
-13
-8
-8
-10
-9
-9
-10
-12
-15
-15
-12
-12
-15
-9
-10
-12
-12
-9
-9
-8
-9
-8
-5
-8
-7
-10
-4
-12
-13
-7
-7
-8
-4
-6
-7
-6
-8
-4
-2
-2
-7
-7
-1
0
-6
-2
8
0
-1
-1
-5
-1
-3
2
-2
3
0
0
-1
-1
3
3
1
1
1
2
1
0
-3
3
-2
-3
-3
-8
-4
-3
-3
-1
-7
-9
-6
-7
-7
-10
-5
-8
-8
-11
-11
-5
-9
-6
-5
-7
-6
-10
-7
-13
-15
-15
-16
-15
-13
-6
-12
-15
-10
-10
-8
-8
-11
-7
-6
-8
-10
-10
-8
-10
-7
-7
-4
-6
-8
-7
-7
-7
-7
-6
-6
-4
-3
-5
-2
-7
-13
-7
-3
-5
-1
-10
-14
-12
-9
-5
-5
1
-6
-11
-10
-16
-11
-11
-12
-8
-4
-6
-8
-7
-4
-3
-10
-9
-4
-10
-7
-5
0
-8
-6
-7
-3
-1
-2
-1
-5
-1
-6
-1
-6
-6
0
1
3
-3
-4
0
0
-3
2
1
2
2
-3
-3
-1
-3
-4
-2
-3
-4
4
5
1
0
-6
-3
-1
-6
-5
5
-2
4
3
2
0
-1
3
3
5
5
-2
2
8
3
5
-1
1
4
4
4
8
-1
0
2
1
-2
1
-1
4
1
1
3
5
2
4
3
6
4
2
6
-1
3
1
4
10
1
-1
6
2
4
4
-1
3
4
2
-3
1
4
5
2
3
6
9
1
-2
4
2
6
2
3
2
-2
0
3
-2
-1
-1
-5
-2
-2
-3
-2
-9
-10
-4
-5
-1
-5
-6
0
-9
-5
-3
-8
-6
-6
-9
-12
-11
-8
-5
-4
-3
-3
0
1
1
-1
-3
-1
-2
-5
-8
-11
-15
-10
-11
-7
-9
-4
-5
-4
0
2
-1
1
1
-4
-6
-3
-10
-16
-10
-9
-2
2
4
8
7
9
10
8
3
-3
-4
-3
-6
-7
-8
-10
1
1
1
10
13
12
13
5
-1
1
-1
-6
-14
-19
-14
-13
-19
-10
-1
0
-5
0
5
-2
1
-6
-15
-22
-33
-27
-31
-33
-29
-17
-10
-3
1
9
21
14
8
6
1
-15
-21
-23
-35
-33
-29
-27
-18
-14
4
8
15
27
19
15
8
7
-13
-31
-26
-39
-43
-43
-25
-16
-10
12
32
36
32
31
30
13
-4
-19
-29
-43
-52
-39
-30
-24
-10
21
31
25
26
42
22
-18
-22
-27
-59
-85
-68
-53
-63
-46
-3
11
22
48
60
54
33
11
-2
-20
-47
-72
-64
-49
-51
-42
-8
20
28
50
68
61
44
28
18
-2
-37
-68
-71
-56
-66
-73
-45
0
16
26
50
81
81
55
49
60
13
-50
-33
-22
-76
-104
-45
-10
-14
11
89
119
108
126
137
99
42
15
-5
-46
-104
-110
-57
-45
-42
34
106
111
146
193
161
115
114
76
-33
-68
-84
-140
-149
-94
-75
-41
72
167
176
188
242
227
148
81
7
-97
-177
-182
-185
-201
-141
-12
112
190
254
304
332
317
196
27
-58
-138
-320
-389
-250
-279
-454
-197
144
-230
-674
-368
-396
-1399
-1890
-1594
-2148
-3106
-2739
-2123
-2655
-2693
-1350
-658
-949
-324
892
971
679
1282
1711
1239
1181
1875
2073
1930
2580
3443
3739
4181
4857
4821
4570
4785
4234
2721
1961
1558
-151
-1724
-1734
-2210
-3745
-3768
-2586
-2932
-3649
-2393
-1220
-1991
-2268
-1039
-929
-2155
-2061
-1149
-1734
-2575
-1676
-690
-1121
-1063
370
1094
705
1079
1990
1663
760
792
796
-368
-1394
-1370
-1583
-2481
-2735
-2203
-2103
-2249
-1648
-858
-674
-374
584
1283
1461
2121
3201
3714
4039
5047
5727
5336
5384
6129
5483
3834
3602
3660
1787
108
457
121
-1840
-2233
-1129
-1775
-3262
-2714
-1803
-2995
-4300
-3754
-3409
-4662
-5384
-4465
-3988
-4582
-4061
-2232
-1452
-1537
-207
1700
1945
1700
2764
3567
2831
2350
2891
2721
1697
1562
2107
1744
1032
1413
2019
1558
1027
1410
1457
545
33
66
-638
-1717
-1950
-1981
-2703
-3187
-2886
-2766
-2953
-2668
-2197
-2151
-2024
-1569
-1432
-1601
-1485
-1256
-1351
-1425
-1232
-1124
-1115
-903
-591
-475
-426
-182
173
324
312
489
821
955
971
1170
1439
1539
1659
1944
2251
2517
2875
3425
4122
4771
5237
5867
6762
7109
6640
6387
6402
5308
3427
2335
1437
-675
-2624
-3036
-3639
-5282
-5805
-4855
-4866
-5672
-4998
-3773
-4158
-4752
-3866
-3366
-4310
-4472
-3375
-3291
-3863
-2889
-1410
-1204
-804
927
2116
2202
2977
4220
4273
3792
4011
4065
3075
2084
1716
1054
-172
-1039
-1316
-1805
-2578
-2809
-2577
-2755
-3109
-2837
-2439
-2654
-2840
-2406
-2113
-2228
-1918
-1080
-477
37
1251
2761
3812
4865
6448
7749
8156
8486
9031
8776
7610
6682
5876
4232
2370
1307
313
-1242
-2326
-2520
-2916
-3702
-3900
-3722
-4121
-4763
-4962
-5195
-5940
-6604
-6759
-6877
-7123
-6974
-6234
-5375
-4550
-3379
-1875
-600
397
1494
2432
2783
2890
3045
2843
2229
1728
1375
822
249
-40
-209
-406
-459
-329
-111
226
729
1329
2121
3138
4115
4956
6093
7228
7442
7208
7546
7439
5771
4193
3696
2283
-277
-1351
-1319
-2784
-4360
-3667
-2946
-4104
-4483
-3122
-3075
-4533
-4569
-3837
-4903
-6271
-5833
-5443
-6386
-6386
-4841
-4034
-3884
-2402
-373
453
1087
2602
3589
3403
3438
3852
3381
2292
1801
1556
689
-200
-390
-464
-938
-1237
-1061
-1050
-1459
-1728
-1725
-2045
-2745
-3165
-3278
-3705
-4230
-4130
-3706
-3524
-3021
-1767
-473
613
2217
4222
5774
7060
8649
10045
10620
10777
10941
10671
9667
8448
7345
5967
4257
2864
1855
694
-472
-1086
-1480
-2166
-2798
-3130
-3607
-4412
-5215
-5843
-6578
-7451
-8066
-8268
-8354
-8302
-7668
-6577
-5514
-4324
-2679
-1039
200
1316
2359
2982
3209
3275
3116
2648
2108
1658
1187
668
325
273
282
308
670
1450
2244
2980
4209
5840
7071
8067
9663
11086
11047
10609
11080
10650
8162
6139
5445
3319
-41
-1341
-1509
-3504
-5324
-4458
-3723
-4939
-5015
-3289
-3076
-4299
-3998
-3164
-4186
-5416
-5195
-5261
-6241
-6219
-5318
-4978
-4449
-2864
-1285
-100
1418
2897
3781
4524
5054
4836
4305
3779
2803
1522
564
-289
-1339
-2016
-2147
-2381
-2644
-2312
-1789
-1825
-1892
-1440
-1330
-1937
-2228
-2146
-2719
-3389
-3165
-2812
-2784
-2003
-381
1122
2763
5016
7228
9110
10946
12251
12712
12863
12526
11097
9201
7451
5213
2517
411
-1135
-2933
-4439
-4899
-5133
-5743
-5902
-5476
-5547
-6125
-6357
-6597
-7515
-8447
-8911
-9494
-10204
-10265
-9693
-9077
-8186
-6595
-4735
-3067
-1331
515
1944
2780
3373
3716
3478
2788
1998
1150
145
-858
-1674
-2204
-2518
-2667
-2554
-2036
-1159
-113
1078
2576
4376
6061
7423
8991
10669
11184
10752
10934
10948
8983
6582
5636
4126
865
-1183
-1399
-2917
-5272
-5286
-4431
-5594
-6628
-5499
-5053
-6634
-7220
-6419
-7186
-8936
-8921
-8332
-9204
-9578
-8017
-6799
-6552
-4941
-2225
-721
278
2373
4186
4512
4831
5657
5394
4132
3426
2963
1606
125
-499
-976
-1839
-2328
-2169
-2076
-2210
-2096
-1761
-1672
-1815
-1842
-1724
-1701
-1663
-1194
-331
662
1957
3776
5769
7770
9963
11855
12963
13871
14654
14227
12737
11414
9821
7031
4235
2368
178
-2532
-4131
-4744
-5894
-7020
-6888
-6586
-7184
-7497
-7016
-7129
-8026
-8359
-8293
-8867
-9436
-9093
-8606
-8399
-7479
-5771
-4265
-2890
-993
944
2282
3400
4426
4849
4680
4357
3804
2821
1696
670
-303
-1238
-1990
-2416
-2550
-2546
-2371
-1716
-577
573
1743
3534
5639
7245
8810
11037
12703
12883
13078
13928
13393
11120
9566
8685
6129
2932
1636
655
-1936
-3776
-3482
-3870
-5597
-5824
-4953
-5792
-7264
-7107
-7041
-8647
-9768
-9492
-9880
-10894
-10501
-9258
-8819
-8144
-6023
-3864
-2604
-999
1222
2685
3311
4148
4826
4495
3716
3195
2408
1055
-127
-898
-1752
-2647
-3096
-3200
-3362
-3505
-3351
-3042
-2889
-2776
-2280
-1483
-816
-13
1536
3392
4847
6629
9223
11176
11935
13129
14716
14551
13136
12617
11904
9217
6509
5327
3472
336
-1458
-1905
-3464
-5335
-5377
-5089
-6207
-6956
-6271
-6218
-7278
-7426
-6835
-7274
-7920
-7202
-6308
-6314
-5733
-3930
-2477
-1627
-47
1898
2957
3639
4763
5440
5052
4537
4296
3473
1984
775
-90
-1277
-2570
-3292
-3675
-4180
-4475
-4191
-3632
-2992
-1920
-433
1198
3040
5100
7118
9182
11252
12543
12974
13528
13886
12684
10667
9309
7558
4455
1843
460
-1671
-4409
-5522
-5789
-7246
-8571
-8285
-8279
-9574
-10207
-9860
-10493
-11808
-12007
-11797
-12496
-12853
-11834
-10821
-10331
-8898
-6501
-4603
-3017
-735
1513
2825
3889
5113
5623
5231
4793
4373
3402
2131
1124
284
-640
-1384
-1709
-1866
-2025
-1960
-1591
-1152
-724
16
1141
2230
3378
5104
7055
8642
10443
12645
13980
14377
15285
16073
15013
13305
12536
11053
7937
5536
4305
1926
-1073
-2298
-2892
-4767
-6230
-6049
-6287
-7622
-8009
-7502
-8048
-9068
-8985
-8759
-9433
-9666
-8799
-8222
-8051
-6904
-5053
-3784
-2648
-782
944
1796
2626
3681
3926
3324
2877
2487
1378
-64
-1068
-2000
-3255
-4291
-4785
-5215
-5721
-5848
-5514
-4995
-4258
-3054
-1548
113
2143
4464
6696
8975
11349
12984
13733
14666
15463
14595
12811
11774
10363
7356
4681
3298
1160
-1831
-3280
-3722
-5352
-6959
-6881
-6892
-8189
-8814
-8367
-8882
-10119
-10258
-10022
-10708
-11054
-10155
-9411
-9095
-7666
-5378
-3740
-2257
142
2452
3762
5035
6592
7242
6913
6724
6525
5480
4072
3092
2123
809
-237
-746
-1259
-1843
-1995
-1804
-1659
-1350
-538
445
1336
2627
4447
6071
7457
9395
11218
11678
11788
12669
12589
10490
8687
7841
5420
1792
-154
-1408
-4397
-7078
-7432
-8049
-10098
-10729
-9775
-10183
-11383
-10871
-10038
-10879
-11544
-10730
-10442
-11106
-10596
-9046
-8345
-7685
-5476
-3004
-1550
253
2971
4928
5878
7220
8546
8512
7833
7579
6892
5203
3572
2379
878
-830
-1966
-2719
-3574
-4252
-4390
-4202
-3907
-3269
-2147
-815
616
2464
4672
6743
8814
11154
12893
13567
14352
15349
14784
12927
11835
10836
8124
5281
3995
2370
-441
-2057
-2263
-3478
-5167
-5232
-4932
-6041
-6942
-6491
-6598
-7764
-8112
-7651
-7965
-8430
-7722
-6770
-6393
-5369
-3335
-1648
-370
1561
3684
4980
5983
7239
7876
7544
7083
6607
5436
3754
2249
793
-899
-2478
-3639
-4622
-5527
-6099
-6270
-6165
-5763
-4981
-3894
-2616
-991
1016
3010
4996
7366
9543
10556
11159
12331
12669
11087
9417
8544
6381
2879
605
-881
-3836
-6815
-7725
-8575
-10766
-11863
-11325
-11829
-13225
-13107
-12417
-13179
-13975
-13387
-13056
-13621
-13226
-11788
-10967
-10231
-8114
-5592
-3842
-1831
1014
3364
4864
6627
8421
9090
9049
9247
9095
7966
6675
5752
4600
3104
2009
1367
674
79
15
291
621
1287
2448
3753
5102
6829
8851
10746
12695
14853
16379
16851
17320
17901
17066
14841
12988
11214
7933
4278
1927
-472
-3953
-6530
-7613
-9331
-11534
-12230
-12343
-13677
-14931
-14874
-15143
-16454
-17104
-16914
-17294
-17742
-16977
-15763
-15019
-13652
-11085
-8536
-6396
-3737
-687
1663
3497
5527
7154
7708
7847
8073
7729
6648
5643
4863
3790
2621
1947
1568
1108
873
1156
1637
2221
3261
4700
6184
7855
9960
12103
14081
16308
18354
19191
19424
20131
20114
18153
15895
14435
11891
7977
5157
3203
-40
-3388
-4819
-6044
-8454
-9935
-9860
-10566
-12081
-12375
-12107
-13005
-14051
-14021
-14123
-14914
-14937
-14009
-13465
-12980
-11274
-8925
-7125
-5257
-2608
-150
1481
3107
4832
5655
5598
5577
5403
4305
2804
1654
479
-1048
-2366
-3143
-3793
-4431
-4622
-4343
-3890
-3172
-1924
-355
1226
3098
5408
7627
9728
12083
13881
14416
14918
15895
15354
13050
11460
10312
7210
3585
1825
-121
-3770
-6221
-6725
-8358
-10814
-11200
-10843
-12205
-13377
-12763
-12679
-13944
-14194
-13399
-13575
-13955
-12779
-11252
-10589
-9220
-6421
-3909
-2095
449
3448
5475
6956
8786
10068
10086
9811
9707
8822
7076
5481
4134
2413
565
-801
-1875
-2969
-3798
-4084
-4101
-3941
-3257
-2045
-728
686
2596
4787
6775
8897
11103
12248
12542
13413
14006
12500
10292
9182
7305
3600
746
-733
-3430
-6706
-7894
-8363
-10286
-11578
-10866
-10746
-11938
-11979
-11010
-11241
-11948
-11329
-10523
-10706
-10271
-8557
-7230
-6394
-4383
-1608
373
2163
4801
7238
8648
10048
11627
12237
11914
11717
11356
10017
8234
6818
5355
3478
1738
512
-538
-1592
-2251
-2380
-2270
-1894
-851
661
2182
3998
6470
8996
11319
13974
16221
17074
17774
19071
18863
16641
14976
13802
10613
6698
4568
2320
-1645
-4539
-5526
-7573
-10411
-11235
-11300
-12995
-14520
-14323
-14568
-16075
-16679
-16334
-16922
-17736
-17148
-16208
-16013
-15117
-12803
-10580
-8821
-6243
-3088
-707
1301
3709
5558
6199
6613
7076
6640
5420
4374
3425
2078
786
-1
-577
-1088
-1235
-934
-375
414
1637
3316
5126
6980
9221
11707
13967
16271
18648
19975
20280
21074
21687
20153
17710
16345
14323
10367
7092
5247
2179
-1686
-3548
-4627
-7185
-9220
-9201
-9623
-11357
-11953
-11407
-12056
-13348
-13330
-13043
-13840
-14212
-13184
-12347
-12090
-10652
-8073
-6075
-4349
-1605
1215
2887
4438
6392
7318
7025
6911
6716
5253
3276
1877
328
-1873
-3732
-4872
-6094
-7351
-7913
-7927
-7887
-7475
-6242
-4639
-3066
-1094
1460
3954
6360
9145
11351
12138
12852
14114
13807
11560
9888
8648
5519
1813
-139
-2193
-5739
-8156
-8721
-10100
-12041
-12148
-11590
-12464
-13203
-12447
-12096
-12926
-13073
-12247
-12042
-12113
-10960
-9210
-8024
-6469
-3554
-492
1813
4459
7753
10289
11869
13616
15068
15117
14511
14126
13067
10891
8791
7062
4837
2387
625
-734
-2238
-3414
-3816
-3860
-3789
-3132
-1771
-246
1324
3443
5908
8122
10486
13087
14571
14931
15922
16879
15567
13299
12308
10695
6975
4004
2592
-180
-3849
-5358
-6065
-8419
-10244
-10014
-10403
-12119
-12538
-11854
-12478
-13606
-13344
-12883
-13416
-13423
-12153
-11163
-10666
-9078
-6507
-4473
-2754
-220
2446
4150
5596
7383
8552
8663
8666
8657
7697
6070
4714
3353
1428
-461
-1773
-2965
-4238
-5061
-5281
-5272
-5009
-4097
-2602
-986
842
3223
5803
8270
11008
13494
14632
15289
16638
16983
15081
13205
12188
9520
5554
3212
1373
-2308
-5533
-6417
-7691
-10181
-11005
-10537
-11567
-12950
-12521
-12107
-13241
-13903
-13339
-13469
-14184
-13607
-12298
-11710
-10836
-8488
-5888
-3972
-1675
1307
3761
5502
7422
9182
9884
9955
10066
9682
8407
6946
5662
4074
2233
765
-365
-1515
-2437
-2787
-2781
-2607
-1981
-736
790
2384
4348
6731
9026
11255
13825
15732
16191
16650
17715
17152
14628
12881
11580
8090
4071
2087
-205
-4368
-7118
-7762
-9673
-12342
-12737
-12497
-14133
-15413
-14822
-14988
-16664
-17330
-17008
-17756
-18679
-17923
-16743
-16437
-15399
-12752
-10259
-8445
-5797
-2467
-45
1798
4210
6298
7034
7432
8126
7989
6830
5859
5063
3564
1888
901
98
-915
-1441
-1298
-1089
-761
211
1732
3322
5129
7456
10083
12568
15171
18078
20124
20823
21676
22884
22259
19928
18380
16907
13351
9616
7683
5149
1085
-1460
-2385
-4632
-7289
-7887
-8200
-10074
-11353
-11030
-11448
-12916
-13310
-12886
-13337
-13817
-12944
-11846
-11458
-10433
-8159
-6058
-4505
-2315
333
2162
3473
5113
6354
6381
6031
5794
4838
3057
1415
-50
-1966
-3909
-5186
-6178
-7251
-7912
-7913
-7680
-7329
-6450
-4986
-3353
-1612
650
3291
5788
8437
11452
13528
14273
15402
16821
16151
13952
12802
11484
7927
4511
2927
428
-3468
-5483
-6047
-8106
-10240
-10148
-9971
-11323
-11894
-11080
-11323
-12526
-12541
-12012
-12509
-12841
-11814
-10737
-10253
-8872
-6319
-4093
-2219
394
3279
5306
6946
8822
10063
10172
10018
9873
8891
7140
5557
4070
2108
158
-1158
-2260
-3486
-4255
-4318
-4203
-3936
-3030
-1492
191
2099
4616
7380
9968
12830
15825
17571
18219
19477
20526
19158
16818
15706
13786
9678
6429
4764
1591
-2440
-4084
-4943
-7584
-9562
-9303
-9763
-11630
-12082
-11533
-12525
-13974
-13894
-13782
-14816
-15134
-14062
-13304
-12854
-11067
-8358
-6220
-4109
-1042
1945
3978
5909
7984
9081
9090
9035
8735
7333
5337
3643
1812
-595
-2778
-4311
-5798
-7292
-8117
-8317
-8372
-8057
-6964
-5371
-3692
-1676
913
3641
6257
9206
11998
13408
14131
15629
16404
14747
12841
12120
9991
6098
3740
2461
-714
-3989
-4733
-5501
-7945
-9016
-8238
-8775
-10253
-9996
-9291
-10301
-11332
-10865
-10710
-11579
-11518
-10305
-9649
-9213
-7374
-4832
-3034
-1167
1733
4400
6030
7742
9717
10629
10527
10638
10560
9293
7625
6458
5045
2982
1298
311
-803
-2017
-2548
-2527
-2542
-2294
-1259
217
1574
3203
5559
8060
10280
12845
15359
16474
16986
18303
18687
16602
14494
13471
10765
6490
3917
2094
-1662
-5134
-6154
-7487
-10196
-11254
-10726
-11574
-13005
-12654
-12054
-13014
-13779
-13200
-13073
-13894
-13814
-12780
-12367
-12072
-10425
-8253
-6793
-5100
-2442
-76
1442
3201
5181
6171
6425
6955
7225
6460
5432
4780
3802
2257
1028
293
-609
-1589
-2004
-1927
-1793
-1354
-169
1434
3002
4918
7475
10059
12459
15141
17321
18034
18583
19679
19130
16509
14534
13015
9369
5136
2919
520
-3634
-6452
-7251
-9228
-11896
-12376
-12205
-13783
-15048
-14531
-14638
-16062
-16510
-15960
-16352
-17009
-16290
-15138
-14645
-13530
-11079
-8655
-6704
-4079
-910
1542
3484
5731
7607
8300
8513
8739
8177
6612
5015
3565
1573
-639
-2272
-3542
-4913
-5978
-6325
-6292
-6099
-5397
-4001
-2276
-525
1607
4270
6944
9527
12398
14650
15504
16382
17792
17429
15132
13700
12597
9206
5371
3639
1477
-2586
-5171
-5734
-7721
-10430
-10761
-10521
-12231
-13467
-12712
-12792
-14356
-14702
-13969
-14469
-15219
-14267
-12981
-12649
-11536
-8866
-6521
-4853
-2281
879
2990
4547
6654
8354
8706
8762
9104
8650
7225
6037
5131
3597
1846
803
25
-1052
-1797
-1804
-1646
-1492
-740
722
2286
3860
5990
8541
10883
13325
16180
18070
18505
19371
20666
19716
17044
15645
14233
10185
6181
4464
1787
-2746
-5173
-5665
-8030
-10775
-10723
-10457
-12369
-13393
-12366
-12624
-14335
-14419
-13503
-14043
-14508
-12984
-11363
-10803
-9112
-5796
-3101
-1074
2103
5731
8030
9826
12231
13953
14141
14113
14276
13357
11396
9724
8207
5983
3667
2077
695
-867
-1982
-2373
-2536
-2569
-2035
-822
649
2181
4161
6649
9137
11633
14361
16282
16936
17853
19085
18271
15819
14444
13003
9167
5329
3542
869
-3479
-5904
-6610
-9026
-11742
-11916
-11909
-13816
-14911
-14184
-14582
-16279
-16556
-15980
-16701
-17428
-16459
-15393
-15268
-14135
-11491
-9317
-7750
-5127
-1998
-34
1515
3715
5310
5444
5465
5751
4929
3111
1677
402
-1595
-3618
-4888
-5989
-7257
-7964
-7896
-7616
-7186
-6142
-4418
-2478
-482
1954
4817
7622
10499
13496
15446
16216
17435
18665
17579
15255
14132
12453
8415
4995
3452
512
-3650
-5477
-6177
-8789
-11033
-10762
-10958
-12855
-13451
-12608
-13208
-14664
-14591
-14108
-14912
-15440
-14433
-13565
-13479
-12289
-9693
-7440
-5529
-2577
743
3061
5140
7728
9593
10139
10577
11056
10387
8855
7599
6305
4355
2452
1153
-68
-1314
-2019
-2140
-2066
-1784
-973
414
2040
3764
5870
8360
10841
13432
16031
17497
17941
18942
19730
18150
15632
14341
12180
7823
4493
2819
-498
-4589
-6073
-6884
-9607
-11413
-10825
-11205
-13046
-13175
-12240
-13102
-14496
-14242
-14026
-15181
-15680
-14698
-14183
-14281
-12932
-10296
-8190
-6222
-3131
18
2122
4204
6712
8229
8548
8954
9211
8233
6621
5412
4071
2110
398
-678
-1814
-2954
-3446
-3418
-3288
-2890
-1891
-374
1344
3184
5453
8126
10773
13517
16423
18349
19115
20360
21686
20687
18392
17350
15752
11703
8164
6456
3348
-1045
-3194
-4226
-7135
-9747
-9923
-10469
-12636
-13553
-12990
-13801
-15554
-15792
-15422
-16316
-17026
-16063
-15088
-14961
-13701
-10842
-8417
-6605
-3714
-295
1991
3772
6089
7802
8022
8008
8220
7368
5445
3824
2442
326
-1930
-3405
-4692
-6263
-7307
-7483
-7459
-7305
-6437
-4799
-2963
-971
1582
4567
7534
10667
13853
15890
16919
18430
19600
18385
16293
15346
13438
9439
6420
4832
1659
-2133
-3547
-4426
-7023
-8782
-8476
-9011
-10764
-11086
-10502
-11383
-12689
-12553
-12301
-13110
-13320
-12160
-11267
-10818
-9047
-6154
-3859
-1830
1210
4393
6458
8219
10293
11489
11407
11262
11135
9880
7827
6179
4559
2248
83
-1318
-2679
-4161
-4921
-4922
-4829
-4518
-3480
-1870
-154
1749
4143
6838
9484
12329
15070
16547
17240
18554
19239
17494
15292
14225
11766
7420
4471
2588
-1221
-5165
-6498
-7758
-10693
-12265
-11946
-12842
-14618
-14625
-14124
-15252
-16323
-15901
-15750
-16522
-16318
-14988
-14212
-13544
-11320
-8338
-6103
-3791
-503
2578
4687
6846
9135
10336
10548
10862
10876
9700
8080
6780
5170
3036
1281
10
-1380
-2596
-3169
-3373
-3372
-2944
-2008
-610
1127
3060
5302
7962
10764
13611
16156
17588
18411
19735
20263
18506
16475
15403
12819
8597
5870
3990
231
-3419
-4603
-5976
-8881
-10307
-10043
-11108
-12901
-12972
-12763
-14167
-15425
-15253
-15439
-16460
-16429
-15283
-14634
-13915
-11656
-8908
-7085
-5138
-2154
568
2321
4219
6295
7233
7229
7415
7311
6005
4299
3014
1495
-534
-2163
-3230
-4358
-5362
-5677
-5504
-5224
-4583
-3329
-1655
138
2210
4847
7723
10558
13704
16574
17976
18867
20563
21120
19159
17355
16598
13888
9672
7400
5706
1803
-1619
-2432
-3868
-6797
-7853
-7380
-8570
-10307
-10143
-9954
-11496
-12688
-12453
-12760
-13866
-13848
-12859
-12473
-11962
-9966
-7519
-5762
-3677
-649
2009
3736
5490
7250
7896
7624
7388
6847
5294
3352
1710
-75
-2247
-4153
-5577
-6963
-8194
-8828
-8951
-8805
-8257
-7076
-5385
-3459
-1221
1463
4323
7262
10376
12767
13744
14647
16032
15674
13268
11652
10464
6977
3003
1219
-986
-5169
-7710
-8099
-10043
-12699
-12750
-12268
-13858
-14883
-13831
-13708
-15067
-15087
-13992
-14092
-14340
-12836
-11066
-10259
-8510
-5101
-2156
-45
3046
6867
9571
11551
14053
16088
16578
16575
16778
16116
14286
12477
10935
8792
6366
4617
3217
1570
251
-233
-415
-570
-170
1007
2485
4001
5984
8553
11121
13615
16409
18589
19337
20111
21431
20896
18371
16770
15499
11857
7814
5874
3342
-1036
-3787
-4596
-6875
-9706
-10193
-10236
-12071
-13413
-12925
-13208
-14951
-15671
-15309
-15962
-16998
-16594
-15745
-15712
-14884
-12354
-10067
-8680
-6372
-3065
-646
993
3217
5315
5976
6048
6480
6248
4772
3292
2204
573
-1366
-2606
-3475
-4615
-5385
-5344
-5097
-4763
-3798
-2233
-506
1414
3811
6486
9165
12029
14703
16174
16902
18163
18802
17108
14923
13842
11523
7382
4574
2914
-556
-4174
-5255
-6304
-8995
-10306
-9813
-10690
-12451
-12401
-11941
-13240
-14560
-14405
-14584
-15754
-15967
-15051
-14719
-14538
-12777
-10315
-8745
-7119
-4317
-1639
13
1728
3768
4829
4849
5018
5123
4145
2633
1624
567
-1068
-2392
-2934
-3506
-4159
-4044
-3316
-2665
-1740
-45
1984
3951
6215
9007
11849
14585
17559
20018
21040
21802
23176
23058
20635
18741
17636
14342
10012
7829
5677
1362
-1744
-2438
-4437
-7479
-8091
-7888
-9752
-11323
-10808
-11087
-12992
-13728
-13338
-14082
-15128
-14591
-13693
-13665
-12874
-10590
-8559
-7204
-5043
-2236
-284
1105
2905
4366
4563
4361
4459
3933
2385
881
-217
-1719
-3497
-4615
-5309
-6140
-6552
-6174
-5585
-4888
-3562
-1657
387
2580
5166
8049
10914
13789
16614
18486
19248
20241
21268
20155
17590
16194
14547
10505
6785
5109
2233
-2058
-3990
-4581
-7185
-9552
-9302
-9605
-11741
-12501
-11842
-12829
-14643
-14824
-14649
-15688
-16279
-15392
-14637
-14277
-12690
-10034
-7857
-5910
-3072
-10
2168
3990
6074
7519
7746
7716
7844
7139
5475
4018
2832
1037
-883
-2070
-3088
-4364
-5101
-5131
-5110
-4927
-3984
-2501
-986
798
3144
5733
8302
10948
13094
14164
14966
16071
15848
13716
11903
10605
7522
3647
1531
-531
-4298
-6931
-7425
-8975
-11408
-11721
-11240
-12572
-13721
-13010
-12921
-14328
-14832
-14200
-14408
-14956
-14137
-12738
-11914
-10486
-7630
-4723
-2389
546
4182
7117
9260
11595
13662
14410
14381
14474
14010
12381
10569
9127
7244
4901
3178
1978
520
-748
-1134
-1152
-1226
-759
498
1923
3333
5221
7588
9977
12337
14420
15540
16137
17099
17241
15370
13264
11955
9285
5238
2606
709
-2880
-6195
-7125
-8319
-10873
-11818
-11237
-12140
-13643
-13371
-12937
-14164
-15214
-14870
-14891
-15690
-15516
-14353
-13592
-12708
-10407
-7548
-5321
-2901
394
3334
5166
6924
8788
9603
9328
9075
8707
7309
5410
3974
2512
465
-1362
-2408
-3374
-4463
-4887
-4574
-4160
-3569
-2187
-255
1641
3728
6341
9191
11992
14461
15982
16878
18085
18654
17172
15174
14038
11739
7810
5079
3347
-17
-3435
-4436
-5430
-7947
-9066
-8472
-9269
-10914
-10834
-10435
-11721
-12975
-12890
-13144
-14204
-14320
-13452
-13031
-12551
-10616
-8061
-6144
-4049
-976
1868
3699
5488
7398
8327
8269
8207
7876
6484
4676
3296
1809
-170
-1817
-2761
-3645
-4491
-4649
-4175
-3582
-2693
-1101
939
2982
5194
7809
10579
13344
15956
17667
18442
19465
20336
19190
16920
15631
13839
10019
6800
5211
2313
-1497
-2970
-3579
-5994
-7777
-7300
-7628
-9454
-9815
-9158
-10091
-11551
-11568
-11529
-12521
-12852
-11948
-11346
-11009
-9414
-6936
-4999
-3161
-397
2477
4476
6213
8160
9384
9542
9541
9449
8408
6650
5207
3843
1854
-138
-1404
-2511
-3827
-4625
-4617
-4482
-4238
-3210
-1583
21
1821
4187
6745
9276
11884
13856
14716
15583
16658
16111
13954
12422
11035
7778
4305
2514
250
-3432
-5611
-6135
-7920
-10112
-10267
-10138
-11652
-12712
-12282
-12683
-14270
-14862
-14622
-15267
-16044
-15479
-14557
-14281
-13313
-11028
-8867
-7204
-4785
-1780
453
2158
4143
5679
6064
6050
6051
5312
3746
2262
979
-675
-2413
-3589
-4417
-5258
-5756
-5592
-5118
-4467
-3263
-1517
310
2329
4814
7424
10011
12709
14750
15627
16467
17543
16978
14796
13269
11845
8506
4968
3149
805
-3008
-5281
-5852
-7765
-10139
-10417
-10430
-12215
-13496
-13200
-13907
-15887
-16639
-16511
-17518
-18542
-17924
-17022
-16837
-15657
-12980
-10605
-8685
-5746
-2248
323
2480
5093
7188
8022
8548
9178
8930
7699
6577
5628
4151
2489
1439
684
-250
-832
-671
-239
340
1588
3429
5348
7483
10098
12855
15612
18314
20151
21003
22025
22888
21850
19691
18334
16497
12850
9686
7993
5194
1523
-84
-728
-2945
-4795
-4590
-5003
-6930
-7663
-7316
-8535
-10482
-10946
-11186
-12646
-13553
-12928
-12536
-12638
-11341
-8840
-6949
-5272
-2495
492
2484
4276
6394
7720
7851
7882
7945
7007
5244
3758
2431
527
-1385
-2541
-3462
-4623
-5305
-5204
-4954
-4561
-3431
-1797
-160
1725
4052
6516
9063
11383
12685
13344
14351
14799
13345
11332
10072
7958
4449
1906
414
-2280
-5192
-5980
-6271
-7858
-8583
-7587
-7415
-8304
-7942
-6969
-7505
-8439
-8158
-8033
-8953
-9196
-8305
-7883
-7700
-6142
-3792
-2118
-444
2174
4691
6381
8051
9731
10412
10198
9969
9501
8038
6010
4233
2469
297
-1755
-3138
-4316
-5569
-6265
-6214
-5988
-5498
-4260
-2623
-923
1171
3687
6249
8939
11321
12522
13336
14650
14897
13090
11352
10320
7691
3972
1879
209
-3183
-5981
-6499
-7555
-9823
-10395
-9770
-10721
-12006
-11604
-11434
-12793
-13569
-13183
-13500
-14306
-13834
-12642
-12032
-11017
-8617
-5985
-3958
-1575
1506
4177
6083
7907
9496
10094
9945
9790
9255
7726
5858
4357
2768
765
-854
-1782
-2736
-3652
-3793
-3296
-2701
-1738
-164
1694
3643
5785
8124
10702
13109
14372
14834
15734
16269
14706
12319
10888
8736
4768
1617
-7
-2898
-6528
-7851
-8297
-10449
-12033
-11460
-11730
-13572
-13999
-13462
-14749
-16607
-16796
-16960
-18395
-19000
-18063
-17527
-17318
-15536
-12705
-10533
-8425
-5256
-2076
182
2330
4535
5712
5888
6157
6309
5454
4063
3088
2117
556
-806
-1344
-1836
-2607
-2710
-2029
-1467
-760
873
2820
4473
6526
9177
11679
14101
16555
18057
18686
19725
20407
19041
16953
15843
13959
10371
7596
6116
3410
100
-1143
-1736
-3806
-5334
-5136
-5718
-7506
-8106
-7983
-9303
-10999
-11363
-11618
-12691
-13157
-12482
-11920
-11479
-9926
-7470
-5355
-3423
-769
2135
4292
5962
7694
8851
8967
8835
8739
7831
6172
4794
3610
1883
194
-679
-1376
-2273
-2540
-1994
-1350
-472
1167
3225
5338
7658
10233
13040
15764
17391
18062
19157
20025
18738
16450
15199
13300
9407
6228
4664
1868
-1847
-3342
-3774
-5857
-7581
-7136
-7311
-9140
-9763
-9209
-10300
-12246
-12658
-12813
-14255
-15138
-14437
-14008
-14104
-12795
-10244
-8252
-6481
-3667
-608
1485
3293
5375
6676
6769
6709
6716
5773
3974
2459
1170
-682
-2527
-3535
-4274
-5226
-5620
-5126
-4531
-3860
-2368
-351
1557
3691
6321
8982
11544
13728
14854
15550
16583
16552
14556
12647
11440
8719
4921
2752
1095
-2224
-4997
-5503
-6449
-8656
-9323
-8814
-9837
-11350
-11300
-11400
-13001
-14197
-14292
-14948
-16013
-15902
-15090
-14669
-13804
-11642
-9086
-6842
-4266
-1060
1958
4343
6523
8510
9736
10177
10388
10295
9389
7985
6763
5581
4048
2669
1887
1256
600
486
1001
1619
2443
3911
5778
7575
9454
11785
14357
16281
17077
17602
18443
18266
16218
14020
12471
9740
5843
3184
1295
-1896
-4963
-5982
-6877
-8930
-9976
-9736
-10501
-12006
-12368
-12525
-13897
-15287
-15778
-16463
-17568
-17923
-17474
-17067
-16456
-14829
-12495
-10255
-7914
-4934
-1766
821
3036
5199
6708
7293
7617
7777
7058
5694
4539
3425
1883
476
-304
-928
-1538
-1533
-931
-215
832
2512
4488
6513
8797
11307
13912
16420
18032
18683
19552
20364
19244
16886
15492
13840
10153
6793
5234
2709
-1116
-2917
-3299
-5377
-7491
-7327
-7481
-9471
-10425
-10004
-11022
-12915
-13384
-13608
-15003
-15807
-15210
-14907
-14906
-13589
-11316
-9458
-7635
-5003
-2198
2
1921
3832
5132
5495
5508
5450
4700
3142
1674
435
-1199
-2923
-3943
-4591
-5397
-5734
-5219
-4488
-3633
-2059
32
2109
4352
6995
9809
12402
14119
14943
15828
16563
15539
13253
11657
9844
6232
2847
1140
-1303
-4828
-6453
-6709
-8392
-10003
-9479
-9296
-10823
-11390
-10765
-11625
-13295
-13554
-13722
-15144
-15895
-15209
-14896
-14910
-13451
-10982
-9005
-6963
-3966
-918
1402
3594
5845
7320
7800
8022
8107
7362
5858
4469
3204
1522
-187
-1197
-1902
-2756
-3096
-2638
-1994
-1162
387
2370
4315
6474
8982
11549
14028
15858
16635
17267
18076
17501
15304
13546
12111
9027
5500
3642
1741
-1551
-3716
-3987
-5146
-6960
-6980
-6492
-7524
-8335
-7821
-8086
-9431
-9956
-9960
-10792
-11544
-11245
-10812
-10617
-9605
-7624
-5596
-3680
-1310
1424
3851
5751
7462
8882
9425
9294
9075
8462
6922
5149
3750
2153
243
-1115
-1996
-3068
-3834
-3700
-3216
-2659
-1462
322
2226
4329
6743
9295
11903
13863
14673
15410
16461
15985
13729
12010
10646
7469
3805
1974
14
-3527
-5840
-6116
-7378
-9383
-9391
-8790
-9942
-10853
-10087
-10155
-11637
-12100
-11701
-12404
-13233
-12656
-11880
-11729
-10655
-8266
-6042
-4213
-1673
1384
3805
5711
7735
9351
9796
9727
9789
9219
7556
5837
4536
2813
797
-461
-1305
-2586
-3503
-3254
-2616
-1972
-607
1453
3523
5705
8337
11179
13881
15777
16605
17368
18277
17585
15243
13485
11934
8579
4974
3194
1104
-2473
-4560
-4743
-6137
-8130
-8024
-7549
-8914
-9921
-9333
-9736
-11493
-12139
-12062
-13125
-14158
-13708
-13128
-13143
-12113
-9722
-7528
-5712
-3151
-133
2279
4233
6252
7761
8076
7876
7805
7178
5496
3724
2425
790
-1211
-2503
-3202
-4219
-5037
-4817
-4174
-3537
-2229
-223
1803
3886
6428
9265
11937
13729
14593
15576
16591
15934
13877
12548
11214
8052
4918
3519
1520
-1806
-3406
-3381
-4829
-6644
-6264
-5797
-7199
-8004
-7348
-7946
-9749
-10332
-10410
-11705
-12806
-12480
-12204
-12465
-11609
-9511
-7667
-6076
-3725
-971
1226
3059
4942
6330
6680
6582
6552
5960
4419
2800
1580
57
-1792
-2966
-3539
-4318
-4852
-4397
-3486
-2526
-946
1318
3634
5911
8588
11644
14299
15707
16406
17499
18047
16499
14234
12885
10699
6737
3760
2197
-763
-4283
-5361
-5739
-7900
-9292
-8518
-8699
-10341
-10501
-9841
-10999
-12593
-12666
-12924
-14321
-14827
-14113
-13891
-13760
-12149
-9719
-7765
-5703
-2827
84
2343
4411
6470
7718
7910
7873
7837
6917
5158
3677
2459
616
-1247
-2138
-2802
-3793
-4120
-3448
-2724
-1862
-97
2162
4219
6410
9182
12105
14237
15259
16073
17146
17081
15200
13365
12084
9365
5672
3510
1856
-1381
-4093
-4512
-5346
-7490
-8048
-7277
-8120
-9571
-9307
-9156
-10732
-11921
-11904
-12611
-13888
-13868
-13154
-13079
-12546
-10489
-8125
-6270
-3976
-948
1716
3734
5799
7708
8576
8631
8723
8477
7187
5529
4307
2887
957
-478
-1168
-1991
-2776
-2619
-1844
-1071
152
2179
4427
6542
8974
11890
14631
16318
17153
18158
18984
18116
16073
14632
12959
9600
6373
4757
2546
-806
-2501
-2717
-4199
-5881
-5531
-5176
-6510
-7221
-6601
-7141
-8774
-9311
-9402
-10578
-11508
-11072
-10677
-10771
-9779
-7614
-5768
-4176
-1784
912
2865
4452
6209
7427
7569
7367
7203
6327
4587
2971
1656
-155
-2145
-3358
-4172
-5205
-5753
-5278
-4521
-3647
-2014
263
2484
4721
7456
10399
12580
13588
14307
15219
15026
13036
10972
9461
6649
2822
403
-1362
-4527
-7255
-7778
-8515
-10451
-10950
-10157
-10807
-12052
-11737
-11497
-12896
-13995
-13917
-14531
-15795
-15790
-14958
-14781
-14255
-12112
-9594
-7735
-5397
-2130
679
2590
4648
6737
7617
7602
7822
7692
6322
4679
3654
2311
356
-946
-1514
-2329
-2991
-2590
-1697
-826
653
2922
5261
7549
10223
13170
15789
17375
18107
18903
19416
18192
15834
14152
12232
8643
5355
3626
1201
-2196
-3749
-4023
-5695
-7379
-7119
-7104
-8673
-9433
-9108
-10045
-11797
-12412
-12724
-13988
-14864
-14484
-14101
-13959
-12818
-10623
-8573
-6743
-4273
-1428
757
2329
3965
5188
5288
4928
4766
4003
2288
715
-456
-2014
-3688
-4631
-5154
-5716
-5750
-4919
-3717
-2284
-254
2325
5012
7652
10575
13709
15898
16756
17593
18607
17880
15485
13774
12196
8687
5011
3271
1175
-2414
-4386
-4441
-5781
-7639
-7353
-6837
-8210
-9082
-8441
-9004
-10891
-11642
-11810
-13168
-14429
-14231
-13944
-14213
-13488
-11431
-9487
-7855
-5449
-2491
-165
1582
3507
5105
5533
5347
5279
4673
3069
1456
223
-1429
-3267
-4318
-4886
-5593
-5808
-5054
-3948
-2642
-682
1852
4452
7078
9987
13080
15541
16693
17447
18510
18388
16286
14258
12901
10005
6064
3859
2270
-981
-3620
-3860
-4528
-6477
-6748
-5833
-6638
-7900
-7467
-7370
-9015
-10157
-10240
-11200
-12624
-12701
-12175
-12266
-11788
-9838
-7621
-5789
-3455
-440
2223
4218
6206
8036
8845
8829
8769
8356
6929
5181
3800
2168
156
-1256
-1992
-2820
-3390
-2943
-1918
-810
855
3278
5890
8399
11160
14270
16836
18020
18669
19693
19730
17674
15425
13994
11219
7064
4467
2898
-334
-3442
-3957
-4440
-6508
-7183
-6183
-6788
-8329
-8059
-7716
-9412
-10918
-11009
-11880
-13679
-14145
-13635
-13868
-13854
-12141
-9928
-8323
-6268
-3226
-473
1433
3461
5581
6623
6675
6803
6693
5429
3691
2407
909
-1154
-2667
-3301
-3972
-4584
-4149
-2900
-1563
195
2764
5594
8275
11211
14475
17096
18358
19129
20100
19976
17962
15754
14074
11120
7084
4434
2574
-609
-3457
-4031
-4598
-6379
-6801
-5885
-6413
-7631
-7317
-7160
-8790
-10141
-10398
-11497
-13196
-13598
-13400
-13793
-13554
-11812
-9837
-8163
-5834
-2879
-280
1867
4011
5863
6829
7055
7034
6584
5326
3618
2049
403
-1526
-3128
-4023
-4683
-5184
-4904
-3855
-2515
-805
1600
4313
6900
9669
12839
15402
16496
17149
18142
17953
15712
13450
11855
8818
4661
2142
439
-2835
-5713
-6031
-6448
-8330
-8759
-7616
-8083
-9463
-9106
-8733
-10427
-11985
-12129
-13061
-14953
-15525
-15119
-15451
-15439
-13663
-11434
-9816
-7610
-4422
-1598
489
2720
4865
5910
6139
6344
6116
4828
3154
1771
185
-1781
-3243
-3988
-4707
-5180
-4618
-3330
-1936
10
2839
5794
8485
11586
15081
17544
18531
19436
20438
19750
17291
15250
13395
9740
5666
3484
1360
-2297
-4630
-4656
-5602
-7441
-7129
-6086
-7110
-8094
-7224
-7332
-9369
-10399
-10421
-11931
-13836
-13978
-13805
-14578
-14355
-12328
-10460
-9086
-6628
-3404
-956
1027
3440
5436
6105
6237
6491
6005
4394
2689
1287
-542
-2640
-3992
-4772
-5649
-6084
-5429
-4236
-2879
-849
1893
4711
7485
10646
14013
16597
17931
18916
20037
19910
17946
15962
14477
11578
7732
5441
3756
545
-2144
-2447
-3052
-4958
-5307
-4366
-5085
-6383
-5982
-5845
-7586
-8968
-9202
-10333
-12157
-12751
-12675
-13220
-13290
-11847
-10047
-8644
-6696
-3906
-1365
567
2574
4525
5509
5640
5712
5440
4150
2382
882
-780
-2837
-4479
-5448
-6382
-7106
-6895
-5948
-4807
-3129
-673
2023
4677
7667
10999
13679
15107
16131
17350
17437
15652
13726
12321
9595
5822
3520
1904
-1162
-3786
-4056
-4479
-6141
-6275
-5052
-5378
-6289
-5559
-5060
-6417
-7515
-7509
-8414
-10081
-10571
-10398
-10910
-11011
-9575
-7771
-6404
-4427
-1555
1044
3045
5212
7316
8396
8700
8986
8824
7563
5902
4541
2884
742
-916
-1902
-2995
-3939
-3851
-3088
-2254
-849
1464
3946
6286
9109
12366
14885
16101
17057
18166
18018
16043
13956
12249
9177
5168
2539
485
-2926
-5822
-6440
-7194
-9092
-9436
-8384
-8813
-9809
-9129
-8633
-10040
-11152
-11106
-12067
-13872
-14383
-14230
-14951
-15226
-13815
-12130
-10940
-8985
-6036
-3440
-1361
1032
3329
4602
5196
5768
5820
4808
3385
2189
708
-1262
-2835
-3744
-4694
-5520
-5359
-4442
-3397
-1816
711
3516
6149
9181
12735
15603
17065
18207
19584
19673
17807
15873
14338
11343
7408
4905
2933
-417
-3205
-3710
-4345
-6084
-6272
-5058
-5255
-6079
-5278
-4598
-5848
-6939
-6871
-7782
-9667
-10318
-10224
-11041
-11547
-10310
-8707
-7673
-5892
-2998
-428
1566
3947
6318
7561
8050
8637
8687
7470
5877
4620
2947
655
-1106
-2170
-3429
-4544
-4552
-3874
-3156
-1804
533
3063
5429
8264
11607
14301
15663
16613
17764
17816
15967
13801
12072
9143
5088
2237
188
-3071
-6115
-6918
-7462
-9149
-9597
-8438
-8396
-9205
-8565
-7744
-8698
-9758
-9720
-10391
-12027
-12685
-12547
-13081
-13444
-12293
-10585
-9243
-7398
-4564
-1735
586
2988
5504
7212
8009
8675
9032
8295
6875
5697
4317
2242
427
-630
-1752
-2933
-3187
-2630
-1982
-838
1229
3603
5938
8652
11770
14602
16502
17661
18728
19376
18463
16407
14673
12621
9096
5652
3565
1046
-2351
-4197
-4585
-5955
-7384
-6899
-6298
-7179
-7482
-6580
-6856
-8274
-8774
-9017
-10440
-11773
-11971
-12312
-13085
-12795
-11379
-10115
-8865
-6643
-3890
-1598
512
2910
4931
5978
6608
7144
6881
5678
4388
3142
1309
-691
-2055
-3143
-4372
-5035
-4656
-3858
-2866
-1006
1642
4237
6843
10089
13411
15506
16632
17912
18735
17702
15579
13841
11534
7689
4117
1846
-970
-4511
-6381
-6860
-8234
-9481
-8793
-8063
-8744
-8765
-7658
-7833
-9153
-9517
-9760
-11367
-12845
-13067
-13566
-14672
-14520
-13098
-12018
-10921
-8568
-5722
-3522
-1331
1398
3561
4611
5464
6276
6051
4864
3759
2580
621
-1386
-2662
-3873
-5286
-5901
-5542
-5013
-4114
-2202
291
2739
5475
8697
11911
14505
16228
17454
18495
18566
17092
15234
13551
10793
7178
4626
2616
-462
-3131
-3796
-4437
-5996
-6206
-5136
-5278
-5942
-5194
-4627
-5702
-6556
-6553
-7568
-9292
-9881
-10075
-11076
-11533
-10549
-9422
-8547
-6788
-4247
-1977
90
2471
4694
6137
7043
7728
7911
7242
6047
4795
3322
1466
-287
-1612
-2828
-3865
-4216
-3899
-3256
-2082
-178
2143
4627
7308
10246
13200
15443
16689
17702
18613
18124
16182
14440
12702
9453
5893
3768
1486
-1938
-4101
-4487
-5714
-7397
-7116
-6333
-7165
-7684
-6724
-6768
-8192
-8657
-8671
-10090
-11594
-11740
-12045
-13059
-13028
-11797
-10835
-9880
-7822
-5322
-3307
-1293
1088
3098
4246
5030
5720
5744
4817
3652
2628
1121
-872
-2395
-3400
-4617
-5621
-5590
-5006
-4392
-3038
-692
1735
4051
6931
10222
12931
14701
16082
17315
17696
16673
15002
13382
11052
7733
4876
2809
117
-2726
-3967
-4480
-5814
-6520
-5653
-5300
-5922
-5499
-4509
-5006
-5963
-5859
-6243
-7814
-8662
-8610
-9280
-10092
-9459
-8231
-7456
-6094
-3703
-1457
431
2741
5087
6638
7618
8474
8870
8410
7426
6320
4983
3196
1334
-87
-1293
-2518
-3303
-3304
-2914
-2218
-813
1193
3304
5565
8234
11034
13373
14915
15987
16895
17065
15840
13962
12243
9852
6468
3610
1509
-1279
-4168
-5418
-6114
-7665
-8468
-7802
-7805
-8630
-8291
-7602
-8363
-9340
-9362
-9971
-11497
-12192
-12253
-13013
-13597
-12844
-11706
-10819
-9288
-6977
-4777
-2670
-276
1983
3636
4847
5809
6320
6156
5415
4490
3427
1922
285
-880
-1830
-2915
-3552
-3317
-2775
-2022
-480
1664
3799
6143
8966
11811
14081
15669
16874
17785
17856
16618
14821
13109
10645
7304
4585
2468
-386
-3106
-4166
-4934
-6531
-7125
-6418
-6584
-7387
-6923
-6346
-7306
-8256
-8265
-9033
-10661
-11377
-11554
-12495
-13147
-12431
-11437
-10740
-9302
-7049
-4967
-3016
-715
1467
2946
3985
4869
5273
4866
3944
2963
1743
30
-1660
-2847
-3940
-5077
-5597
-5355
-4878
-4062
-2424
-283
1904
4380
7202
9998
12346
14010
15187
16105
16192
14942
13199
11586
9119
5815
3263
1227
-1597
-4124
-4970
-5708
-7186
-7487
-6618
-6767
-7320
-6554
-5924
-6769
-7383
-7145
-7827
-9220
-9590
-9608
-10391
-10722
-9771
-8674
-7767
-6056
-3687
-1510
651
3109
5341
6941
8147
9092
9508
9195
8341
7296
6040
4333
2584
1233
-3
-1235
-1928
-1948
-1712
-1078
321
2154
4120
6409
8971
11495
13733
15349
16345
17096
17221
16044
14221
12536
10188
6935
4249
2196
-521
-3133
-4208
-4948
-6396
-6925
-6255
-6352
-6971
-6501
-5994
-6795
-7561
-7598
-8379
-9856
-10490
-10751
-11660
-12206
-11585
-10754
-10023
-8550
-6464
-4493
-2488
-195
1909
3488
4696
5604
6038
5848
5131
4144
2986
1473
-171
-1473
-2568
-3641
-4271
-4259
-3944
-3256
-1859
-26
1908
4195
6777
9245
11523
13421
14626
15369
15777
15168
13557
11881
9980
7144
4302
2226
-85
-2716
-4270
-4963
-6155
-7109
-6802
-6602
-7208
-7215
-6653
-7046
-7998
-8293
-8734
-10004
-10952
-11224
-11800
-12448
-12154
-11275
-10467
-9249
-7339
-5304
-3372
-1244
922
2696
3989
4966
5630
5781
5308
4479
3564
2351
801
-535
-1492
-2512
-3395
-3593
-3343
-2933
-1929
-281
1470
3410
5877
8367
10579
12724
14443
15360
15945
16171
15253
13545
11991
10028
7173
4664
2836
545
-1848
-2979
-3652
-4946
-5645
-5263
-5380
-6061
-5899
-5536
-6291
-7186
-7378
-8017
-9334
-10078
-10294
-10923
-11394
-10895
-9999
-9188
-7894
-5993
-4060
-2196
-199
1753
3293
4366
5130
5606
5551
4886
3982
3050
1775
255
-909
-1777
-2757
-3460
-3436
-3061
-2508
-1361
343
2171
4246
6683
9093
11324
13265
14582
15390
15936
15629
14178
12559
10933
8380
5428
3300
1257
-1427
-3368
-4121
-5221
-6533
-6597
-6248
-6812
-7167
-6630
-6735
-7708
-8137
-8313
-9382
-10517
-10830
-11204
-11925
-11915
-11108
-10346
-9399
-7715
-5721
-3855
-1877
209
2001
3376
4450
5181
5430
5136
4441
3577
2496
1148
-168
-1252
-2246
-3079
-3452
-3423
-3106
-2276
-949
591
2463
4766
7058
9183
11427
13303
14306
15023
15590
15018
13455
12115
10560
7878
5222
3499
1460
-1085
-2531
-3110
-4304
-5368
-5141
-4941
-5626
-5812
-5334
-5679
-6614
-6937
-7272
-8386
-9312
-9553
-9962
-10507
-10278
-9454
-8661
-7588
-5853
-3908
-2089
-188
1767
3451
4718
5648
6217
6324
5952
5249
4333
3160
1791
485
-615
-1667
-2536
-2948
-3032
-2867
-2195
-1025
322
1944
4037
6163
8074
10140
12022
13076
13705
14279
14036
12738
11406
10082
7816
5245
3471
1715
-669
-2417
-3119
-4167
-5452
-5664
-5502
-6181
-6735
-6459
-6647
-7670
-8226
-8423
-9355
-10422
-10717
-10911
-11444
-11411
-10578
-9726
-8800
-7169
-5167
-3360
-1537
497
2351
3712
4719
5475
5820
5626
5044
4296
3319
2036
766
-235
-1190
-2119
-2582
-2604
-2492
-1989
-841
526
1967
3894
6062
7942
9847
11806
13005
13524
14091
14190
13068
11615
10430
8507
5882
3939
2375
80
-2014
-2884
-3751
-5176
-5745
-5513
-5981
-6730
-6609
-6515
-7343
-8086
-8308
-9008
-10122
-10619
-10782
-11296
-11544
-10948
-10107
-9273
-7910
-6071
-4323
-2613
-698
1124
2511
3501
4243
4666
4628
4143
3432
2573
1442
192
-797
-1657
-2583
-3184
-3273
-3164
-2794
-1841
-521
881
2653
4798
6819
8781
10783
12207
12954
13649
13996
13167
11797
10681
8988
6451
4366
2778
566
-1695
-2772
-3584
-5010
-5800
-5619
-5947
-6743
-6709
-6436
-7101
-7885
-8037
-8489
-9485
-10021
-10098
-10450
-10741
-10244
-9302
-8439
-7278
-5551
-3729
-2033
-243
1593
3095
4132
4918
5504
5627
5180
4488
3692
2551
1174
30
-937
-2024
-2919
-3226
-3261
-3132
-2414
-1205
71
1681
3813
5903
7800
9869
11687
12697
13474
14199
13978
12864
11864
10706
8594
6400
4948
3225
958
-471
-1062
-2179
-3335
-3383
-3327
-4063
-4438
-4112
-4428
-5386
-5780
-6000
-6935
-7824
-8033
-8309
-8809
-8656
-7842
-7079
-6178
-4648
-2866
-1246
442
2267
3826
4938
5770
6337
6472
6139
5441
4562
3468
2109
793
-292
-1378
-2424
-2996
-3151
-3246
-2924
-1908
-751
442
2231
4323
6057
7861
9943
11316
11914
12667
13140
12320
11022
10112
8548
6035
4063
2659
491
-1753
-2753
-3528
-4988
-5816
-5669
-6074
-6938
-6974
-6836
-7600
-8401
-8575
-9080
-10087
-10591
-10687
-11038
-11221
-10674
-9776
-8869
-7583
-5827
-3977
-2135
-224
1621
3208
4439
5329
5926
6141
5873
5269
4558
3590
2344
1238
327
-688
-1583
-1970
-2123
-2228
-1763
-748
222
1400
3249
5188
6757
8553
10574
11787
12343
13123
13494
12619
11381
10480
8882
6401
4477
3054
904
-1306
-2369
-3199
-4699
-5645
-5627
-6077
-7053
-7294
-7216
-7991
-8934
-9172
-9557
-10573
-11183
-11154
-11333
-11562
-10989
-9922
-9015
-7852
-6070
-4218
-2629
-992
760
2184
3125
3824
4369
4456
4032
3481
2877
1913
702
-221
-942
-1875
-2658
-2823
-2816
-2884
-2350
-1147
-65
1066
2949
5058
6660
8376
10551
12040
12614
13367
14078
13538
12302
11501
10303
8001
5933
4632
2761
421
-924
-1695
-3159
-4437
-4644
-4999
-6045
-6551
-6452
-7071
-8079
-8389
-8637
-9564
-10258
-10228
-10315
-10582
-10135
-9054
-8090
-7006
-5289
-3352
-1662
10
1848
3435
4479
5230
5840
6032
5657
5025
4334
3346
2060
935
22
-1025
-2015
-2487
-2661
-2874
-2678
-1807
-864
62
1590
3508
5088
6655
8673
10309
11046
11768
12611
12438
11352
10543
9623
7624
5484
4130
2531
267
-1314
-2061
-3284
-4654
-5002
-5085
-5886
-6468
-6307
-6530
-7321
-7660
-7718
-8323
-8986
-9040
-8983
-9173
-8947
-8089
-7154
-6198
-4783
-3004
-1328
243
1902
3487
4657
5403
5969
6302
6054
5381
4721
3935
2696
1429
568
-311
-1363
-1975
-2067
-2214
-2226
-1521
-491
379
1612
3480
5233
6657
8424
10310
11350
11891
12671
12974
12108
11018
10236
8706
6362
4582
3218
1080
-1123
-2250
-3213
-4855
-5953
-6101
-6712
-7810
-8099
-8039
-8797
-9614
-9627
-9825
-10656
-10982
-10650
-10642
-10720
-9968
-8797
-7897
-6736
-4890
-3028
-1521
65
1800
3142
3960
4609
5092
5034
4467
3844
3155
2067
759
-279
-1159
-2227
-3131
-3498
-3686
-3942
-3767
-2976
-2144
-1349
31
1820
3299
4710
6608
8351
9213
9909
10884
11084
10219
9469
8869
7242
5100
3764
2447
225
-1646
-2414
-3507
-5179
-5878
-5924
-6807
-7783
-7730
-7781
-8724
-9280
-9138
-9566
-10361
-10370
-10035
-10165
-10054
-9085
-7984
-7066
-5694
-3828
-2121
-631
1044
2774
4047
4859
5573
6111
6095
5625
5167
4637
3648
2545
1848
1200
293
-297
-302
-317
-391
141
1181
2045
3004
4619
6387
7777
9285
11178
12586
13245
13961
14653
14342
13296
12504
11466
9431
7323
5865
4080
1703
6
-966
-2439
-4022
-4607
-4988
-6049
-6807
-6835
-7272
-8227
-8641
-8778
-9467
-10140
-10182
-10179
-10379
-10117
-9291
-8430
-7475
-6077
-4412
-2831
-1313
272
1753
2852
3565
4089
4372
4128
3512
2909
2163
1027
-87
-851
-1657
-2572
-3057
-3139
-3278
-3264
-2688
-1845
-1053
25
1571
3191
4701
6348
8187
9779
10858
11758
12584
12833
12330
11667
10940
9509
7588
6042
4556
2474
503
-703
-1967
-3631
-4684
-5103
-5954
-6952
-7209
-7340
-8036
-8554
-8517
-8731
-9250
-9297
-8980
-8891
-8704
-7933
-6920
-5977
-4810
-3262
-1690
-284
1135
2607
3809
4578
5151
5589
5577
5116
4599
4011
3013
1876
1036
226
-805
-1618
-1975
-2304
-2635
-2488
-1893
-1308
-585
656
2179
3550
4959
6685
8247
9179
9903
10713
10913
10178
9314
8548
7043
4955
3373
1991
-35
-1951
-2898
-3872
-5363
-6166
-6243
-6863
-7741
-7783
-7700
-8369
-8912
-8790
-8964
-9546
-9566
-9131
-8999
-8789
-7829
-6614
-5574
-4217
-2381
-604
956
2611
4295
5589
6444
7120
7530
7424
6902
6272
5485
4296
2991
1921
884
-287
-1244
-1767
-2192
-2574
-2512
-2010
-1427
-720
460
1988
3428
4859
6630
8420
9635
10497
11476
12063
11706
10991
10397
9228
7287
5566
4182
2257
109
-1264
-2356
-3962
-5264
-5739
-6386
-7457
-7955
-8028
-8617
-9324
-9442
-9559
-10105
-10335
-10044
-9916
-9845
-9182
-8162
-7252
-6155
-4601
-2970
-1515
-8
1581
2921
3898
4670
5260
5464
5221
4795
4279
3467
2387
1423
619
-321
-1247
-1787
-2083
-2396
-2463
-2056
-1441
-777
235
1665
3178
4655
6306
8145
9718
10795
11730
12585
12790
12237
11581
10821
9314
7403
5904
4385
2278
397
-701
-1958
-3582
-4511
-4912
-5820
-6801
-7026
-7271
-8133
-8723
-8753
-9111
-9734
-9755
-9428
-9391
-9172
-8253
-7148
-6195
-4939
-3255
-1635
-235
1245
2737
3863
4586
5158
5542
5399
4852
4261
3546
2453
1236
269
-667
-1745
-2593
-3039
-3414
-3723
-3620
-3142
-2538
-1723
-507
973
2507
4098
5827
7624
9094
10072
10902
11597
11579
10851
10102
9200
7510
5571
4127
2557
428
-1265
-2221
-3471
-4918
-5541
-5809
-6643
-7380
-7406
-7642
-8453
-8895
-8952
-9430
-10032
-10055
-9889
-9959
-9730
-8878
-7902
-6984
-5696
-4056
-2453
-979
554
2079
3277
4082
4703
5122
5062
4599
4084
3459
2483
1453
696
-42
-880
-1430
-1633
-1772
-1808
-1467
-850
-154
760
1944
3301
4727
6156
7636
9180
10420
11176
11821
12335
12133
11313
10556
9566
7805
5980
4609
2936
860
-593
-1566
-2952
-4251
-4754
-5261
-6250
-6841
-6991
-7579
-8385
-8700
-8949
-9576
-9978
-9907
-9901
-9940
-9544
-8792
-8023
-7132
-5922
-4544
-3175
-1860
-577
655
1632
2249
2723
3020
2851
2347
1906
1344
394
-488
-1060
-1761
-2562
-2933
-3027
-3242
-3271
-2833
-2309
-1750
-797
438
1682
3080
4705
6305
7893
9438
10613
11474
12261
12631
12316
11784
11191
10027
8466
7191
5884
4133
2563
1537
355
-1028
-1889
-2452
-3368
-4240
-4594
-5010
-5737
-6206
-6374
-6735
-7108
-7074
-6884
-6760
-6388
-5607
-4663
-3668
-2494
-1125
287
1628
2866
4015
4970
5557
5850
5998
5812
5154
4345
3531
2448
1160
90
-842
-1904
-2790
-3258
-3612
-3925
-3887
-3514
-3041
-2347
-1324
-141
1161
2646
4190
5753
7324
8594
9482
10264
10789
10616
10009
9388
8336
6660
5086
3759
1974
5
-1334
-2467
-3984
-5191
-5746
-6487
-7495
-7946
-8099
-8703
-9302
-9381
-9508
-9906
-9964
-9664
-9503
-9277
-8574
-7649
-6741
-5612
-4253
-2878
-1507
-114
1135
2184
3031
3598
3904
3991
3745
3172
2486
1714
758
-210
-1017
-1832
-2605
-3080
-3348
-3621
-3700
-3483
-3217
-2811
-2052
-1131
-190
1055
2568
4003
5454
7099
8460
9350
10240
10960
10915
10442
10025
9173
7691
6349
5190
3512
1686
418
-791
-2413
-3722
-4482
-5447
-6503
-6943
-7140
-7672
-8060
-7998
-8023
-8240
-8148
-7803
-7549
-7189
-6448
-5545
-4616
-3507
-2229
-899
430
1725
2917
3993
4875
5484
5875
6058
5903
5426
4850
4128
3159
2136
1219
254
-680
-1345
-1856
-2361
-2643
-2606
-2504
-2284
-1669
-834
3
1142
2641
4087
5446
7003
8452
9400
10168
10952
11189
10791
10339
9784
8615
7154
5891
4438
2564
915
-307
-1665
-3101
-4055
-4731
-5574
-6255
-6603
-7100
-7848
-8416
-8819
-9366
-9900
-10167
-10292
-10327
-9999
-9311
-8479
-7500
-6278
-4895
-3468
-2006
-562
784
1995
3018
3815
4391
4666
4578
4265
3833
3210
2448
1705
998
233
-422
-868
-1289
-1673
-1781
-1680
-1508
-1088
-291
611
1577
2904
4439
5819
7213
8784
10006
10740
11466
12058
11910
11304
10748
9820
8227
6653
5286
3442
1325
-296
-1699
-3444
-4939
-5764
-6622
-7621
-8085
-8135
-8394
-8622
-8370
-8038
-7891
-7511
-6869
-6352
-5884
-5142
-4247
-3413
-2465
-1303
-92
1093
2276
3409
4365
5068
5529
5796
5805
5456
4875
4209
3360
2287
1281
373
-655
-1673
-2393
-3002
-3670
-4115
-4251
-4380
-4398
-3988
-3341
-2720
-1828
-504
821
2059
3548
5080
6155
6959
7801
8272
8020
7522
6947
5806
4157
2641
1199
-663
-2615
-4107
-5404
-6817
-7917
-8471
-8975
-9485
-9459
-9056
-8870
-8721
-8159
-7538
-7219
-6750
-5919
-5199
-4649
-3754
-2563
-1561
-570
800
2233
3331
4390
5606
6510
6906
7186
7401
7142
6484
5845
5102
4018
2867
1928
964
-126
-1014
-1619
-2224
-2819
-3131
-3193
-3231
-3147
-2695
-2025
-1340
-462
776
2080
3252
4563
6013
7062
7692
8330
8757
8470
7789
7129
6085
4422
2812
1478
-184
-2057
-3442
-4555
-5984
-7245
-7934
-8654
-9612
-10204
-10371
-10640
-10886
-10731
-10425
-10235
-9810
-8997
-8090
-7153
-5959
-4520
-3050
-1534
105
1765
3275
4624
5858
6900
7594
7965
8154
8079
7600
6922
6221
5296
4106
2979
1952
776
-395
-1243
-1972
-2807
-3425
-3660
-3850
-4037
-3841
-3296
-2764
-2088
-937
392
1592
2974
4635
5991
6903
7835
8681
8843
8528
8265
7724
6514
5183
4086
2653
853
-595
-1740
-3194
-4624
-5494
-6248
-7251
-7942
-8151
-8434
-8798
-8779
-8533
-8429
-8228
-7677
-7028
-6437
-5635
-4522
-3333
-2175
-850
675
2182
3553
4956
6386
7512
8294
8991
9491
9453
9095
8737
8092
7016
5957
5054
3921
2643
1678
906
-10
-808
-1248
-1600
-1988
-2107
-1851
-1518
-1132
-430
610
1703
2768
4066
5509
6635
7424
8248
8884
8856
8468
8130
7406
6063
4774
3714
2260
556
-658
-1629
-2886
-3970
-4517
-5096
-5873
-6281
-6389
-6739
-7125
-7184
-7222
-7436
-7520
-7384
-7259
-7119
-6768
-6233
-5638
-4939
-4084
-3105
-2111
-1183
-238
713
1457
1926
2338
2599
2451
2062
1656
1014
49
-853
-1641
-2593
-3534
-4156
-4669
-5255
-5626
-5664
-5668
-5648
-5326
-4719
-4046
-3237
-2091
-702
718
2198
3906
5637
7001
8093
9161
9897
9942
9683
9378
8566
7178
5870
4682
3112
1467
328
-660
-1900
-2819
-3176
-3595
-4117
-4205
-4056
-4180
-4292
-4066
-3858
-3870
-3741
-3393
-3109
-2885
-2447
-1806
-1205
-636
150
1123
1973
2675
3470
4262
4724
4925
5117
5098
4633
4004
3411
2568
1422
406
-430
-1439
-2452
-3121
-3672
-4339
-4822
-4985
-5171
-5382
-5298
-4956
-4593
-4114
-3305
-2276
-1212
0
1424
2894
4235
5415
6491
7367
7872
7995
7866
7436
6572
5403
4132
2708
1084
-490
-1836
-3099
-4325
-5354
-6138
-6756
-7202
-7442
-7534
-7476
-7176
-6643
-5974
-5145
-4154
-3040
-1840
-562
747
1978
3087
4115
5091
5979
6724
7323
7851
8245
8421
8429
8324
7995
7415
6738
5970
5014
3935
2905
1886
817
-148
-936
-1677
-2357
-2829
-3160
-3435
-3547
-3405
-3121
-2705
-2052
-1161
-117
1050
2361
3770
5151
6346
7289
8039
8497
8442
7981
7298
6239
4716
3068
1482
-298
-2216
-3856
-5241
-6677
-7972
-8830
-9485
-10127
-10463
-10472
-10480
-10461
-10129
-9629
-9211
-8691
-7917
-7101
-6340
-5414
-4316
-3294
-2322
-1224
-87
888
1758
2635
3394
3898
4241
4509
4572
4354
4014
3619
3046
2298
1584
915
144
-640
-1281
-1844
-2423
-2885
-3173
-3400
-3568
-3514
-3265
-2892
-2334
-1541
-564
566
1853
3236
4666
6070
7305
8348
9211
9762
9886
9656
9181
8357
7188
5926
4614
3114
1606
323
-818
-1942
-2847
-3482
-4119
-4716
-5017
-5146
-5373
-5512
-5372
-5155
-5051
-4883
-4572
-4306
-4068
-3634
-3070
-2563
-1981
-1223
-403
375
1167
1977
2672
3183
3555
3799
3868
3720
3420
3055
2563
1899
1222
566
-179
-955
-1602
-2165
-2781
-3289
-3573
-3780
-3964
-3912
-3640
-3308
-2838
-2142
-1276
-319
763
1984
3246
4460
5543
6449
7238
7792
7964
7889
7628
6994
6025
5065
4041
2692
1305
157
-1084
-2514
-3690
-4578
-5589
-6459
-6785
-6971
-7367
-7555
-7426
-7434
-7514
-7301
-6946
-6740
-6398
-5719
-4954
-4182
-3187
-2005
-825
351
1568
2737
3763
4636
5371
5964
6335
6414
6283
6002
5471
4719
3920
3033
1931
805
-131
-1030
-1937
-2594
-3008
-3400
-3720
-3772
-3689
-3546
-3171
-2540
-1800
-933
137
1310
2535
3820
5053
6038
6822
7392
7588
7398
6936
6163
5035
3746
2417
895
-730
-2200
-3467
-4605
-5519
-6108
-6539
-6868
-6926
-6704
-6443
-6132
-5630
-5075
-4633
-4191
-3684
-3268
-2959
-2576
-2101
-1639
-1144
-500
217
934
1706
2541
3330
4031
4683
5244
5682
5941
6012
5908
5632
5151
4498
3756
2950
2067
1195
389
-397
-1160
-1770
-2227
-2625
-2882
-2941
-2909
-2761
-2400
-1868
-1259
-491
457
1450
2503
3620
4606
5384
6063
6580
6719
6535
6139
5382
4310
3213
2072
686
-746
-1918
-2988
-4108
-4997
-5615
-6273
-6913
-7207
-7296
-7448
-7473
-7190
-6788
-6365
-5734
-4914
-4143
-3400
-2539
-1630
-793
-4
796
1596
2367
3118
3845
4479
4949
5244
5406
5378
5115
4708
4248
3666
2938
2200
1442
572
-306
-1084
-1836
-2594
-3190
-3592
-3907
-4098
-4086
-3967
-3787
-3401
-2811
-2169
-1438
-481
584
1658
2834
4092
5139
5944
6678
7184
7179
6776
6163
5177
3803
2394
1049
-471
-2042
-3322
-4396
-5486
-6383
-6886
-7187
-7375
-7204
-6698
-6158
-5556
-4693
-3662
-2705
-1729
-693
237
990
1728
2463
3054
3577
4155
4728
5199
5619
5993
6255
6360
6375
6266
5993
5521
4911
4197
3307
2257
1158
79
-1060
-2167
-3159
-4090
-4991
-5731
-6249
-6674
-6983
-7068
-6975
-6786
-6400
-5780
-5076
-4266
-3199
-1971
-744
567
1928
3057
3965
4855
5549
5822
5837
5684
5132
4212
3211
2082
695
-679
-1778
-2811
-3775
-4377
-4657
-4867
-4887
-4562
-4155
-3817
-3359
-2778
-2301
-1861
-1287
-650
-84
528
1263
1977
2626
3264
3912
4457
4874
5228
5580
5842
5971
5974
5881
5602
5097
4490
3776
2904
1896
907
-111
-1227
-2282
-3201
-4086
-4912
-5496
-5899
-6278
-6555
-6590
-6470
-6298
-5898
-5238
-4512
-3740
-2744
-1574
-449
656
1840
2884
3664
4335
4905
5135
5000
4744
4333
3593
2721
1941
1096
144
-635
-1161
-1704
-2227
-2434
-2442
-2507
-2487
-2254
-2093
-2130
-2031
-1631
-1129
-573
176
1005
1751
2483
3275
3998
4583
5111
5583
5937
6210
6421
6485
6406
6245
5997
5563
4969
4276
3470
2505
1478
467
-578
-1686
-2792
-3790
-4723
-5595
-6313
-6815
-7175
-7434
-7473
-7267
-6953
-6539
-5910
-5126
-4331
-3410
-2273
-1157
-129
1026
2197
3085
3808
4579
5122
5206
5161
5094
4594
3679
2803
1876
594
-666
-1557
-2522
-3703
-4591
-5106
-5591
-6021
-6154
-6181
-6283
-6233
-5978
-5741
-5521
-5156
-4712
-4279
-3739
-3042
-2322
-1626
-844
3
858
1670
2437
3156
3792
4294
4638
4865
4913
4713
4362
3954
3410
2700
1975
1241
411
-433
-1150
-1817
-2469
-2994
-3339
-3590
-3728
-3648
-3445
-3145
-2677
-2038
-1353
-601
331
1331
2253
3188
4186
5015
5607
6085
6386
6324
5992
5568
4926
4007
3034
2108
1128
131
-662
-1312
-1913
-2325
-2478
-2553
-2593
-2439
-2212
-2054
-1844
-1500
-1193
-937
-567
-151
209
620
1140
1667
2191
2792
3421
3985
4539
5047
5419
5679
5854
5855
5652
5320
4851
4175
3382
2563
1639
636
-308
-1213
-2133
-2951
-3601
-4178
-4689
-5000
-5171
-5260
-5177
-4903
-4558
-4118
-3482
-2718
-1934
-1044
-70
845
1709
2575
3354
3916
4351
4643
4653
4396
3982
3352
2466
1474
471
-631
-1758
-2726
-3583
-4429
-5149
-5673
-6119
-6519
-6752
-6836
-6896
-6849
-6624
-6282
-5843
-5231
-4416
-3494
-2451
-1257
-3
1237
2468
3647
4667
5531
6245
6758
7057
7174
7094
6810
6351
5722
4915
3977
2951
1806
602
-584
-1771
-2926
-3965
-4852
-5674
-6395
-6917
-7308
-7655
-7868
-7876
-7804
-7654
-7304
-6806
-6248
-5558
-4701
-3782
-2861
-1869
-908
-120
540
1093
1427
1496
1407
1164
694
70
-579
-1263
-1976
-2578
-3013
-3360
-3583
-3579
-3377
-3081
-2652
-2030
-1287
-472
478
1567
2720
3899
5157
6428
7603
8679
9727
10721
11574
12345
13110
13812
14377
14906
15400
15712
15794
15733
15472
14862
13951
12866
11552
9937
8219
6545
4778
2901
1127
-507
-2123
-3620
-4851
-5899
-6855
-7560
-7938
-8144
-8203
-7979
-7505
-6943
-6256
-5355
-4373
-3424
-2433
-1390
-474
231
851
1278
1361
1163
810
213
-676
-1662
-2670
-3772
-4909
-5916
-6795
-7616
-8289
-8692
-8916
-8948
-8670
-8105
-7377
-6472
-5362
-4170
-2972
-1751
-520
607
1651
2675
3632
4441
5136
5722
6156
6414
6531
6504
6302
5962
5555
5086
4534
3899
3191
2436
1601
700
-254
-1260
-2306
-3300
-4178
-4944
-5599
-6051
-6321
-6466
-6468
-6287
-5996
-5669
-5225
-4665
-4063
-3405
-2651
-1845
-1029
-211
638
1399
2021
2510
2844
2964
2852
2522
1979
1216
263
-820
-2017
-3267
-4500
-5651
-6647
-7458
-8038
-8350
-8423
-8266
-7901
-7353
-6681
-5908
-5004
-3994
-2932
-1814
-621
597
1785
2961
4117
5146
6032
6838
7483
7921
8225
8399
8386
8179
7857
7380
6682
5848
4958
3964
2839
1719
624
-508
-1618
-2599
-3490
-4329
-5028
-5563
-5982
-6273
-6383
-6331
-6161
-5873
-5406
-4827
-4187
-3476
-2680
-1832
-981
-106
759
1549
2217
2792
3256
3537
3618
3544
3303
2832
2210
1536
787
-24
-795
-1443
-2004
-2464
-2760
-2909
-2971
-2957
-2847
-2705
-2555
-2364
-2124
-1860
-1572
-1238
-864
-447
12
499
1031
1587
2156
2751
3347
3911
4442
4932
5366
5722
5979
6113
6123
6014
5804
5483
5060
4549
3949
3275
2558
1804
1043
314
-375
-1011
-1547
-1936
-2212
-2386
-2406
-2273
-2059
-1763
-1331
-841
-358
211
850
1438
1993
2565
3043
3342
3567
3710
3613
3312
2947
2456
1753
989
299
-472
-1323
-2035
-2640
-3289
-3889
-4274
-4583
-4918
-5113
-5111
-5111
-5118
-4957
-4659
-4370
-4034
-3503
-2914
-2369
-1728
-938
-139
627
1488
2393
3176
3873
4588
5207
5608
5893
6148
6242
6136
5968
5735
5341
4817
4275
3698
3010
2278
1606
943
246
-377
-884
-1363
-1826
-2151
-2360
-2521
-2607
-2549
-2426
-2308
-2119
-1833
-1542
-1293
-1017
-739
-569
-498
-449
-478
-668
-948
-1282
-1723
-2296
-2899
-3476
-4092
-4714
-5228
-5612
-5942
-6187
-6243
-6118
-5890
-5513
-4979
-4404
-3848
-3231
-2532
-1855
-1165
-342
568
1450
2382
3418
4426
5325
6225
7088
7756
8264
8709
9024
9128
9117
9052
8824
8417
7957
7430
6770
6037
5318
4562
3769
2990
2250
1509
796
166
-400
-911
-1347
-1680
-1937
-2129
-2244
-2273
-2258
-2221
-2139
-2021
-1922
-1848
-1758
-1687
-1663
-1674
-1717
-1826
-2004
-2224
-2498
-2848
-3258
-3690
-4132
-4592
-5008
-5328
-5570
-5720
-5744
-5629
-5425
-5141
-4742
-4223
-3609
-2932
-2183
-1388
-599
161
890
1513
2027
2447
2778
3005
3143
3240
3308
3318
3297
3250
3131
2971
2767
2521
2206
1872
1515
1115
706
304
-114
-520
-884
-1214
-1529
-1789
-1956
-2078
-2139
-2089
-1965
-1827
-1638
-1389
-1126
-874
-601
-312
-56
154
381
586
727
833
921
943
855
682
424
47
-439
-1008
-1642
-2369
-3176
-3978
-4744
-5500
-6180
-6695
-7040
-7259
-7267
-7037
-6674
-6201
-5554
-4777
-4012
-3193
-2274
-1324
-399
600
1685
2724
3724
4770
5766
6589
7311
7948
8384
8581
8649
8584
8293
7854
7393
6853
6200
5529
4886
4194
3472
2818
2225
1614
1032
563
141
-270
-617
-859
-1079
-1288
-1427
-1515
-1607
-1682
-1672
-1636
-1613
-1562
-1474
-1403
-1370
-1313
-1231
-1202
-1195
-1120
-1032
-993
-940
-814
-711
-659
-580
-488
-480
-528
-544
-591
-747
-924
-1042
-1236
-1508
-1723
-1891
-2142
-2401
-2532
-2659
-2830
-2893
-2832
-2782
-2707
-2491
-2205
-1986
-1734
-1394
-1107
-909
-666
-411
-266
-155
13
175
268
408
631
821
984
1217
1491
1729
1974
2281
2569
2828
3112
3426
3732
3998
4270
4549
4787
4972
5142
5289
5365
5368
5344
5261
5071
4820
4533
4178
3726
3260
2789
2244
1652
1073
483
-186
-878
-1528
-2226
-2979
-3680
-4332
-5008
-5649
-6165
-6601
-7007
-7293
-7425
-7493
-7462
-7268
-6946
-6567
-6100
-5528
-4916
-4312
-3689
-3067
-2511
-2030
-1583
-1214
-935
-720
-553
-432
-356
-316
-274
-206
-134
-31
139
373
646
977
1394
1843
2285
2748
3207
3612
3958
4283
4560
4753
4914
5075
5184
5261
5350
5412
5421
5400
5372
5288
5138
4967
4760
4487
4174
3857
3518
3139
2745
2366
1976
1583
1201
839
499
158
-166
-465
-763
-1059
-1353
-1632
-1915
-2204
-2478
-2728
-2972
-3206
-3393
-3553
-3707
-3856
-3958
-4066
-4190
-4294
-4371
-4441
-4498
-4503
-4484
-4454
-4391
-4283
-4149
-4009
-3833
-3620
-3408
-3174
-2894
-2574
-2229
-1845
-1412
-959
-494
-6
491
971
1418
1833
2234
2577
2884
3184
3468
3722
3956
4214
4469
4723
4989
5261
5511
5733
5951
6146
6267
6318
6323
6250
6064
5796
5497
5111
4642
4152
3660
3130
2586
2073
1589
1110
647
249
-117
-487
-832
-1111
-1376
-1643
-1860
-2023
-2182
-2367
-2494
-2605
-2759
-2910
-3012
-3119
-3276
-3403
-3492
-3613
-3759
-3846
-3882
-3966
-4044
-4053
-4055
-4082
-4052
-3949
-3833
-3699
-3493
-3225
-2946
-2642
-2262
-1865
-1482
-1074
-640
-230
132
485
822
1110
1349
1576
1778
1929
2047
2150
2234
2278
2287
2294
2286
2234
2168
2111
2022
1887
1766
1648
1493
1327
1184
1046
896
746
651
545
425
345
304
244
181
163
135
76
14
-28
-108
-218
-321
-416
-543
-682
-792
-912
-1048
-1172
-1290
-1413
-1537
-1640
-1725
-1797
-1843
-1872
-1864
-1830
-1767
-1678
-1556
-1399
-1229
-1039
-826
-609
-394
-174
33
219
380
525
642
713
762
789
786
754
718
664
588
503
425
348
260
176
93
7
-91
-179
-254
-341
-430
-521
-602
-703
-796
-881
-964
-1054
-1141
-1214
-1308
-1400
-1489
-1565
-1667
-1759
-1832
-1921
-2007
-2083
-2138
-2201
-2273
-2309
-2347
-2381
-2416
-2445
-2475
-2496
-2500
-2498
-2479
-2462
-2415
-2351
-2271
-2176
-2059
-1916
-1747
-1565
-1370
-1153
-925
-682
-430
-172
73
311
543
759
957
1136
1303
1443
1555
1656
1757
1833
1899
1966
2028
2072
2121
2168
2211
2232
2250
2283
2289
2287
2290
2301
2302
2288
2280
2281
2252
2229
2210
2166
2107
2049
1997
1921
1838
1762
1683
1586
1486
1409
1325
1213
1111
1004
869
732
597
466
321
190
72
-39
-137
-207
-261
-304
-329
-336
-317
-311
-295
-262
-217
-176
-117
-44
40
136
249
380
515
648
781
912
1013
1099
1165
1201
1207
1196
1183
1147
1098
1059
1024
992
968
950
957
957
959
965
962
944
920
876
819
752
679
607
530
458
385
324
256
213
180
143
96
48
-16
-112
-218
-340
-476
-638
-810
-963
-1122
-1271
-1392
-1479
-1559
-1616
-1627
-1634
-1647
-1635
-1608
-1593
-1590
-1580
-1547
-1530
-1507
-1446
-1380
-1309
-1198
-1067
-930
-777
-599
-426
-262
-89
65
192
303
395
456
501
528
544
533
542
552
558
587
634
685
725
779
834
872
903
931
946
935
921
909
878
842
814
790
754
732
714
700
682
677
670
653
632
610
575
524
463
388
306
207
108
16
-59
-129
-182
-196
-210
-210
-178
-133
-83
-54
-8
29
44
43
53
79
82
113
179
254
335
442
572
694
814
939
1053
1109
1148
1165
1142
1075
999
931
835
742
687
643
613
614
639
669
682
704
707
683
638
581
514
429
346
271
219
173
152
149
158
181
209
231
236
210
168
110
13
-98
-210
-340
-462
-542
-609
-648
-671
-669
-649
-635
-627
-631
-648
-696
-755
-828
-893
-951
-987
-999
-978
-932
-872
-772
-672
-569
-481
-401
-346
-340
-354
-380
-426
-491
-543
-591
-639
-666
-672
-661
-664
-646
-626
-633
-660
-700
-739
-811
-898
-967
-1036
-1104
-1143
-1147
-1135
-1127
-1084
-1028
-982
-953
-915
-885
-890
-916
-941
-968
-1019
-1071
-1094
-1102
-1116
-1096
-1059
-1029
-1021
-991
-963
-973
-1001
-1024
-1055
-1123
-1179
-1206
-1237
-1271
-1257
-1215
-1169
-1107
-1011
-911
-819
-723
-632
-562
-507
-467
-436
-400
-381
-359
-327
-273
-212
-145
-58
22
91
153
211
236
228
213
186
139
92
56
32
9
20
65
117
180
264
355
424
494
556
598
617
627
635
630
627
626
640
659
693
738
784
836
876
911
932
933
906
861
805
735
669
617
573
537
517
522
540
562
601
643
672
694
718
719
703
695
688
673
670
679
700
734
783
835
864
895
925
931
912
887
843
790
734
687
637
590
575
561
555
540
544
539
510
491
470
438
404
390
376
376
377
390
420
446
481
516
537
547
543
537
535
510
494
484
463
439
437
430
421
395
385
370
338
306
278
252
213
190
180
169
160
167
181
191
194
204
220
221
205
201
193
176
166
165
169
175
187
199
215
214
218
224
205
178
151
123
86
55
33
17
-1
-5
9
14
10
14
17
8
-12
-28
-40
-65
-89
-95
-85
-80
-59
-24
15
48
87
121
132
131
125
104
67
33
9
-2
-18
-26
-15
2
16
41
60
73
71
46
21
-8
-29
-53
-71
-91
-94
-78
-56
-27
1
35
56
81
89
89
66
45
17
-11
-34
-57
-63
-65
-47
-20
-9
16
32
42
27
7
-8
-60
-101
-132
-165
-199
-210
-208
-199
-179
-145
-109
-83
-73
-55
-44
-61
-77
-97
-127
-161
-177
-188
-194
-189
-180
-156
-129
-105
-81
-66
-68
-68
-79
-107
-136
-167
-188
-210
-224
-229
-220
-207
-191
-172
-144
-121
-111
-113
-111
-119
-131
-152
-165
-174
-198
-201
-197
-189
-181
-160
-146
-145
-144
-136
-143
-161
-171
-171
-176
-184
-177
-168
-168
-167
-162
-163
-179
-196
-204
-224
-245
-240
-222
-198
-170
-131
-74
-46
-24
2
4
-28
-62
-91
-137
-179
-198
-193
-176
-142
-78
-5
49
104
140
146
127
83
16
-59
-141
-209
-242
-256
-239
-190
-123
-45
36
94
129
126
84
20
-63
-155
-247
-315
-354
-364
-328
-250
-169
-88
-5
59
85
64
15
-65
-159
-254
-329
-379
-391
-359
-298
-213
-128
-47
28
66
71
46
-9
-83
-158
-213
-256
-268
-247
-199
-130
-46
37
103
143
155
145
96
28
-43
-118
-176
-207
-207
-182
-132
-59
18
83
131
161
159
127
60
-31
-114
-199
-268
-294
-295
-265
-204
-122
-37
31
88
115
103
63
-4
-91
-180
-260
-310
-338
-333
-277
-207
-123
-37
37
79
83
65
12
-69
-150
-228
-283
-309
-306
-267
-198
-126
-39
27
66
78
65
32
-36
-108
-162
-203
-233
-222
-185
-139
-76
2
51
92
115
116
90
53
17
-22
-58
-76
-76
-72
-51
-20
8
35
56
67
64
59
36
10
1
-32
-50
-63
-64
-68
-67
-52
-30
-16
-2
12
16
18
19
15
-3
-20
-30
-49
-70
-77
-81
-83
-80
-62
-50
-30
-5
13
22
27
32
29
12
-6
-22
-37
-55
-70
-70
-68
-69
-63
-40
-26
-6
16
30
49
53
59
50
41
33
22
4
-15
-15
-18
-14
-3
30
46
59
81
93
92
73
63
33
-1
-27
-50
-72
-78
-70
-68
-47
-20
-1
16
33
46
29
9
-12
-42
-74
-94
-105
-115
-105
-85
-55
-18
17
50
66
72
73
45
13
-19
-62
-97
-116
-118
-109
-79
-34
13
64
103
131
138
128
94
42
-5
-54
-95
-106
-104
-72
-26
41
110
162
205
216
211
173
119
58
-9
-56
-85
-91
-73
-24
33
83
131
169
174
160
126
83
30
-31
-76
-92
-91
-88
-43
-3
41
87
112
124
108
85
51
17
-11
-28
-34
-35
-9
21
57
87
102
116
122
111
98
86
70
58
57
57
72
85
103
121
131
133
134
131
121
113
102
103
97
99
102
100
99
99
107
101
95
104
106
112
120
122
127
131
128
116
97
63
38
16
-1
-14
-14
-2
7
23
41
52
53
52
37
19
-18
-35
-49
-66
-69
-57
-33
-4
28
51
77
79
72
60
38
17
-5
-22
-29
-25
-7
13
42
69
87
102
102
92
75
54
36
16
11
10
10
28
42
63
78
91
98
96
102
88
74
64
58
50
42
48
57
62
70
82
92
107
117
120
112
100
91
68
45
22
1
-11
-18
-16
5
23
47
70
83
85
73
64
27
-8
-51
-87
-108
-116
-103
-82
-44
-7
33
60
73
68
50
14
-31
-73
-99
-124
-134
-111
-78
-45
6
54
77
98
97
83
54
17
-21
-53
-70
-67
-46
-23
7
54
83
101
108
105
84
57
36
13
-7
-11
-6
6
21
44
62
74
74
67
52
34
25
10
7
-1
-2
0
8
6
2
-5
-9
-16
-24
-29
-30
-29
-16
-5
0
5
7
2
-7
-21
-37
-49
-59
-54
-52
-37
-16
-2
17
29
38
31
23
6
-7
-23
-33
-38
-37
-21
5
20
44
63
69
71
61
47
29
18
1
-3
0
16
39
54
67
84
82
81
83
62
37
22
18
12
11
23
43
55
67
71
68
62
39
21
-5
-26
-38
-37
-37
-25
-6
10
19
20
20
10
0
-27
-43
-55
-68
-69
-62
-50
-31
-7
8
17
17
17
11
-5
-21
-30
-40
-52
-54
-44
-22
-11
3
16
22
26
25
29
19
9
6
-9
-13
-12
-11
-9
3
9
21
32
37
44
44
42
34
27
15
7
-8
-19
-23
-17
-10
6
11
19
43
52
55
56
56
46
33
12
5
2
-3
-2
12
27
41
59
63
66
68
60
33
22
9
-3
-12
-9
-3
7
25
42
52
66
61
53
45
29
15
5
1
-7
-3
6
17
24
39
43
43
42
33
17
-4
-10
-19
-20
-13
2
16
39
49
53
51
39
29
13
-4
-18
-29
-34
-27
-14
2
21
35
41
51
44
23
12
-7
-30
-47
-51
-51
-44
-24
-6
12
28
44
45
32
15
-1
-23
-32
-44
-45
-35
-31
-8
6
21
27
25
25
18
7
-8
-29
-36
-43
-45
-36
-25
-16
-2
11
19
23
17
14
0
-13
-30
-41
-42
-40
-44
-40
-25
-22
-22
-16
-9
-5
-18
-16
-20
-26
-32
-43
-39
-43
-42
-39
-43
-40
-38
-34
-27
-27
-19
-20
-24
-31
-34
-38
-49
-47
-51
-50
-46
-39
-31
-29
-23
-21
-20
-24
-31
-34
-41
-36
-38
-32
-33
-29
-11
-9
-1
1
7
7
2
-5
-3
-2
-8
-1
12
23
24
34
43
46
49
38
34
23
16
7
5
11
14
28
23
36
37
45
45
40
32
19
12
-2
0
1
6
7
21
25
20
28
29
28
16
13
5
-1
-7
-6
-5
-3
11
11
15
12
20
15
10
8
2
-2
0
3
0
11
12
11
13
12
13
12
12
10
9
4
12
11
8
11
13
14
16
17
15
11
10
12
12
14
12
19
23
31
25
33
26
21
22
13
14
5
-3
-5
2
8
16
19
21
27
28
28
21
6
-4
-8
-24
-29
-31
-31
-22
-13
6
7
12
20
17
9
1
-8
-17
-27
-33
-32
-33
-20
-9
-1
4
10
16
16
18
5
-4
-5
-17
-19
-20
-20
-20
-10
-1
8
16
23
27
27
24
25
11
4
2
0
5
5
13
19
29
38
46
47
44
48
44
40
36
36
34
31
36
45
52
56
61
75
76
68
75
66
58
55
46
49
51
53
62
73
79
85
87
94
85
79
76
65
57
52
57
55
58
62
77
84
84
83
80
72
65
60
47
38
29
32
41
45
53
62
68
71
82
74
70
63
54
44
34
29
28
33
38
50
54
61
66
65
62
54
45
32
29
17
14
8
7
14
13
20
22
26
25
14
18
12
-3
-6
-9
-13
-20
-21
-18
-10
-12
-9
-9
-12
-14
-20
-18
-32
-38
-36
-39
-43
-36
-36
-32
-29
-32
-22
-25
-23
-26
-28
-30
-34
-39
-40
-31
-32
-28
-27
-22
-17
-14
-16
-19
-16
-23
-23
-30
-31
-29
-30
-29
-26
-25
-21
-18
-16
-18
-15
-20
-32
-28
-39
-45
-52
-57
-54
-50
-48
-45
-38
-35
-35
-40
-42
-47
-53
-53
-58
-67
-63
-60
-63
-54
-50
-39
-35
-40
-44
-47
-47
-57
-62
-61
-70
-74
-68
-64
-59
-53
-41
-40
-33
-32
-33
-40
-42
-44
-42
-38
-39
-36
-31
-26
-19
-18
-13
-16
-16
-18
-27
-28
-33
-27
-28
-26
-28
-27
-22
-20
-23
-18
-18
-20
-19
-25
-28
-31
-33
-36
-34
-36
-27
-25
-28
-21
-22
-27
-26
-32
-31
-32
-38
-34
-36
-38
-35
-36
-36
-39
-38
-32
-38
-40
-41
-34
-37
-41
-38
-30
-30
-31
-31
-28
-30
-32
-26
-27
-20
-19
-24
-30
-23
-24
-21
-16
-15
-13
-15
-12
-10
-11
-14
-16
-19
-20
-16
-19
-14
-7
-5
3
6
7
9
5
1
0
-11
-10
-18
-27
-21
-20
-13
-12
-7
0
2
-1
-4
-11
-25
-28
-33
-39
-43
-36
-34
-36
-22
-23
-27
-18
-24
-23
-24
-38
-41
-40
-42
-42
-38
-40
-36
-32
-31
-31
-37
-27
-32
-31
-32
-33
-27
-32
-28
-23
-19
-17
-16
-8
-6
-9
-9
-7
-11
-8
-9
-5
-3
-5
-1
7
10
5
6
-1
0
2
-1
1
-2
-9
-4
-8
-2
2
-2
2
-2
-2
-5
-7
-11
-17
-18
-19
-23
-22
-23
-20
-27
-18
-15
-19
-12
-17
-13
-13
-24
-25
-25
-29
-32
-32
-27
-22
-21
-16
-8
-18
-13
-11
-10
-6
-11
-12
-18
-15
-8
-5
-1
1
5
10
13
11
7
8
11
4
1
2
3
10
8
8
7
11
8
13
10
4
2
-3
-10
-14
-12
-18
-12
-14
-15
-13
-9
-6
-10
-11
-13
-16
-14
-19
-20
-21
-28
-27
-25
-25
-23
-24
-20
-20
-19
-14
-10
-11
-10
-11
-14
-14
-18
-15
-16
-14
-12
-3
-4
-3
-5
-6
-1
-3
-6
-3
-2
-4
2
-4
2
6
3
8
11
8
11
16
12
9
12
14
0
7
8
7
4
7
10
10
10
9
9
7
-1
-4
-5
-8
-11
-9
-12
-9
-7
-9
-4
-10
-8
-5
-11
-16
-13
-18
-21
-21
-23
-14
-15
-16
-12
-11
-11
-11
-10
-13
-16
-14
-11
-16
-15
-14
-10
-6
-4
-1
1
2
4
7
1
1
1
1
4
1
8
9
12
16
21
27
24
20
22
18
16
15
8
6
4
8
8
13
13
15
14
9
7
3
-1
-1
-2
-8
-4
-3
-5
3
1
2
-1
2
-4
-11
-11
-17
-21
-23
-19
-18
-17
-19
-11
-10
-14
-11
-17
-14
-17
-14
-22
-26
-23
-20
-22
-19
-12
-12
-8
-4
-3
-3
-6
-3
0
-3
-2
2
-2
1
2
8
8
7
15
13
13
17
17
12
10
15
13
13
15
13
16
20
27
24
23
27
24
18
20
15
15
12
8
6
4
5
3
3
4
5
5
-2
6
1
-3
-7
-11
-11
-13
-8
-13
-4
-8
-9
-3
-4
-4
-4
-4
-8
-10
-13
-7
-4
-1
7
4
4
9
6
5
1
9
2
-1
-2
-6
3
4
3
5
14
10
14
17
16
17
16
18
10
9
6
5
6
7
2
10
12
9
6
2
4
3
3
-5
-3
-9
-4
-5
-10
-9
-6
-3
-11
-7
-7
-9
-7
-5
-13
-13
-12
-16
-11
-16
-11
-7
-9
-11
-15
-16
-19
-22
-18
-17
-16
-16
-17
-15
-16
-14
-14
-19
-14
-13
-11
-8
-2
-5
-6
1
-4
-6
-3
-2
-2
1
-1
-3
1
7
9
9
13
12
7
2
4
1
-3
3
0
1
0
5
4
3
11
8
11
7
6
8
7
6
3
9
1
1
7
7
7
5
10
9
8
5
7
6
4
8
5
9
12
8
11
-1
0
1
-6
-1
-1
-1
-2
3
3
2
3
4
6
2
2
1
-6
-7
-3
1
-2
-1
0
4
5
7
5
6
6
9
1
-3
-1
-4
-2
1
-1
-2
6
7
7
12
9
10
9
7
11
5
8
1
5
8
2
4
1
6
2
2
-1
-5
-1
-10
-10
-7
-11
-10
-14
-14
-11
-8
-12
-10
-8
-4
-6
-6
-7
-12
-9
-9
-7
-8
-9
-17
-6
-2
-6
-3
-7
-1
1
0
2
1
1
2
4
2
-4
0
1
-3
8
3
9
6
2
7
2
9
6
3
5
11
7
4
4
3
6
9
7
4
7
8
3
0
4
2
1
4
1
-3
2
2
-3
5
6
0
5
-5
-6
-5
4
1
1
-2
1
10
-5
-4
1
7
1
7
4
2
6
4
2
8
12
9
8
2
7
5
6
6
11
15
16
16
15
14
13
11
9
11
8
6
10
12
7
9
18
13
18
18
12
15
12
10
2
3
6
2
2
4
6
10
9
9
7
-2
2
0
-7
-2
-11
-12
-9
-12
-9
-7
-8
-10
-6
0
-5
-12
-2
-2
-5
-9
-8
-8
-9
-12
-16
-14
-11
-4
-3
1
6
4
9
7
8
5
3
9
12
16
13
14
17
24
18
16
18
8
14
14
7
7
6
6
6
5
9
11
16
12
15
16
17
10
5
4
4
3
-1
6
1
6
6
9
11
2
4
-2
-8
-5
0
-6
-7
-4
-9
-6
0
-4
3
-1
-4
2
-9
-9
-8
-6
-7
-9
-4
-7
-8
-4
-2
0
-1
-2
-10
-9
-7
-6
-4
-8
0
-4
-1
-2
-2
3
1
-2
-7
2
3
6
1
3
6
-2
-3
0
-4
-3
0
-4
1
-1
-1
2
5
3
5
6
-2
2
0
-6
-3
-3
-3
2
0
0
1
-1
-6
-1
-9
-6
-5
-13
-17
-14
-11
-18
-14
-16
-9
-3
-10
-16
-13
-13
-12
-7
-7
-2
2
-8
-2
-2
-3
0
-1
-5
-6
-1
-1
2
3
1
7
6
6
8
9
9
5
7
9
10
11
12
15
17
13
11
9
13
15
11
12
8
10
13
11
16
10
9
5
5
4
6
3
0
4
-5
-2
-4
-1
2
0
6
5
2
1
-3
-2
0
-5
-3
-4
-2
-5
-9
-7
-5
-7
-9
-4
-8
-11
-11
-7
-6
-5
-5
-7
-10
-4
-4
-6
-5
1
-3
-9
-4
-4
1
4
-2
1
5
5
10
10
9
4
5
7
5
11
4
5
7
12
10
10
11
13
13
6
11
5
8
7
8
6
8
7
5
1
5
5
-2
-1
-2
-2
0
4
-2
2
-1
-6
-2
-4
-6
-5
-5
-6
-2
-6
-3
-3
-3
2
5
-2
-7
-7
-4
-2
-6
-2
-1
-4
-4
-1
0
0
-2
0
1
1
-1
3
1
-4
1
2
3
6
11
12
11
10
12
8
7
8
5
11
7
4
10
8
5
10
13
2
4
2
3
4
3
4
5
4
5
4
3
3
8
5
2
3
2
-7
-5
-4
-10
-5
-5
-7
-12
-5
-6
-5
-1
-7
-9
-1
-5
-3
0
-7
-5
-9
-6
-5
-3
-7
-8
-6
-8
0
1
-1
1
0
-3
7
0
0
5
-4
2
5
-4
5
1
10
9
-1
2
2
0
1
0
-5
-2
1
-5
-10
-6
-6
-3
-5
-2
-8
-4
-4
-7
-7
-7
-10
-11
-7
-8
-6
-1
-7
-8
-9
-4
-1
-4
-7
-4
-5
-7
0
-1
-5
1
0
5
4
-1
2
1
6
6
8
7
15
10
10
9
3
6
9
13
11
11
4
6
9
4
5
-3
-3
3
8
4
2
2
10
4
1
6
8
9
8
3
6
7
1
10
7
7
6
3
9
5
-2
0
-3
0
-5
-3
0
5
8
4
5
4
4
7
6
7
2
2
6
-1
0
1
2
5
7
4
10
9
4
4
6
4
-4
0
1
1
0
-7
-1
1
-2
0
-1
1
-2
-2
2
-2
1
-2
-3
-2
-4
1
-2
1
4
4
5
1
2
-1
0
3
-3
2
2
4
9
6
7
3
5
6
5
1
-2
2
-2
-5
2
-2
2
-2
-2
1
5
4
6
1
-3
7
-1
1
3
6
7
7
4
5
3
4
-1
7
3
0
1
-2
2
-7
2
-3
-3
-2
-6
-6
-1
-6
-4
-4
0
-3
-3
2
0
1
-3
-1
5
-3
3
6
4
4
2
7
0
-2
-3
2
-3
1
6
1
1
2
8
5
7
5
6
2
-1
2
-4
-1
-2
-6
-1
4
1
5
1
2
1
-5
0
0
-3
0
-6
4
1
0
1
-2
3
1
6
-1
3
1
-3
-3
-10
-4
-3
-5
0
-4
-9
-2
-2
0
-1
1
1
2
2
-1
2
2
1
-4
-3
3
-5
-6
-2
0
2
-1
-3
-3
2
-1
-2
-3
-2
-1
-4
4
-1
-5
-4
1
-3
3
-1
1
1
-2
3
1
-3
-5
-2
4
0
-3
0
-3
0
1
1
1
1
2
0
-2
-2
5
8
0
0
0
3
6
5
2
4
4
2
0
-1
2
2
3
-1
5
8
7
9
3
5
7
3
0
2
-3
-1
2
3
-1
-2
0
-3
0
1
0
-1
0
-2
-2
0
1
4
1
2
5
5
5
3
6
7
7
11
11
5
10
11
12
7
5
4
5
9
6
8
5
11
10
4
-1
1
7
6
0
5
4
2
0
-2
-5
1
-2
-7
-7
-7
-3
-6
-10
-10
-11
-7
-7
-13
-10
-11
-9
-6
-11
-16
-14
-10
-17
-8
-8
-15
-16
-16
-16
-12
-11
-16
-11
-11
-9
-15
-9
-13
-10
-14
-13
-9
-12
-11
-11
-1
-3
-7
-4
-9
-8
-7
-10
-9
-8
-5
-7
-11
-12
-12
-11
-9
-8
-8
-4
-13
-14
-7
-4
1
-1
-1
-1
-1
-2
-9
-10
-6
-8
-7
-9
-13
-5
-3
-6
-4
-1
-4
0
-7
-6
-5
-5
-8
-7
-5
-3
3
2
-6
-6
0
-2
-5
-6
-5
-1
0
-5
2
-2
0
-2
-6
-2
-3
-3
2
-1
-5
-5
-2
0
3
3
-1
0
-1
-1
-5
-3
2
-2
-2
-8
-6
-2
-3
3
0
-2
-1
3
-3
3
-1
-2
-2
-1
-3
-6
1
-4
-1
2
1
1
-3
-1
-6
-1
-6
-4
-5
-8
-1
-6
-2
-5
-1
-6
-6
-4
-9
-5
-6
-4
-5
-2
-7
-2
-3
-1
0
4
-3
-3
-2
1
0
0
1
5
2
6
15
10
15
11
14
7
12
10
11
13
8
6
13
10
6
12
8
16
6
4
8
6
5
4
5
6
4
0
2
1
0
-6
-7
-3
-3
-7
-9
-9
-3
-8
-6
-7
-15
-4
-7
-2
-4
-3
-6
-9
-6
-8
-8
-7
-2
-3
-1
-6
-10
-5
-5
-2
-2
-2
0
-9
-4
-2
-10
-1
0
-2
-2
-6
-5
0
4
4
7
4
8
2
5
8
2
4
5
4
3
-1
7
8
5
0
3
6
6
-1
7
4
-3
1
4
7
1
7
5
-2
-2
-2
-4
-7
-5
-6
-7
-3
-10
-9
-8
-10
-8
-9
-12
-9
-10
-7
-12
-10
-15
-16
-13
-18
-16
-18
-15
-20
-19
-16
-15
-12
-14
-12
-17
-12
-15
-16
-10
-5
-3
-3
-3
-4
-5
-3
0
-5
-8
-1
-4
2
2
-2
0
-2
3
1
-3
-1
-2
1
-1
5
1
2
8
4
4
5
4
9
12
8
5
7
2
1
3
0
4
6
1
5
5
3
9
-1
4
5
7
4
8
1
-1
-2
-2
2
-6
-4
0
2
3
-4
-4
-3
-3
-6
-8
-6
-6
-3
0
-5
-5
-2
-1
-4
-4
-3
1
-4
-7
-4
2
-2
0
1
-7
-2
-1
-3
1
6
3
7
1
1
3
1
3
1
1
3
5
2
1
3
1
-1
-1
-1
-1
1
-2
-1
-4
-5
-4
1
4
1
2
-5
-3
-7
-5
-7
-2
3
-8
-3
-10
-8
-4
-7
-12
-15
-11
-11
-9
-13
-12
-14
-8
-7
-8
-8
-14
-8
-9
-9
-8
-7
-7
-9
-5
-6
-9
-8
-5
-4
-5
1
-4
-6
-3
-5
-6
3
4
3
-1
-2
6
1
8
1
2
0
-3
-3
1
2
-3
2
3
5
3
5
7
3
2
2
5
5
0
2
2
1
0
0
2
-3
4
2
4
4
1
5
3
4
0
4
2
2
4
2
3
4
1
4
5
3
1
1
3
4
6
5
1
-2
0
1
2
5
7
-2
0
3
4
6
-5
0
-2
-1
0
2
1
2
5
3
0
-2
0
4
4
-1
2
1
0
-4
-2
-4
1
0
1
3
-1
-1
0
-1
-5
-6
-6
-6
-10
-7
-7
-7
-8
-16
-13
-10
-11
-11
-6
-9
-11
-7
-6
-7
-9
-8
-7
-9
-8
-4
2
-4
-7
-6
-8
-7
-5
0
2
-1
-8
-3
-3
-1
-5
-1
-1
-1
4
1
0
1
7
4
3
-3
-1
0
-5
0
-1
-1
-3
-2
-1
-5
-3
-7
-5
-5
-4
-2
-4
-1
-3
-2
5
1
3
5
-3
-2
-1
1
1
3
1
1
1
-3
-3
-5
-7
0
-2
-5
-3
-6
-6
-3
-2
0
0
0
-4
-4
2
-8
-2
-1
-11
-8
0
-3
-8
-5
-3
-9
-10
-6
-5
-8
-11
-5
-3
-8
-11
-14
-7
-8
-1
-1
-4
-3
-3
0
-7
0
-5
-5
-7
0
-2
-3
-6
-4
-2
-8
-7
-9
-1
-2
-5
-6
-9
-6
-1
-2
2
-3
-2
0
-2
-1
-2
-3
0
-6
-1
0
-5
-5
-4
0
-1
1
2
-1
-8
-2
-1
-4
-2
-2
-5
-3
-2
-3
-3
-6
-2
-6
-3
-2
-2
0
-10
-11
-12
-11
-5
-7
-11
-7
-12
-11
-9
-11
-6
-15
-10
-13
-11
-8
-7
-13
-11
-12
-9
-7
-10
-2
-4
-3
-7
-7
-5
-12
-2
-2
-5
-3
-4
0
-3
-2
-2
-1
-2
-4
-2
1
1
-7
-10
-6
-4
-4
-7
-2
-9
-11
-5
-7
-4
-1
-7
-8
-8
-7
-9
-12
-15
-19
-14
-12
-12
-9
-8
-10
-8
-9
-4
-5
-8
-10
-14
-9
-11
-17
-17
-10
-11
-15
-12
-16
-15
-18
-19
-18
-11
-18
-22
-14
-13
-13
-13
-13
-13
-9
-10
-13
-4
-6
-10
-14
-13
-12
-11
-11
-10
-13
-15
-10
-10
-10
-2
-2
-3
-5
-8
-3
-5
-5
1
-5
-2
-5
-6
-3
-3
1
-4
0
-3
2
-1
-1
2
-2
1
2
-1
-1
1
2
-3
-2
-3
-5
-3
-7
-2
-4
-6
-2
-7
-3
-8
-4
-8
-9
-8
-9
-7
-5
-5
-9
-8
-6
-12
-6
-7
-8
-9
-10
-13
-15
-6
-8
-12
-8
-4
-3
-6
-9
-10
-7
-2
-5
1
-3
0
-2
-1
-3
-5
-4
-2
-4
-1
0
-6
-4
-3
-3
-5
-5
-1
-2
-5
-5
-3
-2
-6
-6
-6
-3
-2
-9
-5
-9
-11
2
-5
-7
0
-3
-4
0
-6
-7
-6
-5
-2
-2
-10
-5
-7
-9
-6
-7
-9
-10
-7
-11
-9
-11
-10
-11
-12
-12
-11
-4
-6
-8
-6
-9
-2
-3
-8
-7
-5
-8
-1
-4
-2
-2
-3
-2
0
1
-2
3
0
2
-3
1
7
6
10
4
5
6
-1
0
3
4
4
2
9
1
1
1
0
1
0
-1
-3
1
-4
-7
-4
-3
-2
-3
-3
-7
-8
-7
-10
-7
-6
-2
-4
-4
-2
-7
-2
0
0
-3
-3
-7
0
0
2
1
-6
-2
-2
1
6
-1
0
5
4
3
-1
4
6
1
5
3
1
2
9
11
3
2
5
6
7
12
9
6
8
9
4
7
8
10
11
12
12
14
14
9
13
7
9
8
8
12
11
16
14
15
5
9
8
5
11
9
6
2
5
-2
7
2
0
0
-2
0
-8
-5
-5
0
1
-6
1
1
-5
-4
-1
0
0
3
-2
-5
-2
-6
-5
-11
-4
-3
-4
-3
-10
-4
-2
-8
-10
-10
-7
-7
-2
-4
-1
0
-10
-8
-5
-6
-6
-9
-3
1
-4
-4
-3
-4
-8
-1
-2
2
1
-3
-2
-3
2
-4
-9
-4
4
2
-1
6
-2
2
1
-3
2
2
-1
-5
-3
1
1
1
0
2
5
3
6
7
8
7
7
5
11
12
9
6
7
6
5
2
7
10
13
14
8
11
7
11
16
7
12
5
3
7
2
9
5
9
8
12
13
11
8
5
5
7
9
8
8
8
6
7
2
1
4
0
4
7
3
5
7
2
7
2
0
2
-2
4
2
4
4
2
2
9
4
3
5
0
2
8
7
4
1
4
9
6
5
8
6
2
6
7
5
6
10
7
8
5
8
11
14
11
8
5
6
10
14
10
13
14
9
10
9
8
6
4
5
5
4
8
5
7
13
9
3
3
5
5
6
-1
0
2
2
-2
-2
3
-2
1
0
-6
-1
0
-1
1
3
1
-3
0
-1
-4
-6
-10
-7
-7
-2
-5
-7
-5
-1
-8
-3
-1
-1
2
0
-5
-4
-1
3
-3
0
6
8
3
-1
4
6
3
5
4
5
11
13
10
8
7
8
9
9
6
7
9
6
10
9
13
11
6
8
7
9
12
8
9
12
15
14
12
14
10
12
11
10
13
12
18
14
20
13
15
12
14
13
11
19
11
13
17
13
7
10
12
7
14
15
17
15
15
13
16
14
9
9
7
10
7
4
6
12
10
8
9
9
15
10
9
6
10
13
9
9
10
3
8
10
6
12
10
7
14
10
8
11
6
12
12
12
17
12
12
13
6
12
11
12
13
11
12
10
11
14
15
14
18
10
9
13
10
12
14
15
8
15
11
7
8
9
13
7
9
6
11
10
5
4
4
8
11
9
3
0
6
9
7
7
7
8
9
12
13
10
10
11
11
13
16
10
11
9
9
12
8
13
15
11
10
10
12
9
12
15
10
5
8
4
8
11
9
9
9
12
10
16
14
16
15
7
9
14
14
13
11
7
5
9
14
7
5
11
8
2
9
18
10
13
8
7
11
11
15
13
13
9
15
11
14
12
5
4
-1
9
11
8
12
7
7
7
7
9
12
6
5
6
6
9
9
10
9
10
9
10
18
18
13
10
9
14
11
10
15
6
10
11
7
16
14
14
9
7
8
11
9
11
15
6
7
10
13
17
19
20
19
16
19
19
21
17
11
15
13
18
19
16
16
14
15
16
21
15
14
13
12
13
10
14
16
13
14
12
13
17
15
16
12
13
9
10
9
9
13
12
15
12
15
14
16
14
10
11
8
11
4
8
3
5
4
3
8
8
9
9
10
6
1
5
7
6
3
2
4
6
12
9
11
8
11
7
8
6
6
7
4
7
7
8
9
8
5
12
11
12
15
16
8
11
15
7
13
12
11
15
10
13
12
13
10
10
6
2
9
9
8
10
9
10
12
11
11
8
11
5
9
7
7
10
5
4
10
13
10
14
14
8
3
6
5
9
6
5
6
8
16
10
6
3
2
5
7
0
2
12
8
0
3
7
4
9
3
2
2
5
4
-1
2
-1
3
2
-2
0
-2
6
2
-1
-1
-3
-1
4
6
0
-3
-8
-3
-5
1
-2
-3
-5
-3
-1
1
-1
-2
-7
-3
-1
3
2
0
-1
1
3
-2
3
0
4
-1
3
8
5
5
7
1
2
10
9
7
5
2
6
6
6
5
6
0
-1
2
6
8
3
5
7
6
3
5
4
8
9
3
5
4
2
3
1
8
1
-2
-1
2
3
-4
3
0
-2
-5
-2
3
-4
0
4
-2
-2
2
0
4
8
-2
1
1
5
6
4
3
1
7
6
5
5
4
8
5
4
5
5
6
2
3
0
5
0
5
6
4
7
9
8
1
4
3
6
6
8
9
8
5
9
13
8
10
8
9
10
11
13
10
12
9
9
10
12
6
14
9
11
10
6
9
2
2
-4
4
-1
-2
0
-4
-1
1
2
1
-3
0
2
-1
1
4
1
2
1
2
0
1
1
1
3
1
-7
-1
-1
4
2
-2
-4
3
-1
-4
-3
-7
0
1
2
0
0
-1
3
0
-2
4
1
-2
-3
0
3
0
-7
-1
1
-3
5
0
4
-1
-5
-1
-1
1
-4
2
8
3
2
6
-2
-1
4
2
0
2
-4
-2
-4
-3
-6
-8
-5
-8
-4
-7
-5
-8
-11
-5
-12
-13
-4
-8
-6
-13
-6
-8
-8
-7
-11
-5
-2
-2
-1
-7
-9
-3
0
0
-5
0
5
-1
0
3
-2
-2
0
-7
-2
-4
-2
-1
-3
-3
-11
-7
-3
-4
-1
1
-4
-1
-1
-2
-3
-6
-3
3
2
0
1
0
-7
1
-1
-3
-6
-5
-2
-1
-2
-2
6
-2
4
-4
-2
0
0
2
2
1
-4
-4
-2
3
-5
-10
-4
-3
-3
-6
1
-6
-12
-7
-9
-8
-2
-1
-6
-6
-9
-5
-6
-5
-7
-4
-4
-6
1
-2
0
2
3
1
1
2
-2
-9
-5
3
-2
-1
0
3
1
-1
2
-1
2
2
0
1
2
-2
-4
-5
-4
-7
-1
1
-1
2
2
4
2
-2
-5
2
0
-5
-3
-3
-1
-5
2
1
-7
-1
-5
-1
-1
-1
-1
-6
-1
-7
-1
5
1
2
-6
-5
-6
-6
-4
-6
-3
-5
-6
-8
-6
0
-3
-8
-3
0
-6
-11
-6
-4
0
0
-6
-6
-3
-2
-4
-1
0
-5
-7
-3
1
4
-5
-4
-2
-6
-2
0
-2
-2
0
4
2
0
1
1
-1
0
4
7
-1
-1
3
3
4
4
4
2
3
4
4
3
-1
-3
1
-2
1
4
2
-3
1
4
1
11
2
3
8
7
7
2
1
5
5
5
9
0
1
3
5
5
5
5
6
5
7
3
8
7
2
2
2
10
2
-1
-1
2
6
6
8
6
8
6
8
12
8
10
8
2
6
3
9
11
4
6
8
7
3
12
1
3
9
8
6
5
8
-1
6
4
5
3
4
6
5
5
7
5
3
8
6
11
11
5
1
0
2
2
3
6
1
2
8
8
5
1
0
3
1
4
6
4
-2
-6
2
4
3
-1
-3
0
-3
-5
-1
-1
1
-2
-5
4
3
-2
2
3
1
2
4
1
-1
-2
-4
0
-3
1
1
-7
1
-2
2
1
-5
0
2
-2
5
0
-3
-3
3
11
4
3
-1
4
0
-2
3
0
1
-4
-2
-2
2
-4
-3
2
-4
0
0
0
-7
-8
0
-4
2
4
4
-1
-8
-4
3
-3
-3
3
0
4
0
0
0
6
6
0
4
1
0
0
1
1
2
5
4
2
-1
-2
-5
-4
-1
-1
3
1
-2
0
-1
-3
-4
-3
1
0
-6
-1
-7
-4
3
2
2
-1
0
-2
4
-2
-4
-1
-2
0
1
2
-3
-2
1
-2
-4
-3
-5
-4
-3
-7
-4
2
2
-1
-8
-7
-10
-11
-9
-12
-6
-9
-5
-9
-8
-4
-6
-4
-4
-9
-10
-7
-8
-6
-11
-9
-12
-14
-9
-7
-11
-10
-14
-9
-12
-17
-18
-13
-18
-8
-10
-14
-14
-18
-18
-19
-13
-13
-16
-17
-13
-21
-15
-11
-13
-10
-10
-11
-4
-10
-10
-4
-8
-6
-12
-8
-4
-13
-8
-6
-11
-12
-12
-6
-6
-5
-7
-2
-2
-8
2
-5
-9
-7
-4
-10
-3
-1
-7
-5
-1
-3
-6
-4
-5
-4
-6
-1
-4
-2
-2
0
-1
-10
-3
-6
-5
-1
-4
-5
-4
-1
-6
-7
-3
-6
-5
-6
-8
-4
-6
-8
-9
-1
-2
-6
-4
-4
-6
-10
0
-2
-6
-5
-2
-3
-2
-4
-1
1
-5
-1
-5
2
0
-3
-1
-4
-7
-3
-1
-4
-2
-3
0
0
-2
2
0
0
1
-3
3
4
0
-2
-2
7
5
7
4
-3
-3
4
4
7
3
-2
-2
-1
1
-2
0
-3
-1
2
-1
-6
-3
-9
-8
-8
-10
-10
-8
-7
-10
-8
-9
-7
-3
-1
1
-3
-2
-6
-5
0
2
-4
-6
6
3
7
2
1
2
5
5
4
10
8
2
7
10
3
2
4
7
1
-1
7
9
7
1
-2
2
-3
-1
-3
-1
2
-3
-3
1
2
-1
-2
-2
-1
0
-5
-6
-4
-6
-3
-7
-5
-4
-1
0
-5
-4
0
-1
-5
-4
-2
-9
-5
-7
-7
-9
-7
-3
-8
-5
-1
-3
3
-9
-8
-8
-11
-7
-13
-5
-9
-7
-6
-6
-7
-6
-3
-5
-8
-3
-10
-7
-6
-8
-5
-10
-10
-6
-2
-9
-6
-7
-14
-12
-7
-10
-10
-12
-15
-11
-7
-7
-7
-8
-7
-8
-5
-7
-13
1
-13
-9
-11
-12
-9
-11
-4
-4
-8
-5
-6
-13
-9
-9
-6
-6
-5
-9
-8
-5
-7
-11
-10
-9
-5
-11
-10
-9
-12
-8
-6
-11
-14
-14
-8
-4
-10
-13
-5
-8
-9
-7
-13
-8
-6
-12
-6
-4
-5
-6
-11
-7
-10
-6
-6
-3
0
-4
-1
-3
-3
-3
-4
-2
-5
-3
1
0
-2
-4
-2
-6
-6
-3
-3
-1
-2
-3
-1
-1
-4
-2
-3
-10
-8
-3
-10
-6
-10
-9
-10
-11
-9
-14
-4
-7
-14
-17
-11
-16
-13
-6
-9
-10
-14
-10
-15
-16
-15
-14
-13
-11
-7
-10
-9
-7
-9
-11
-11
-17
-19
-15
-16
-8
-4
-9
-11
-16
-14
-8
-12
-18
-6
-11
-10
-10
-10
-1
-8
-4
-3
-9
-7
-2
-7
-5
-1
-7
-5
-5
-3
-6
-5
-2
-4
-2
1
1
-7
-5
-1
-6
-3
-2
-6
-1
-6
-5
0
-4
-4
-3
-3
-8
-9
-7
-5
-4
-4
-4
-5
-5
-14
-7
-4
-6
-5
-7
-6
-6
-4
-6
-8
-4
-1
-3
-4
-5
7
-3
-5
-5
-7
-6
-1
-6
-4
-3
1
2
0
7
0
-1
-3
-4
1
-1
-3
4
5
2
1
-2
-1
2
2
4
5
5
11
4
0
2
1
-3
3
1
-3
1
-1
9
0
0
-3
-10
-4
-7
-3
-8
-10
-7
-9
-9
-10
-14
-10
-6
-6
-11
-7
-6
-10
-9
-12
-12
-11
-12
-12
-10
-11
-9
-9
-9
-7
-6
-7
-9
-9
-7
-6
-9
-8
-7
-2
1
-4
0
-1
0
-2
-3
3
1
3
3
2
1
0
1
3
4
4
5
-1
2
1
3
2
-3
1
-2
-2
-5
-3
1
-6
-4
-4
-1
-4
-6
-2
-2
-7
-8
-4
-2
-5
-8
-6
-6
-6
-6
-14
-4
-8
-13
-5
-9
-9
-10
-8
-3
-3
-4
-4
-10
-10
-11
-11
-1
-6
-6
-2
-6
-5
0
-6
-5
-8
-5
-1
-6
-7
-5
-4
-3
-5
-9
-1
-5
2
0
-1
2
-4
0
-2
3
4
-4
-1
3
6
4
5
5
4
9
8
2
4
4
2
1
5
6
-1
1
4
1
-2
0
1
1
0
4
2
0
-3
-5
-5
-3
5
0
-4
-8
-8
-3
-4
-8
-11
-10
-12
-9
-9
-10
-9
-8
-3
-1
-1
-9
-6
-3
-5
-2
-1
-1
4
5
-4
2
-2
-3
-1
-1
3
0
-2
-5
-10
0
-3
-9
2
0
-4
1
5
0
2
0
2
-2
-5
-1
-4
-2
-2
-6
-6
4
1
2
-2
0
-2
-5
-4
-6
-9
-10
-5
-6
-4
0
-6
-7
-3
-6
-8
-6
-2
-11
-6
-2
-6
-8
-7
-9
-3
-2
-8
-4
-1
-9
-15
-5
-6
-6
-8
-5
-9
-9
-10
-11
-6
-5
-2
-7
-3
-1
-3
-6
-7
0
-2
-3
2
1
2
2
1
5
-3
2
-5
-7
4
-4
-2
1
-7
0
-5
1
-4
-2
-4
-7
0
-4
1
-3
1
-5
-2
1
-9
-3
-6
-3
0
-4
1
-9
-4
-8
-7
0
-4
-2
1
5
-5
-3
0
1
-2
-2
0
-5
-7
-3
0
-3
-3
-1
-2
3
0
0
-3
-1
6
-3
2
2
-2
3
3
0
2
5
3
5
0
2
4
3
6
4
4
4
5
4
-1
0
5
2
1
-1
4
0
1
2
-3
2
2
0
2
-2
-4
-7
-7
-11
-7
-5
-12
-6
-6
-8
-3
-5
-6
0
3
0
-4
0
0
-2
-4
-3
-1
-2
1
-7
-10
-8
1
1
-8
-13
-8
-3
-10
-12
-8
-4
-6
-7
-9
-4
-7
-10
-13
-12
-8
-6
-6
-8
-4
-7
-6
-7
0
-1
-4
-5
-7
-3
-4
-5
-6
-7
-7
-2
-7
-8
-11
-13
-10
-12
-12
-12
-9
-8
-9
-10
-10
-13
-11
-8
-11
-11
-10
-13
-10
-5
-3
-5
-4
-8
-8
-10
-18
-8
-11
-13
-13
-9
-10
-8
-8
-13
-13
-8
-8
-11
-10
-13
-10
-15
-10
-12
-13
-12
-13
-11
-8
-9
-8
2
-7
-3
-4
-6
-4
-8
-6
-6
-3
-6
-7
-6
-3
-1
-3
-2
-4
-5
1
-2
0
4
-2
3
3
-1
-5
2
-1
1
2
-5
-4
-1
0
2
-5
-1
2
-1
-2
-5
-1
-1
-2
-1
-3
-1
-5
-5
-6
-8
-10
-9
-7
-6
-6
-8
-5
-7
-11
-7
-1
-2
-3
-7
-6
-7
-6
-4
-6
-4
-3
-2
-2
-4
-3
-3
-4
0
-2
-1
-6
-4
-6
-10
-7
-5
-7
-8
-6
-6
-6
-3
-3
-3
-6
-5
-8
-7
-8
-8
-8
-6
-7
-8
-10
-7
-11
-12
-4
-10
-11
-10
-5
-8
-9
-8
-4
-3
-6
-7
-10
-13
-12
-8
-10
-16
-14
-9
-11
-9
-11
-15
-10
-11
-14
-13
-6
-10
-7
-9
-13
-8
-11
-12
-15
-10
-8
-9
-4
-8
-12
-4
-8
-4
-7
-11
-3
-8
-3
-3
-3
2
-8
-4
-3
-3
4
-1
0
3
4
6
1
3
5
1
4
3
2
5
5
8
1
1
5
4
0
4
5
7
4
4
3
-2
4
-1
-1
-2
-5
-4
-10
-7
-8
-6
-4
-5
-7
-13
-13
-10
-6
-18
-9
-7
-10
-5
-11
-9
-12
-9
-12
-8
-3
-8
-13
-12
-10
-5
-3
-7
-7
-5
-8
-8
-3
-5
-1
-1
0
-2
-3
-5
2
5
8
2
7
4
5
8
5
7
4
2
5
5
6
7
8
10
6
7
0
0
3
4
3
1
5
5
6
2
5
3
1
2
3
3
2
1
7
7
8
9
3
-3
5
5
6
11
7
1
3
4
1
3
0
3
2
3
6
2
6
7
7
5
4
4
2
1
5
4
0
-1
-2
-2
-1
7
2
3
-3
-5
-1
-1
-3
0
1
-2
1
-2
1
4
1
4
1
2
13
9
4
3
2
3
8
8
4
12
6
9
11
11
12
10
7
11
10
2
7
9
9
9
1
3
5
5
3
0
1
-6
-1
5
3
1
3
0
5
2
0
6
-1
-3
0
4
5
0
-1
-2
-2
-3
4
5
4
5
8
6
1
0
3
7
-2
7
1
3
5
3
3
5
-1
-3
0
6
6
5
7
1
5
9
14
9
8
8
10
9
9
11
11
10
11
11
10
10
6
7
12
11
15
14
13
13
15
10
18
10
15
13
14
14
7
9
14
13
10
8
8
14
8
8
8
5
5
8
12
6
8
12
9
11
6
13
6
8
8
6
11
9
10
11
9
5
8
6
12
8
10
8
11
9
5
8
12
3
3
4
2
5
5
9
9
8
7
8
5
10
8
12
7
6
10
8
10
4
5
8
7
11
9
10
6
6
12
8
6
6
7
9
8
7
6
7
8
8
14
14
7
10
12
9
8
8
6
10
9
9
12
9
13
8
8
4
4
-1
0
4
5
2
-6
0
2
0
4
2
4
4
-1
-1
0
0
-2
-3
2
2
3
-1
-4
-2
0
-2
-1
1
-3
5
-1
1
6
7
2
5
6
1
-2
0
8
-1
-1
-2
0
2
6
-2
0
4
-1
0
0
-2
0
5
2
3
1
2
5
-1
-1
2
3
11
6
8
6
7
7
5
5
2
6
6
7
9
10
9
9
14
10
12
8
10
10
11
9
10
16
11
12
12
10
18
12
11
11
15
13
12
19
19
15
14
15
14
12
13
9
6
7
6
3
1
8
4
5
6
5
1
10
5
-3
-1
-1
-2
-3
0
1
0
-5
-1
-1
-5
-1
3
-5
-4
-4
-5
-1
-6
-3
-4
-2
-4
-3
3
-3
-1
-2
-7
-6
-6
4
-2
-4
-2
-4
-7
-2
0
-1
2
4
-1
3
6
-3
-4
-2
-2
-2
-1
-2
-5
5
6
-1
0
4
4
1
0
-1
-2
-4
0
-4
-2
-3
-6
-5
-2
1
0
-1
-7
-2
-2
-2
-6
-8
-5
-6
-2
-3
-7
2
2
-4
1
2
6
0
-2
3
3
3
3
3
-4
-2
3
-2
-2
-1
0
-5
-3
-4
-4
-3
-1
-2
-3
0
-1
4
1
-2
3
-2
-1
-1
-2
4
-1
-1
-2
1
5
5
0
2
7
-1
5
2
2
1
3
-3
-8
-2
-2
-1
-2
-1
-2
-4
-8
-11
-7
-10
-9
-7
-4
-2
-4
-9
-5
-7
-5
-11
-6
-2
-10
-12
-11
-9
-11
-11
-15
-9
-9
-11
-7
-5
-14
-14
-11
-11
-11
-8
-5
-4
-4
-7
-6
-9
-7
-7
-8
-11
-12
-11
-8
-6
-7
-3
-11
-2
-5
-9
-6
-4
-8
-1
-1
-5
-7
-4
-4
-8
-2
-5
-6
-9
-8
-1
-5
-6
-7
-5
-7
-11
-10
-5
-7
-12
-6
-11
-3
-7
-10
-6
-7
-11
-10
-9
-7
-13
-10
-6
-11
-5
-5
-5
-11
-8
-8
-7
-5
-5
-6
-5
-1
-7
-5
-5
-4
-3
-2
0
-6
-2
-6
-4
-3
-3
-3
-4
-2
-6
-5
-2
-6
-9
-6
-6
-4
-4
-6
-6
-5
-8
-4
-1
-7
-3
-2
-3
-8
-8
-11
-5
-6
-8
-8
-7
-7
-13
-13
-8
-12
-7
-5
-7
-2
-3
-2
-1
-4
-11
-13
-5
-4
-10
-14
-6
-3
-6
-7
-13
-10
-7
-8
-7
-7
-7
-5
-11
-3
-2
-5
3
0
2
0
2
0
-3
0
-6
-11
-1
-2
-8
-4
-4
-6
-9
-7
-3
-6
-3
-2
-5
-4
-6
-10
-9
-5
-6
-4
0
0
0
-1
-1
-4
-6
-4
-5
-5
-1
-6
-3
-2
-7
-1
-7
-7
-6
-4
-11
-12
-8
-14
-7
-1
-12
-3
-4
-6
-5
-3
-5
-4
0
-4
-3
-1
-5
-6
1
0
-2
-3
-3
-4
-8
-5
-6
-4
-5
-3
1
-6
-3
-3
-3
-5
-5
-1
-2
-1
0
-2
0
2
-2
-2
-1
0
-2
-3
-4
-2
-4
-1
-4
-5
-1
-8
-5
1
-1
-6
-1
-4
-4
-3
-8
-7
-1
1
-3
-6
-1
-7
-1
1
-5
-11
-5
-4
-6
-1
-4
-12
-7
-9
-12
-8
-11
-5
-11
-10
-5
-12
-8
-6
-8
-5
-6
-8
-5
-10
-14
-14
-13
-9
-7
-7
-10
-10
-9
-9
-8
-8
-10
-6
-9
-7
-5
-6
-3
-7
-6
0
1
-4
-3
1
4
0
2
0
6
3
2
1
8
13
11
9
5
4
4
11
6
11
10
9
5
6
7
6
9
0
5
3
7
5
5
3
8
8
3
10
2
7
14
8
8
9
12
12
9
2
12
12
6
4
2
6
10
-1
1
11
4
10
8
7
5
-2
-1
-3
-3
1
2
2
-5
1
-3
-5
2
-3
-2
2
-6
-1
-2
6
1
-7
0
-2
2
3
1
1
-1
-2
0
1
5
1
5
-2
-1
1
0
3
-3
-1
-3
-3
0
-2
-3
-3
-5
-7
-3
-5
-6
-4
-3
-7
-9
-9
-7
1
-3
1
-3
-7
-3
-7
-10
-6
-5
-4
-6
2
3
-6
-1
-6
-1
-2
-4
-4
1
4
1
3
1
4
1
-1
13
10
5
2
2
8
2
0
7
3
3
7
4
3
3
2
9
10
9
7
3
6
9
4
3
10
8
5
5
12
6
3
9
8
9
10
6
9
10
