20
27
36
28
24
34
19
5
15
27
35
28
26
16
6
9
24
32
14
10
19
8
-6
16
32
7
-2
15
9
2
17
12
3
9
19
5
-5
16
16
14
7
2
0
17
19
10
13
7
-5
3
14
-2
7
16
-6
-16
-3
6
4
1
9
0
-14
-6
3
6
-2
2
8
-10
-11
7
14
3
1
2
0
5
8
4
6
15
7
-7
0
4
-1
5
8
3
9
15
-4
-1
11
11
2
1
6
0
4
4
1
-3
2
6
-7
-3
6
8
1
-4
5
9
6
5
0
5
10
6
2
0
-9
0
6
0
-5
6
6
-10
-7
7
-2
-2
6
5
0
-7
-5
-4
7
5
-2
-2
-11
-6
-6
3
-1
-6
-8
-13
-9
-4
5
-7
-5
4
1
-9
13
14
4
4
1
3
0
15
15
13
19
5
-11
-8
7
11
13
8
-9
-9
0
1
3
12
10
-10
-13
5
8
11
15
13
2
0
6
7
1
10
12
2
6
4
5
14
33
22
3
9
12
2
7
32
23
6
10
10
4
15
29
20
4
6
7
3
15
17
12
2
4
1
1
13
17
10
9
9
7
11
17
21
16
12
6
6
9
16
17
8
13
15
12
8
12
16
8
9
19
3
-7
8
8
-5
4
16
4
-19
-10
10
-1
-7
-2
0
-10
-4
2
-1
2
-1
-4
-6
0
7
6
0
2
-1
7
8
5
6
16
9
-6
4
22
18
5
12
19
5
5
12
8
8
15
24
9
4
7
18
4
13
22
17
5
4
16
2
16
17
5
1
9
10
-4
1
15
13
7
2
4
8
3
11
9
8
8
8
6
3
10
11
2
5
8
10
5
8
18
6
5
16
9
4
15
19
10
3
11
6
10
16
6
2
1
0
-4
-6
5
5
-5
-5
-2
-11
-9
-8
-11
-5
7
-2
-13
-12
-5
4
1
8
2
3
6
-3
-2
4
3
2
-5
0
2
-1
-1
0
12
13
5
2
-2
3
11
15
8
5
11
12
4
11
15
7
7
4
2
-3
-1
4
1
6
13
5
5
8
8
5
9
10
4
2
1
6
6
11
14
13
6
6
6
21
27
13
10
10
12
15
21
19
24
29
15
-1
12
22
17
10
10
11
14
14
12
13
13
12
-4
-6
2
2
10
2
-4
2
10
3
3
11
13
3
-7
-2
6
9
7
2
-3
-3
4
6
-1
7
5
5
3
1
0
-2
4
4
7
4
6
6
2
2
3
7
5
5
4
3
8
11
7
4
6
3
4
3
14
12
4
3
9
4
10
9
6
14
7
13
7
10
12
11
7
2
1
7
11
8
2
-6
-3
-4
2
-1
-4
-5
-4
-5
-10
-5
-1
4
-7
-3
0
-3
1
1
5
3
3
-2
-3
1
6
6
-1
9
3
-6
-1
9
8
8
6
5
7
12
14
5
13
12
2
-2
6
20
14
6
5
4
13
11
2
9
5
4
-2
-3
3
10
7
12
9
8
3
0
8
10
10
8
6
-2
-1
3
2
3
13
7
-4
4
13
14
19
17
9
5
4
16
10
12
24
14
9
11
12
9
19
17
9
4
9
10
12
16
17
12
12
12
17
21
22
20
11
16
18
15
20
23
20
11
13
14
13
18
20
16
11
13
7
19
24
21
19
13
17
16
17
17
16
21
6
1
9
15
8
14
18
4
7
13
7
8
12
21
11
5
12
0
1
10
9
6
7
13
3
3
15
15
6
-1
8
14
9
7
8
6
2
1
5
6
9
6
6
6
10
7
11
10
1
-2
8
11
3
4
6
7
2
3
10
3
1
-4
-4
2
-2
-1
3
-2
0
1
-2
1
4
2
-4
0
-3
-1
2
3
3
-1
0
-1
-5
-1
-2
-3
-1
-3
-5
4
3
-6
-3
3
-3
-4
1
0
-4
-1
7
-3
-3
4
3
-6
-8
-3
-9
-8
-2
-1
1
-6
0
-4
-9
-2
-6
-4
-2
-3
-4
4
3
3
-1
2
4
3
1
5
8
0
3
0
4
0
10
5
1
6
-1
-1
0
-2
1
1
5
3
0
-1
-1
-4
4
2
-7
-3
-8
-5
-1
-5
-2
-6
1
0
-3
2
6
0
0
5
2
2
1
2
-1
-6
-10
-8
-3
-3
-4
-7
-8
-12
-10
-7
-4
0
2
0
-6
-3
-9
-1
-1
-10
-14
-13
-10
-9
-7
-6
-9
-12
-15
-6
-11
-15
-4
-7
-13
-8
-3
-9
-13
-4
-10
-17
-15
-8
-10
-19
-11
-10
-13
-13
-4
-7
-12
-11
-16
-13
-14
-10
-13
-9
-8
-11
-12
-10
-7
-3
-10
-15
-12
-14
-14
-17
-2
-2
-13
-15
-8
-8
-6
-4
-8
-13
-10
-9
-15
-9
-18
-5
-2
-14
-9
-1
-10
-8
-3
-4
-5
-7
-4
-15
-10
-7
-8
-6
-8
-7
-17
-10
-4
-11
-10
-12
-13
-13
-8
-13
-10
-5
-13
-17
-11
-10
-9
-9
-8
-3
-8
-9
-11
-9
-11
-14
-9
-8
-11
-4
-5
-7
-9
-4
0
-2
-3
-6
-4
-7
7
6
1
1
1
-5
-5
-6
-3
3
-4
-6
-6
3
-3
0
4
-1
-3
-5
3
-1
0
2
-3
-9
3
10
6
0
0
4
1
-1
0
4
0
-2
-5
0
4
3
6
5
-3
-6
-2
1
-1
7
11
6
3
7
8
1
8
10
8
-3
-5
4
3
2
2
1
-1
-1
-5
3
6
6
13
5
0
2
6
1
5
6
9
-3
2
7
0
0
-3
6
2
-2
1
7
0
2
6
1
4
6
7
4
6
5
3
8
10
6
8
5
4
1
3
-1
3
5
0
-1
-1
5
2
2
3
3
4
3
3
6
0
-1
0
4
4
3
7
2
2
2
3
-3
1
3
-5
-3
0
-7
-6
-3
-6
-10
-2
-1
-6
-2
-4
-3
-4
0
2
-1
-5
-3
-7
-9
-1
0
-4
-4
-4
-7
-1
-3
-4
-3
-1
-4
-9
1
-2
-2
-2
3
11
-3
1
0
1
1
1
5
-1
-4
-1
2
0
5
7
1
-2
0
3
-1
3
6
-4
-5
-3
8
2
4
1
4
1
2
7
1
4
2
3
-3
-3
0
1
-1
0
-3
0
1
1
8
-1
-4
-6
-2
4
-4
-6
-2
-3
-6
-8
-1
4
-5
0
-1
0
-7
-5
-1
1
-1
-2
-4
-10
-8
-4
-3
-11
-2
-12
-6
-4
-8
-3
-1
-1
-6
-1
-6
-3
-1
-4
-7
-7
-2
2
-4
-6
-1
-2
-4
-7
-5
-1
-5
-5
0
-4
-3
-2
-1
-1
5
7
0
1
2
-3
-3
-1
-4
-2
0
-1
0
-3
-3
-4
-5
-3
-4
-8
-5
0
-4
0
3
-6
-3
-1
-1
0
3
0
-3
9
4
-5
2
2
6
1
4
5
3
2
-1
-1
0
1
-3
-1
4
4
-2
3
2
4
2
-5
-3
1
6
0
-2
3
4
-1
-6
-1
5
-5
-1
6
1
4
2
7
1
3
2
-3
3
7
6
2
-4
2
1
0
3
1
6
0
0
1
7
3
-1
-3
0
3
-5
-4
3
4
4
5
-2
6
6
1
0
0
5
-4
-2
2
6
2
7
2
0
5
-1
0
-2
-3
-2
5
0
0
-6
1
3
-6
6
5
-3
-1
1
-3
-1
0
6
-3
-8
-7
0
-4
0
-3
-2
3
-4
3
3
-1
4
2
0
4
3
-1
3
2
4
7
-3
5
1
2
-3
-1
5
4
4
3
-1
-4
-2
-2
-1
-1
-2
-1
2
-9
-2
2
-2
1
-2
1
-6
-3
-5
-9
-2
3
4
6
-1
2
6
-2
-3
0
0
0
1
0
0
0
4
3
-2
3
8
-2
1
3
0
4
-1
4
3
0
-3
1
3
6
5
1
6
-1
5
0
-3
0
3
5
-2
1
2
-5
-4
-3
-5
-6
-1
2
-2
-1
-4
-1
8
-1
-1
3
-5
-1
-3
2
2
2
7
4
2
0
1
1
2
2
3
3
3
0
-1
-2
2
-4
-2
0
-6
-5
-5
-3
-10
-11
-7
2
-4
-7
-6
-4
-3
-3
-4
-3
-9
-5
-5
-6
-4
-9
-5
-5
-2
-4
0
3
1
-4
-5
-1
-3
-7
-2
-2
-10
-4
-1
-2
1
-2
-3
-7
-2
0
-1
-8
-2
2
2
1
1
3
4
1
-1
1
8
7
1
-2
5
4
1
3
-5
0
2
0
-3
-2
-6
-6
-1
-7
-4
-1
-1
-5
-1
-3
-1
-5
-1
2
-2
1
1
1
-3
-1
-2
-3
2
2
2
4
1
4
-1
-1
-1
-6
4
2
-4
0
-1
-6
-2
-2
1
-6
-4
1
-5
-1
0
-4
-1
1
-2
-3
-3
-4
-1
2
4
-4
0
-6
3
4
2
0
6
0
-8
-2
1
0
0
1
-2
0
2
-5
0
2
0
8
3
2
6
8
3
6
0
2
3
0
4
2
6
7
7
11
8
6
8
5
5
7
8
6
7
10
5
5
6
5
6
7
5
7
12
10
9
9
6
7
9
5
12
8
4
7
6
5
7
9
5
3
6
8
9
6
6
2
9
11
9
5
3
7
5
3
0
-1
-4
4
0
-3
-4
-2
2
-4
-4
-2
-1
-1
-1
-1
1
5
4
1
-2
1
4
4
3
4
8
6
0
1
4
1
-1
5
0
-3
-1
-5
0
0
0
-2
-8
-6
0
2
1
0
-2
-1
-3
0
2
3
-4
-2
0
-2
0
-2
5
1
-5
-6
-3
-5
-1
1
1
3
2
4
-3
7
-4
-4
5
4
2
3
-2
-4
-6
-3
1
-2
-1
1
-4
-2
-6
-4
0
-8
1
-3
-6
-1
5
2
-2
6
3
-2
5
2
1
-2
-3
-2
-7
-2
2
-5
-7
1
-1
-1
1
-1
-2
-6
1
6
-4
-4
0
-3
-5
-3
-4
0
4
-4
-8
-7
0
-6
-2
-4
-7
-7
-4
-7
-6
-1
-6
-8
-6
-2
-4
-10
-8
-6
-2
-6
-13
-7
-5
-2
-7
-6
-7
-6
-4
-7
-7
-7
-8
-8
-10
-10
-8
-8
-5
-5
-14
-6
-3
-8
-4
-5
-4
-10
-9
-10
-18
-10
-11
-11
-5
-9
-11
-7
-6
-7
-6
-7
-10
-11
-5
-4
-2
-5
-10
-6
-5
-12
-8
-3
-4
-8
-3
-1
-6
-3
-10
-10
-6
-4
1
-6
-7
-3
-2
-4
-3
-5
1
-2
-8
-5
-5
-3
-3
4
-3
-8
-5
-6
-6
-8
-3
1
-3
-2
-5
-7
2
-2
-1
5
-3
-6
-2
-1
-1
-1
3
-3
-2
-1
-2
0
1
-3
0
-3
-2
-3
-1
4
-5
-2
-4
-4
-3
-7
-6
-6
0
-3
-1
2
-2
5
4
-1
-3
-3
1
2
-4
3
2
-3
0
0
3
4
1
-1
-1
-1
2
-4
-5
1
1
2
0
-2
-3
-4
-2
-2
-6
-5
-2
2
1
1
1
-6
-3
-4
-4
-1
-4
-1
-2
1
1
-2
3
2
0
1
-2
4
2
-1
-4
2
-5
-4
-2
-1
2
-3
-1
-4
4
2
3
-2
1
1
-3
0
-2
-1
3
7
-2
1
2
3
1
1
-1
4
1
3
4
-3
2
-1
1
2
8
4
2
5
2
5
7
4
2
4
8
1
1
0
5
1
0
4
-1
4
0
5
6
4
5
1
4
3
0
2
6
0
2
0
3
-6
1
2
-5
3
-2
-1
-7
-1
2
2
2
3
5
0
5
6
2
-1
5
1
-6
6
5
6
-2
5
8
5
9
4
3
-2
7
3
5
7
6
5
7
6
3
8
3
-4
0
6
7
8
4
6
5
7
10
10
9
4
8
7
12
16
9
7
6
6
3
9
9
10
14
8
7
6
11
10
10
13
11
11
16
11
14
14
14
14
13
9
12
10
15
11
11
6
10
7
8
14
2
5
6
3
3
5
6
5
3
4
7
8
5
13
4
4
6
2
2
5
11
7
10
5
8
12
12
10
9
14
12
11
15
16
15
11
10
18
15
13
8
13
5
12
11
10
14
7
8
8
13
11
12
10
13
13
16
9
11
10
15
13
3
12
9
8
4
2
2
4
8
4
2
7
6
12
5
3
7
2
5
5
8
3
1
4
3
1
9
1
0
8
3
0
13
6
3
6
3
4
1
3
1
2
2
0
1
0
-2
4
-1
0
2
5
0
2
2
0
5
-1
4
-3
-1
-1
0
-1
-2
-5
0
3
0
-5
-5
-4
1
2
2
8
1
2
-3
2
5
1
-3
-5
0
-1
-4
3
-1
-4
-4
1
4
4
1
6
8
-1
0
-1
2
-2
-2
-6
-9
0
-2
-7
-7
-3
-2
-3
-6
-5
-1
-3
-4
1
-6
-7
-2
-4
-5
-4
-2
-7
-8
-1
2
-5
0
-6
-3
-4
-3
-3
-4
6
0
3
0
-4
-4
-3
3
2
1
-2
1
-4
-5
-3
3
-2
1
-3
-3
-1
-2
-1
-3
0
-2
4
-2
3
-3
-1
-5
-2
1
3
2
-3
0
2
2
0
-5
-6
-9
-5
-1
-4
-3
-3
1
-6
-8
-9
-8
-12
-10
-6
-9
-7
-11
-8
-11
-9
-8
-9
-6
-6
-10
-5
-9
-7
1
-4
-7
-5
-5
-10
-18
-13
-7
-9
-9
-6
-10
-11
-13
-11
-13
-12
-12
-14
-8
-14
-8
-9
-12
-8
-11
-12
-10
-10
-4
-7
-10
-7
-8
-12
-8
-11
-9
-8
-11
-5
-7
-9
-8
-11
-7
-8
-11
-6
-8
-6
-6
-6
-5
-7
-2
-10
-4
-7
-5
-5
-7
-2
-8
-11
-2
-2
-7
-10
-7
-4
-3
-6
-6
-1
-4
-7
-8
-5
-10
-7
-7
-13
-8
1
-2
-9
-16
-15
-9
-8
-6
-12
-7
-8
-11
-11
-5
-8
-7
-8
-8
-8
-9
-4
-3
-5
-4
-8
-8
-7
-9
-8
-10
-12
-19
-13
-12
-10
-8
-8
-8
-12
-15
-10
-14
-12
-5
-9
-8
-4
-3
-8
-9
-4
-5
-8
-1
-10
-7
-9
-8
-3
-2
-4
-11
-6
-1
-5
-4
-6
-3
-3
-12
-4
-7
-8
-5
-9
-11
-12
-5
-9
-15
-13
-8
-9
-5
-6
-8
-2
-2
-4
-1
-2
-4
0
-4
-4
-5
-5
-5
-8
-4
-1
-5
3
-1
-4
1
-4
-2
0
1
2
-4
-2
4
4
2
-5
3
0
2
3
-5
-2
-3
-1
-2
-6
-2
5
3
1
-1
2
-1
0
2
-4
-8
-1
4
0
-3
2
1
1
-2
-3
3
-2
-4
-5
-1
-3
-3
-4
-7
-1
3
-3
-4
-3
-1
2
2
-3
1
-4
-6
-2
-5
-1
5
1
3
1
4
5
2
7
5
4
-3
0
0
-1
5
0
-6
-2
1
-1
2
-2
-2
-3
0
0
-3
1
-4
-2
-3
-3
-5
-1
5
0
2
2
4
1
3
3
-1
0
1
2
4
1
5
4
0
5
0
1
4
2
1
4
1
2
6
4
9
8
4
4
1
5
1
1
2
1
3
3
3
-2
7
1
-4
-1
-2
5
10
10
0
-2
2
-1
2
1
1
2
14
11
-2
-3
8
7
5
11
8
-17
2
29
-1
-20
-4
17
10
2
8
4
0
11
17
0
-9
-2
15
13
-4
-6
0
15
10
-5
-3
12
5
-5
12
18
-3
-17
6
25
6
-7
1
5
17
10
-4
-5
12
20
11
-5
-4
19
16
-3
-7
18
21
-2
-2
18
21
2
1
4
5
21
19
-11
-20
13
34
7
-23
-7
26
23
-3
-22
0
26
13
-10
-4
20
2
-7
16
14
-7
2
15
4
-3
7
0
-6
15
-3
-27
3
19
-16
-31
11
11
-22
-6
3
-18
-13
20
10
-27
-13
23
22
-12
-11
7
12
15
0
-16
7
20
-8
-18
26
31
-30
-19
55
29
-44
-23
38
32
0
-14
-18
17
49
11
-28
-7
19
20
21
4
-25
2
34
8
-15
23
43
-7
-25
21
56
33
-2
-21
5
56
44
-5
-14
26
49
32
8
2
41
63
18
-10
10
26
30
37
15
-17
-5
41
55
22
-6
4
22
52
50
-12
-37
21
22
-69
-35
55
-49
-147
-18
45
-118
-142
-18
-95
-207
-76
-65
-350
-340
12
-57
-486
-435
-57
-98
-342
-334
-337
-366
-196
-160
-400
-436
-217
-196
-288
-178
-69
-150
-155
22
123
104
149
236
250
363
518
520
524
650
779
978
969
427
442
1597
1699
52
-211
1454
1650
243
42
527
184
227
737
4
-928
-331
215
-533
-990
-705
-876
-1241
-1161
-1189
-1381
-1314
-1365
-1621
-1540
-1303
-1269
-1302
-1344
-1244
-848
-665
-904
-792
-188
272
403
286
226
708
1537
2531
3018
729
-1802
2254
8199
3738
-4505
-633
7510
4595
-762
1392
1674
-1373
2411
5967
-819
-5068
1410
3746
-2048
-2238
1690
-1069
-4281
-614
1493
-1762
-2885
-1465
-2019
-1922
241
-211
-3178
-3378
-502
1133
-402
-2504
-2030
36
576
-83
-252
-597
-816
448
1330
124
-605
279
319
-339
392
998
-195
-1015
-182
364
-24
-273
-621
-1178
-777
177
-22
-1096
-1260
-221
557
91
-578
-167
585
1070
1655
713
-1379
544
4999
2920
-2736
-409
5369
3205
-862
1311
2536
-33
1271
3792
361
-2251
1393
2656
-1123
-1467
1208
-55
-2321
-809
332
-1341
-1993
-1323
-1809
-1934
-925
-1382
-3014
-2805
-1242
-1044
-2145
-2621
-2074
-1523
-1389
-1387
-1514
-1593
-1110
-606
-817
-961
-256
583
549
-21
481
1928
2147
2020
3728
2845
-1406
1360
9722
6112
-4956
-991
10125
5962
-2008
2579
4798
-1556
1089
8002
1231
-6086
1243
5545
-2095
-3497
2564
13
-5407
-1513
2155
-1888
-4073
-1824
-1963
-2633
-570
-808
-4217
-4180
-492
317
-2476
-3561
-1879
-1027
-1421
-1013
-1016
-2308
-1954
42
-236
-1858
-1168
36
-889
-1329
36
238
-994
-771
724
1045
532
848
1432
1462
2580
4319
2148
-1891
1529
8984
5627
-3989
-1188
8545
6346
-978
1152
3814
53
1162
5766
1125
-4613
521
4488
-1232
-3416
1325
579
-4021
-2226
1217
-925
-3418
-2440
-1841
-2047
-1120
-1161
-3107
-3568
-1503
-203
-1527
-3070
-2514
-1281
-1176
-1318
-1258
-1949
-2156
-699
-84
-1387
-1631
-444
-524
-1143
-449
-87
-908
-849
252
808
873
989
1063
1371
2376
3923
3780
248
-1094
5130
9265
1978
-3897
3198
9069
3513
-208
3058
2372
-93
3759
5018
-1514
-2978
2675
2335
-2555
-1230
1410
-1885
-3962
-717
380
-2343
-3264
-2533
-2754
-2144
-735
-1935
-4550
-3943
-856
-361
-2899
-4054
-2679
-1522
-1349
-1404
-2298
-3070
-1716
-156
-945
-1984
-1264
-731
-1158
-811
-73
-428
-621
564
1436
1179
1401
2327
3234
4438
3645
30
885
8157
8680
-593
-2319
7038
9369
2249
548
3536
2157
1724
5206
3094
-2909
-1180
3705
1015
-2971
-656
565
-2961
-3437
-229
-348
-3200
-3957
-3104
-2244
-1487
-2090
-3974
-4464
-2706
-996
-1617
-3763
-4239
-2376
-1138
-1655
-2362
-2745
-2557
-1245
-462
-1435
-2060
-1221
-764
-1087
-665
8
-500
-941
535
2124
1642
914
1872
3514
5102
4554
278
-392
7679
10929
973
-4014
5983
11313
3438
-313
3808
3179
1060
4847
4630
-2509
-2503
3836
1979
-3680
-1310
1552
-2700
-4707
-814
58
-3124
-4124
-3063
-2584
-2564
-2783
-3022
-3289
-3994
-3397
-1537
-1998
-3959
-3514
-2309
-2429
-1718
-1141
-2943
-3485
-973
-83
-1735
-2001
-1084
-1293
-1027
359
81
-1212
22
2131
1797
1221
2443
3480
4631
5159
1521
-559
6815
11906
2883
-4234
4652
12230
5380
-553
3100
4354
1691
3948
5211
-1060
-3325
2729
3268
-2876
-2624
1175
-1787
-5122
-1717
505
-2885
-5045
-3669
-2602
-2019
-1668
-4349
-7122
-3421
1750
-1748
-7904
-5162
459
-867
-3914
-3415
-2955
-2397
-220
-860
-3828
-2857
215
-399
-2368
-1480
80
-300
-856
243
1563
1703
1488
1946
3242
5563
5951
1478
-946
6386
12546
4797
-3687
3191
11860
6903
543
3196
4288
1586
4236
6180
-326
-3340
2462
3350
-2276
-2166
1031
-1741
-4859
-2163
155
-2119
-4599
-4386
-3248
-2235
-1490
-3563
-7548
-5612
1286
118
-7921
-7180
-83
-463
-4278
-3434
-3079
-3823
-811
254
-3695
-4185
-490
-403
-2264
-1271
-447
-1462
-916
858
1158
869
1507
2242
2935
4667
6376
4232
-172
2178
11166
11026
-393
-2175
9487
11993
2760
1242
5520
2996
1992
6837
4135
-3290
-727
4315
314
-3167
54
108
-4294
-4198
-773
-1003
-3841
-5105
-4593
-2844
-1791
-4434
-6942
-3947
-1225
-4386
-6018
-2705
-2158
-4579
-3926
-2554
-3095
-2348
-1578
-3147
-3208
-762
-168
-1937
-2803
-1513
594
797
-1177
-1477
1254
2881
1835
1517
2892
4124
5915
6550
2142
-443
7590
13604
4367
-3540
5073
12776
6511
915
3443
4262
3004
4855
4397
-625
-1573
2236
1889
-2191
-2069
133
-2109
-4981
-2867
-457
-2594
-5521
-5403
-3534
-2304
-3060
-5240
-6189
-4443
-2098
-2204
-4703
-5765
-3734
-1890
-2390
-3384
-3628
-3255
-1953
-983
-1639
-2581
-2238
-1216
-601
-679
-942
-764
-301
488
1579
1850
1713
2613
3753
4774
6521
5165
547
2744
11647
10642
-37
-49
10079
10605
3248
2868
5299
2946
3128
6389
3092
-2297
183
3367
-384
-2826
-40
-521
-4489
-3997
-1142
-2089
-4526
-5087
-4655
-3370
-3206
-5696
-5928
-2911
-3653
-6507
-4381
-1850
-4214
-5530
-3627
-3112
-3098
-2098
-3070
-4205
-2076
-201
-1712
-3028
-1787
-395
-341
-541
-437
57
1252
2182
2172
2588
3855
5299
6724
5206
1108
3608
12143
10536
36
798
10876
10975
3860
3014
4879
3877
4703
6059
2255
-1544
828
3038
-152
-2535
-703
-912
-4155
-4141
-1496
-2197
-5267
-6063
-4617
-3500
-3842
-5202
-6287
-5911
-4143
-2911
-4338
-6304
-5091
-2810
-3092
-3937
-3449
-3415
-3294
-1785
-1194
-2215
-2344
-1423
-895
-569
-260
-402
-433
357
1735
2411
2213
2500
3733
5170
7029
6454
1947
1845
10302
12757
2888
-1032
8308
12286
5268
2398
5382
4264
2866
5731
4540
-1219
-832
3004
594
-3019
-966
-271
-4120
-4971
-2014
-2039
-4923
-6019
-5061
-4160
-4117
-4768
-5687
-6150
-5072
-3270
-3711
-5819
-5416
-3231
-3091
-3836
-3276
-3092
-3326
-2144
-1178
-1918
-2213
-1315
-820
-762
-313
-210
-401
209
1662
2233
1949
2514
3901
4724
6165
6980
3571
1155
7666
13310
6067
-1290
5373
12406
7458
2502
4746
4769
2787
5263
5725
7
-1620
2405
1825
-2231
-1479
-108
-3248
-4928
-2384
-1847
-4541
-5838
-5040
-4531
-4473
-4515
-5249
-6232
-5673
-3872
-3750
-5457
-5530
-4001
-3768
-3965
-3046
-3111
-4007
-2890
-1189
-1744
-2624
-1813
-922
-881
-675
-376
-313
150
1310
2044
2120
2618
3724
4594
6182
7184
4041
1321
7110
13203
7155
-605
4635
12056
8491
3222
4477
4865
3273
5240
5836
693
-1498
1978
2030
-1750
-1690
-262
-2803
-4895
-2994
-1959
-4124
-5852
-5516
-4839
-4575
-4570
-5352
-6538
-5958
-3897
-3825
-5744
-5736
-4004
-3728
-4060
-3312
-3233
-3825
-2790
-1331
-1939
-2796
-1725
-519
-947
-1214
-345
248
318
1130
1924
2191
2947
3968
4510
6322
7319
3665
1511
8252
13250
5944
-468
6140
12235
7527
3373
5210
4636
3090
5814
5756
-12
-1322
2441
1681
-1996
-1383
-415
-3331
-4834
-2559
-1877
-4504
-6348
-5479
-4221
-4409
-5247
-5828
-6257
-5622
-3914
-4006
-5966
-5819
-3744
-3528
-4274
-3565
-3151
-3664
-2825
-1425
-1936
-2749
-1774
-701
-1008
-1080
-290
-4
17
1130
2089
2105
2692
3877
4509
6224
7431
3882
1239
7934
13729
6418
-822
5981
12837
7720
3065
5459
5094
2986
5847
6182
33
-1405
2918
1981
-2264
-1361
26
-3220
-4915
-2429
-1796
-4507
-6110
-5331
-4433
-4485
-4989
-5771
-6485
-5665
-3779
-4061
-6186
-5941
-3774
-3615
-4473
-3818
-3375
-3788
-2866
-1539
-2276
-3080
-1769
-579
-1188
-1305
-260
-28
-198
1098
2200
1972
2462
3941
4627
6158
7376
3956
1336
7930
13662
6518
-530
6037
12588
7738
3379
5502
4925
3029
5910
6060
72
-1286
2742
1777
-2189
-1365
-232
-3382
-4832
-2574
-2520
-4925
-5476
-4995
-5646
-5396
-4152
-5038
-6987
-6212
-4007
-4074
-5327
-5250
-4655
-4423
-3596
-2739
-3436
-4049
-2719
-1294
-1881
-2507
-1544
-752
-1093
-747
182
102
-111
1118
2224
2299
2840
3910
4326
5930
7600
4595
1245
6846
13430
7549
-362
4933
12186
8293
3547
5165
4799
2942
5733
6246
345
-1614
2407
2173
-1900
-1778
-255
-2765
-4782
-3178
-2757
-4522
-4985
-5271
-6612
-5540
-3205
-4776
-7826
-6731
-3856
-3821
-5183
-5573
-5304
-4436
-3075
-2795
-3935
-4161
-2576
-1328
-2019
-2585
-1565
-723
-1169
-975
157
421
93
977
2198
2687
3178
3918
4692
6804
7317
3231
2094
9742
13133
4311
-80
8290
12324
6127
3691
5887
4055
3401
6928
4935
-1350
-502
3493
975
-2602
-1063
-591
-3802
-4492
-2476
-3059
-5386
-5723
-5204
-5565
-5377
-4737
-5632
-6994
-6011
-4096
-4466
-5887
-5478
-4353
-4329
-3932
-3040
-3466
-3960
-2475
-1303
-2219
-2409
-1022
-719
-1344
-538
531
263
346
1684
2549
2844
3508
4197
5645
7725
5938
1809
4851
12643
10339
1186
2625
11161
10436
4452
4478
5487
3372
4740
6951
2344
-1982
1306
3304
-829
-2545
-402
-1741
-4646
-3590
-2318
-4212
-5545
-5229
-5692
-5795
-4594
-4834
-6659
-6839
-5092
-4186
-4935
-5689
-5406
-4640
-3952
-3317
-3393
-4043
-3619
-1909
-1422
-2360
-2232
-1046
-837
-982
-173
365
119
853
2213
2706
2976
3839
4800
6709
7540
4001
2098
8752
13382
5997
237
7052
12317
7355
4004
5672
4388
3423
6679
5585
-583
-838
3200
1557
-2263
-1386
-713
-3614
-4462
-2651
-3256
-5334
-5559
-5461
-5988
-5335
-4623
-5894
-7185
-6141
-4380
-4455
-5669
-5819
-4844
-4096
-3653
-3354
-3766
-3871
-2534
-1356
-1985
-2522
-1563
-683
-867
-629
126
157
233
1613
2681
2700
3154
4212
5262
7315
7183
2903
2776
10792
12842
3758
710
9011
11689
5889
4382
5821
3374
3625
7361
4461
-1730
-60
3500
326
-2604
-623
-1119
-4571
-4315
-2423
-3773
-5424
-5344
-6048
-6493
-4710
-4083
-6487
-7902
-5990
-3873
-4248
-5818
-6190
-5077
-3700
-2930
-3351
-4373
-3947
-1873
-1048
-2215
-2553
-1342
-758
-897
-244
304
-59
446
2104
2817
2924
3787
4581
5867
7884
6037
2017
5726
13322
9676
857
4086
12093
9459
4156
5514
5534
2879
5405
7202
1355
-1981
2234
2879
-1724
-2164
-184
-2690
-5051
-3183
-2693
-5217
-5865
-5100
-5997
-6341
-4844
-4994
-7144
-7225
-4930
-4133
-5454
-5991
-5151
-4510
-3892
-3090
-3592
-4382
-2996
-1066
-1658
-2738
-1828
-690
-857
-754
-52
-11
-13
1234
2379
2487
2921
4027
4802
6528
7698
4451
1890
7991
13535
7058
398
6192
12103
7956
4311
5655
4299
3049
6546
6165
-324
-1376
2931
1778
-2259
-1358
-415
-3757
-4953
-2654
-2896
-5262
-5833
-5905
-6194
-4903
-4241
-6435
-7962
-6081
-3823
-4306
-6025
-6255
-4862
-3653
-3324
-3548
-4119
-3866
-2174
-995
-1852
-2534
-1524
-495
-556
-374
155
89
230
1664
2728
2745
3224
4278
5105
7070
7399
3437
2729
10183
12658
4216
1070
8876
11464
5868
4423
5865
3487
3621
7072
4185
-1750
-81
3367
208
-2750
-905
-1270
-4552
-4336
-2612
-3988
-5709
-5583
-6026
-6294
-4738
-4468
-6906
-7822
-5437
-3609
-4663
-6140
-5915
-4634
-3489
-2893
-3535
-4477
-3548
-1447
-1062
-2207
-2305
-1278
-567
-392
-172
-36
-26
528
1862
2709
2777
3258
4246
5410
7350
6780
2641
3352
11278
11910
2644
1302
10004
11035
4805
4422
5844
2929
3866
7518
3295
-2538
655
3752
-589
-2883
-297
-1550
-5069
-3932
-2255
-4280
-5748
-5400
-6195
-6145
-4150
-4546
-7498
-7613
-4632
-3456
-5107
-6261
-5540
-4274
-3379
-2970
-3600
-4332
-3252
-1273
-1126
-2192
-2134
-1228
-631
-235
80
-70
-183
656
2188
2920
2796
3287
4497
5945
7533
6177
2364
4545
12200
10769
1605
2433
11029
10266
4264
4689
5444
2765
4713
7279
1831
-2551
1626
3298
-1498
-2585
-173
-2409
-5260
-3417
-2470
-4842
-5675
-5377
-6412
-5779
-3813
-5145
-7888
-6964
-4118
-3737
-5369
-6256
-5420
-3836
-2998
-3290
-4055
-4040
-2615
-1095
-1390
-2452
-2090
-815
-320
-446
-220
46
48
706
2149
2800
2666
3413
4670
6031
7397
5529
1910
5436
12883
9449
421
3487
11860
9298
3757
5091
5011
2420
5507
7284
617
-2688
2374
3024
-2085
-2357
-210
-3119
-5397
-2998
-2586
-5427
-5995
-5366
-6237
-5783
-4169
-5390
-7741
-6840
-4172
-3782
-5377
-6134
-5162
-3847
-3072
-2903
-3588
-3981
-2492
-699
-1097
-2168
-1702
-685
-301
62
366
36
-10
1261
2598
2700
2837
3990
4821
6004
7527
5294
1724
6244
13252
8250
-274
4468
12341
8433
3106
5004
4890
2616
5704
6591
-164
-2386
2806
2575
-2541
-2193
-293
-3537
-5242
-2664
-2862
-5721
-5911
-5474
-6230
-5271
-4215
-6276
-7848
-5873
-3848
-4474
-5838
-5963
-4825
-3609
-3175
-3447
-3839
-3488
-2081
-970
-1510
-2244
-1606
-468
-156
-139
110
202
304
1449
2737
2843
2973
4225
5244
6544
7308
4336
2146
8233
13098
5953
-170
6642
12082
6839
3392
5305
3921
2940
6643
5419
-1460
-1402
3352
1334
-2847
-1328
-801
-4481
-4733
-2198
-3447
-5835
-5614
-5986
-6380
-4358
-4079
-7267
-8020
-5041
-3446
-4693
-6074
-5999
-4561
-3068
-2849
-3695
-4126
-3186
-1456
-871
-1807
-2241
-1285
-316
-173
-48
210
142
368
1792
2955
2868
3168
4448
5621
7081
6576
2901
3528
11046
11574
2430
1232
9992
10922
4546
3962
5449
3071
4122
7147
2782
-2512
731
3565
-671
-2902
-565
-1988
-5248
-3757
-2100
-4558
-6164
-5545
-5976
-5724
-4247
-5323
-7651
-6736
-4370
-4075
-5180
-5884
-5437
-3926
-2927
-3199
-3751
-3587
-2621
-1289
-1070
-1860
-1899
-807
-120
-153
-2
342
322
790
2221
3046
2909
3649
4985
6088
7095
5579
2463
5635
12419
9156
682
3622
11550
9038
3621
4715
4724
2518
5372
6724
355
-2583
2243
2770
-2099
-2371
-479
-3448
-5451
-2826
-2470
-5489
-6146
-5640
-6303
-5140
-3656
-6108
-8558
-6196
-3234
-3966
-5948
-6246
-4993
-3302
-2526
-3259
-4203
-3604
-1771
-662
-1321
-2110
-1591
-415
53
82
228
326
326
1332
2849
3238
2978
3888
5248
6752
7136
4131
2211
8281
12995
5864
-181
6753
12094
6619
3302
5362
3686
2732
6693
5173
-1848
-1267
3541
1045
-3093
-1301
-874
-4683
-4850
-2216
-3403
-5841
-5690
-5954
-6327
-4363
-3936
-7151
-8256
-5201
-3192
-4555
-6311
-6176
-4458
-3010
-2943
-3748
-4035
-3183
-1571
-909
-1685
-2097
-1233
-384
-137
172
337
164
573
1963
2953
3087
3543
4508
5641
7287
6452
2735
4053
11569
11121
1984
1839
10664
10642
4197
4183
5481
2778
4268
7272
2219
-2865
1089
3568
-1147
-3040
-563
-2303
-5411
-3708
-2277
-4735
-6029
-5604
-6382
-5807
-3778
-5204
-8297
-7174
-3908
-3652
-5564
-6436
-5564
-3791
-2712
-3188
-4181
-3825
-2147
-873
-1358
-2122
-1615
-576
-216
-32
232
266
317
1132
2368
2969
3024
3786
5050
6362
7129
5137
2544
6288
12346
8591
885
4047
11351
8955
3879
4496
4452
2918
5542
6178
250
-2128
2100
2352
-1905
-2225
-845
-3411
-5045
-3004
-2844
-5267
-5810
-5711
-6312
-5111
-3914
-6185
-8066
-6003
-3813
-4388
-5695
-6035
-5241
-3702
-2839
-3361
-4009
-3476
-2056
-1100
-1437
-1943
-1559
-711
-214
78
224
231
312
1245
2562
3073
3075
4007
5262
6588
6999
4402
2524
7967
12752
6305
32
6371
12153
7065
3212
5251
4136
2810
6359
5504
-1355
-1603
3324
1634
-2843
-1606
-734
-4283
-4920
-2268
-3187
-5825
-5721
-5792
-6293
-4358
-3745
-7177
-8400
-4969
-2990
-4680
-6309
-6100
-4692
-2986
-2607
-3814
-4384
-3028
-1259
-1028
-1891
-2041
-1216
-423
-78
140
191
156
457
1591
2772
3028
3098
4176
5503
6916
6858
3703
2744
9207
12526
4782
235
7783
11852
6058
3481
5409
3577
3195
6865
4512
-2051
-691
3592
631
-3030
-1053
-1143
-4837
-4573
-2142
-3783
-6041
-5566
-5910
-6371
-4320
-4039
-7462
-8194
-4693
-3088
-4954
-6357
-5785
-4432
-3131
-2775
-3678
-4250
-2995
-1162
-1025
-1950
-1866
-998
-498
-51
418
257
-6
564
1863
2812
2978
3151
4141
5494
7138
6840
3197
2613
9662
12517
4150
42
8061
11805
5737
3315
5224
3434
3320
6844
4107
-2235
-484
3584
331
-3130
-968
-1150
-4867
-4608
-2298
-3717
-5675
-5570
-6357
-6299
-3767
-4053
-7875
-8078
-4352
-3108
-4953
-6216
-5864
-4430
-2785
-2701
-3979
-4316
-2783
-1104
-1099
-2034
-1957
-944
-394
-240
145
325
149
413
1662
2747
2915
3144
4254
5354
6835
6914
3581
2642
9413
12479
4357
234
8143
11769
5678
3394
5434
3610
3312
6796
4259
-2004
-418
3641
500
-3061
-989
-990
-4722
-4598
-2195
-3608
-5777
-5545
-6050
-6235
-4030
-4109
-7700
-7999
-4369
-3181
-5176
-6299
-5662
-4379
-3046
-2812
-3905
-4388
-2870
-1046
-1166
-2230
-1932
-835
-444
-333
75
232
198
489
1513
2625
3066
3141
4013
5346
6980
6929
3663
2618
9040
12606
5135
217
7277
11820
6544
3458
4981
3672
3432
6674
4494
-1755
-740
3450
824
-2978
-1265
-960
-4547
-4787
-2407
-3495
-5651
-5612
-6101
-6291
-4112
-3998
-7428
-8000
-4658
-3263
-4881
-6084
-5772
-4496
-3009
-2768
-3789
-4154
-2849
-1268
-1141
-1941
-1812
-848
-350
-283
79
363
322
458
1534
2660
2941
3048
4152
5314
6599
6871
4035
2451
8386
12723
5689
-137
6662
12081
6788
3087
4998
3994
3124
6454
5042
-1538
-1261
3414
1353
-2989
-1584
-685
-4191
-4991
-2537
-3180
-5523
-5705
-6027
-6285
-4230
-3784
-7176
-8264
-4967
-3078
-4612
-6170
-6013
-4619
-3017
-2729
-3773
-4317
-3199
-1390
-944
-1930
-2130
-1004
-286
-299
86
400
223
391
1612
2687
2962
3114
4120
5229
6651
7065
4279
2446
7966
12571
6176
125
6207
11757
6976
3280
5036
4071
3023
6202
5169
-1169
-1318
3118
1405
-2882
-1688
-549
-3926
-5111
-2717
-3030
-5442
-5727
-5931
-6341
-4437
-3682
-6965
-8332
-5062
-3127
-4739
-6099
-5736
-4682
-3320
-2725
-3599
-4309
-3273
-1424
-1016
-1953
-2038
-942
-376
-409
10
327
205
312
1352
2421
2874
2994
3802
4915
6500
7259
4450
1960
7221
12835
6841
-182
5491
11849
7278
3294
5225
4136
2614
6195
5719
-1024
-1542
3254
1606
-2893
-1545
-240
-3824
-5077
-2603
-2965
-5344
-5434
-5746
-6574
-4649
-3398
-6529
-8413
-5447
-3218
-4481
-5907
-5758
-4849
-3435
-2613
-3357
-4246
-3422
-1482
-902
-1812
-1930
-867
-427
-439
122
385
187
365
1204
2108
2730
2953
3619
4695
5765
6907
5738
2609
4678
11440
9701
1283
2607
10730
9460
3601
4290
5201
2686
4366
6567
1442
-2406
1612
2992
-1761
-2684
-69
-2363
-5479
-3473
-2160
-4746
-5766
-5326
-6352
-5554
-3417
-5288
-8330
-6430
-3406
-4105
-5808
-5736
-4943
-3941
-2929
-3125
-3936
-3656
-2092
-1108
-1523
-1923
-1250
-567
-488
-97
352
257
194
836
1856
2532
2779
3233
4248
5243
6732
6529
3168
2900
9703
11689
3494
603
8542
11159
5130
3417
5269
3482
3494
6461
3519
-1980
103
3438
-179
-3175
-662
-915
-4860
-4674
-2290
-3522
-5488
-5525
-6282
-6003
-3679
-4245
-7704
-7434
-4141
-3529
-5106
-5821
-5452
-4365
-2947
-2871
-3884
-3969
-2600
-1273
-1360
-1945
-1570
-675
-512
-337
289
439
191
479
1502
2402
2778
2969
3801
4823
6165
7066
4778
2123
6343
12173
7665
466
4547
11251
7980
3403
4812
4621
2790
5324
5899
103
-1694
2580
2034
-2463
-1808
-11
-3393
-5378
-2922
-2529
-4950
-5560
-5871
-6479
-4610
-3488
-6364
-8050
-5464
-3653
-4478
-5371
-5635
-5237
-3605
-2581
-3459
-4096
-3257
-1958
-1394
-1508
-1641
-1239
-729
-392
88
375
261
197
814
1955
2738
2857
3197
4240
5437
6935
6179
2697
3371
10335
11033
2725
1144
8994
10417
4679
3810
5251
3111
3667
6594
3041
-2083
500
3224
-615
-2768
-215
-1405
-5147
-4220
-2001
-3649
-5529
-5636
-6264
-5510
-3427
-4620
-7790
-6948
-3913
-3638
-5105
-5696
-5328
-4198
-2902
-2956
-3853
-3774
-2515
-1439
-1445
-1699
-1330
-839
-698
-226
375
337
154
414
1357
2490
2989
2874
3653
5041
6430
6606
4054
2496
7534
11919
6147
384
5830
11198
6946
3357
4964
4182
3042
5846
5080
-716
-1044
2922
1225
-2604
-1254
-287
-3851
-4996
-2602
-2742
-4981
-5536
-6037
-6181
-4100
-3578
-6745
-7967
-5095
-3279
-4400
-5727
-5787
-4662
-3135
-2750
-3621
-3960
-3096
-1725
-1190
-1563
-1573
-1001
-735
-449
361
524
72
161
1155
2252
2775
2737
3275
4605
5876
6679
5200
2510
4900
11152
9233
1296
2665
10382
9297
3658
4163
5171
2983
4464
6391
1567
-2097
1674
2892
-1630
-2468
102
-2194
-5353
-3487
-1989
-4323
-5631
-5491
-6291
-5274
-3257
-5152
-8234
-6527
-3386
-3792
-5579
-5805
-5011
-3904
-2853
-3069
-4002
-3799
-2199
-1186
-1580
-1778
-1144
-889
-860
86
657
86
-68
757
1738
2511
2953
2952
3722
5184
6686
6367
3485
2641
8251
11608
5113
413
6537
11007
6335
3379
4951
3828
3167
6152
4647
-1261
-748
3206
857
-2835
-919
-369
-4255
-4848
-2207
-2828
-5148
-5458
-6037
-6001
-3716
-3647
-7175
-7777
-4519
-3269
-4694
-5651
-5526
-4630
-3064
-2664
-3751
-4091
-2890
-1591
-1364
-1659
-1625
-1134
-719
-242
229
216
85
380
1135
2017
2651
2863
3499
4529
5666
6678
5247
2444
4998
11159
8811
1198
3156
10504
8766
3554
4517
5085
2730
4636
6407
1131
-2052
2041
2710
-1938
-2176
167
-2590
-5259
-3147
-2217
-4518
-5351
-5545
-6495
-4913
-3072
-5613
-8269
-6017
-3456
-4135
-5394
-5649
-5292
-3834
-2575
-3340
-4283
-3490
-2005
-1462
-1682
-1767
-1311
-786
-553
-147
273
303
183
504
1518
2532
2908
2920
3718
5018
6669
6556
3433
2477
8425
11777
5023
492
6800
11041
6305
3564
5070
3826
3275
6156
4411
-1193
-431
3114
584
-2704
-879
-644
-4242
-4669
-2478
-3104
-5036
-5447
-6190
-5894
-3668
-3939
-7238
-7516
-4541
-3538
-4755
-5602
-5564
-4613
-3019
-2779
-3865
-3976
-2705
-1558
-1485
-1740
-1508
-928
-672
-382
147
328
229
277
921
2011
2784
2746
3223
4406
5540
6626
5647
2642
4145
10665
9913
1968
2144
9818
9606
4087
4234
5239
2845
4116
6556
2037
-2133
1367
3009
-1368
-2474
36
-2107
-5282
-3618
-2095
-4169
-5392
-5504
-6284
-5089
-3264
-5223
-7905
-6266
-3777
-4043
-5193
-5619
-5321
-3957
-2802
-3342
-4031
-3500
-2397
-1614
-1471
-1716
-1501
-882
-576
-240
237
286
20
326
1485
2475
2687
2760
3629
4735
6292
6739
3891
2197
7656
11847
5669
484
6423
11046
6315
3558
5543
4040
2701
6010
5118
-909
-721
3279
865
-2815
-735
-188
-4304
-4934
-2318
-2962
-5047
-5201
-6058
-6301
-3869
-3642
-7063
-7636
-4678
-3739
-4812
-5304
-5417
-4907
-3322
-2764
-3693
-3854
-2894
-1928
-1475
-1428
-1489
-1191
-751
-345
191
336
68
27
857
2120
2717
2473
2798
4136
5484
6712
5853
2634
3374
10054
10807
2876
1216
8807
10439
4891
3798
5230
3346
3760
6401
3077
-1742
730
3259
-542
-2681
-125
-1162
-4901
-4231
-2047
-3385
-5165
-5562
-6314
-5339
-3178
-4576
-7828
-6948
-3923
-3635
-5022
-5729
-5467
-4236
-2897
-3097
-3967
-3771
-2637
-1615
-1437
-1660
-1530
-1004
-734
-301
292
281
-131
114
1394
2494
2486
2312
3413
4706
5832
6751
4838
1988
5639
11831
8090
625
4004
10921
8179
3649
5018
4787
2662
5135
6149
600
-1437
2613
2123
-2255
-1619
311
-2965
-5249
-3055
-2335
-4397
-5211
-5809
-6398
-4454
-3290
-6107
-7945
-5628
-3749
-4335
-5227
-5710
-5254
-3629
-2773
-3625
-4009
-3304
-2248
-1481
-1443
-1762
-1380
-742
-547
-87
329
92
-99
582
1723
2345
2260
2524
3902
4972
5859
6286
4124
2387
7189
11614
6011
430
5895
11072
6678
3405
5380
4341
2657
5634
5477
-312
-923
3020
1329
-2533
-868
42
-3967
-5108
-2278
-2414
-4878
-5444
-5866
-5912
-3916
-3694
-6752
-7526
-4871
-3668
-4580
-5378
-5577
-4852
-3327
-2894
-3713
-3893
-3158
-2088
-1431
-1528
-1759
-1257
-748
-512
39
422
119
-66
720
1891
2428
2400
2869
3942
4903
6340
6360
3327
2808
8795
11103
4206
1181
7701
10377
5529
4072
5514
3544
3321
6381
4100
-1146
357
3311
68
-2517
-117
-630
-4591
-4470
-2065
-3032
-4976
-5436
-6166
-5670
-3583
-4266
-7211
-7070
-4542
-3865
-4726
-5499
-5594
-4436
-2966
-3157
-3957
-3599
-2708
-1978
-1527
-1491
-1572
-1111
-711
-393
189
481
63
-32
1027
2260
2447
2168
2933
4305
5280
6418
5894
2864
3447
9829
10564
2914
1471
8892
10195
4634
3968
5653
3435
3440
6293
3401
-1300
845
3072
-671
-2377
243
-1162
-5087
-4182
-1866
-3282
-5151
-5573
-6260
-5324
-3272
-4638
-7705
-6825
-3979
-3830
-5177
-5664
-5252
-4145
-3054
-3290
-3993
-3577
-2528
-1836
-1665
-1592
-1387
-1130
-920
-284
353
168
-147
273
1072
1886
2434
2427
2819
4180
5353
6237
5932
3426
3247
8878
10940
4109
1050
7816
10720
5451
3531
5474
3936
3253
6051
4190
-991
141
3145
187
-2411
-209
-827
-4684
-4376
-1916
-2994
-5142
-5668
-6057
-5193
-3479
-4708
-7431
-6759
-4287
-3899
-4904
-5652
-5565
-4207
-2899
-3330
-4081
-3596
-2712
-1934
-1430
-1591
-1776
-1117
-556
-376
23
259
19
102
968
1960
2443
2438
2861
4048
5363
6603
5888
2891
3346
9569
10806
3475
1265
8336
10461
5216
3894
5481
3634
3552
6390
3833
-1140
586
3157
-173
-2254
131
-1001
-4826
-4223
-1919
-3096
-4988
-5645
-6282
-5210
-3264
-4656
-7543
-6816
-4241
-3813
-4916
-5757
-5556
-4165
-3004
-3350
-3937
-3635
-2867
-1900
-1428
-1705
-1742
-1044
-670
-389
168
193
-215
85
1075
1981
2320
2155
2677
4268
5534
6137
5424
3071
3514
9177
10564
3634
1164
8025
10506
5336
3729
5387
3738
3541
6321
3859
-1130
514
3177
-73
-2165
123
-1054
-4784
-4045
-1834
-3195
-4997
-5506
-6217
-5239
-3225
-4624
-7546
-6696
-4147
-3947
-4929
-5435
-5422
-4349
-2960
-3092
-3845
-3531
-2620
-1900
-1486
-1428
-1410
-1038
-699
-295
281
363
-45
64
967
2019
2431
2167
2595
4158
5387
6049
5585
3151
3076
8726
10854
3904
718
7689
10709
5182
3407
5724
3880
2834
6046
4399
-1180
-9
3356
161
-2620
11
-460
-4708
-4431
-1746
-2924
-5004
-5337
-6008
-5506
-3375
-4178
-7256
-7010
-4361
-3681
-4625
-5438
-5563
-4294
-2783
-2990
-3827
-3484
-2619
-1844
-1362
-1456
-1494
-979
-749
-486
371
435
-342
-62
1055
1675
2109
2434
2530
3530
5055
5989
5671
3669
2715
7079
10876
5998
719
5372
10585
6954
3369
4846
4334
2822
5236
5156
-89
-939
2585
1276
-2163
-818
-191
-3820
-4832
-2309
-2316
-4516
-5559
-6137
-5533
-3565
-4010
-6873
-7222
-4927
-3821
-4345
-5315
-5803
-4694
-3011
-2910
-3692
-3557
-2935
-2089
-1330
-1313
-1621
-1140
-674
-490
122
504
-3
-134
855
1961
2367
2358
2733
3915
5119
6165
5777
3346
3193
8452
10542
4366
1346
7422
10259
5485
3732
5516
3846
2973
5738
4203
-878
3
2929
121
-2500
-277
-660
-4465
-4419
-2112
-3008
-4858
-5373
-6155
-5546
-3509
-4367
-7221
-6871
-4469
-3978
-4751
-5378
-5525
-4437
-2991
-3102
-3801
-3401
-2629
-1967
-1436
-1290
-1357
-1015
-724
-340
302
422
-57
88
1070
1993
2332
2380
2897
4091
5194
6222
5536
2892
3552
9394
10168
3138
1554
8488
10051
4790
3803
5428
3510
3458
6133
3408
-1369
645
3145
-378
-2429
21
-1088
-4739
-3995
-1877
-3247
-4990
-5458
-6121
-5106
-3241
-4774
-7529
-6506
-4014
-3976
-5053
-5577
-5317
-4115
-3010
-3411
-3920
-3370
-2545
-1938
-1576
-1505
-1350
-987
-878
-447
298
279
-230
56
1186
2097
2297
2253
3010
4336
5581
6282
4644
2284
5104
10744
8349
1412
3266
10006
8661
3917
4450
5014
3137
4641
5988
1472
-1233
2188
2504
-1621
-1668
447
-2268
-4985
-3183
-1976
-3756
-5017
-5775
-6127
-4268
-3212
-5767
-7591
-5713
-3874
-4155
-5030
-5692
-5253
-3612
-2804
-3593
-3831
-3191
-2426
-1674
-1298
-1545
-1385
-849
-627
-166
439
211
-166
453
1631
2281
2414
2586
3478
4695
6058
6147
3653
2501
7331
10957
5585
896
6017
10413
6377
3475
5170
4308
2976
5378
4762
-260
-367
2940
870
-2495
-708
9
-3783
-4886
-2485
-2509
-4482
-5307
-6105
-5840
-3637
-3728
-6818
-7397
-4761
-3612
-4569
-5432
-5473
-4542
-3200
-2956
-3591
-3586
-2896
-1961
-1361
-1407
-1492
-1001
-706
-569
111
557
85
-123
802
2041
2475
2326
2781
4077
5262
6222
5402
2803
3767
9536
9790
2792
1852
8691
9594
4505
3891
5257
3450
3802
5880
2724
-1136
1255
2851
-829
-2187
173
-1302
-4744
-3925
-1994
-3254
-4956
-5631
-6131
-4910
-3292
-4952
-7486
-6507
-4143
-3876
-4963
-5794
-5446
-3917
-2918
-3442
-3870
-3406
-2598
-1699
-1270
-1596
-1535
-805
-494
-376
180
405
61
234
1362
2292
2463
2605
3493
4520
5701
6347
4416
2533
6390
10889
6734
1214
5161
10279
7028
3675
5249
4641
2866
5151
5296
297
-632
2823
1410
-2309
-1038
173
-3295
-4947
-2733
-2372
-4322
-5331
-5999
-5903
-3988
-3743
-6462
-7420
-5244
-3880
-4499
-5424
-5742
-4822
-3335
-3132
-3843
-3701
-2960
-2243
-1597
-1420
-1613
-1225
-651
-500
-184
323
212
-25
697
1962
2415
2331
2900
4083
5121
6170
5445
2891
3902
9435
9549
2908
2150
8647
9394
4532
4059
5427
3501
3667
5823
2931
-1021
1138
2850
-679
-2178
80
-1217
-4697
-4071
-1938
-3020
-5139
-5956
-5880
-4630
-3622
-5195
-7183
-6396
-4361
-3882
-4872
-5937
-5514
-3786
-2977
-3688
-3860
-3232
-2694
-1975
-1325
-1536
-1623
-916
-517
-466
149
519
15
30
1435
2526
2420
2459
3520
4636
5865
6320
3989
2478
7103
11007
5823
986
6028
10448
6403
3653
5493
4385
2913
5558
5000
-181
-261
3121
1030
-2313
-622
-42
-3594
-4615
-2531
-2633
-4328
-5213
-6100
-5721
-3686
-4033
-6849
-7121
-4857
-4010
-4704
-5404
-5701
-4787
-3267
-3225
-4049
-3701
-2771
-2210
-1809
-1624
-1647
-1209
-779
-638
-212
298
125
-26
763
1907
2352
2392
2976
4121
5234
6209
5329
2944
4250
9634
9402
2867
2382
8827
9507
4706
4034
5269
3710
4064
5808
2739
-850
1330
2836
-578
-1996
34
-1258
-4496
-3937
-2063
-3139
-5089
-5829
-5773
-4672
-3787
-5275
-7125
-6348
-4439
-4026
-4958
-5872
-5494
-3978
-3127
-3601
-3884
-3451
-2716
-1851
-1400
-1689
-1666
-991
-546
-371
93
315
9
138
1378
2479
2459
2405
3484
4722
5799
6083
4051
2723
7042
10799
5938
1197
6023
10469
6499
3551
5455
4753
3124
5308
4942
196
-21
3084
1056
-2236
-524
213
-3407
-4709
-2511
-2336
-4273
-5432
-5952
-5359
-3805
-4356
-6731
-6893
-5028
-4249
-4724
-5464
-5798
-4794
-3390
-3499
-4108
-3638
-2945
-2492
-1897
-1630
-1749
-1352
-857
-714
-298
286
155
-122
586
1893
2475
2420
2877
3994
5098
6076
5303
3070
4302
9310
9024
3061
2836
8721
9049
4627
4202
5323
3808
4118
5571
2609
-530
1595
2672
-656
-1814
36
-1330
-4236
-3748
-2269
-3140
-4731
-5748
-5850
-4406
-3623
-5519
-7106
-5913
-4341
-4317
-5048
-5698
-5359
-3947
-3199
-3761
-3885
-3255
-2618
-2026
-1597
-1712
-1570
-961
-685
-534
52
346
-13
76
1243
2307
2364
2407
3353
4402
5529
6154
4271
2575
6493
10647
6366
1252
5477
10339
6833
3512
5218
4931
3221
5105
5090
559
-132
3007
1494
-2025
-809
317
-2911
-4677
-2801
-2243
-3902
-5197
-5876
-5429
-3911
-4086
-6236
-6860
-5364
-4263
-4394
-5242
-5831
-4987
-3582
-3431
-3852
-3629
-3229
-2631
-1752
-1512
-1828
-1425
-829
-730
-361
315
213
-138
508
1790
2353
2330
2809
3818
4820
6026
5665
3191
3715
8982
9669
3483
2239
8340
9509
4909
4117
5502
3865
3881
5848
3221
-542
1364
3043
-290
-1906
163
-846
-4123
-3948
-2193
-2870
-4589
-5658
-5845
-4559
-3581
-5144
-6884
-6111
-4533
-4197
-4778
-5587
-5461
-4070
-3215
-3726
-3894
-3287
-2789
-2189
-1580
-1635
-1627
-1004
-707
-669
-39
424
29
-62
1006
2145
2356
2319
3002
4034
5191
6232
4890
2428
4889
10228
8200
1817
3567
9696
8274
3934
4714
5275
3272
4565
5848
1681
-780
2401
2561
-1452
-1503
554
-1881
-4716
-3292
-1962
-3553
-5207
-5689
-5466
-4343
-3978
-5553
-6799
-5920
-4387
-4064
-5019
-5847
-5055
-3614
-3351
-3796
-3633
-3245
-2722
-1792
-1435
-1817
-1532
-791
-691
-494
196
241
-168
297
1511
2193
2221
2477
3374
4298
5456
6068
4129
2481
6333
10441
6358
1346
5304
10016
6839
3677
5156
4693
3204
5244
5087
450
-173
2951
1475
-1850
-669
169
-3047
-4530
-2593
-2200
-4062
-5426
-5789
-5147
-3886
-4250
-6153
-6776
-5405
-4090
-4207
-5368
-5859
-4690
-3415
-3411
-3707
-3543
-3297
-2493
-1436
-1425
-1932
-1387
-666
-636
-301
320
88
-198
591
1813
2241
2193
2602
3651
4700
5820
5712
3426
3130
7940
10041
4583
1774
7103
9708
5627
3954
5407
4146
3547
5622
3949
-181
758
2968
302
-1909
-78
-452
-3916
-4311
-2217
-2572
-4661
-5622
-5550
-4882
-4072
-4653
-6337
-6671
-5124
-3929
-4567
-5776
-5555
-4218
-3521
-3617
-3606
-3506
-3161
-2134
-1431
-1736
-1754
-985
-724
-745
-138
375
58
10
868
1904
2232
2322
2971
3926
4872
6049
5347
2806
4143
9537
8941
2606
2878
8990
8737
4376
4549
5364
3389
4274
6000
2388
-780
1911
2882
-799
-1632
332
-1452
-4429
-3475
-1918
-3308
-5103
-5475
-5241
-4565
-4129
-5147
-6545
-6248
-4630
-3895
-4924
-5928
-5143
-3754
-3497
-3725
-3506
-3375
-2957
-1800
-1302
-1824
-1617
-783
-643
-576
90
295
-1
340
1331
2008
2164
2493
3367
4231
5240
5947
4427
2737
6033
10140
6623
1580
5079
9900
6971
3629
5083
4901
3170
4934
5163
752
-340
2736
1671
-1799
-952
175
-2897
-4677
-2653
-2057
-4189
-5509
-5411
-4987
-4293
-4364
-5773
-6599
-5568
-4134
-4103
-5271
-5752
-4564
-3386
-3476
-3686
-3350
-3156
-2594
-1482
-1263
-1793
-1364
-582
-537
-356
318
309
26
631
1743
2186
2271
2841
3687
4407
5662
5808
3452
3149
7975
9710
4202
1950
7306
9314
5316
4065
5273
3812
3596
5682
3661
-341
863
2921
194
-1821
-97
-754
-4048
-3978
-1860
-2770
-5065
-5397
-4978
-4854
-4360
-4591
-6122
-6526
-4832
-3746
-4700
-5682
-5110
-4002
-3538
-3457
-3418
-3453
-3026
-1910
-1315
-1668
-1657
-951
-546
-376
-22
167
107
368
1095
1863
2217
2427
3176
4181
5087
5695
4533
2930
5461
9591
7120
1995
4231
9233
7509
4003
4615
4690
3340
4751
5154
1281
-325
2251
1871
-1254
-1094
-21
-2636
-4621
-2715
-1800
-4225
-5738
-5090
-4811
-4766
-4327
-5208
-6744
-5918
-3851
-3971
-5476
-5523
-4437
-3795
-3376
-3072
-3419
-3556
-2326
-1193
-1434
-1776
-1180
-687
-470
27
321
91
172
741
1530
2251
2560
2715
3514
4678
5815
5440
3286
3507
8163
9335
3914
2178
7414
8928
5079
4259
5219
3554
3596
5656
3379
-379
974
2684
-22
-1658
-75
-1211
-4352
-3689
-1620
-3243
-5548
-5128
-4770
-5254
-4493
-4307
-6285
-6776
-4578
-3652
-4982
-5589
-4867
-4248
-3603
-2956
-3185
-3730
-2917
-1446
-1249
-1810
-1513
-819
-574
-259
183
194
103
452
1264
2110
2431
2473
3250
4353
5412
5802
4074
2745
6428
10098
6008
1507
5460
9617
6477
3895
5226
4441
3192
5277
4857
452
-24
2771
1268
-1751
-621
-133
-3543
-4488
-1929
-2352
-5189
-5277
-4616
-5489
-4950
-3803
-5613
-7263
-5310
-3597
-4681
-5545
-4981
-4616
-4105
-3002
-2881
-3758
-3466
-1891
-1262
-1704
-1641
-1040
-836
-515
91
262
126
315
982
1898
2566
2765
3125
3912
5109
6121
4818
2741
5299
9800
7303
2033
4345
9240
7393
4160
4885
4705
3389
4972
5180
1074
-373
2340
1859
-1424
-1267
-287
-2934
-4527
-2484
-2387
-5045
-5472
-4698
-5531
-5290
-4033
-5524
-7338
-5554
-3725
-4777
-5639
-4966
-4617
-4195
-3097
-2970
-3747
-3328
-1884
-1379
-1737
-1563
-935
-667
-524
-69
286
294
324
953
1980
2531
2633
3294
4234
5134
5952
4827
2855
5503
10049
7226
1632
4490
9824
7392
3739
4941
4915
3283
5050
5377
858
-512
2680
1966
-1707
-1232
-98
-3138
-4681
-2230
-2384
-5437
-5542
-4465
-5636
-5580
-3983
-5398
-7539
-5752
-3629
-4748
-5771
-4964
-4627
-4421
-3149
-2710
-3751
-3665
-1950
-1158
-1763
-1722
-909
-632
-608
-48
378
256
293
1008
1865
2407
2855
3504
4034
5027
6054
4797
3017
5937
9861
6719
2075
5219
9549
6977
4095
5156
4652
3362
5255
5134
734
-234
2661
1711
-1535
-1066
-563
-3384
-4166
-2071
-2983
-5612
-5202
-4581
-5860
-5266
-3909
-5828
-7496
-5309
-3637
-4947
-5709
-4967
-4672
-4169
-3011
-2954
-3850
-3362
-1753
-1302
-1887
-1690
-867
-616
-607
-88
406
342
290
1071
2103
2499
2717
3550
4324
5283
5921
4257
3005
6983
10309
5685
1610
6258
10086
6471
3941
5266
4467
3612
5687
4692
194
176
2923
1144
-1741
-711
-907
-4063
-4025
-1837
-3446
-5926
-5247
-4975
-5869
-4780
-4332
-6671
-7116
-4670
-4074
-5392
-5549
-5019
-4750
-3852
-3067
-3445
-3760
-2874
-1792
-1586
-1802
-1543
-958
-621
-493
-131
347
481
502
1296
2303
2684
3032
3806
4488
5612
5941
3790
3427
8166
9875
4389
2216
7480
9423
5713
4402
5103
3820
4168
5973
3513
-280
902
2714
361
-1495
-809
-2059
-4099
-3102
-2397
-4579
-5632
-4968
-5453
-5536
-4395
-5274
-7036
-5996
-4307
-4730
-5430
-5221
-4999
-4340
-3364
-3295
-3705
-3283
-2337
-1732
-1647
-1715
-1415
-796
-474
-508
-191
375
498
752
1780
2467
2551
3359
4444
5034
5698
5095
3325
5307
9736
7850
2388
4131
9390
8096
4446
4754
4835
3601
5058
5573
1552
-443
2111
2108
-1021
-1305
-782
-3236
-4284
-2403
-3006
-5488
-5395
-4942
-5871
-5190
-4237
-6050
-7195
-5330
-4133
-4951
-5431
-5249
-4885
-3862
-3050
-3362
-3701
-3055
-2001
-1450
-1600
-1719
-1147
-530
-573
-447
308
551
300
1147
2491
2721
2809
3811
4782
5803
6018
3900
3522
8224
10090
4700
2449
7507
9371
5885
4963
5453
3532
3928
6415
3980
-283
835
2682
211
-1388
-520
-2241
-4458
-2994
-2317
-4877
-5727
-4757
-5625
-6069
-4654
-5103
-6904
-6272
-4821
-4973
-5217
-5027
-5234
-4776
-3504
-3083
-3455
-3345
-2670
-1897
-1471
-1510
-1385
-818
-593
-577
47
582
400
719
1928
2565
2722
3557
4486
5327
6030
4723
3282
6559
10214
6638
2218
5691
9821
7277
4521
5158
4486
3760
5689
5057
791
10
2436
1525
-1135
-1281
-1682
-3534
-3363
-2471
-4204
-5734
-5002
-4992
-5934
-5445
-5062
-6068
-6213
-5299
-5106
-5104
-4735
-4925
-5021
-4025
-3082
-3073
-3206
-2906
-2243
-1547
-1319
-1314
-974
-659
-566
-67
567
510
591
1531
2372
2742
3455
4191
4887
5903
5380
3464
5157
9478
8146
2944
4020
9059
8415
4831
4678
4863
3786
4950
5515
1901
-269
1867
2103
-741
-1595
-1374
-2980
-3698
-2808
-3780
-5536
-5195
-4901
-5994
-5926
-5043
-5664
-6412
-5756
-5118
-5060
-4784
-4791
-5009
-4324
-3205
-2926
-3143
-2982
-2340
-1652
-1372
-1336
-996
-678
-669
-257
483
550
544
1403
2225
2649
3453
4158
4686
5937
5796
3570
4597
9304
8888
3547
3683
8536
8544
5415
5179
4946
3431
4804
6045
2552
-234
1646
2147
-503
-1438
-1256
-2864
-3611
-2925
-3992
-5424
-4782
-4834
-6386
-6244
-4998
-5446
-6339
-6061
-5553
-5122
-4575
-4760
-5146
-4421
-3282
-2919
-3021
-2946
-2442
-1675
-1337
-1340
-964
-562
-698
-430
408
665
654
1443
2198
2472
3325
4418
5018
5722
5315
3613
5128
9542
8626
3267
3770
8905
8720
5213
4982
5092
3636
4743
5926
2556
-228
1559
2118
-544
-1554
-1306
-2835
-3788
-3176
-3949
-5271
-4926
-5075
-6413
-6211
-5062
-5491
-6430
-6234
-5654
-5109
-4614
-4814
-5193
-4426
-3200
-2861
-3030
-2868
-2327
-1707
-1274
-1029
-748
-636
-632
-106
701
878
924
1719
2466
2854
3648
4619
5403
5865
4724
3611
6547
10030
7050
2610
5283
9526
7648
4735
5064
4573
3665
5342
5163
1165
-159
2089
1551
-1333
-1852
-1533
-2898
-3821
-3795
-4520
-4961
-4668
-5647
-6907
-5936
-4675
-5557
-6734
-6389
-5405
-4667
-4551
-5143
-5190
-3885
-2787
-2915
-3164
-2729
-2024
-1452
-1206
-1088
-762
-440
-333
-18
590
1118
1542
1932
2415
3236
4137
5012
5877
5219
3465
4963
9229
8744
3831
3682
8164
8750
5941
5118
4703
3600
4880
5925
2734
-68
1345
2046
-304
-1690
-1460
-2371
-3603
-3823
-4225
-4822
-4711
-5272
-6679
-6517
-5020
-5073
-6453
-6765
-5851
-4895
-4461
-4906
-5399
-4547
-3089
-2716
-3046
-2931
-2301
-1590
-1121
-1026
-877
-552
-278
25
475
885
1466
2045
2334
2838
3899
4891
5837
5705
3811
3956
8407
9970
5058
2694
7124
9502
6727
5027
5001
3902
4354
5956
3806
180
790
2393
243
-2173
-1544
-1368
-3352
-4646
-4376
-4247
-4468
-5220
-6704
-6998
-5253
-4466
-6053
-7245
-6349
-4853
-4273
-4776
-5426
-4916
-3546
-2691
-2754
-3024
-2764
-1720
-903
-997
-1040
-521
-267
-119
513
1109
1378
1777
2392
3104
3799
4673
5954
5802
3586
4054
8758
9735
4659
3144
7524
9024
6515
5576
5029
3445
4558
6358
3462
-100
1038
2336
-182
-2144
-1290
-1542
-3803
-4831
-4196
-4059
-4745
-5725
-6737
-6693
-5281
-4703
-6085
-7194
-6249
-4660
-4371
-5093
-5235
-4457
-3594
-2956
-2577
-2745
-2685
-1577
-795
-1085
-903
-85
-95
-255
538
1341
1645
2008
2362
2866
3925
5181
6042
5258
3318
4534
9077
9211
4181
3399
7741
8743
6357
5556
4816
3494
4805
6007
3015
263
1400
1802
-773
-1968
-906
-1603
-4189
-5116
-4145
-3796
-4617
-5916
-7047
-6655
-4906
-4552
-6255
-7212
-6070
-4562
-4247
-4897
-5242
-4584
-3537
-2804
-2536
-2736
-2644
-1647
-913
-1024
-776
-210
-304
-271
570
1428
1902
2135
2245
2878
4161
5600
6278
4683
2817
5573
10015
8110
3230
4392
8346
8026
6217
5761
4267
3460
5501
5667
2085
438
1841
1238
-1384
-1634
-623
-2256
-4899
-4933
-3768
-3974
-5052
-6262
-7198
-6293
-4446
-4868
-6958
-7180
-5412
-4228
-4532
-5199
-5124
-4210
-3193
-2619
-2731
-2972
-2269
-1108
-1000
-1200
-562
-138
-353
75
946
1521
2082
2482
2522
3262
4916
6229
5620
3570
3880
7911
9536
5671
3303
6257
8567
7256
5682
4790
4038
4690
5476
3722
1336
1286
1627
-225
-1835
-962
-902
-3747
-5506
-4218
-3512
-4695
-5761
-6600
-6959
-5527
-4386
-5843
-7272
-6246
-4738
-4542
-4819
-4790
-4549
-3938
-2904
-2354
-2682
-2627
-1651
-1155
-1276
-702
-50
-335
-409
405
1372
2129
2400
2194
2690
4255
5908
6201
4235
2811
6040
9983
7559
3072
4623
8493
8029
5916
5272
4348
3946
5480
5239
1908
578
2039
1070
-1782
-1391
-147
-2786
-5491
-4302
-3279
-4659
-5491
-5980
-7162
-6327
-4226
-5147
-7487
-6898
-4860
-4472
-4892
-4844
-4699
-4192
-2978
-2310
-2772
-2775
-1693
-1153
-1368
-865
-74
-228
-444
203
1149
2029
2464
2270
2469
3837
5550
6245
4767
2983
5036
9142
8333
4057
4118
7570
8078
6460
5672
4582
3844
5219
5427
2549
992
2017
997
-1573
-1101
94
-2505
-5189
-4266
-3424
-4542
-5057
-5782
-7411
-6548
-4165
-5083
-7468
-6891
-5118
-4825
-4857
-4654
-4839
-4362
-2953
-2351
-2874
-2779
-1745
-1172
-1253
-892
-238
-146
-226
204
995
1884
2414
2382
2599
3696
5228
6105
4867
3015
4891
9062
8309
3896
4069
7847
8108
5959
5477
5057
4107
4942
5322
2787
1049
1921
1066
-1453
-1114
45
-2462
-5101
-4221
-3376
-4461
-5058
-5834
-7332
-6394
-4134
-5153
-7513
-6856
-5051
-4825
-4883
-4680
-4909
-4440
-2952
-2400
-2926
-2722
-1835
-1474
-1282
-630
-250
-462
-372
372
1265
1946
2167
2163
2702
3976
5430
5885
4273
3018
5745
9215
7359
3628
4857
8000
7533
5946
5669
4652
3906
5290
5262
2378
1169
1893
445
-1333
-241
-274
-3618
-5061
-3408
-3317
-4791
-5310
-6202
-7185
-5618
-4142
-5977
-7609
-6270
-4950
-5009
-4805
-4705
-5095
-4313
-2740
-2506
-3068
-2680
-1879
-1566
-1154
-537
-401
-531
-291
468
1603
2304
2001
1902
3082
4609
5618
5420
3670
3390
7001
9281
5982
3292
6008
8397
6851
5558
5606
4547
4131
5310
4583
2084
1514
1483
-261
-806
254
-1344
-4453
-4411
-2998
-3725
-4970
-5628
-6725
-6573
-4801
-4965
-6957
-6973
-5494
-5178
-5213
-4713
-4710
-4743
-3788
-2863
-2762
-2642
-2237
-1972
-1534
-766
-363
-443
-430
-1
1016
2159
2323
1912
2414
3806
5183
5837
4541
2943
5165
8992
7694
3713
4528
7884
7596
5858
5718
4936
3920
5006
5268
2805
1419
1814
651
-702
-62
-616
-3406
-4285
-3193
-3601
-4791
-5112
-5988
-6791
-5632
-4777
-6138
-6992
-6000
-5322
-5300
-4801
-4578
-4832
-4243
-3070
-2669
-2727
-2438
-2076
-1647
-964
-505
-501
-418
-50
628
1660
2311
2149
2183
3140
4546
5684
5272
3366
3638
7379
8825
5403
3511
6217
8063
6675
5535
5185
4328
4448
5195
3882
1744
1458
1419
155
-571
-717
-1958
-3370
-3693
-3915
-4320
-4564
-5505
-6682
-6252
-5210
-5581
-6453
-6436
-6009
-5405
-4669
-4727
-5170
-4551
-3348
-2901
-2871
-2666
-2358
-1746
-1036
-870
-835
-309
72
249
1166
2249
2306
2094
2743
3989
5387
5667
3894
3042
6124
8851
6596
3657
5096
7551
7236
6094
5249
4067
4142
5451
4591
1881
1063
1661
890
-497
-970
-1560
-2741
-3506
-3872
-4230
-4463
-5026
-6033
-6397
-5804
-5357
-5737
-6368
-6383
-5537
-4661
-4622
-4918
-4602
-3838
-3096
-2586
-2571
-2642
-1908
-985
-876
-870
-233
169
315
1278
2349
2288
2112
2985
4290
5261
5275
4015
3752
6350
8302
6322
4026
5313
7444
7240
5938
4819
4127
4634
5302
3918
1665
1261
1699
740
-752
-1279
-1558
-2499
-3587
-4193
-4241
-4264
-4920
-5952
-6316
-5740
-5227
-5546
-6271
-6326
-5384
-4528
-4642
-4922
-4475
-3743
-3157
-2695
-2627
-2501
-1690
-978
-1079
-935
-89
412
664
1404
2036
2215
2656
3466
4416
5269
4862
3739
4876
7650
7572
4996
4572
6580
7289
6518
5647
4493
3954
4938
5043
2848
1148
1465
1373
-33
-1010
-1317
-2089
-3158
-3909
-4265
-4374
-4590
-5452
-6297
-6132
-5400
-5268
-5842
-6250
-5816
-4913
-4571
-4811
-4649
-3865
-3614
-3735
-3068
-2131
-1635
-1661
-1403
-718
-46
531
883
1389
2026
2546
2770
3179
4301
5507
5022
3533
4394
7354
7874
5382
4320
5877
6987
6681
5628
4129
3263
4225
4664
2626
587
660
822
-361
-1406
-1677
-2218
-3145
-3767
-4112
-4328
-4317
-4825
-5729
-5874
-4985
-4396
-4879
-5509
-5160
-3965
-3225
-3408
-3767
-3442
-2700
-2169
-2205
-2504
-2204
-1395
-1130
-1340
-1096
-424
149
706
1084
1249
1678
2576
3443
4178
4133
3227
3485
5880
7167
5332
3819
5125
6759
6673
5739
4674
3863
4333
5019
3902
1906
1294
1225
416
-343
-718
-1511
-2668
-3284
-3391
-3436
-3710
-4564
-5478
-5437
-4616
-4311
-4957
-5675
-5387
-4316
-3651
-3886
-4261
-3949
-3214
-2607
-2521
-2728
-2545
-1861
-1364
-1344
-1133
-393
333
728
967
1354
2061
3116
4152
4352
3502
3463
5412
7158
6155
4327
4750
6542
6973
6034
4907
4180
4360
4958
4320
2527
1546
1474
831
-90
-539
-1200
-2405
-3149
-3236
-3418
-3807
-4402
-5241
-5568
-4944
-4417
-4907
-5675
-5529
-4577
-3877
-4020
-4405
-4159
-3407
-2816
-2665
-2807
-2671
-2046
-1460
-1384
-1290
-503
476
762
768
1375
2312
3115
4103
4472
3369
3234
5859
7513
5577
3947
5300
6555
6293
6170
5359
3617
3820
5358
4293
1847
1548
1654
216
-436
-105
-1431
-3218
-3182
-3067
-3955
-4164
-4263
-5565
-6069
-4791
-4372
-5466
-5874
-5278
-4676
-4001
-3724
-4270
-4333
-3173
-2351
-2527
-2609
-2232
-1790
-1268
-879
-719
-175
748
1099
1104
1734
2771
3569
4255
4301
3537
3857
6106
7253
5456
3994
5253
6752
6505
5640
4697
3691
4064
5100
3927
1491
1013
1510
549
-601
-900
-1770
-3030
-3229
-3329
-4100
-4436
-4663
-5631
-5959
-4941
-4623
-5631
-6028
-5298
-4506
-4079
-4100
-4456
-4150
-3042
-2414
-2661
-2713
-2131
-1481
-1032
-677
-111
598
935
1150
1911
2932
3581
4273
4581
3940
4141
6287
7431
5715
4412
5627
6993
6740
5834
4832
4151
4508
4854
3673
1949
1329
1246
528
-526
-1308
-1873
-2571
-3329
-3939
-4157
-4376
-5012
-5776
-5941
-5512
-5225
-5543
-6043
-5852
-4889
-4237
-4418
-4595
-4015
-3225
-2734
-2536
-2420
-2129
-1491
-854
-481
159
932
1171
1316
2202
3321
3927
4461
4685
4233
4594
6532
7443
5825
4681
5806
7011
6649
5763
4840
4109
4320
4694
3541
1752
1180
1049
151
-834
-1387
-2135
-3082
-3722
-4174
-4489
-4718
-5351
-6226
-6299
-5659
-5538
-6121
-6440
-5969
-5119
-4633
-4781
-4859
-4229
-3367
-2844
-2656
-2529
-2140
-1358
-582
-34
458
887
1301
2154
3133
3623
4108
4966
5035
4616
5603
7238
6912
5573
5744
6677
6714
6475
6040
4793
4054
4724
4619
2926
1661
1291
543
-206
-588
-1595
-2929
-3363
-3551
-4297
-4796
-4987
-5719
-6315
-5980
-5662
-6003
-6269
-6190
-5899
-5242
-4651
-4771
-4938
-4198
-3153
-2718
-2753
-2586
-1943
-958
-166
191
479
1065
1982
2885
3388
3839
4779
5469
5099
5083
6564
7608
6631
5694
6370
7144
6820
6206
5635
4880
4532
4501
3821
2539
1570
894
117
-554
-1180
-2035
-3082
-3872
-4238
-4420
-4852
-5593
-6181
-6274
-6072
-5942
-6127
-6470
-6380
-5683
-5073
-4987
-5041
-4689
-3991
-3297
-2939
-2788
-2442
-1670
-740
-61
217
616
1602
2619
3032
3498
4655
5477
5095
5015
6321
7492
7018
6203
6210
6758
7167
6961
5740
4587
4839
5232
4114
2507
1837
1382
470
-313
-1051
-2035
-2850
-3361
-4100
-4688
-4814
-5248
-6157
-6441
-5994
-5954
-6335
-6490
-6368
-6011
-5343
-5037
-5278
-5057
-4057
-3348
-3297
-3146
-2614
-1869
-969
-279
-55
259
1315
2413
2866
3211
4252
5232
5151
4877
5871
7391
7311
6046
5924
7094
7486
6751
5936
5227
4845
5177
4973
3181
1653
1778
1615
150
-947
-1302
-2210
-3200
-3492
-3916
-4839
-5222
-5376
-6021
-6260
-5741
-5835
-6575
-6502
-5671
-5287
-5304
-5215
-4937
-4318
-3517
-3236
-3325
-2913
-1904
-963
-512
-428
56
1321
2301
2426
2929
4238
4943
4739
4959
6001
6757
6691
6284
6224
6687
7052
6618
5723
5250
5288
5053
4200
3112
2389
1889
1125
110
-698
-1337
-2100
-2882
-3508
-4087
-4623
-5050
-5493
-5841
-5907
-6005
-6261
-6264
-5959
-5779
-5698
-5470
-5125
-4672
-4160
-3848
-3656
-3183
-2489
-1767
-1085
-731
-528
386
1715
2175
2174
3047
4363
4813
4734
5079
5850
6513
6598
6076
5947
6694
6974
5972
5143
5322
5323
4474
3659
3017
2318
1692
1040
24
-804
-1194
-1890
-2962
-3526
-3643
-4167
-4909
-5274
-5414
-5509
-5560
-5737
-6008
-5884
-5420
-5192
-5171
-4969
-4570
-4159
-3734
-3407
-3144
-2641
-1824
-1145
-847
-481
374
1394
1971
2225
2835
3947
4689
4540
4549
5549
6405
6057
5558
5873
6254
6122
5796
5243
4595
4500
4432
3487
2379
2045
1639
591
-255
-693
-1372
-2169
-2749
-3381
-3954
-4116
-4385
-5112
-5509
-5263
-5184
-5490
-5594
-5424
-5224
-4967
-4661
-4497
-4302
-3931
-3445
-3040
-2715
-2229
-1455
-922
-724
-68
1006
1619
1872
2593
3561
4075
4267
4550
5071
5719
6076
5815
5464
5693
6160
6112
5347
4548
4242
4393
4162
3050
1778
1325
1257
540
-563
-1275
-1806
-2423
-2891
-3313
-3953
-4386
-4586
-4935
-5222
-5055
-4991
-5351
-5455
-4993
-4576
-4493
-4413
-4202
-3862
-3290
-2859
-2783
-2436
-1531
-939
-849
-271
749
1302
1544
2213
3177
3903
4003
3883
4532
5645
5751
5084
5107
5619
5655
5491
5194
4462
3991
4158
3806
2695
1934
1532
842
170
-291
-1135
-2044
-2376
-2739
-3508
-3910
-3971
-4506
-5076
-4965
-4813
-5062
-5207
-5123
-5040
-4665
-4160
-4138
-4280
-3812
-2998
-2658
-2687
-2347
-1409
-710
-578
-281
662
1633
2023
2217
2932
4021
4471
4073
4302
5488
6014
5210
4873
5528
5856
5328
4822
4521
4076
3795
3631
2845
1623
1086
1025
291
-803
-1371
-1720
-2373
-2924
-3251
-3746
-4146
-4272
-4482
-4824
-4820
-4648
-4674
-4799
-4614
-4203
-3868
-3756
-3640
-3317
-2796
-2369
-2123
-1799
-1235
-758
-352
255
888
1333
1886
2505
3025
3725
4267
4070
4123
5210
5761
4954
4607
5380
5513
4771
4520
4552
3882
3300
3282
2682
1490
1056
919
-157
-1269
-1375
-1663
-2686
-3274
-3397
-3949
-4354
-4203
-4481
-5174
-5066
-4544
-4656
-4907
-4612
-4272
-4080
-3688
-3332
-3233
-2868
-2247
-1825
-1409
-888
-610
-157
828
1553
1580
1933
2874
3701
4044
4040
4041
4657
5487
5394
4724
4780
5275
5176
4689
4379
3976
3456
3201
2894
2112
1262
763
211
-493
-1032
-1535
-2267
-2865
-3187
-3509
-3842
-4114
-4533
-4882
-4729
-4423
-4552
-4850
-4767
-4334
-3906
-3689
-3625
-3465
-3055
-2495
-1961
-1536
-1230
-963
-431
553
1459
1666
1645
2370
3624
4303
4135
3974
4552
5380
5550
5206
5097
5212
5121
4937
4789
4409
3809
3238
2858
2491
1877
1030
269
-365
-936
-1374
-1858
-2681
-3376
-3572
-3772
-4210
-4450
-4663
-5055
-5074
-4607
-4535
-4845
-4749
-4230
-3914
-3709
-3382
-3129
-2924
-2395
-1658
-1189
-1029
-689
157
1149
1605
1682
2258
3351
3989
4001
4064
4489
5085
5453
5293
4843
4905
5313
5279
4654
4107
3729
3446
3168
2650
1656
783
444
68
-751
-1474
-1953
-2565
-3210
-3441
-3579
-4027
-4564
-4847
-4836
-4607
-4477
-4694
-4883
-4580
-3969
-3612
-3530
-3460
-3130
-2534
-1915
-1498
-1282
-1049
-371
621
1212
1285
1701
2660
3470
3732
3811
4048
4647
5273
5207
4654
4786
5441
5278
4439
4237
4355
3843
3146
2851
2316
1474
968
566
-264
-981
-1337
-1916
-2674
-3036
-3252
-3747
-4209
-4307
-4481
-4705
-4652
-4531
-4653
-4601
-4225
-3959
-3861
-3532
-3172
-2986
-2577
-1907
-1516
-1379
-975
-233
507
990
1223
1554
2425
3346
3544
3353
3728
4483
4823
4724
4575
4508
4666
4819
4470
3834
3616
3471
2878
2314
2026
1340
452
49
-270
-1015
-1666
-2025
-2643
-3235
-3316
-3509
-4139
-4471
-4342
-4401
-4555
-4456
-4383
-4367
-4074
-3732
-3642
-3350
-2814
-2604
-2486
-1811
-1063
-935
-836
-30
912
1206
1295
1886
2796
3381
3413
3402
3897
4586
4700
4417
4360
4419
4502
4626
4238
3285
3026
3354
2819
1645
1247
1099
327
-325
-627
-1359
-2073
-2175
-2507
-3334
-3600
-3490
-3933
-4430
-4253
-4139
-4410
-4343
-4027
-4008
-3911
-3445
-3183
-3062
-2646
-2258
-1977
-1376
-840
-806
-437
611
1277
1269
1512
2255
3053
3600
3560
3249
3768
4871
4886
3928
3778
4493
4657
4092
3465
2955
2812
2963
2423
1103
463
698
328
-757
-1421
-1643
-2072
-2514
-2822
-3268
-3638
-3718
-3864
-4134
-4127
-3976
-4088
-4156
-3853
-3470
-3291
-3180
-2999
-2623
-2089
-1664
-1398
-1070
-725
-312
435
1183
1309
1264
1923
2986
3585
3422
3082
3469
4545
4923
4119
3598
4103
4446
4110
3657
3190
2670
2552
2428
1642
836
617
169
-699
-1155
-1276
-1832
-2546
-2990
-3254
-3304
-3351
-3889
-4420
-4136
-3666
-3815
-4056
-3890
-3636
-3284
-2830
-2707
-2753
-2335
-1690
-1245
-890
-681
-549
209
1292
1512
1247
1795
2831
3359
3477
3467
3429
4018
4826
4563
3713
3896
4509
4177
3553
3428
3104
2435
2193
2033
1231
424
129
-310
-1086
-1532
-1762
-2426
-3152
-3277
-3262
-3735
-4248
-4272
-4121
-4180
-4266
-4170
-4020
-3784
-3444
-3223
-3090
-2648
-2069
-1809
-1557
-919
-438
-267
304
1151
1464
1598
2234
2877
3173
3586
3847
3723
4014
4759
4682
4049
4078
4372
4083
3746
3583
3019
2418
2277
1937
1154
579
151
-568
-1096
-1298
-1847
-2671
-3079
-3213
-3474
-3780
-4117
-4396
-4320
-4131
-4227
-4313
-4108
-3805
-3484
-3171
-3076
-2883
-2193
-1567
-1411
-1109
-550
-112
514
1317
1508
1464
2248
3198
3380
3489
3868
3943
4107
4750
4812
4199
4169
4462
4100
3713
3760
3273
2361
2046
1990
1415
688
17
-708
-1105
-1256
-1810
-2649
-3156
-3358
-3528
-3731
-4122
-4441
-4362
-4199
-4307
-4290
-4008
-3772
-3575
-3306
-3060
-2661
-2024
-1626
-1511
-1080
-351
188
582
1069
1494
1878
2440
2984
3409
3737
3807
3848
4367
4859
4599
4179
4241
4322
4147
3966
3555
2824
2463
2417
1917
1068
507
115
-441
-1038
-1525
-1964
-2436
-2944
-3379
-3604
-3767
-3998
-4184
-4302
-4393
-4240
-3891
-3831
-3925
-3601
-3073
-2791
-2481
-2035
-1713
-1294
-643
-205
62
709
1407
1690
2017
2618
3118
3528
3894
3968
4048
4496
4750
4625
4538
4397
4076
4087
4136
3517
2814
2587
2174
1523
1275
856
-261
-939
-880
-1259
-2141
-2633
-2930
-3397
-3604
-3670
-4057
-4300
-4170
-4222
-4372
-4064
-3670
-3692
-3675
-3257
-2726
-2277
-1951
-1771
-1366
-617
-35
229
616
1219
1815
2304
2569
2845
3541
4193
4091
3839
4298
4841
4816
4548
4202
3842
4027
4337
3646
2498
2200
2299
1826
1150
480
-363
-831
-826
-1349
-2327
-2740
-2809
-3260
-3711
-3829
-3938
-4069
-4149
-4351
-4321
-3817
-3509
-3729
-3741
-3197
-2534
-2125
-2016
-1945
-1353
-409
2
-25
443
1311
1818
2044
2428
2894
3407
3901
3977
3870
4256
4805
4646
4190
4181
4313
4113
3739
3359
2972
2586
2124
1567
1099
619
-21
-688
-1210
-1604
-1923
-2438
-3172
-3537
-3492
-3701
-4133
-4226
-4201
-4356
-4235
-3903
-3862
-3844
-3475
-3167
-2974
-2440
-1920
-1775
-1477
-811
-302
78
605
1000
1318
1940
2536
2756
3104
3622
3842
3927
4241
4398
4321
4355
4289
3919
3758
3787
3433
2808
2375
1975
1488
1078
555
-260
-891
-1177
-1585
-2243
-2775
-3162
-3490
-3784
-4068
-4292
-4324
-4374
-4594
-4607
-4227
-3916
-3922
-3899
-3575
-3021
-2479
-2212
-2076
-1634
-938
-414
-75
334
799
1251
1771
2289
2616
2947
3374
3678
3843
4107
4299
4216
4157
4215
4022
3744
3691
3454
2771
2350
2193
1673
960
574
36
-736
-1080
-1288
-2078
-2789
-2859
-3077
-3743
-4043
-3956
-4106
-4361
-4377
-4387
-4305
-3899
-3646
-3814
-3709
-3039
-2432
-2229
-2049
-1688
-1142
-481
18
264
598
1161
1708
2089
2489
2912
3222
3437
3689
3904
4094
4274
4229
3751
3455
3839
4141
3409
2323
1978
2262
2261
1481
186
-595
-334
-54
-940
-2310
-2832
-2538
-2431
-2972
-3830
-4190
-3797
-3508
-3947
-4307
-3985
-3588
-3583
-3574
-3309
-2881
-2431
-2254
-2237
-1766
-879
-462
-560
-271
545
1176
1390
1593
1986
2476
2938
3232
3350
3516
3810
3929
3837
3886
4063
3800
3277
3231
3411
2987
2208
1776
1578
1247
821
135
-695
-983
-939
-1537
-2437
-2708
-2774
-3220
-3489
-3493
-3815
-4134
-3899
-3726
-3884
-3759
-3467
-3466
-3248
-2630
-2370
-2379
-1930
-1274
-929
-620
-155
201
617
1206
1614
1815
2207
2701
3023
3273
3493
3596
3728
3929
3983
3864
3696
3516
3444
3391
3005
2420
2081
1892
1505
963
432
-120
-545
-804
-1219
-1854
-2287
-2489
-2799
-3158
-3294
-3389
-3643
-3795
-3682
-3544
-3501
-3422
-3332
-3198
-2824
-2362
-2180
-2103
-1685
-1092
-729
-453
-40
366
740
1211
1644
1935
2283
2701
2948
3149
3493
3701
3661
3732
3854
3784
3664
3600
3326
2993
2878
2615
2035
1622
1395
921
337
-19
-420
-971
-1362
-1628
-2042
-2495
-2780
-2929
-3032
-3186
-3444
-3587
-3408
-3170
-3172
-3242
-3136
-2802
-2357
-2062
-2032
-1864
-1302
-763
-527
-276
163
535
878
1326
1741
2019
2312
2619
2817
3094
3535
3672
3389
3334
3719
3867
3527
3197
3026
2810
2705
2578
1964
1271
1096
965
418
-101
-480
-1021
-1399
-1465
-1850
-2531
-2710
-2606
-2916
-3246
-3181
-3163
-3258
-3116
-3015
-3095
-2836
-2338
-2252
-2301
-1894
-1357
-1069
-811
-516
-248
225
787
1037
1180
1618
2098
2354
2588
2896
3089
3247
3422
3461
3482
3607
3545
3237
3098
3134
2906
2467
2110
1802
1489
1210
749
147
-231
-432
-862
-1357
-1684
-2043
-2393
-2481
-2617
-3017
-3216
-3077
-3067
-3154
-3083
-3000
-2941
-2636
-2309
-2252
-2114
-1635
-1205
-997
-743
-385
32
503
855
996
1282
1864
2288
2365
2453
2788
3151
3315
3264
3169
3260
3417
3275
2944
2824
2770
2450
2012
1716
1504
1201
675
44
-295
-319
-669
-1505
-2034
-2010
-2069
-2518
-2957
-3207
-3246
-3063
-3043
-3415
-3551
-3101
-2742
-2833
-2778
-2409
-2077
-1756
-1346
-1171
-1000
-385
219
299
396
1011
1542
1688
1932
2256
2345
2630
3169
3131
2689
2932
3462
3197
2696
2733
2697
2335
2225
2045
1332
926
1062
695
-170
-464
-489
-1004
-1550
-1704
-1985
-2401
-2527
-2685
-3019
-3026
-2838
-3051
-3300
-3011
-2669
-2674
-2608
-2323
-2088
-1795
-1331
-1036
-940
-599
-56
320
585
918
1195
1441
1853
2227
2348
2439
2655
2826
2968
3062
2939
2804
2915
2869
2491
2320
2339
2016
1512
1301
1099
695
423
106
-529
-894
-777
-1036
-1769
-2106
-2030
-2174
-2419
-2539
-2761
-2877
-2636
-2517
-2734
-2694
-2294
-2123
-2119
-1858
-1490
-1233
-949
-697
-517
-120
411
653
702
992
1448
1767
1967
2084
2165
2376
2673
2734
2575
2572
2676
2603
2379
2269
2153
1905
1632
1395
1104
837
615
262
-204
-466
-584
-899
-1314
-1567
-1751
-1958
-2062
-2173
-2418
-2559
-2454
-2381
-2438
-2449
-2361
-2205
-1958
-1777
-1711
-1550
-1192
-850
-631
-464
-225
151
544
707
829
1181
1529
1623
1760
2017
2132
2215
2362
2309
2199
2381
2435
2036
1802
1937
1793
1401
1211
988
572
413
370
-73
-558
-676
-845
-1183
-1321
-1448
-1849
-2080
-1942
-1943
-2202
-2297
-2241
-2215
-2130
-1993
-1956
-1885
-1653
-1445
-1314
-1065
-731
-548
-431
-155
241
557
745
890
1071
1375
1722
1892
1886
1981
2167
2262
2339
2419
2273
2049
2070
2095
1877
1670
1506
1110
835
895
695
108
-205
-278
-579
-827
-884
-1244
-1705
-1679
-1567
-1843
-2045
-2025
-2130
-2147
-1914
-1892
-2035
-1870
-1610
-1572
-1394
-1060
-946
-873
-559
-278
-77
260
464
470
752
1258
1431
1378
1527
1762
1924
2092
2141
2004
2030
2219
2149
1948
1892
1794
1554
1418
1335
1074
758
556
339
80
-99
-322
-640
-882
-1038
-1195
-1339
-1469
-1684
-1854
-1837
-1775
-1815
-1914
-1965
-1882
-1669
-1491
-1487
-1505
-1314
-982
-741
-643
-542
-299
4
227
393
597
812
995
1166
1314
1479
1656
1741
1719
1756
1881
1945
1882
1745
1591
1511
1540
1473
1154
773
641
662
522
127
-263
-442
-485
-566
-832
-1212
-1414
-1349
-1332
-1594
-1804
-1769
-1708
-1764
-1770
-1711
-1664
-1570
-1467
-1444
-1289
-978
-842
-884
-705
-346
-120
31
178
244
421
844
1077
970
982
1253
1466
1585
1615
1477
1419
1662
1770
1514
1315
1306
1225
1119
1035
742
433
402
356
-2
-292
-339
-473
-740
-925
-1036
-1151
-1222
-1333
-1505
-1583
-1504
-1445
-1518
-1606
-1552
-1348
-1228
-1253
-1195
-987
-810
-685
-545
-397
-226
37
190
196
413
770
881
809
943
1191
1336
1405
1385
1342
1456
1623
1567
1399
1350
1343
1290
1223
1034
809
770
706
405
199
175
-14
-289
-348
-458
-738
-815
-753
-959
-1207
-1157
-1123
-1226
-1223
-1218
-1337
-1247
-989
-1001
-1137
-993
-719
-622
-580
-456
-316
-138
71
144
173
399
663
699
679
832
1025
1124
1148
1128
1120
1250
1377
1235
1040
1080
1153
1002
819
756
646
478
381
268
41
-104
-167
-356
-554
-588
-655
-880
-1011
-977
-1049
-1170
-1190
-1211
-1265
-1224
-1158
-1194
-1201
-1087
-1003
-978
-872
-768
-734
-612
-398
-310
-303
-176
-19
88
223
303
314
414
592
647
645
721
744
691
768
860
776
657
644
621
550
540
463
270
131
132
107
-35
-176
-307
-430
-465
-440
-517
-725
-841
-821
-779
-782
-831
-930
-1000
-899
-729
-723
-823
-807
-688
-591
-485
-389
-386
-392
-272
-73
71
119
105
126
260
473
609
564
484
530
723
864
836
738
646
672
816
876
710
519
499
525
501
466
338
131
51
109
80
-23
-106
-242
-381
-337
-221
-284
-484
-598
-550
-392
-324
-437
-599
-571
-387
-262
-288
-383
-384
-250
-130
-87
-70
-49
-15
43
146
257
311
268
231
328
506
576
510
420
425
553
681
621
437
391
503
562
499
376
279
268
304
283
178
79
41
29
-18
-51
-58
-124
-208
-220
-188
-169
-189
-260
-319
-254
-113
-134
-263
-261
-140
-76
-66
-66
-110
-63
77
128
51
67
175
207
217
275
286
266
324
386
353
342
394
382
353
381
373
291
278
332
280
173
167
183
123
85
61
-23
-78
-28
-39
-158
-186
-141
-170
-208
-174
-167
-233
-236
-179
-148
-120
-118
-162
-159
-44
34
-10
-56
-15
57
134
173
118
77
141
214
241
252
233
178
186
273
309
254
180
139
173
242
227
110
17
42
100
62
-6
-60
-120
-130
-96
-104
-168
-210
-246
-267
-221
-170
-239
-353
-319
-210
-187
-231
-284
-299
-240
-149
-150
-228
-239
-151
-82
-94
-135
-121
-55
-25
-33
-25
-9
12
24
26
19
72
93
29
1
69
124
69
-25
-26
55
107
9
-132
-137
-28
4
-95
-201
-214
-146
-92
-163
-272
-259
-202
-213
-230
-215
-225
-231
-226
-227
-211
-124
-129
-250
-248
-107
-39
-96
-157
-180
-121
11
51
-74
-168
-76
58
67
-12
-65
-53
6
50
22
-29
-23
-7
-36
-43
-3
5
-79
-153
-123
-57
-49
-131
-219
-232
-152
-95
-161
-252
-238
-182
-178
-193
-172
-185
-204
-168
-129
-121
-102
-93
-124
-102
-11
28
-26
-41
12
45
59
86
90
58
72
116
135
145
138
103
95
164
196
134
90
113
143
126
94
65
54
77
65
-12
-33
29
27
-73
-117
-68
-35
-70
-120
-155
-129
-61
-67
-149
-168
-82
-43
-90
-103
-42
-2
-14
-13
1
33
85
104
52
50
153
218
159
96
123
190
240
234
158
117
182
249
221
154
122
138
188
203
127
73
99
117
85
57
54
44
25
-11
-51
-27
19
-37
-135
-121
-42
-33
-80
-144
-156
-88
-30
-82
-157
-129
-49
-38
-60
-62
-26
11
4
-41
0
111
96
8
17
91
131
134
88
26
92
205
177
77
89
143
133
148
160
118
101
142
134
109
144
144
71
66
115
106
70
60
35
15
47
57
10
-36
-49
-39
-4
0
-69
-109
-81
-59
-46
-60
-96
-117
-58
-34
-82
-95
-81
-82
-73
-37
-53
-84
-65
-67
-74
-39
-29
-66
-73
-38
-38
-52
-29
-37
-64
-35
-7
-35
-38
-28
-56
-47
8
7
-54
-60
-25
-9
-20
-43
-58
-42
-1
-27
-82
-73
-27
-31
-55
-61
-50
-30
-33
-55
-46
-6
1
-35
-43
-4
19
10
-11
-18
14
62
42
-5
3
47
61
55
44
31
39
73
76
51
49
64
52
49
77
67
31
29
52
55
55
48
11
3
60
70
25
15
31
27
39
58
29
5
33
68
57
41
50
41
48
82
85
64
65
73
72
84
79
82
83
82
73
79
84
80
73
74
71
66
80
70
53
34
56
66
52
25
19
41
41
15
-2
22
23
2
-21
-12
7
9
-10
-30
-22
16
9
-26
-24
-5
10
5
-11
-11
6
23
18
-5
11
35
24
0
4
33
49
26
-7
19
45
40
21
4
-2
33
53
17
-15
6
31
11
7
8
-15
-20
11
-4
-40
-36
-24
-43
-52
-33
-56
-82
-70
-66
-86
-82
-74
-98
-109
-78
-73
-107
-107
-93
-100
-91
-84
-103
-115
-81
-74
-97
-87
-69
-82
-85
-61
-55
-62
-58
-46
-62
-55
-27
-27
-57
-63
-39
-16
-23
-42
-49
-47
-25
-10
-36
-69
-44
-10
-25
-49
-39
-37
-41
-27
-42
-60
-45
-16
-51
-92
-53
-32
-63
-86
-74
-68
-55
-35
-68
-92
-59
-22
-41
-75
-63
-42
-34
-30
-45
-60
-39
-17
-15
-29
-16
-13
-10
-5
-5
-4
5
-13
-32
-15
13
2
-31
-34
-18
6
9
-30
-57
-29
1
-7
-38
-50
-45
-27
-27
-49
-57
-46
-38
-46
-53
-54
-52
-60
-67
-58
-49
-55
-73
-77
-63
-52
-55
-72
-80
-76
-64
-59
-69
-77
-76
-67
-67
-65
-61
-70
-85
-71
-49
-59
-86
-76
-64
-69
-75
-82
-86
-75
-61
-77
-102
-82
-71
-87
-96
-93
-84
-81
-86
-103
-88
-74
-73
-91
-95
-78
-64
-67
-80
-91
-73
-59
-68
-71
-63
-61
-73
-58
-48
-62
-57
-52
-58
-47
-27
-38
-59
-36
-11
-24
-40
-25
-18
-14
-12
-13
-12
-11
-11
-24
-20
-7
-13
-32
-33
-15
-16
-20
-38
-51
-36
-15
-27
-55
-48
-24
-30
-42
-27
-33
-48
-31
-21
-30
-26
-20
-37
-37
-2
2
-28
-30
-6
3
-5
-6
-12
-4
11
11
13
17
22
27
24
25
39
41
30
22
42
62
51
37
43
60
62
34
34
40
34
35
27
16
23
25
9
-8
-2
18
5
-1
-11
-9
6
16
-2
-14
-1
21
17
-2
7
16
34
30
10
2
32
55
42
25
18
33
46
40
22
17
47
54
37
25
35
49
48
31
25
35
52
46
17
19
35
49
28
2
8
29
33
14
-1
-1
21
22
4
6
22
19
6
13
24
27
12
6
20
28
36
24
9
19
30
24
15
17
16
20
23
15
20
27
26
16
14
26
21
6
9
9
3
-2
7
9
5
5
-2
4
12
10
10
7
4
7
15
9
6
12
11
20
28
26
19
25
38
32
26
37
35
35
35
46
51
48
50
47
48
62
65
56
51
56
62
60
61
59
49
55
63
63
55
46
39
52
62
55
42
32
38
44
46
31
13
14
22
25
20
13
-2
6
25
25
6
2
6
1
12
16
5
3
12
11
-2
11
17
5
5
17
17
18
19
6
8
28
35
13
9
19
24
21
26
32
20
23
42
40
37
44
37
37
51
60
52
36
39
46
48
53
46
37
39
44
48
41
40
36
28
31
36
36
28
29
35
33
26
30
39
30
21
24
35
38
31
31
31
33
41
46
36
33
47
48
34
29
38
47
47
42
42
49
52
55
51
46
53
51
47
50
47
48
53
48
44
47
55
46
46
50
46
39
43
46
40
38
37
34
33
35
31
21
22
25
23
33
31
28
27
32
36
31
32
29
33
42
35
34
29
42
47
49
47
49
46
45
51
39
48
53
46
34
43
51
49
43
35
38
38
39
34
24
16
20
28
21
13
11
8
3
7
10
2
2
-3
-2
-9
-6
-8
-15
-9
-11
-10
-7
-13
-4
-9
-9
3
2
-1
-6
-1
1
4
0
6
13
3
3
11
19
15
12
3
9
16
14
-2
-4
1
8
4
-12
-12
-4
-6
-8
-16
-13
-10
-16
-16
-15
-12
-24
-21
-25
-25
-20
-21
-23
-32
-25
-25
-25
-15
-12
-26
-28
-17
-12
-9
-17
-28
-18
-6
-10
-15
-17
-6
0
-3
-9
-7
-3
1
-4
-10
7
1
-9
-8
-8
-6
-5
-7
-18
-10
-7
-12
-11
-14
-8
-7
-13
-18
-16
-10
-11
-20
-17
-9
-10
-14
-19
-22
-16
-5
-10
-17
-17
-7
-12
-13
-9
-4
-3
1
-3
-2
6
2
0
-5
2
6
3
3
-1
-11
-4
0
2
-13
-11
-11
-10
-4
-6
-15
-21
-21
-13
-14
-19
-21
-21
-10
-12
-21
-22
-22
-16
-12
-16
-12
-13
-18
-18
-20
-18
-20
-15
-20
-19
-8
-5
-18
-20
-14
-11
-9
-18
-14
-19
-12
-7
-14
-13
-14
-12
-15
-13
-15
-21
-14
-14
-19
-14
-17
-25
-27
-29
-27
-28
-28
-32
-33
-34
-30
-32
-41
-37
-33
-34
-35
-35
-38
-36
-35
-39
-43
-33
-31
-34
-39
-39
-36
-31
-33
-46
-43
-27
-26
-31
-38
-37
-33
-33
-33
-32
-34
-32
-26
-27
-34
-32
-24
-25
-26
-34
-33
-24
-25
-29
-30
-31
-34
-28
-25
-32
-37
-36
-33
-37
-37
-35
-34
-37
-34
-29
-29
-30
-31
-34
-25
-21
-20
-22
-29
-26
-24
-23
-24
-21
-22
-17
-9
-7
-10
-17
-16
-9
-9
-8
-12
-15
-11
-10
-7
-12
-9
-11
-15
-6
-5
-13
-23
-12
-11
-8
-14
-17
-15
-17
-12
-10
-15
-17
-12
-12
-10
-9
-12
-11
-11
-5
-11
-13
-10
-11
-12
-14
-10
-7
-5
-9
-12
0
-1
-1
-1
-1
2
4
4
4
-5
3
3
0
-2
6
8
-6
-3
6
10
5
1
7
-2
4
12
10
2
6
15
6
7
7
9
4
6
12
11
11
11
12
10
15
12
12
8
10
8
10
9
8
9
-2
1
6
4
1
-4
-2
2
-1
0
-6
-2
8
11
6
2
5
-6
1
6
1
8
9
2
4
10
9
11
10
10
8
16
18
14
15
16
17
22
21
15
16
21
26
24
22
18
17
22
25
25
18
18
24
19
17
15
20
11
9
24
21
17
20
16
18
19
20
13
9
13
14
16
20
21
14
18
20
21
19
24
22
16
24
20
21
21
17
14
14
21
19
18
18
16
15
15
14
19
19
22
16
16
15
13
18
17
19
14
17
18
9
10
15
14
12
15
12
9
11
14
12
16
17
15
16
14
16
18
23
22
24
24
26
22
19
14
21
25
21
25
19
16
21
20
19
23
18
21
12
12
13
14
17
15
13
11
13
11
7
4
11
10
10
8
10
10
6
7
14
17
12
13
14
9
4
9
17
12
6
9
8
12
3
7
8
10
13
14
11
3
6
6
7
8
7
2
0
1
1
-2
-3
5
6
4
-5
-11
-9
-5
-2
-7
-9
-6
-2
-8
-10
-10
-9
-9
-3
-3
-7
-5
-2
2
4
5
7
6
1
1
4
4
4
0
11
8
-2
3
3
-2
1
7
1
0
2
3
-3
-2
1
-3
-3
-8
-8
-10
-7
-1
-5
-10
-8
-4
-1
-6
-10
-14
-7
-1
-4
-10
-11
-8
-1
3
-9
-6
0
3
0
-3
-9
-6
-7
-9
-4
-10
-7
-12
-11
-11
-10
-10
-9
-10
-8
-12
-14
-16
-21
-16
-16
-16
-20
-21
-16
-15
-17
-14
-18
-14
-18
-21
-19
-19
-10
-17
-18
-16
-14
-16
-16
-17
-22
-22
-16
-13
-13
-11
-14
-16
-16
-14
-14
-16
-17
-14
-14
-21
-21
-18
-16
-21
-21
-20
-19
-18
-24
-26
-23
-21
-19
-19
-20
-18
-21
-24
-25
-23
-21
-27
-20
-25
-25
-18
-15
-16
-19
-16
-19
-15
-16
-18
-20
-17
-18
-17
-22
-22
-20
-22
-18
-18
-22
-22
-19
-20
-23
-23
-22
-20
-16
-13
-15
-15
-22
-18
-15
-20
-24
-21
-21
-15
-15
-21
-24
-22
-10
-15
-17
-18
-19
-20
-16
-11
-12
-12
-10
-7
-15
-10
-10
-10
-12
-4
-6
-8
-5
-9
-10
-7
2
-11
-18
-4
-9
-14
-12
-13
-9
-14
-12
-10
-13
-13
-11
-16
-14
-5
-11
-13
-15
-17
-9
-15
-17
-12
-18
-15
-14
-17
-13
-12
-7
-10
-12
-8
-4
-8
-1
-8
-3
1
-3
-7
-1
3
-2
2
3
0
-3
-2
-3
-4
0
0
-4
2
5
-3
-8
-5
0
-6
-3
-6
-9
-3
-7
-7
-8
-6
-12
-9
-1
-1
-4
-5
-4
-3
-2
0
1
3
6
3
1
-1
11
9
2
10
5
8
13
9
12
6
13
10
5
4
9
17
10
3
3
6
5
7
4
3
6
-1
-3
-2
3
8
-1
0
0
1
-1
-2
-4
2
4
3
-4
-2
-4
-1
6
-1
3
0
6
6
7
6
0
11
7
5
8
12
7
6
7
8
9
7
5
9
4
4
7
4
2
6
3
-1
-2
-1
4
4
5
1
3
2
2
2
2
1
-4
3
-1
10
1
4
11
0
4
1
10
3
5
8
4
7
6
7
7
5
6
8
5
0
5
11
11
14
8
10
13
13
12
10
16
8
14
11
6
11
12
14
10
10
9
7
0
5
5
4
5
-6
0
3
4
4
5
5
0
10
9
7
4
7
12
3
7
10
8
8
10
9
9
12
13
11
16
12
10
15
12
18
18
17
20
21
19
20
23
17
17
20
10
6
16
10
13
15
15
13
12
15
12
7
3
10
9
12
11
8
8
13
13
7
5
13
19
18
11
7
16
13
14
19
17
20
22
16
17
20
23
18
16
17
13
8
11
15
16
16
12
15
9
14
16
13
21
13
15
20
17
12
14
15
17
15
11
12
16
12
15
14
7
9
16
15
13
15
13
12
8
12
16
14
8
10
10
12
16
12
11
16
14
20
17
13
15
20
22
17
17
19
20
11
14
13
10
20
15
9
5
14
19
17
18
12
19
16
18
14
11
17
16
20
18
20
17
19
20
17
14
19
21
16
20
18
15
14
15
15
18
18
17
11
16
22
17
18
19
17
17
15
14
13
15
18
15
16
21
11
11
13
13
12
16
15
11
8
11
16
14
14
11
14
19
15
13
12
15
12
10
8
10
9
7
16
10
9
6
10
8
7
6
5
11
10
7
5
8
7
10
7
4
5
5
8
4
3
0
5
1
1
2
4
0
2
1
-3
-1
-1
1
3
4
-1
3
-4
4
2
5
2
3
0
0
2
6
8
3
2
-3
0
4
5
1
3
3
4
4
8
1
4
8
4
6
4
1
0
4
3
0
-1
2
11
7
6
-1
0
8
1
6
2
4
2
4
-2
2
-5
2
0
-4
0
-4
-10
-7
-4
-11
-7
-8
-5
-7
-9
-7
-5
-5
-9
-10
-10
-7
-6
0
3
-6
-5
-4
2
5
-4
-4
-3
-4
0
-1
0
-7
-9
-5
-11
-6
-4
-8
-9
-7
-6
-5
-9
-6
-10
-14
-12
-13
-8
-13
-11
-7
-9
-7
-12
-10
-7
-9
-8
-12
-10
-12
-11
-9
-13
-10
-10
-6
-3
-8
-5
-10
-4
4
-2
-5
-6
1
1
-5
-3
-2
-3
-1
-3
-3
0
1
-5
-3
-2
2
5
2
0
-2
-3
-1
-1
-4
-6
-7
-1
-3
-4
-2
-3
-3
0
3
3
6
2
-2
-1
5
4
2
-9
4
5
0
-3
2
8
1
5
-2
7
6
3
9
9
2
7
10
5
8
12
13
7
1
0
4
5
5
0
4
6
4
-2
6
-2
-2
5
1
5
2
3
10
9
6
3
-2
2
10
9
6
1
4
7
5
5
1
6
3
5
5
3
7
1
-5
-1
3
10
4
4
1
4
13
3
5
8
13
14
7
6
0
3
7
3
5
7
4
7
0
1
8
0
4
0
4
8
4
-4
4
6
-1
4
4
4
4
3
3
1
6
6
2
-1
0
0
4
-2
4
8
-8
-5
2
5
0
-1
-2
0
-1
1
2
1
-2
0
8
7
4
3
1
-1
1
-1
-2
1
1
-4
4
-1
-5
1
-6
1
-2
-5
-5
-5
1
4
-1
-1
0
-6
-4
-3
-2
-7
2
-2
1
3
-2
3
-4
-5
0
-4
-3
-9
-7
5
-2
1
5
-4
-8
-6
1
-3
0
-3
-1
5
2
-3
-5
0
1
-9
-4
0
-6
-5
-4
-1
0
-9
-6
-4
-3
4
-6
-2
2
8
14
9
6
-2
3
1
3
10
3
7
4
5
2
0
6
1
1
5
7
-1
5
5
5
4
3
2
3
6
2
4
0
4
2
0
2
-4
3
2
6
2
-1
2
7
3
4
0
-1
10
-1
2
3
0
2
1
3
5
7
3
5
4
5
6
2
6
3
1
4
6
2
4
2
7
10
5
6
9
1
5
6
4
6
1
4
8
3
9
5
0
10
3
3
2
3
1
3
4
-2
-1
4
4
1
1
3
-4
3
6
-3
7
-2
-3
1
-6
2
-2
-6
0
-2
-7
3
1
3
0
-8
2
7
1
4
10
7
11
4
6
2
1
10
9
7
5
7
4
6
-1
4
-2
-2
4
-2
3
3
4
2
0
2
-1
2
-1
0
0
-3
-2
-3
-6
-7
-3
-7
-6
-4
-6
-10
-8
-5
-2
-6
-5
-8
-8
-3
0
-1
-4
-4
-3
-2
-3
4
3
-1
-2
-1
-1
-7
0
1
-4
-4
0
-2
-4
-4
-3
-1
-3
6
-1
-4
-7
-10
-2
-5
-9
-8
-13
-8
-8
-12
-11
-11
-10
-12
-9
-5
-6
-11
-7
-4
-5
-8
-2
-3
-6
-9
-11
-10
-5
-5
-14
-12
-12
-13
-16
-10
-6
-10
-5
-10
-11
-12
-10
-6
-10
-11
-13
-12
-11
-14
-8
-9
-16
-12
-11
-15
-15
-13
-7
-5
-10
-13
-6
-6
-10
-9
-11
-3
-8
-12
-8
-9
-7
-7
-7
-4
-5
-7
-8
-12
-9
-5
-7
-3
-5
-7
-2
-3
-4
-3
-5
-11
-9
-9
-8
-13
-7
-10
-9
-9
-12
-8
-15
-12
-12
-2
-11
-16
-10
-14
-14
-9
-16
-16
-15
-6
-8
-10
-9
-12
-13
-16
-10
-17
-13
-11
-16
-13
-13
-15
-15
-12
-13
-16
-18
-17
-17
-16
-18
-22
-22
-16
-21
-17
-21
-14
-15
-18
-19
-12
-14
-15
-15
-13
-16
-13
-13
-14
-12
-8
-2
-13
-7
-12
-15
-9
-6
-17
-12
-12
-18
-15
-15
-13
-9
-10
-15
-16
-13
-10
-3
-11
-10
-10
-16
-13
-17
-18
-18
-12
-15
-13
-13
-17
-16
-14
-11
-11
-13
-11
-15
-24
-15
-12
-14
-12
-16
-15
-16
-13
-15
-13
-12
-19
-15
-12
-13
-12
-13
-10
-10
-20
-14
-11
-7
-4
-12
-9
-8
-9
-11
-11
-9
-9
-7
-8
-9
-13
-10
-12
-11
-9
-10
-20
-13
-10
-15
-9
-15
-13
-15
-17
-12
-17
-21
-22
-20
-15
-19
-12
-20
-18
-13
-20
-16
-16
-12
-21
-11
-10
-14
-12
-2
-5
-5
-10
-9
-12
-15
-13
-17
-12
-18
-8
-16
-13
-12
-12
-12
-10
-11
-10
-8
-10
-9
-12
-9
-18
-15
-12
-15
-12
-17
-12
-6
-10
-13
-11
-7
-11
-16
-11
-9
-9
-10
-7
-6
-8
-7
-10
-4
-5
-8
-4
-12
-6
-4
0
-10
-5
-7
-2
-2
4
3
-13
-5
0
-4
-6
0
-5
-10
-9
-8
-11
-9
-9
-4
-10
-13
-7
-8
-3
-4
-5
-3
-6
-5
-3
-5
-5
-6
-7
-7
-8
-3
-3
1
-4
2
-3
-2
-3
-3
-2
-6
-4
-8
-3
-6
-2
-6
-4
-4
-6
-9
-7
-4
-4
-2
-11
-6
-9
0
-5
-6
-4
-4
-2
-5
-8
-13
1
-7
-7
-7
-9
-3
-3
-4
-8
-9
0
-1
1
1
-5
2
-3
-3
2
-3
-5
-2
-7
-8
0
-6
2
-2
-1
0
-7
-4
-5
-5
5
2
-6
-2
-3
-3
2
2
-1
2
-2
3
4
8
5
5
6
4
9
4
9
6
4
6
6
7
6
8
8
11
6
3
0
5
6
8
2
0
-1
1
4
4
6
1
3
-2
1
0
2
7
9
3
4
6
5
9
3
8
-3
-5
-6
0
4
1
6
-2
3
6
2
0
0
2
0
1
3
2
2
4
4
6
2
7
8
2
3
6
2
3
6
3
1
2
5
2
8
4
5
8
-1
-1
1
-2
-5
-1
-2
1
-1
1
1
-3
4
-2
-8
0
-4
-1
-6
-9
-10
-8
-4
-5
-4
-12
-10
-7
-10
-10
-9
-11
-7
-5
-8
-9
-10
-9
-8
-4
-14
-6
-7
-12
-6
-6
-7
-5
-5
-10
-7
-11
-8
-6
-7
-10
-12
-10
-10
-9
-13
-7
-11
-12
-11
-9
-9
-12
-15
-16
-13
-15
-10
-15
-15
-9
-15
-12
-16
-13
-19
-11
-20
-15
-12
-19
-12
-7
-9
-8
-8
-16
-19
-19
-8
-12
-10
-15
-20
-19
-16
-11
-16
-12
-11
-18
-13
-14
-19
-15
-14
-14
-19
-15
-15
-16
-16
-17
-18
-18
-11
-15
-19
-18
-14
-21
-14
-13
-14
-15
-16
-13
-12
-7
-8
-16
-21
-24
-18
-17
-20
-14
-22
-25
-22
-26
-18
-25
-19
-17
-19
-15
-20
-19
-21
-21
-25
-16
-13
-15
-20
-15
-16
-17
-18
-17
-15
-17
-14
-15
-15
-15
-20
-17
-16
-23
-18
-22
-16
-16
-24
-20
-20
-16
-16
-16
-20
-17
-12
-14
-17
-17
-17
-18
-13
-12
-13
-3
-10
-14
-12
-13
-13
-9
-11
-12
-3
-8
-9
-14
-15
-9
-10
-11
-9
-13
-15
-14
-11
-15
-8
-8
-7
-9
-5
-6
-15
-11
-14
-16
-11
-11
-13
-6
-14
-9
-10
-12
-6
-9
-8
-7
-8
-7
-11
-13
-7
-10
-11
-13
-8
-8
-6
-8
-12
-8
-10
-13
-5
-7
-8
-1
-5
-9
-7
-6
-2
-1
-6
0
-3
-8
-1
-3
-6
-2
-2
4
-2
-4
-4
-3
-3
0
0
-5
-4
-9
-6
-9
-5
-13
-13
-4
-8
-7
-5
-7
-10
-12
-10
-9
-9
-4
-7
-6
-7
-5
-3
-5
-11
-4
-2
-6
-3
-10
-6
-5
-4
-4
-5
-3
-5
-4
-7
-5
-5
-6
-2
-6
-10
-3
-5
-6
-8
-10
-7
-9
-10
-7
-6
-6
-7
-5
-5
0
4
-5
-5
-6
-5
2
-7
-3
-5
-1
0
-2
-4
-5
1
-6
-5
-6
-3
-6
-5
4
-1
0
0
-6
-7
-5
-3
-5
-4
1
-6
-2
-4
-4
-4
2
2
-2
2
-1
-1
1
-3
0
6
1
-2
2
0
3
-2
-1
-4
4
0
-3
-1
-3
2
0
-2
2
3
1
1
3
2
2
7
10
4
2
1
3
10
5
10
11
9
8
11
7
1
8
11
9
4
5
1
3
2
-2
0
3
0
-2
4
2
-2
0
-4
-3
3
6
1
3
3
-3
3
0
0
-1
0
-5
2
3
0
1
-5
0
-4
3
1
1
7
0
-2
5
6
8
9
1
-1
0
-3
2
2
0
3
4
0
4
6
6
9
4
1
3
3
2
7
5
0
0
0
2
6
4
4
5
9
8
6
8
8
9
2
5
5
3
6
9
10
6
13
8
4
6
4
10
8
4
9
9
8
6
9
9
14
12
13
17
8
11
6
6
9
7
12
9
6
6
5
11
8
5
8
5
6
4
5
9
5
5
8
6
9
11
6
8
13
10
9
8
6
9
7
5
8
7
6
7
9
12
9
4
9
8
8
7
4
4
9
10
11
8
6
14
9
13
9
10
10
9
6
-1
6
3
7
8
8
6
6
1
3
7
4
3
6
7
1
1
1
0
5
6
6
11
1
4
4
-1
8
8
0
2
5
-1
1
1
2
4
1
6
3
2
4
6
4
6
6
4
4
4
3
0
4
8
5
4
1
4
1
5
-1
3
0
1
9
-2
4
4
3
0
8
3
2
5
3
4
2
5
5
10
4
4
6
8
9
2
3
9
3
9
11
7
6
4
9
5
7
1
8
11
4
5
8
9
3
4
5
6
6
5
9
10
6
6
9
9
7
1
12
10
3
10
4
0
-1
2
8
8
8
8
6
5
5
8
1
6
3
2
5
8
6
6
9
8
6
5
4
-1
4
5
8
8
7
9
9
13
4
8
4
6
11
2
2
4
0
4
5
4
4
6
4
9
1
-2
6
-2
3
3
3
7
5
4
7
10
4
5
5
7
2
4
2
2
6
4
6
3
6
3
-4
5
4
6
4
2
4
3
7
4
3
5
6
7
5
3
3
6
7
9
3
7
3
1
5
4
3
1
5
3
8
6
1
7
1
4
10
9
10
8
13
4
4
8
8
10
6
10
8
6
7
8
5
4
13
5
4
1
1
7
4
2
2
7
8
7
4
8
9
10
11
10
6
0
7
8
5
9
5
7
8
5
3
7
11
6
3
7
14
9
12
12
8
9
6
3
8
9
11
11
6
5
8
4
5
3
7
11
4
9
4
2
3
8
8
5
5
6
5
3
9
7
11
9
6
9
15
9
7
11
12
8
8
7
6
10
12
5
13
10
18
14
12
12
9
14
11
10
11
10
3
10
9
14
11
11
12
10
14
10
9
10
9
10
10
11
14
12
18
16
12
6
10
14
10
9
12
14
9
11
12
9
15
16
15
9
10
14
12
17
11
10
15
12
9
7
9
14
8
7
11
10
10
11
8
10
14
8
8
9
6
2
6
8
8
5
8
6
4
4
7
8
6
5
4
9
8
11
9
11
14
11
7
12
11
12
8
7
6
4
6
3
7
4
8
6
11
7
10
8
7
11
5
6
5
11
7
6
0
5
7
3
4
6
4
8
10
9
9
6
8
11
15
9
8
8
10
13
12
11
16
14
13
12
9
9
9
12
8
3
8
12
13
11
10
14
11
11
15
11
12
8
9
9
11
10
7
15
9
9
8
5
5
5
4
3
2
3
9
11
4
5
3
11
1
7
13
3
7
7
7
9
13
11
12
9
11
14
13
9
9
10
11
11
10
9
11
10
10
13
11
5
5
9
10
13
13
6
4
8
2
1
1
7
5
3
1
8
7
5
2
2
5
1
6
7
6
5
2
9
5
7
7
4
5
4
6
7
16
14
16
9
11
9
7
9
9
5
8
8
8
9
4
3
0
-3
4
5
-4
-1
2
1
5
-1
1
2
0
6
3
1
0
0
5
4
2
2
6
5
5
3
2
0
1
9
2
5
6
7
8
8
10
7
13
7
13
9
9
14
10
7
10
7
6
10
10
6
4
6
8
4
6
4
4
13
4
3
-1
5
5
6
7
2
6
0
2
1
7
5
1
-1
-2
1
3
2
3
0
-3
2
3
4
3
1
5
3
3
9
3
0
5
7
4
8
2
4
3
3
1
1
2
-2
2
2
-4
-5
-4
-2
2
4
-3
-4
0
0
4
1
0
-1
0
0
-5
4
-2
1
-4
-3
-3
-4
-2
0
4
-6
2
0
0
-1
8
7
9
13
2
5
3
10
9
5
7
10
7
3
7
2
6
3
2
5
7
5
4
7
7
8
3
7
6
4
3
5
7
7
10
2
6
6
1
6
2
0
5
2
-3
-3
5
-3
0
3
1
4
4
3
4
6
5
2
1
4
3
0
2
3
3
3
1
2
0
1
3
2
1
3
1
1
3
2
7
4
-1
-2
2
1
1
4
4
5
6
3
-4
-2
0
6
2
-1
2
-2
1
1
4
2
1
5
-1
0
1
0
1
1
7
6
2
6
6
2
4
7
9
5
1
5
5
11
7
6
1
3
5
6
7
8
8
5
9
9
13
2
5
5
5
6
7
6
2
5
6
11
7
5
8
7
7
11
11
11
9
4
5
7
5
5
5
1
3
7
10
7
7
6
10
10
10
10
6
9
3
4
3
4
4
10
11
3
8
6
5
5
2
-1
0
4
7
4
3
3
2
0
4
7
0
3
5
2
1
2
-2
4
2
-5
4
-2
0
0
1
-3
-8
-3
-3
0
-7
-3
-3
3
3
-6
-5
-1
-1
-1
0
-2
-3
-3
-4
-4
-1
5
-1
-2
4
3
4
2
-2
0
1
-1
-3
1
3
-1
2
3
3
5
-2
-3
-2
-2
2
4
-1
1
1
0
1
-2
-4
-9
-4
-5
-4
-3
-6
-3
-1
-3
-3
-1
8
3
-1
8
-2
1
6
-1
1
-3
-2
2
-1
1
-6
-1
-1
4
2
-4
-2
0
-7
-4
3
-3
5
2
0
-1
1
5
4
2
-3
3
1
0
2
3
-1
-8
-4
1
-5
-4
0
3
5
3
5
-1
3
4
-3
2
1
4
5
0
-1
0
2
0
5
5
5
-2
-2
7
-1
1
2
2
1
-6
-3
-3
-3
-1
3
5
-1
1
0
4
10
10
3
1
4
2
5
5
6
8
12
5
1
7
8
3
4
3
-1
6
6
4
4
6
4
10
3
2
11
1
2
3
5
5
10
10
4
2
3
3
6
3
-5
0
4
2
2
2
2
-2
-4
-4
1
0
-5
0
1
-2
4
-1
-1
1
-9
-2
2
-2
2
-1
-2
2
-1
2
0
-3
1
0
-3
0
3
1
0
1
-1
2
0
-3
-4
1
1
0
3
1
6
3
2
4
0
-1
-2
-1
4
2
6
9
3
0
1
-1
5
-1
2
-5
-4
1
1
0
4
3
0
7
3
6
3
1
2
4
3
0
0
5
4
-5
-4
4
1
2
8
-1
-3
3
7
4
-2
0
2
6
3
5
4
0
5
6
3
6
5
1
5
4
1
4
-1
4
6
7
2
1
9
6
5
3
4
5
7
7
5
5
5
12
8
2
8
1
2
0
3
-2
3
0
-1
6
4
9
5
5
3
10
5
7
1
0
9
4
6
3
4
4
3
4
-1
5
5
10
3
-1
5
0
3
7
7
-1
-2
2
-2
0
-1
-4
-1
-4
-1
0
1
1
5
-2
0
-1
2
-1
7
4
1
1
5
3
0
6
1
3
-1
2
-3
0
1
5
6
1
6
1
-1
5
0
3
8
0
1
4
2
1
2
-3
2
-3
-2
2
-1
2
3
3
-1
3
1
-3
0
0
2
3
6
1
4
7
1
1
1
3
2
2
5
-2
0
5
2
4
3
2
6
5
6
4
7
5
5
9
0
2
3
2
5
5
6
5
5
5
3
5
15
4
11
10
-1
10
10
10
8
10
8
-1
7
11
7
6
3
5
0
0
6
5
4
6
14
7
11
7
8
10
6
5
10
12
8
11
11
15
7
10
12
6
4
6
6
8
5
6
5
4
7
4
8
6
7
6
10
8
13
14
12
15
8
10
8
11
13
15
14
9
8
10
6
7
14
14
15
11
12
9
9
11
8
9
11
10
16
11
12
13
9
16
12
9
9
14
10
9
17
20
14
12
11
8
13
11
5
9
13
10
11
10
12
8
8
10
9
12
14
15
14
10
12
11
9
9
7
8
17
11
7
7
3
12
12
13
16
13
15
16
12
10
6
10
14
8
10
8
1
2
6
2
6
8
10
7
3
7
9
10
7
5
7
12
13
11
5
9
9
5
4
7
4
5
2
1
5
3
7
9
5
7
3
7
3
2
1
5
10
5
6
3
3
6
8
4
11
6
9
5
8
5
4
10
3
6
4
8
5
6
7
5
6
6
8
6
6
7
8
6
4
7
8
6
5
10
16
13
6
7
8
5
10
10
8
10
5
6
5
5
3
7
3
3
11
6
5
8
12
10
5
6
12
9
8
6
4
5
6
6
0
6
8
8
3
9
5
4
10
4
12
10
7
9
7
11
5
7
4
6
13
8
9
10
14
11
12
14
10
9
7
7
6
3
6
8
8
13
7
3
4
8
5
4
12
7
2
6
6
6
11
9
10
7
8
6
11
10
10
16
11
11
10
9
16
15
8
9
12
11
9
4
10
11
10
15
12
14
13
8
8
10
5
4
7
8
1
4
6
6
4
-1
4
0
4
-1
3
6
6
6
6
5
5
-3
0
1
0
2
-1
1
0
-3
0
-1
-5
0
-2
0
3
3
2
2
3
1
4
3
8
7
4
4
1
8
2
4
4
4
2
3
3
-7
-1
-4
5
3
-4
1
1
-2
-1
5
1
1
0
-6
1
1
-4
-1
-3
0
-7
-2
-3
-3
3
0
-1
-2
1
0
-7
-4
-4
-4
-7
-7
-6
-8
-3
-8
-6
-1
-7
-6
-7
-3
-8
-7
-7
-7
-6
-7
-6
-11
-8
-8
-8
-7
-8
-9
-7
-12
-9
-5
-10
-11
-7
-8
-5
-7
-4
-6
-8
-4
-7
-6
-13
-8
-11
-5
-5
-8
-5
-12
-11
-8
-7
-11
-5
-4
0
-11
-4
-4
-10
-3
-4
-1
-8
-9
-14
-17
-9
-9
-13
-12
-13
-5
-6
-9
-16
-12
-10
-10
-7
-9
-6
-9
-7
-9
-7
-10
-11
-6
-12
-10
-1
-11
-15
-7
-9
-10
-10
-12
-9
-7
-7
-9
-8
-6
-8
-11
-10
-9
-7
-11
-10
-8
-9
-10
-8
-8
-8
-9
-11
-10
-6
-7
-6
-4
-7
-4
-1
-6
-1
3
-2
-7
-7
-4
-1
-3
-6
-6
-2
-6
-8
-7
-6
-3
-6
-4
-5
-5
-2
-6
-5
-4
-8
-8
-1
-5
-8
-3
-8
-5
-8
-3
-7
-9
-9
-7
-8
-6
-5
-8
-7
-10
-6
-9
-11
-7
-9
-6
-5
-10
-5
-5
-5
-6
-6
-2
-2
1
-4
-4
-5
-5
-2
-2
-1
-6
-4
-8
-3
0
-4
-6
-6
-3
-13
-8
-10
-11
-10
-9
-10
-1
-4
-8
-5
-6
-5
-10
-5
-9
-9
-7
-9
-8
-2
-3
-2
-4
-4
-10
-5
-6
-7
-7
-5
5
0
0
-3
-3
-7
-2
-5
0
0
-6
-4
-3
-4
-8
-8
-5
-5
-3
1
2
-1
-3
1
-3
-3
-5
-1
-1
-4
1
-1
-3
-3
-4
-2
6
1
-2
-5
-1
-3
-2
-3
-2
2
2
-1
-6
1
-2
-1
0
-3
-2
-4
-4
1
-3
-3
-5
-5
-4
-3
-7
-2
1
-3
-5
-2
-2
-10
-8
-1
-6
-5
-1
-7
-2
-7
-9
-5
0
4
-4
0
0
-3
-1
-7
-2
1
-2
0
-1
1
1
2
-4
-3
-2
4
7
0
1
0
-1
2
2
-4
-5
-4
-3
-2
-4
-2
3
-1
1
-3
-4
-1
1
1
-1
2
-4
-2
6
7
2
-3
1
2
3
0
-1
-1
3
3
7
4
4
4
5
4
6
8
9
9
3
2
2
1
5
0
2
1
0
2
-1
4
1
-1
-6
-7
-3
4
7
2
-1
-1
2
-2
0
1
-2
1
-5
2
0
-1
2
0
2
1
1
-2
3
4
9
3
-1
2
0
2
11
10
4
6
6
2
5
7
5
9
6
-1
-2
-1
6
11
5
4
4
