-2
25
12
-21
-10
20
18
-9
-13
17
22
-8
-17
7
24
1
-21
-3
26
8
-14
-12
13
12
-17
-11
12
21
-10
-22
4
27
0
-20
-6
24
16
-19
-6
11
15
-10
-17
10
16
-6
-18
8
27
1
-18
3
28
11
-17
-6
21
18
-14
-12
16
23
-4
-17
10
19
-6
-18
1
24
5
-14
-4
24
16
-10
-10
19
26
0
-11
15
33
11
-12
9
34
22
-4
1
24
21
-5
-6
20
22
-2
-18
14
32
7
-13
1
26
14
-11
-5
26
25
-7
-8
22
25
3
-14
13
31
10
-9
9
30
10
-13
-6
25
20
-2
-4
20
27
1
-11
5
26
6
-8
10
25
12
-14
-11
21
24
-7
-10
13
25
-3
-19
6
29
4
-20
-4
29
15
-14
-2
24
20
-13
-14
18
26
-6
-16
9
27
8
-15
10
33
14
-14
-8
20
17
-4
-11
10
24
-3
-16
4
23
10
-10
1
26
18
-10
-13
16
20
-12
-16
13
28
-2
-18
7
34
13
-14
-1
23
18
-16
-5
26
22
-13
-9
24
28
1
-12
13
31
6
-14
5
26
12
-18
2
21
12
-12
-6
22
16
0
-14
4
20
-2
-13
2
26
16
-15
-10
20
12
-10
-10
14
26
-5
-18
6
26
0
-19
10
33
5
-17
2
33
18
-14
-1
30
22
-6
-8
10
19
2
-7
11
26
0
-15
-1
20
12
-13
-10
16
21
-7
-11
13
21
3
-13
3
27
12
-11
-2
21
20
-15
-5
26
25
4
-13
15
33
-4
-13
11
28
5
-18
6
23
8
-14
-6
23
21
-9
-6
17
21
-4
-9
6
23
-3
-12
7
23
20
-10
-6
23
23
-10
-13
14
28
-1
-19
8
27
10
-8
-2
29
17
-20
-8
20
19
-11
-16
16
29
-1
-13
17
30
9
-13
5
31
14
-16
-4
25
26
-6
-7
25
33
4
-12
9
30
7
-13
4
28
21
-8
-9
20
25
-8
-9
24
32
4
-7
4
29
14
-9
4
28
19
-15
-7
20
19
-7
-13
16
26
0
-12
6
29
14
-9
-1
28
21
-8
-7
22
29
-3
-9
13
32
8
-3
10
34
23
-5
7
28
25
-3
-8
20
28
-1
-8
16
28
4
-15
6
23
15
-14
-6
23
13
-12
-9
18
17
0
-6
10
29
9
-8
5
20
9
-7
-1
15
15
-3
-5
14
23
6
-1
11
20
14
-2
9
21
14
5
3
18
19
6
-2
9
15
2
-5
6
19
10
-3
4
22
10
-2
-1
5
12
4
-1
4
9
5
1
6
13
3
0
6
10
8
-1
0
4
8
-1
-3
1
6
3
-5
2
5
7
-1
-3
7
6
1
0
3
4
5
1
2
7
11
4
3
6
2
-1
2
4
1
4
2
0
2
5
6
-1
6
6
1
-5
-3
7
1
-2
-4
5
10
0
2
11
8
4
-5
1
8
6
0
4
3
-1
-3
-1
3
1
-7
-8
1
4
-1
-6
-5
8
1
-4
4
7
4
-6
2
7
5
7
1
4
13
6
0
4
6
4
0
-2
2
7
0
-3
0
7
-6
-5
-5
-3
1
-8
0
0
3
-7
-3
0
-3
-2
-3
-2
-5
-3
-8
-3
-2
-7
-12
-8
-2
-1
-13
-4
3
-2
-5
-4
-1
1
-4
-8
0
0
-6
-12
-8
0
-1
-8
-6
-1
-4
-6
-7
0
4
-3
-11
-2
4
-6
-10
-6
3
-9
-17
-12
-3
-8
-11
-9
-4
-1
-9
-14
-14
-5
-11
-20
-15
-4
-9
-22
-14
-3
-4
-9
-17
2
0
-17
-20
-13
1
-8
-19
-16
-2
-9
-17
-7
0
-1
-12
-8
0
-1
-12
-11
1
-1
-13
-14
-5
1
-3
-16
-5
7
-3
-13
-9
0
6
-6
-18
-8
1
-12
-18
-9
2
-2
-19
-10
-2
-11
-15
-14
-1
-2
-14
-17
-4
1
-16
-21
-7
-3
-11
-18
-9
3
-4
-15
-18
0
-4
-16
-19
-6
-3
-19
-30
-17
1
-7
-19
-16
1
-4
-19
-25
-4
1
-12
-21
-11
3
-11
-20
-9
-2
-5
-22
-17
-2
-2
-17
-21
-6
0
-14
-25
-5
-1
-13
-24
-13
4
-10
-20
-10
3
-2
-25
-19
-8
-3
-16
-25
-6
-3
-16
-22
-16
1
-5
-24
-16
-4
-4
-20
-15
-1
1
-14
-23
-3
4
-3
-17
-12
2
2
-9
-11
0
4
-12
-19
1
1
-8
-23
-10
6
-9
-19
-13
1
-3
-19
-14
0
3
-16
-16
-2
3
-4
-14
-8
7
-1
-13
-13
2
3
-13
-15
-3
3
-8
-11
-1
10
-2
-13
-9
6
2
-10
-8
4
1
-12
-11
3
6
-4
-15
-6
13
-6
-19
-12
-3
3
-12
-15
7
8
-5
-15
4
13
-4
-13
-4
8
-2
-8
-5
6
9
-5
-5
6
12
0
-10
-7
12
3
-11
-5
9
4
-14
-7
1
4
-5
-13
-4
5
-4
-10
-6
5
-5
-16
-7
9
0
-14
-10
4
5
-11
-14
-2
2
-11
-11
-8
9
1
-10
-5
6
1
-8
-4
-4
4
-7
-11
-3
3
-8
-11
-5
5
2
-10
-12
0
-1
-10
-8
-6
-4
-11
-9
-2
-2
-7
-15
-8
3
-9
-10
-7
-4
-3
-4
-12
-9
-3
-7
-7
-4
-6
-5
-7
-6
-4
1
-2
-6
-7
1
-4
-7
-2
-5
-1
-6
-2
-3
-8
0
-2
-5
1
-4
-5
-3
0
-3
-5
1
-3
-10
-6
0
-11
-5
-4
-3
-8
-6
-1
-8
-8
-5
2
5
-10
-7
0
-2
-5
-9
-3
-3
-3
-13
-8
-2
-8
-13
-1
-3
-5
-6
-9
-5
-9
-8
-17
-12
-12
-12
-14
-20
-10
-5
-10
-11
-5
-3
-9
-17
-13
-8
-9
-12
-10
-2
-7
-12
-5
-8
-9
-9
-8
-2
2
-3
-10
-5
-3
-2
-1
-3
3
0
-4
-8
-6
-1
-2
-5
-4
-1
-7
-12
-9
4
2
-6
-6
-5
-6
-8
-7
3
0
-6
-4
-4
-3
-3
-8
-2
3
-6
-11
-9
-1
-3
-12
-14
-5
5
-8
-14
-7
-5
-9
-8
-4
-2
-5
-14
-6
-1
-5
-11
-15
-5
-8
-11
-14
-13
-1
-14
-13
-13
-10
-7
-15
-14
-7
-5
-11
-9
-3
2
-6
-13
-10
-3
-2
-7
-9
-4
-2
-7
-7
-1
-4
-9
-9
-2
-3
-13
-12
-3
-4
-13
-15
-10
-2
-8
-13
-11
-3
-5
-14
-14
-11
-7
-15
-13
-11
-8
-13
-20
-15
-13
-10
-15
-17
-10
-8
-13
-15
-5
-12
-15
-17
-13
-8
-15
-18
-11
-3
-13
-16
-21
-12
-8
-12
-13
-11
-4
-11
-16
-11
0
-9
-15
-6
-2
-8
-16
-8
-9
-6
-8
-13
-6
-2
-7
-14
-9
-10
-11
-11
-9
-6
-10
-18
-12
-7
-12
-12
-15
-10
-7
-11
-9
-13
-8
-6
-12
-14
-10
-10
-8
-9
-8
-5
-11
-11
-12
-3
-9
-10
-4
-3
-8
-16
-7
-6
-9
-8
-11
-5
-3
-6
-8
-6
-1
-9
-11
-5
-8
-10
-11
-8
-12
-9
-11
-7
-5
-8
-4
-4
-2
-1
-1
-3
-5
-1
2
-4
-6
1
0
-7
-8
-2
-3
-11
-5
0
-1
0
-7
-2
1
1
-2
-1
0
-7
-12
-11
-4
-9
-6
-8
-5
-2
-5
-7
-5
1
-2
-5
-3
-6
-4
-6
-1
-3
-7
-10
-7
-2
-6
-9
-1
-5
-7
-6
-9
-6
-4
-11
-8
-7
-13
-3
-8
-4
-3
-2
-3
-9
-1
-5
-3
-1
1
8
2
2
1
5
-2
3
5
1
5
3
2
5
2
2
-1
-1
3
-5
-7
-4
5
4
-1
1
5
3
0
-4
-1
3
-2
-1
2
4
3
-1
0
3
2
-3
4
5
5
0
4
-1
1
4
1
4
3
2
0
2
1
0
1
-6
3
-5
-7
2
-1
2
-1
4
3
5
-1
-3
2
2
2
1
2
1
-1
8
0
-1
-4
1
4
-2
6
3
1
-1
1
5
4
6
7
6
5
2
3
10
6
1
9
4
4
8
4
4
3
3
4
7
7
2
1
1
3
4
-1
2
3
2
2
4
5
8
12
3
12
4
7
10
2
12
11
12
14
11
10
7
4
10
8
11
11
7
5
8
3
7
5
5
2
-1
2
5
6
6
7
3
8
3
2
11
6
9
10
11
15
5
8
9
12
14
10
7
7
15
13
11
11
17
14
8
17
16
12
7
7
16
14
9
11
9
13
10
6
3
8
8
6
4
9
6
5
6
13
10
3
7
5
8
4
0
4
10
8
6
6
6
10
6
5
9
12
10
6
7
11
11
3
6
12
10
6
5
13
14
7
3
7
8
8
1
-2
10
14
7
5
14
10
6
8
7
5
9
4
2
12
0
-1
3
7
2
5
6
7
14
6
5
10
10
4
4
10
6
2
2
1
7
3
-7
1
8
7
-2
1
10
10
5
-3
2
9
4
3
0
5
5
-2
1
3
1
-2
2
-1
4
-1
-3
-4
-1
3
-5
-7
-3
-3
-8
-8
-5
-2
0
-2
0
2
-4
-11
-4
0
-4
-5
-5
-2
-6
-10
-10
-8
-9
-8
-5
-5
-4
-11
-14
-4
-8
-6
-8
-7
-5
-8
-10
-11
-3
-7
-5
-1
3
-3
-4
-8
-7
-3
-8
-12
-7
-8
-4
-9
-7
-4
-12
-11
-12
-9
-12
-13
-11
-3
-8
-15
-17
-11
-9
-14
-16
-13
-10
-12
-12
-9
-6
-4
-16
-14
-5
-6
-11
-12
-7
-5
-12
-9
-8
-3
-16
-17
-13
-7
-11
-18
-13
-15
-9
-15
-18
-14
-9
-16
-19
-11
-13
-10
-19
-16
-3
-6
-15
-17
-12
-8
-15
-13
-5
-2
-13
-16
-8
-8
-8
-11
-9
-9
-7
-17
-11
-6
-12
-12
-16
-11
-9
-10
-15
-13
-6
-14
-16
-15
-6
-17
-18
-13
-12
-13
-18
-20
-19
-10
-16
-16
-13
-11
-14
-15
-16
-19
-13
-20
-17
-11
-15
-17
-20
-17
-11
-17
-22
-11
-15
-16
-16
-22
-13
-15
-20
-17
-19
-15
-21
-23
-15
-11
-17
-24
-19
-11
-17
-23
-18
-18
-12
-19
-18
-15
-10
-14
-19
-5
-8
-15
-14
-15
-9
-11
-19
-21
-16
-11
-17
-13
-10
-6
-10
-19
-9
-3
-8
-10
-9
-8
-11
-17
-7
-6
-6
-14
-13
-5
-9
-9
-18
-10
-5
-13
-16
-11
-4
-6
-14
-8
-9
-7
-9
-12
-6
-3
-9
-12
1
-4
-7
-8
-7
1
-1
-15
-11
-2
-3
-5
-7
-5
1
-2
-7
2
1
1
-2
-5
5
3
-1
-7
4
3
-2
0
6
1
-5
1
5
3
-3
-2
-1
3
1
-7
-4
2
4
-5
-1
2
6
5
-6
-1
8
5
-4
1
3
-5
-7
-1
3
4
-1
-6
0
1
-6
-8
-6
2
-5
-5
0
0
1
-3
-2
0
3
-1
-7
-2
-2
-2
-4
-8
0
0
-8
-4
-3
4
-4
-1
7
-3
-1
1
5
1
-9
-8
-6
2
-3
-2
-2
-1
0
-7
-1
-3
-4
-2
-3
-3
0
-5
-7
-2
5
7
-6
-8
0
1
-4
-6
-2
3
-1
-5
-3
8
4
-6
-4
1
0
-1
-1
0
0
-1
-2
0
2
-3
0
-1
3
-5
-8
-4
1
2
-3
-5
0
5
2
-2
-3
1
0
-2
-3
-3
1
-4
-12
-6
4
-5
-7
-3
-2
1
-4
-3
-1
-2
-4
-6
3
1
-3
-8
-3
-3
1
0
-1
7
3
-2
2
2
-2
5
4
0
0
1
-1
0
-2
1
-2
1
-2
-2
0
1
-2
4
2
4
4
1
7
7
0
-2
1
2
4
6
4
7
6
3
2
4
12
7
6
10
10
11
5
5
9
9
6
9
6
7
0
8
4
5
7
-4
6
3
-1
-1
-1
1
5
4
3
1
4
4
4
7
2
5
8
5
11
7
8
2
1
9
3
4
6
1
3
5
8
9
7
7
-1
3
6
6
6
8
10
1
9
6
6
3
-2
7
4
4
1
4
0
1
-2
-4
4
-1
3
1
-1
6
2
-1
3
-2
3
-2
-2
5
6
5
1
4
5
-2
7
8
8
4
2
2
3
5
7
6
1
6
-3
-3
2
0
4
-2
-4
5
4
-1
-1
1
-1
-4
-5
2
-2
-4
-10
-8
-1
-3
-5
-4
2
-3
-6
-12
-5
-5
-6
-1
-8
-3
-8
-12
-6
-2
-6
-5
-6
-5
-4
-5
-9
-5
-5
-3
-6
-13
-8
-8
-8
-12
-8
-5
-4
-7
-6
-10
-14
-11
-8
-6
-8
-10
-13
-7
-13
-13
-9
-4
-9
-15
-7
-11
-9
-12
-10
-11
-15
-15
-15
-10
-9
-13
-19
-13
-17
-13
-13
-10
-6
-10
-8
-9
-11
-14
-13
-15
-12
-12
-8
-9
-6
-7
-9
-12
-15
-10
-8
-12
-13
-9
-7
-11
-12
-15
-10
-5
-13
-9
-11
-9
-12
-11
-7
-9
-14
-17
-10
-9
-14
-14
-15
-12
-7
-14
-12
-4
-10
-14
-9
-5
-8
-15
-23
-15
-14
-19
-17
-10
-10
-13
-17
-13
-12
-17
-16
-17
-20
-12
-19
-23
-11
-13
-15
-19
-15
-14
-15
-23
-20
-12
-11
-13
-17
-11
-9
-15
-17
-11
-11
-15
-17
-14
-8
-13
-18
-21
-18
-16
-19
-16
-21
-19
-24
-23
-17
-16
-19
-20
-16
-10
-12
-14
-18
-15
-11
-12
-16
-14
-2
-11
-17
-12
-11
-9
-12
-7
-11
-11
-8
-10
-4
-7
-7
-9
-9
-8
-3
-6
-7
-6
-2
-5
-9
-1
-3
1
-2
-9
-7
-12
-9
0
-3
-4
-9
-9
-5
-5
-7
-13
-9
-6
-4
-13
-9
-5
-9
-13
-10
-4
-9
-7
-9
-7
-7
-9
-11
-12
-11
-14
-17
-17
-11
-5
-9
-10
-8
-6
-16
-11
-9
-9
-6
-16
-12
-9
-9
-12
-8
-6
-6
-13
-13
-16
-14
-6
-11
-9
-13
-15
-15
-17
-3
-4
-9
-8
-8
-12
-13
-13
-8
-8
-14
-9
-12
-11
-19
-10
-11
-12
-7
-12
-9
-10
-10
-14
-8
-10
-2
-6
-5
-5
-6
2
-2
-2
-1
-2
-9
-7
1
-6
-10
-8
-3
-7
-11
-4
-8
-8
-3
-2
-1
0
-5
-6
-5
-9
-4
-4
-5
-4
-6
1
-5
1
2
-4
-11
0
3
-5
-5
-3
-10
-10
-7
-10
-4
0
0
-7
-2
-7
-2
-1
-6
-5
-4
-6
-5
-4
-4
-4
-9
-3
-7
-7
-7
-10
-4
-3
-2
-2
-2
0
-4
-4
-4
-3
-2
-1
-1
0
4
2
2
5
1
3
2
1
4
1
1
1
-3
3
8
5
2
1
0
-3
3
0
-1
-2
-1
-2
-1
-2
-4
-2
-2
2
-2
3
3
-5
-4
-6
0
0
1
6
4
0
-1
0
4
6
6
2
-1
-2
2
3
4
6
3
1
1
4
0
1
3
-1
7
0
-2
7
4
0
4
6
3
4
2
3
4
4
1
0
6
7
6
8
0
10
6
4
3
0
-3
2
3
6
2
0
4
3
6
-1
3
10
8
7
4
9
11
7
5
3
11
10
0
8
7
2
4
3
9
11
1
0
5
10
3
2
5
5
6
5
4
5
9
6
8
11
13
15
10
3
7
3
2
6
12
6
5
3
5
8
10
3
1
9
3
4
3
4
6
7
4
1
3
2
5
10
8
7
3
8
5
4
10
11
10
9
6
7
9
12
12
5
8
9
10
18
12
16
16
14
9
8
13
10
15
13
15
16
7
12
12
13
9
8
9
8
16
14
11
10
8
10
11
8
7
4
8
11
8
4
10
12
6
10
11
11
17
8
10
12
10
13
11
12
12
17
13
9
6
10
13
4
9
13
13
9
10
14
15
12
8
11
17
14
11
11
7
9
3
4
9
10
2
8
11
19
15
10
11
8
9
6
7
7
10
8
8
6
7
5
4
6
11
5
-2
9
10
14
12
6
10
13
5
8
12
8
14
8
11
11
12
6
8
13
12
13
10
17
16
17
10
10
17
17
17
15
13
20
16
8
9
17
20
11
14
17
13
15
12
18
11
10
13
15
14
11
8
12
14
9
10
10
18
12
8
12
12
9
9
14
17
15
14
13
14
14
14
13
17
17
12
12
11
12
14
16
11
13
20
18
18
13
17
23
12
14
15
15
15
12
19
18
10
11
14
13
10
8
12
15
8
6
9
10
15
11
11
9
14
14
11
8
11
8
13
10
12
12
9
9
8
13
4
6
1
10
3
4
10
8
9
-1
4
8
4
2
3
5
11
7
0
8
8
4
7
6
7
4
0
7
8
5
2
3
7
1
5
2
2
5
6
2
7
5
0
3
4
5
6
1
5
7
-1
3
-4
0
2
-3
-2
-1
1
-1
-6
3
4
-1
-5
1
6
5
-1
-6
9
5
6
5
13
11
4
3
4
9
9
7
5
8
12
2
3
9
3
8
8
8
9
5
1
4
11
7
2
1
9
8
3
5
-2
1
2
1
0
6
-1
-10
-2
7
3
-3
-6
2
8
-4
-4
-1
3
3
-10
-2
3
-10
-6
-6
-5
2
0
-3
3
4
-2
-5
-3
-2
-4
-7
-9
4
3
-7
-8
-2
4
1
-2
2
7
7
-3
-5
4
5
-3
-9
1
2
-6
-6
0
8
-5
-10
1
5
-4
-9
-7
1
0
-9
-1
-2
-2
-6
-9
-12
-5
-7
-9
-6
-2
3
-6
-10
1
7
-4
-6
-1
2
0
-7
-5
3
3
-5
-3
4
8
-5
-9
4
7
-2
-3
-2
2
-2
-9
-3
7
0
-11
-6
4
6
-9
-8
0
3
-2
-8
-4
1
-3
-8
-4
6
5
-2
-1
4
4
-4
-8
-4
1
0
-7
-11
-3
0
-8
-6
-1
5
0
-8
-4
-3
-2
-4
2
11
0
-6
-4
7
8
-4
1
10
8
0
-8
-1
-3
-9
-7
-2
3
-4
-7
-8
1
-7
-9
-5
-5
-2
-8
-5
-2
2
5
-4
-2
1
-3
-6
-4
-1
0
-2
-2
1
3
-4
-3
1
6
1
-5
-2
2
4
-4
-3
9
5
-5
-1
4
4
0
-2
5
9
2
1
4
8
9
5
3
6
3
5
2
8
3
1
3
1
6
-1
3
1
7
5
2
2
7
9
2
1
9
11
6
2
3
9
3
-2
7
10
5
1
11
14
9
6
3
12
12
13
5
1
8
4
7
4
9
4
1
2
5
7
1
-1
9
7
3
0
8
3
0
2
0
6
4
-4
-5
5
7
1
-1
8
10
-2
-7
6
9
2
2
3
6
3
-1
1
8
-1
-1
6
5
8
1
1
-2
5
8
6
3
5
9
0
0
-1
2
0
-4
-4
0
-1
-8
-2
-1
-2
-2
-4
8
9
-1
0
9
11
8
4
6
5
4
-1
6
9
7
1
1
4
2
5
4
3
6
3
1
1
8
4
-4
6
5
7
-1
-1
5
6
5
-5
2
7
8
-3
3
7
3
1
-2
3
5
0
-2
0
2
0
5
4
0
5
-5
2
-1
0
-1
-3
2
-1
-5
-7
-2
0
-1
-1
0
6
1
-3
-5
-1
0
-4
-3
3
0
-3
-1
1
1
2
-3
-9
5
6
-4
-7
0
-9
-6
-2
-2
-3
-8
-2
-1
-2
-9
-9
-6
-10
-10
-5
-8
-5
-10
-9
-4
-6
-2
-7
-8
-3
-1
-6
-13
-4
-8
-5
-7
-8
-1
-4
-14
-12
1
2
-6
-7
-4
-3
-9
-9
-8
-8
-10
-11
-6
-2
-4
-16
-13
-8
-7
-16
-12
-4
-2
-17
-17
-11
-8
-7
-15
-9
-7
-9
-11
-7
-4
-11
-11
-6
-10
-6
-7
-6
2
0
-7
-9
-5
-6
-5
-12
-13
-5
-14
-14
-11
-10
-6
-14
-17
-6
-4
-9
-13
-7
1
-4
-18
-15
-3
-4
-13
-14
-7
-6
-7
-10
-5
-5
-14
-12
-15
-2
-10
-13
-8
-7
-10
-14
-9
-9
-5
-6
-5
-2
-1
-2
-2
-4
-4
-4
-14
-7
-2
0
-6
-11
-7
-5
-7
-13
-5
4
-6
-8
-9
-6
-6
-9
-6
-6
-1
-11
-9
-5
-2
-2
-10
-8
-4
-2
-6
1
2
-4
-5
-4
-2
-1
-2
-3
-3
-8
-7
-5
-8
-1
-4
-9
-4
-7
-8
-9
-13
-4
-3
-13
-7
-4
-1
-3
-9
-2
7
-4
-9
-5
4
-3
-9
-4
0
-5
-8
-10
-6
-4
-11
-11
-9
1
-2
-9
-5
0
-7
-17
-10
1
-8
-11
-12
-6
-2
-4
-11
-1
5
0
-5
-2
6
3
-2
-12
-3
2
0
-1
-2
-2
-7
-15
-4
-5
0
-6
-4
3
-1
-2
-14
7
3
-5
-8
2
8
-12
-8
-1
5
3
-4
-6
3
3
-7
-3
2
2
-3
-6
-2
4
-2
-3
-4
3
0
-7
-5
-2
0
-2
-12
-2
0
-4
-7
-2
5
-5
-13
-10
4
2
-10
-10
7
3
-6
-7
5
14
1
-8
-5
1
-1
-9
-2
4
-1
-2
-9
1
-1
-9
-9
-5
-3
-4
-13
-8
4
0
-11
-14
-3
3
-2
-9
-5
0
-3
-10
-4
2
-5
-16
-5
4
0
-12
-12
2
-1
-2
-4
0
2
0
-12
-7
2
1
-8
-4
1
1
-5
-7
-1
2
-3
-6
-2
7
8
-5
-2
2
1
-7
-6
-4
1
-6
-15
-3
-1
-4
-12
-3
4
-3
-12
-7
1
-4
-8
-6
0
3
-6
-11
-7
1
-7
-16
-9
3
0
-5
-8
-1
-3
-5
-4
-1
6
-5
-12
-2
2
-9
-8
-6
2
2
-4
-4
4
5
-1
-2
4
9
7
-5
4
4
1
1
0
10
2
-4
-3
-2
10
-3
-10
7
10
5
-4
-1
-1
3
-3
-2
4
5
3
-3
5
0
-4
0
2
3
-2
-1
6
7
2
1
1
0
3
-2
-1
8
7
1
0
3
11
5
-7
-1
6
2
0
-2
3
7
5
2
3
7
-2
-5
3
11
8
0
-3
4
7
7
9
9
14
4
2
6
12
9
3
3
7
7
0
3
5
4
-3
-3
8
4
-6
-1
3
5
4
2
-3
9
4
-4
2
7
5
-2
3
0
4
-1
-6
1
1
4
1
2
0
4
-3
-1
5
7
2
-4
4
8
1
-1
2
4
0
-3
5
5
-2
-2
1
6
4
6
3
8
10
1
0
2
12
5
-1
1
8
11
-3
4
6
7
5
1
9
11
7
2
1
6
5
3
4
5
8
4
3
3
8
5
2
7
7
4
6
10
8
-1
4
4
5
4
-1
2
11
-1
-5
-2
1
7
-3
-2
1
2
1
-2
0
0
5
-1
-2
-1
-2
-2
-3
3
1
-5
-4
0
1
-1
-6
-1
2
1
-6
1
6
4
-4
-7
1
1
-4
-6
-1
2
-2
-5
-5
8
7
-1
-1
6
4
3
-1
2
8
4
1
3
5
8
8
-1
5
3
5
1
4
2
-2
1
5
2
6
7
5
4
-1
6
2
4
5
5
0
-1
4
2
1
4
5
4
3
0
-1
-3
-3
-4
0
-2
-3
-1
5
2
4
-4
-3
1
-6
2
4
4
-1
-3
3
8
1
-3
1
-2
-2
1
-2
1
1
-4
-4
-6
1
-1
-3
0
-3
-5
-6
-9
-8
-4
-8
-14
-4
-1
-3
-9
-10
-3
-10
-7
-7
-5
-2
-7
-4
-6
-7
-8
-2
-10
-7
-4
-9
-9
-7
-8
-8
-5
-6
-9
-9
-14
-9
-1
-6
-6
-9
-8
-6
-7
-5
-4
-10
-6
-13
-5
-5
-13
-5
-4
-5
-13
-14
-6
-8
-10
-13
-15
-15
-17
-19
-15
-14
-9
-16
-14
-5
-7
-14
-20
-10
-9
-10
-10
-7
-5
-8
-10
-9
-12
-8
-9
-9
-9
-13
-8
-15
-14
-8
-6
-10
-9
-11
-14
-10
-13
-10
-9
-12
-11
-14
-9
-9
-8
-7
-6
-4
-11
-5
-7
-8
-7
-10
-7
-7
-8
-11
-8
-9
-2
-7
-4
-3
-3
-2
-4
-5
-6
-9
-6
-3
-1
-7
-6
-6
-8
-6
-10
-9
-6
-6
-4
-6
-8
-6
-11
-13
-4
-7
-10
-12
-8
-7
-12
-14
-14
-8
-12
-13
-7
-8
-6
-10
-13
-7
-8
-9
-9
-7
-1
-2
0
-7
0
-2
-11
-2
-3
-3
-6
-6
-8
-15
-12
-7
-11
-13
-9
-6
-8
-11
-5
-9
-7
-9
-8
-8
-8
-5
-10
-9
-11
-10
-8
-6
-11
-6
-2
-4
-17
-3
5
-5
-8
-3
-1
-7
-3
0
-7
-6
1
-4
-1
0
-1
-6
2
-3
-2
1
-1
-4
-6
-1
-13
-6
9
-1
-14
3
3
-8
-6
2
-3
-8
2
-7
-6
-3
-3
-10
-4
-5
-7
-1
-3
-10
-7
5
-5
-6
1
3
-6
-4
5
-1
-12
-4
3
-4
-2
1
-3
-2
0
0
-4
-7
-9
-8
-3
-7
-12
-15
0
-2
-11
-6
-11
-8
4
9
-12
-13
14
7
-18
-9
14
3
-11
1
2
-4
4
-2
-9
-1
1
-13
-5
-1
-13
4
14
-9
-25
8
14
-14
-7
6
-7
-14
10
-1
-25
-9
16
2
-26
-12
15
8
-16
-15
-3
-3
-1
11
-4
-29
-17
12
15
-3
-12
-14
-2
25
7
-24
-22
-3
21
26
-11
-38
-2
33
8
-15
-8
-5
1
20
-2
-25
7
28
5
-1
3
-13
13
43
-1
-29
-1
30
25
8
-21
-22
23
24
-10
-6
2
-30
0
35
-14
-30
17
-4
-32
19
22
-38
2
34
-21
-19
39
9
-21
22
11
-13
36
41
-27
-3
44
13
-1
22
9
3
29
6
-3
36
17
-23
21
28
-22
9
46
-2
-21
20
26
15
3
-21
13
49
-3
-44
-2
34
22
-1
-43
-42
41
38
-37
-22
-8
-43
-2
31
-3
17
-45
-152
-5
106
-63
132
108
-880
-553
1607
964
-2401
-1492
2505
1372
-2300
-848
1534
-351
-834
1463
157
-2153
411
2142
-896
-1389
1518
610
-1744
223
1835
-375
-1086
543
328
-286
707
402
-1019
-287
1027
376
-419
-156
-67
7
388
136
-326
-98
57
-115
161
296
-235
-334
128
144
11
165
-91
-456
36
526
53
-384
-91
101
35
170
123
-236
-202
183
210
-14
-50
-58
-99
59
226
89
-120
-96
32
151
177
35
-99
-15
96
137
129
-29
-86
143
156
-105
-75
43
85
319
-273
-1435
-276
1916
93
-3152
-1260
2144
510
-2218
-1316
-247
-513
233
-13
-2124
-1602
1006
375
-1651
-678
435
-599
-426
1022
479
-485
421
985
745
1709
1804
-548
-472
3556
4028
-923
-1884
3198
4208
-268
-643
2516
1184
-942
1851
2584
-1619
-1547
2390
776
-2482
204
1811
-2141
-2605
1512
1004
-2517
-1844
-4
-509
-477
-957
-2890
-1143
1912
-1438
-4965
-599
2493
-1915
-3952
-740
-229
-1466
-312
-962
-3160
-1098
1470
-810
-2157
469
810
-1046
100
1819
1593
2055
889
-2402
1221
8924
4338
-6706
-2254
9984
6522
-3707
-825
4795
821
-93
5331
2213
-4762
-233
5557
35
-3402
2076
1650
-4738
-2160
4361
1263
-4725
-3057
833
762
-290
-793
-2156
-2383
87
1803
-13
-2530
-1962
535
1184
-163
-639
-165
-693
-773
1537
2269
-1807
-3989
828
3930
-1045
-4453
-603
1364
-1352
-1387
-209
-2377
-2444
727
-436
-3540
-1494
456
-2078
-2473
-54
-634
-1501
238
-93
-1423
1047
2621
-17
9
3579
2682
-1060
1379
6745
4138
-2612
-218
7627
5924
-1586
-203
5149
2664
-136
3357
2705
-2560
-324
4138
-92
-3491
655
746
-3962
-2033
1754
-1874
-4864
-1597
-374
-2562
-2003
-1315
-3381
-2930
-6
-754
-3268
-2407
-693
-1180
-1386
-624
-1056
-1731
-762
215
-334
-944
-619
-269
-295
-219
79
411
557
342
382
1130
1818
2223
2867
1887
-637
1216
7095
5697
-2587
-2089
6809
6950
-383
-241
3725
1516
333
4200
2807
-2607
-661
3431
356
-2010
1246
735
-3576
-2033
2062
279
-3155
-2530
-1114
-1120
-738
-871
-2426
-2962
-1520
-298
-745
-2143
-2719
-1852
-944
-896
-1233
-1916
-2516
-1601
-139
-637
-2057
-1850
-977
-988
-780
-383
-1292
-2088
-851
449
-97
-700
-156
321
703
1564
1755
1515
2632
2777
330
1222
6616
5774
-1667
-906
7358
6811
-173
746
4618
1961
874
4641
2771
-2334
221
3930
276
-2057
1144
607
-3229
-1680
1560
-732
-3955
-2822
-757
-1059
-2206
-2676
-2612
-2355
-1905
-1571
-2167
-3042
-2461
-1437
-1990
-2482
-1582
-1533
-2478
-1711
-380
-1166
-2095
-1299
-778
-1048
-654
-633
-1517
-1028
718
1020
-29
-140
1020
2192
2614
2984
2953
1045
510
5263
8066
1822
-2513
4123
8754
3035
22
4070
3591
272
3239
5242
-9
-1827
2496
2093
-1494
251
1665
-2369
-3439
580
1049
-2497
-3852
-2640
-1232
-685
-2242
-4012
-3101
-1566
-1877
-2436
-2560
-2987
-2613
-1690
-2045
-2553
-1873
-1843
-2616
-1743
-473
-1357
-2457
-1607
-744
-861
-812
-1106
-1675
-666
1034
884
-252
75
1591
2545
2834
3496
2981
536
1516
7399
7638
-134
-1235
6939
8236
1612
1424
5171
2525
556
4826
4661
-1196
-816
3266
1105
-1576
1126
952
-3411
-2683
1183
-155
-3691
-3628
-2147
-1720
-1812
-2741
-3763
-3356
-2365
-2167
-2600
-3189
-3236
-2551
-2321
-2571
-2209
-2018
-2786
-2538
-996
-958
-2269
-2067
-1012
-1168
-1217
-555
-1011
-1609
-283
1144
702
53
719
1885
2621
3353
4164
2827
253
2691
8810
6949
-1132
131
8504
7604
1087
2324
5290
1989
1271
5298
3507
-1595
142
2985
-12
-1294
1502
-96
-4018
-2097
1123
-1171
-4315
-3509
-1878
-2054
-2831
-3140
-3258
-3428
-3085
-2293
-2486
-3431
-3168
-2442
-2852
-2645
-1477
-2065
-3500
-2289
-397
-1250
-2458
-1572
-992
-1441
-780
-139
-1176
-1465
194
1208
736
514
1072
1925
2869
3947
4386
2288
224
4136
9642
5636
-1773
1859
9518
6555
809
3221
5167
1599
2078
5567
2498
-1679
1057
2837
-568
-816
1706
-961
-4225
-1336
1126
-2202
-4887
-3076
-1589
-2841
-3650
-2959
-3177
-4202
-3446
-2152
-3084
-4105
-3008
-2667
-3699
-2736
-1324
-2840
-3958
-1752
-594
-2260
-2489
-989
-1248
-1880
-640
-169
-1353
-1020
655
980
538
1048
1838
2265
3077
4687
4758
1703
892
6747
10056
3285
-1377
5260
9958
4589
1486
4819
4367
1445
3800
5285
741
-961
2372
1742
-1409
109
1299
-2539
-3944
-505
-160
-3738
-4567
-2738
-2687
-3798
-3529
-3131
-4119
-4531
-3141
-2590
-3776
-3911
-3010
-3394
-3530
-2032
-1953
-3645
-3143
-964
-1074
-2387
-1904
-939
-1143
-1013
-387
-660
-929
-35
838
994
992
1358
2161
2905
3541
4960
4667
1214
1675
8691
9584
1000
-653
7844
9361
2710
2214
5636
3181
1375
4958
4488
-665
-302
2777
528
-1634
812
390
-3769
-3403
15
-1153
-4661
-4463
-2572
-3062
-4220
-3597
-3217
-4523
-4683
-2937
-2770
-4153
-3872
-3092
-3818
-3456
-1771
-2437
-4189
-2861
-715
-1475
-2689
-1819
-1038
-1291
-889
-444
-967
-958
214
1007
908
855
1549
2573
3126
4097
5512
3669
409
4102
10992
7330
-1230
2058
10497
7768
1523
3685
5831
2367
2608
5876
2891
-1287
1155
2802
-636
-1176
1297
-1006
-4549
-2424
145
-2598
-5537
-4259
-2629
-3659
-4556
-3830
-4064
-5225
-4361
-2865
-3851
-4830
-3653
-3424
-4363
-3156
-1841
-3397
-4168
-1881
-829
-2167
-2310
-1235
-1200
-1055
-151
-326
-1029
-127
1231
1340
1119
1728
2601
3155
3885
5598
5662
2153
1540
8235
11015
3166
-691
7008
10514
4209
2222
5904
4306
1468
4596
5373
211
-702
2577
988
-1803
371
691
-3635
-4320
-842
-825
-4136
-5817
-4766
-2562
-2302
-5245
-6583
-4111
-2918
-4484
-4805
-4127
-4400
-4051
-3307
-3974
-3993
-2575
-2845
-3898
-2338
-798
-2164
-2798
-1122
-832
-1423
-281
120
-1275
-311
2340
1978
510
2149
4086
3737
4810
6892
4070
650
6113
12559
6561
-1204
4600
11990
6873
1533
5225
6259
2059
3255
6128
2016
-1285
1810
2035
-1764
-839
1288
-2611
-5478
-2081
-490
-3660
-5386
-5272
-5260
-3020
-1562
-5744
-8807
-4363
-702
-3909
-6620
-4668
-3315
-3710
-3064
-2942
-4094
-3483
-1864
-1969
-2181
-1180
-1315
-2201
-1405
111
177
-647
-1157
-501
1373
2512
1430
659
2403
4428
4789
5425
5472
2580
1998
8465
11648
3948
-972
6459
11577
5571
1776
5306
5158
1911
4002
5661
888
-1324
1794
1261
-1760
-281
302
-4102
-5172
-1121
-1078
-5407
-6285
-3887
-3615
-4830
-4653
-4538
-5651
-5427
-3681
-3698
-5023
-4567
-3681
-4330
-4047
-2256
-2502
-4252
-3322
-914
-1003
-2257
-1702
-973
-1249
-519
613
-274
-1192
430
2263
1902
1370
2483
3695
4025
5482
6882
3936
988
6508
12608
6467
-1127
4916
12198
6775
1397
5337
6481
2163
3189
5977
1822
-1296
1938
1911
-2095
-1029
1096
-2965
-5716
-2153
-746
-4639
-6744
-4928
-3462
-4047
-5286
-5814
-5390
-4652
-4259
-4550
-5175
-4766
-3621
-3852
-4636
-3480
-2205
-3247
-3850
-1945
-807
-1830
-2042
-1143
-1064
-677
419
-143
-1195
324
2333
1861
1102
2303
3656
4119
5388
6642
4181
1283
5685
12097
7739
-470
3391
11623
8355
1941
4318
6540
2834
2821
5938
2786
-1272
1195
2265
-1439
-1288
1108
-2296
-5870
-2879
-452
-3551
-6735
-6369
-4076
-2522
-4410
-7479
-6533
-3496
-3712
-5486
-5474
-4781
-4231
-3550
-3974
-4467
-3130
-2338
-3553
-3087
-839
-1008
-2482
-1648
-484
-587
3
364
-882
-232
2663
2892
970
1904
4379
4780
5386
6895
4577
1445
6156
12595
7693
-351
4110
12020
8271
2168
4829
6740
2924
3049
6016
2799
-1012
1350
2091
-1546
-1211
1011
-2492
-5965
-2958
-550
-3664
-7008
-6632
-4155
-2610
-4673
-7809
-6857
-3646
-3683
-5671
-5959
-5080
-4221
-3538
-4047
-4608
-3390
-2431
-3308
-3012
-1122
-1101
-2287
-1608
-531
-547
-67
312
-707
-255
2422
3035
1279
1797
4218
5020
5611
6749
4343
1488
6501
12693
7286
-554
4438
12130
8048
2253
4901
6394
2896
3482
5944
2328
-1009
1514
1915
-1592
-1140
680
-2834
-5789
-2671
-715
-4312
-7153
-5524
-3619
-4284
-5575
-5829
-5789
-5469
-4476
-4339
-5573
-5482
-3910
-3839
-4675
-3650
-2600
-3581
-3752
-1784
-1042
-2042
-1895
-1053
-1176
-672
522
-38
-1095
354
2491
2365
1550
2455
3988
4799
6000
6727
4013
1928
7187
12410
6641
-167
5355
12114
7497
2455
5381
6324
2957
3931
5852
1947
-666
1982
1650
-1775
-813
619
-3181
-5468
-2376
-1415
-4868
-6557
-5174
-4462
-4887
-5267
-5845
-6290
-5529
-4529
-4984
-5784
-5048
-4100
-4605
-4681
-3277
-2905
-3965
-3549
-1803
-1463
-2027
-1670
-1301
-1369
-475
537
-189
-862
628
2399
2308
1850
2744
3984
4792
6367
6919
3553
1876
8224
12787
5567
-493
6554
12534
6571
2186
5947
6222
2590
4221
5847
1291
-725
2370
1318
-2189
-491
655
-3894
-5718
-1836
-1209
-5505
-7160
-4941
-3829
-4857
-5714
-6050
-6177
-5267
-4128
-4960
-6292
-5087
-3419
-4343
-4998
-3215
-2594
-4035
-3521
-1391
-1383
-2329
-1694
-1096
-1197
-285
461
-575
-793
1212
2564
1876
1643
3047
4290
4918
6448
6624
3056
2338
9349
12467
4179
-181
8070
12305
5423
2656
6673
5527
2361
5188
5828
386
-491
2940
942
-2254
58
236
-4641
-5164
-1148
-1910
-6249
-6683
-4460
-4302
-5256
-5418
-5916
-6480
-5335
-4066
-5157
-6296
-4895
-3699
-4651
-4684
-2986
-2935
-4120
-3198
-1393
-1572
-2186
-1599
-1258
-1080
-41
237
-754
-461
1378
2237
1758
1943
3246
4231
4758
6457
6998
3276
1946
9091
12957
4505
-604
7771
12578
5568
2488
6660
5540
2122
5078
6003
357
-806
2822
937
-2474
-166
244
-4638
-5363
-1541
-2193
-5972
-6336
-4970
-5076
-5036
-4839
-6212
-7105
-5378
-3925
-5162
-6236
-5040
-4104
-4590
-4212
-3073
-3369
-4016
-2908
-1476
-1609
-2062
-1721
-1272
-822
-77
-40
-694
-336
1179
2099
1838
1837
3064
4296
4788
6209
6994
3739
2047
8529
12812
5221
-204
7345
12431
6089
2829
6680
5757
2392
5181
6270
737
-623
3036
1301
-2346
-154
573
-4319
-5374
-1441
-1967
-6065
-6394
-4625
-4995
-5467
-4979
-5907
-7076
-5665
-4109
-5265
-6292
-4925
-4122
-4866
-4337
-2942
-3381
-4100
-2828
-1490
-1783
-1915
-1366
-1321
-1054
93
270
-701
-447
1137
2034
1951
1977
2740
3940
4916
6044
6704
4404
2340
6846
12026
7304
714
5080
11518
7913
3226
5472
6138
2987
4091
6129
2184
-792
1811
1828
-1621
-1023
373
-3226
-5492
-2529
-1861
-5392
-6467
-4867
-5168
-5919
-5018
-5322
-7049
-6466
-4460
-4812
-6036
-5263
-4409
-4844
-4355
-3069
-3372
-4088
-3070
-1699
-1687
-1873
-1575
-1345
-932
-81
66
-463
-278
790
1705
2072
2083
2586
3711
4596
5679
7083
5310
2001
5302
12122
9159
955
3522
11512
9271
3242
4957
6940
3496
3402
6349
3367
-820
1399
2636
-1214
-1759
780
-1931
-5775
-3428
-1093
-4456
-7081
-5448
-4498
-5563
-5607
-5532
-6663
-6474
-4675
-4713
-6188
-5684
-4209
-4486
-4849
-3632
-3093
-3826
-3405
-1938
-1637
-1981
-1624
-1191
-1071
-403
134
-277
-499
486
1544
1900
1915
2420
3527
4419
4999
6570
6733
3302
2850
9658
12096
4112
750
8609
11683
5329
3497
6755
4898
2616
5776
5506
-54
-266
3031
624
-2379
-77
-214
-4694
-4809
-1653
-3067
-6210
-5856
-5019
-5730
-5388
-4922
-6331
-7056
-5421
-4477
-5434
-5751
-4891
-4687
-4726
-3790
-3133
-3612
-3689
-2624
-1709
-1558
-1696
-1670
-1270
-456
-10
-277
-441
139
973
1588
2018
2381
2998
3829
4688
6266
7181
4303
1991
7256
12669
7076
444
5688
11975
7634
3309
5961
6069
2911
4715
6423
1711
-793
2472
1964
-1986
-909
783
-3275
-5612
-2275
-1721
-5599
-6569
-4778
-5147
-5996
-5144
-5451
-7074
-6425
-4483
-4899
-6210
-5422
-4413
-4904
-4618
-3182
-3251
-4124
-3256
-1729
-1644
-2019
-1724
-1331
-962
-253
-41
-476
-397
564
1448
1934
2144
2613
3511
4442
5580
7201
5949
2233
4228
11682
10783
1945
2130
10693
10618
4121
4434
6928
3986
3283
6551
4202
-839
852
3110
-561
-2118
679
-1201
-5667
-4012
-993
-3930
-7094
-5620
-4550
-5909
-5763
-4995
-6549
-7425
-5205
-4127
-5943
-6350
-4658
-4505
-5117
-3837
-2884
-3898
-3977
-2216
-1429
-1934
-1918
-1420
-1129
-512
77
-169
-504
95
1089
1898
2261
2432
3065
4090
5020
6672
7149
3705
2196
8698
12869
5613
342
7253
12081
6503
3416
6419
5429
2751
5398
5959
625
-558
2830
1180
-2289
-334
341
-4275
-5402
-1733
-2251
-6215
-6445
-4700
-5374
-5945
-5036
-5734
-7296
-6135
-4163
-4980
-6261
-5192
-4238
-4776
-4293
-2958
-3275
-3948
-2814
-1529
-1671
-1877
-1501
-1289
-832
34
49
-613
-336
826
1585
1862
2125
2756
3654
4369
5575
7188
5469
1860
4944
12263
9763
982
2938
11405
9750
3451
4766
6759
3478
3696
6789
3303
-1258
1481
3125
-1119
-1824
1073
-1751
-5875
-3292
-921
-4478
-6813
-5176
-4960
-5871
-4893
-5032
-7258
-6967
-4326
-4356
-6221
-5776
-4371
-4717
-4760
-3339
-3058
-3974
-3473
-1981
-1576
-1803
-1663
-1489
-1170
-257
275
-204
-629
120
1469
2339
2214
2165
3168
4568
5649
6825
5924
2672
3828
10707
11149
2990
1656
9538
10792
4712
4168
6702
4273
3203
6255
4532
-436
604
2889
-283
-1963
561
-983
-5303
-4219
-1415
-3591
-6378
-5818
-5275
-5622
-4949
-5179
-6976
-6963
-4943
-4525
-5797
-5877
-4847
-4665
-4751
-3847
-3184
-3621
-3611
-2491
-1694
-1587
-1530
-1550
-1414
-448
375
-20
-601
-64
1066
2029
2374
2205
2680
4184
5426
6426
6491
3820
2677
8290
12228
5738
558
6936
11746
6347
3277
6414
5396
2561
5366
6038
518
-639
2922
1127
-2394
-242
352
-4402
-5209
-1543
-2554
-6342
-5947
-4565
-5801
-5839
-4514
-5795
-7514
-5878
-4092
-5271
-6167
-4893
-4392
-5055
-4199
-2852
-3466
-4073
-2680
-1588
-1899
-1721
-1173
-1424
-1123
151
310
-553
-328
825
1555
1997
2352
2653
3401
4624
6065
6960
4870
2132
5675
11958
8848
1090
3712
11279
9057
3459
5010
6379
3343
4117
6534
2560
-1068
1912
2603
-1521
-1489
837
-2400
-5595
-2891
-1461
-4811
-6457
-5271
-5250
-5417
-4763
-5787
-7311
-6168
-4401
-5003
-6102
-5438
-4446
-4523
-4470
-3624
-3262
-3562
-3192
-2196
-1760
-1661
-1419
-1369
-1245
-318
357
-106
-490
320
1349
2036
2338
2468
2986
4263
5590
6755
6179
3180
3296
9639
11759
4245
967
8347
11485
5550
3570
6371
4734
3000
5927
5069
-251
53
3111
341
-2328
161
-372
-4935
-4664
-1559
-3251
-6176
-5618
-5164
-5932
-5091
-4637
-6598
-7344
-5346
-4321
-5462
-5841
-4908
-4610
-4670
-3730
-3012
-3608
-3764
-2513
-1617
-1665
-1503
-1255
-1368
-817
312
417
-402
-294
828
1877
2436
2561
2639
3440
4954
6752
7115
4059
1981
7241
12751
7409
429
5210
11831
7907
3355
5637
5820
2981
4892
6284
1381
-776
2676
1810
-2234
-833
803
-3427
-5653
-2541
-2177
-5279
-5889
-5318
-5995
-5376
-4319
-5939
-7513
-5988
-4388
-5137
-5873
-5176
-4702
-4819
-4192
-3234
-3356
-3736
-3089
-2079
-1656
-1421
-1264
-1401
-1156
-76
562
2
-485
245
1560
2526
2652
2425
2987
4706
6530
7137
4857
2307
5580
11813
9434
1716
3262
10768
9530
3944
4858
6428
3561
3888
6483
3067
-921
1656
2766
-1366
-1794
862
-1930
-5685
-3462
-1626
-4579
-6292
-5331
-5562
-5802
-4753
-5458
-7286
-6553
-4635
-4863
-5955
-5538
-4687
-4639
-4456
-3649
-3382
-3615
-3183
-2228
-1838
-1745
-1353
-1092
-1117
-554
293
262
-302
54
1165
2082
2400
2499
2996
4157
5402
6778
6557
3451
2918
9237
12281
4898
604
7826
11900
5914
3280
6470
5214
2765
5654
5568
-55
-397
3227
743
-2723
-145
207
-4678
-5214
-1726
-2913
-6236
-5958
-5201
-5920
-5345
-4865
-6638
-7379
-5460
-4418
-5514
-5997
-5079
-4567
-4626
-4108
-3401
-3452
-3538
-2759
-1919
-1782
-1603
-1160
-1170
-1065
14
649
-138
-443
763
1885
2188
2399
2808
3507
4735
6284
7033
4945
2528
5915
11842
9076
1627
3726
11085
9342
3736
4935
6506
3546
3937
6456
2791
-1091
1779
2760
-1583
-1812
942
-2085
-5771
-3342
-1704
-4864
-6327
-5193
-5646
-5990
-4675
-5297
-7428
-6756
-4556
-4726
-5997
-5539
-4631
-4744
-4497
-3421
-3255
-3796
-3235
-2011
-1755
-1879
-1367
-1044
-1215
-593
415
243
-378
202
1322
1972
2357
2695
2965
3927
5750
7356
6072
2678
3734
10424
11519
3788
1455
8838
11273
5544
3926
6316
4658
3442
6143
4671
-384
473
3284
115
-2436
251
-390
-4953
-4528
-1632
-3744
-6432
-5209
-4930
-6492
-5443
-4210
-6457
-7748
-5320
-4042
-5636
-5967
-4655
-4632
-4850
-3552
-2943
-3872
-3569
-2008
-1697
-2046
-1350
-889
-1326
-893
304
382
-229
31
760
1502
2315
2548
2483
3476
5011
6107
6808
5104
2403
5572
12016
9146
962
3395
11497
9296
3130
4857
6672
3286
3783
6635
2658
-1374
1836
2783
-1776
-1827
996
-2313
-6005
-3313
-1647
-4881
-6336
-5271
-5745
-5859
-4465
-5291
-7546
-6792
-4447
-4476
-5848
-5696
-4751
-4517
-4210
-3370
-3287
-3784
-3131
-1794
-1589
-1869
-1344
-998
-1243
-550
636
336
-558
52
1327
1982
2249
2556
2900
3889
5327
6828
6676
3610
2614
8528
12432
5726
430
6819
11898
6656
3342
6102
5186
2796
5642
5862
120
-633
3168
1076
-2688
-369
379
-4417
-5476
-2095
-2738
-5842
-5841
-5411
-6194
-5319
-4402
-6245
-7639
-5967
-4365
-4985
-5845
-5387
-4755
-4565
-3973
-3124
-3319
-3781
-2860
-1572
-1552
-1738
-1184
-1080
-1184
-135
859
116
-624
235
1500
2197
2500
2559
2915
4141
5654
7061
6190
2761
3179
10149
11818
3671
908
8735
11260
5129
3771
6400
4268
2926
6203
4691
-772
257
3223
-210
-2634
396
-477
-5349
-4894
-1799
-3439
-5989
-5649
-5730
-6086
-4687
-4601
-6909
-7296
-5161
-4319
-5310
-5675
-5030
-4610
-4362
-3645
-3084
-3356
-3386
-2395
-1513
-1563
-1452
-1020
-1091
-887
314
775
-280
-498
735
1802
2209
2438
2554
3376
4770
5878
6753
5548
2579
4480
11410
10500
1897
2128
10668
10306
3693
4385
6757
3435
3201
6842
3542
-1697
1100
3331
-1338
-2453
990
-1542
-6113
-3979
-1522
-4385
-6224
-5395
-5898
-5932
-4274
-5055
-7487
-6798
-4477
-4533
-5644
-5404
-4775
-4626
-4179
-3404
-3213
-3384
-3049
-2191
-1617
-1439
-1140
-1002
-1148
-566
699
635
-491
-221
1245
2089
2261
2571
2836
3723
5254
6780
6347
3444
2830
8397
11937
5796
913
6648
11514
6777
3420
5882
5410
3041
5184
5565
518
-496
2802
1000
-2609
-496
317
-4367
-5455
-1864
-2763
-6563
-5987
-4253
-5737
-6453
-4906
-5313
-7031
-6084
-4389
-5255
-5975
-4436
-4002
-5286
-4543
-2464
-2835
-3948
-2818
-1454
-1796
-1611
-566
-883
-1450
-93
1047
24
-514
615
1421
1678
2424
2977
3149
4022
5371
6687
5793
2842
3677
10063
10816
3146
1485
9113
10738
4478
3501
6362
4426
2987
5818
4082
-993
449
3229
-621
-2985
269
-703
-5452
-4690
-1776
-3903
-6338
-5378
-5287
-6166
-5018
-4543
-6758
-7321
-4920
-4031
-5579
-5809
-4513
-4345
-4591
-3566
-2861
-3478
-3366
-2044
-1498
-1744
-1174
-637
-1103
-910
522
777
-280
-139
1035
1773
2178
2677
2974
3668
4757
6230
6785
4199
2234
7142
12185
6755
428
5661
11718
7036
2789
5790
5870
2627
4635
6103
780
-1089
2933
1664
-2974
-1092
871
-3765
-5870
-2408
-2343
-5735
-5821
-4887
-5905
-5617
-4229
-5537
-7371
-5950
-3978
-4713
-5876
-4959
-4060
-4468
-4225
-2971
-2851
-3488
-2776
-1593
-1656
-1624
-647
-691
-1429
-404
1075
361
-565
332
1526
2059
2591
2864
3155
4297
5835
6884
5426
2500
4445
11004
10135
1983
2096
10206
10110
3631
3954
6482
3700
3148
6212
3252
-1562
1086
3139
-1470
-2781
687
-1478
-5981
-4213
-1737
-4355
-6310
-5392
-5607
-5924
-4678
-4963
-7057
-6784
-4564
-4278
-5603
-5487
-4337
-4242
-4408
-3494
-2691
-3131
-3220
-2099
-1385
-1499
-1043
-580
-1145
-851
813
994
-370
-252
1256
2156
2446
2807
3088
3788
5175
6957
6467
2986
2737
9344
11877
4234
526
7956
11513
5364
3058
6235
4895
2699
5461
4846
-620
-159
3290
43
-3260
-20
132
-5089
-5446
-1970
-3189
-6025
-5494
-5405
-6482
-5146
-3975
-6337
-7814
-5415
-3732
-5013
-5744
-4792
-4441
-4393
-3359
-2741
-3412
-3451
-2120
-1391
-1714
-1401
-654
-965
-1098
246
962
-7
-359
660
1714
2354
2794
2884
3398
4712
6543
6798
3802
2224
7502
11988
6265
532
5930
11521
6926
2946
5589
5608
2934
4803
5529
411
-792
3015
1297
-3088
-994
725
-3927
-5920
-2547
-2512
-5738
-5855
-5167
-6298
-5752
-4126
-5729
-7829
-6122
-3892
-4795
-5919
-5020
-4325
-4503
-3805
-2833
-3119
-3417
-2431
-1486
-1628
-1419
-649
-767
-1106
-13
1012
324
-243
508
1555
2240
2816
2988
3317
4417
6252
7081
4482
2128
6316
11786
7573
865
4621
11139
7908
3112
5043
5782
3146
4380
5742
1075
-1113
2578
1919
-2766
-1653
783
-3202
-6076
-3215
-2403
-5282
-5824
-5500
-6600
-5726
-3858
-5688
-8068
-6310
-3978
-4682
-5718
-5221
-4774
-4388
-3447
-3016
-3459
-3305
-2326
-1644
-1590
-1347
-850
-811
-885
-77
824
496
-92
261
1333
2380
2935
2844
3025
4228
6148
7298
4945
1886
5216
11672
8902
1150
3250
10706
8925
3326
4549
6033
3284
3766
6008
2139
-1318
1872
2522
-2097
-2139
861
-2267
-6070
-3733
-2022
-4800
-5890
-5173
-6263
-6165
-4002
-4860
-7685
-6830
-4189
-4386
-5629
-5192
-4574
-4556
-3828
-2881
-3055
-3373
-2609
-1632
-1564
-1419
-767
-694
-1101
-347
924
716
-141
111
1308
2340
2844
2874
3104
4068
5824
7376
5576
2059
4360
11364
10127
1820
2234
10259
9999
3787
4062
6212
3679
3482
6143
2861
-1463
1435
3088
-1688
-2705
733
-1637
-5788
-3862
-2518
-5395
-5244
-3898
-7069
-7964
-3488
-3369
-8065
-7867
-4357
-4547
-5541
-4498
-4959
-5900
-3779
-1963
-3426
-4088
-2384
-1562
-2004
-1378
-529
-832
-1091
-362
558
755
531
238
710
2084
3261
3227
2948
3800
5784
7500
5649
2131
4300
11109
9987
2005
2307
10017
9946
3901
3883
5993
3937
3673
5879
2747
-1283
1381
2982
-1478
-2754
471
-1433
-5664
-4419
-2309
-4441
-5874
-5409
-6372
-6434
-4236
-4651
-7648
-7412
-4559
-4097
-5547
-5685
-4934
-4489
-3846
-3152
-3247
-3436
-2753
-1707
-1447
-1583
-1055
-517
-737
-634
507
898
219
100
961
2049
2815
3086
3051
3835
5389
7137
6285
2813
3165
9836
11322
3407
1006
8762
11036
4600
3314
6377
4463
2795
5812
4372
-1075
245
3380
-385
-3209
211
-399
-5421
-5072
-2011
-3778
-5998
-5299
-5956
-6756
-4555
-4003
-7238
-7841
-4774
-3914
-5571
-5635
-4748
-4710
-4160
-2996
-2999
-3557
-2943
-1801
-1409
-1478
-1139
-697
-667
-493
362
801
323
162
849
1857
2668
3105
3082
3549
4958
7093
6814
3032
2337
8943
12038
4587
358
7340
11417
5781
3079
5789
4780
2832
5452
5009
-442
-364
3151
412
-3113
-237
157
-4848
-5543
-2237
-3147
-5761
-5492
-5835
-6742
-4886
-3783
-6662
-8123
-5483
-3817
-5105
-5797
-5094
-4755
-4240
-3205
-3025
-3557
-3154
-2080
-1533
-1451
-1083
-824
-975
-695
415
904
269
-51
616
1798
2740
3024
2828
3405
4857
6846
6962
3477
2093
8193
12204
5362
395
6864
11389
6007
3222
6020
4940
2734
5442
5317
-180
-338
3320
807
-3022
-441
377
-4422
-5356
-1670
-2745
-7184
-6432
-3172
-4601
-7892
-6474
-3893
-5417
-7075
-5415
-4815
-5849
-4375
-3242
-5477
-5576
-2004
-1649
-4208
-3242
-761
-1504
-2062
-325
-232
-1315
-58
1054
3
124
1529
1517
1459
3043
4029
3823
4226
6225
7173
4303
2358
7655
12121
5918
450
6536
11589
6436
3245
5882
4868
2719
5695
5720
-299
-946
3248
1358
-2921
-997
137
-4103
-5304
-2454
-3287
-6059
-5484
-5213
-6763
-5870
-3946
-5805
-8089
-6313
-3946
-4657
-5840
-5382
-4838
-4378
-3256
-2875
-3752
-3605
-2029
-1242
-1662
-1470
-771
-812
-803
206
825
290
30
648
1697
2643
3094
3019
3566
4835
6603
6897
3876
2374
7896
11992
5646
525
6665
11418
6172
3074
5926
5134
2717
5171
5342
-21
-544
3156
909
-3183
-757
543
-4197
-5743
-2476
-2855
-5834
-5676
-5379
-6516
-5431
-3997
-6189
-7889
-5698
-3901
-4992
-5826
-5130
-4583
-4194
-3430
-3118
-3441
-3145
-2071
-1428
-1554
-1313
-714
-737
-760
163
827
357
105
752
1865
2763
3171
3155
3680
5072
6988
6648
3079
2796
9256
11560
3969
820
8145
11019
5036
3327
6145
4476
2879
5653
4464
-700
244
3255
-195
-3084
-13
-187
-5056
-5183
-2194
-3531
-5906
-5371
-5751
-6717
-4973
-4022
-6614
-7761
-5427
-4103
-5038
-5484
-5090
-4885
-4196
-3115
-2953
-3476
-3179
-2063
-1351
-1287
-1073
-867
-926
-494
490
722
201
234
1069
2136
2872
3189
3414
4117
5618
7165
5705
2513
4778
10991
9254
1720
3139
10471
9095
3374
4386
6269
3600
3644
5817
2490
-996
1845
2712
-1819
-2364
637
-1800
-5706
-3897
-2191
-4739
-5927
-5115
-6177
-6428
-4304
-4746
-7556
-7060
-4395
-4389
-5681
-5286
-4670
-4746
-3954
-2814
-3128
-3671
-2669
-1460
-1430
-1395
-751
-730
-909
-31
838
429
39
643
1584
2360
2940
3255
3662
4522
6123
7111
4744
2308
6459
11731
7255
698
5010
11307
7491
2888
5190
5678
2952
4554
5735
839
-1055
2796
1885
-2764
-1550
641
-3309
-5825
-2956
-2626
-5525
-5674
-5259
-6732
-5836
-3766
-5750
-8158
-6138
-3986
-5018
-5697
-4890
-4857
-4739
-3387
-2721
-3460
-3481
-2322
-1502
-1351
-1051
-822
-960
-623
329
757
349
182
743
1866
2846
3224
3355
3913
5128
6855
6452
3191
3418
9501
10659
3474
1654
8747
10396
4612
3457
5995
4429
3307
5481
3552
-807
786
3165
-667
-3063
-108
-652
-5093
-4862
-2311
-4000
-6023
-5225
-5688
-6763
-4960
-4162
-6914
-7703
-5001
-4138
-5576
-5557
-4675
-4726
-4292
-3055
-2926
-3576
-3043
-1777
-1364
-1371
-930
-742
-875
-264
709
672
141
290
1355
2563
3186
3165
3452
4512
6447
7386
4587
2031
6718
12240
7204
373
5180
11739
7556
2816
5309
5801
3023
4751
5801
645
-1028
3164
1969
-3038
-1566
911
-3307
-6028
-2933
-2455
-5566
-5787
-5075
-6521
-6067
-4007
-5431
-7933
-6490
-4141
-4779
-5846
-5224
-4661
-4563
-3691
-2923
-3284
-3449
-2396
-1498
-1557
-1335
-717
-713
-866
-43
756
541
136
676
1985
2894
3160
3403
4062
5265
7060
6253
2736
3919
10701
10371
2122
1918
10084
10207
3774
3906
6320
3728
3477
6370
3017
-1743
1350
3684
-1259
-2996
557
-1158
-5726
-4251
-1898
-4462
-6060
-5054
-6000
-6664
-4385
-4429
-7565
-7569
-4651
-4266
-5729
-5620
-4967
-4843
-4022
-2965
-3270
-3755
-2875
-1714
-1538
-1455
-881
-831
-1022
-259
804
636
14
413
1761
2862
3245
3315
3751
4977
7013
7026
3539
2952
9252
11734
4390
1051
8163
11146
5370
3599
6243
4613
3137
5985
4574
-806
210
3607
194
-3098
-168
-87
-4816
-5111
-2181
-3566
-5942
-5302
-5565
-6671
-5099
-4183
-6721
-7717
-5355
-4324
-5446
-5551
-4931
-5012
-4476
-3149
-2968
-3655
-3301
-2089
-1479
-1397
-1160
-944
-882
-431
354
598
276
193
1056
2374
3143
3236
3537
4388
5984
7312
5189
2343
5999
11869
8075
1018
4498
11162
8060
3325
5180
5696
3102
4718
6074
1103
-1261
2628
2281
-2498
-1766
675
-2952
-5874
-3215
-2482
-5282
-5716
-5263
-6619
-5934
-3858
-5528
-8108
-6556
-4197
-4782
-5709
-5284
-5066
-4764
-3495
-2797
-3496
-3639
-2471
-1491
-1401
-1182
-812
-903
-741
308
1009
492
29
810
2233
3041
3332
3559
4009
5443
7472
6169
2460
4395
11115
9871
2061
2836
10245
9424
3817
4459
6101
3578
3905
6144
2452
-1327
1723
2983
-1683
-2617
495
-1583
-5625
-4162
-2307
-4621
-5818
-5051
-6100
-6491
-4384
-4673
-7438
-7154
-4644
-4522
-5649
-5334
-4852
-4924
-4103
-2944
-3179
-3659
-2808
-1778
-1665
-1365
-730
-859
-1046
-107
902
724
240
495
1642
2900
3585
3570
3698
4912
7217
7108
3304
2957
9521
11576
4063
1298
8489
10849
5013
3638
6158
4345
3239
5994
3989
-1156
522
3521
-451
-3275
-79
-444
-5096
-5001
-2420
-4050
-5896
-5150
-5869
-6825
-4806
-4235
-7143
-7687
-4990
-4308
-5715
-5634
-4855
-4913
-4460
-3228
-3078
-3736
-3181
-1897
-1577
-1670
-1059
-773
-949
-375
645
712
318
471
1361
2588
3413
3483
3633
4729
6726
7160
4120
2679
8047
11921
5921
928
6734
11415
6514
3182
5637
5142
3208
5415
4994
-307
-523
3241
958
-3135
-1048
171
-4096
-5533
-2743
-3238
-5834
-5594
-5431
-6544
-5426
-4158
-6294
-7809
-5739
-4222
-5195
-5753
-5131
-4811
-4430
-3523
-3102
-3488
-3336
-2289
-1552
-1541
-1280
-867
-816
-525
375
785
462
383
1204
2397
3219
3507
3766
4447
6151
7406
4971
2291
6570
12165
7596
764
5090
11497
7731
3184
5261
5388
2996
5145
5923
335
-1375
2967
2020
-2867
-1753
507
-3274
-5739
-3030
-2740
-5565
-5669
-5190
-6611
-5801
-3714
-5570
-8131
-6324
-3950
-4787
-5815
-5290
-4988
-4656
-3444
-2898
-3663
-3658
-2405
-1578
-1646
-1332
-901
-1001
-805
247
828
430
234
991
2202
3120
3556
3754
4265
6000
7451
5130
2381
6469
11969
7664
1123
5217
11264
7680
3516
5520
5415
3022
5209
5987
541
-1158
2939
1935
-2709
-1641
352
-3294
-5493
-3013
-2989
-5610
-5545
-5236
-6744
-5957
-3912
-5600
-7968
-6344
-4179
-4915
-5788
-5208
-5003
-4833
-3608
-2819
-3535
-3726
-2525
-1608
-1631
-1314
-846
-956
-810
192
832
569
352
943
2119
3170
3700
3835
4186
5843
7645
5604
2230
5684
12112
8662
933
4064
11349
8561
3313
5011
5668
2973
4780
6363
976
-1763
2624
2547
-2613
-2121
606
-2907
-5870
-3172
-2528
-5519
-5719
-5028
-6744
-6262
-3688
-5195
-8228
-6686
-3938
-4631
-5876
-5357
-4995
-4769
-3518
-2820
-3650
-3759
-2412
-1548
-1706
-1337
-802
-924
-765
229
755
527
466
1008
2042
3185
3743
3798
4297
6026
7445
5450
2670
5977
11607
8403
1478
4284
10859
8417
3601
4871
5446
3198
4734
5838
933
-1368
2449
2099
-2584
-1982
383
-3059
-5882
-3346
-2684
-5477
-5778
-5173
-6686
-6192
-3818
-5270
-8079
-6585
-3994
-4661
-5771
-5204
-4897
-4828
-3619
-2705
-3410
-3786
-2547
-1411
-1514
-1413
-741
-756
-888
124
1036
624
190
938
2143
3045
3642
3912
4094
5541
7549
5918
2439
5241
11646
8977
1404
3728
10911
8788
3510
4656
5605
3300
4678
6077
1167
-1606
2438
2722
-2331
-2402
426
-2452
-5742
-3563
-2512
-5212
-5809
-5087
-6423
-6176
-3896
-5023
-7842
-6742
-4151
-4385
-5508
-5408
-5148
-4686
-3476
-2867
-3492
-3690
-2624
-1508
-1350
-1353
-987
-729
-650
30
888
812
228
755
2267
3201
3399
3748
4378
5630
7184
5648
2610
5449
11475
8557
1304
3964
10880
8442
3409
4756
5469
3156
4731
5995
1019
-1519
2374
2347
-2332
-2087
191
-2967
-5665
-3299
-2773
-5543
-5784
-5120
-6610
-6177
-3859
-5246
-8000
-6561
-4012
-4572
-5677
-5267
-4986
-4680
-3500
-2901
-3556
-3538
-2386
-1648
-1658
-1261
-722
-820
-815
74
885
777
409
831
2081
3240
3739
3828
4252
5889
7409
5331
2538
6207
11731
7807
1141
4863
11102
7777
3417
5255
5250
2935
5262
6109
391
-1450
3051
2212
-2807
-1797
480
-3288
-5627
-2902
-2907
-5782
-5496
-5026
-6897
-6032
-3551
-5480
-8238
-6281
-3775
-4642
-5699
-5225
-4925
-4447
-3211
-2804
-3598
-3569
-2194
-1278
-1476
-1431
-765
-612
-741
69
1061
759
73
854
2413
3229
3471
3777
4200
5844
7517
5175
2156
6357
11987
7334
766
5244
11137
7206
3300
5375
4858
2732
5439
5712
-210
-1214
3257
1612
-3151
-1549
305
-3703
-5551
-2882
-3320
-5871
-5221
-5080
-7163
-6032
-3486
-5500
-8146
-6228
-3936
-4692
-5463
-5067
-4988
-4459
-3137
-2776
-3545
-3442
-2149
-1301
-1409
-1264
-647
-563
-602
157
978
794
367
929
2255
3288
3589
3757
4383
6031
7162
4895
2570
6646
11590
7072
1011
5323
11027
7331
3357
5146
4890
3009
5371
5544
-51
-1122
3106
1711
-2899
-1571
192
-3627
-5489
-2850
-3237
-5850
-5293
-5081
-7046
-5853
-3433
-5643
-8178
-5959
-3766
-4808
-5475
-4974
-5047
-4432
-2897
-2848
-3851
-3327
-1934
-1533
-1568
-1082
-719
-845
-521
314
820
675
385
788
2125
3398
3625
3590
4257
6075
7313
4943
2309
6348
11726
7307
823
4977
11031
7482
3365
5086
4833
2964
5441
5685
-72
-1266
3120
1841
-2912
-1674
234
-3558
-5497
-2847
-3204
-5878
-5330
-5044
-7044
-5933
-3472
-5603
-8187
-6023
-3740
-4796
-5585
-5036
-4941
-4454
-3074
-2885
-3758
-3379
-2054
-1528
-1598
-1218
-784
-777
-554
139
767
789
401
681
2057
3317
3581
3729
4374
6018
7264
4976
2352
6479
11783
7052
666
5233
11111
7139
3273
5287
4715
2776
5603
5701
-378
-1235
3369
1697
-3076
-1512
248
-3734
-5381
-2689
-3332
-5938
-5238
-5053
-7008
-5812
-3540
-5710
-8091
-5921
-3754
-4809
-5556
-4940
-4767
-4386
-3073
-2736
-3578
-3381
-1972
-1321
-1534
-1215
-630
-676
-531
329
862
605
404
927
2019
3116
3544
3661
4268
6020
7318
5067
2291
5980
11641
7770
856
4318
10799
7822
3386
4940
4877
2732
5124
6005
296
-1608
2855
2203
-2697
-1857
321
-3299
-5597
-2978
-2956
-5666
-5386
-5029
-6922
-5968
-3477
-5385
-8088
-6275
-3926
-4601
-5346
-5018
-5005
-4455
-2981
-2632
-3535
-3462
-2135
-1272
-1316
-1285
-837
-600
-434
123
710
719
400
713
1866
3090
3584
3705
4037
5522
7324
5687
2346
5080
11366
8674
1259
3554
10456
8363
3584
4771
5053
2775
4768
6190
836
-1777
2483
2548
-2394
-2209
254
-2932
-5582
-3205
-2921
-5581
-5327
-4848
-7008
-6312
-3417
-5017
-8107
-6454
-3902
-4653
-5415
-4796
-4954
-4848
-3141
-2368
-3405
-3567
-2130
-1250
-1340
-1140
-653
-619
-533
95
766
887
564
691
1714
3138
3860
3917
4040
5459
7230
5592
2579
5501
11309
8166
1194
4021
10643
8156
3474
4737
4966
2972
5068
5996
446
-1733
2668
2505
-2428
-2256
-40
-3107
-5387
-3046
-3027
-5819
-5513
-4847
-6810
-6257
-3673
-5265
-8086
-6307
-3792
-4585
-5562
-5089
-4954
-4483
-3010
-2657
-3638
-3446
-1867
-1137
-1383
-1233
-707
-580
-326
319
700
699
657
977
1851
3166
3922
3924
4053
5743
7453
5242
2215
5978
11688
7532
753
4603
10781
7404
3337
5093
4602
2538
5273
5859
-107
-1598
2847
1785
-2877
-1759
-45
-3829
-5525
-2854
-3299
-5874
-5307
-5325
-7222
-5656
-3342
-5851
-8212
-5792
-3749
-4699
-5274
-4978
-5021
-4130
-2661
-2731
-3535
-3000
-1738
-1243
-1160
-862
-646
-627
-211
535
939
793
488
905
2236
3474
3718
3676
4197
6040
7434
4918
2013
6226
11816
7169
464
4760
10843
7223
3193
4907
4415
2562
5346
5602
-439
-1613
2962
1662
-3148
-1825
-64
-3966
-5611
-2854
-3453
-5974
-5247
-5442
-7429
-5534
-3131
-6018
-8521
-5797
-3534
-4629
-5482
-5184
-5011
-3913
-2463
-2774
-3784
-3033
-1464
-1074
-1282
-977
-636
-549
-63
658
900
682
572
1236
2524
3519
3713
3815
4502
6493
7319
4198
2371
7809
11686
5435
740
6630
10669
5965
3535
5350
3853
2931
6034
4528
-1319
-484
3406
418
-3306
-942
-604
-4790
-4993
-2507
-4092
-5953
-5038
-5948
-7189
-4596
-3533
-6977
-8023
-4915
-3692
-4972
-5385
-5132
-4867
-3562
-2467
-3035
-3653
-2707
-1512
-1199
-1133
-823
-755
-679
-24
821
999
533
412
1427
2859
3629
3683
3792
4796
6959
6702
3071
3300
9750
10593
3097
1718
8717
9793
4652
4025
5182
3196
3932
6360
2541
-1918
1099
3248
-1163
-3015
-264
-1752
-5368
-4128
-2677
-4986
-5702
-4907
-6643
-6899
-3866
-4189
-7778
-7472
-4295
-3902
-5190
-5310
-5061
-4641
-3231
-2409
-3195
-3572
-2365
-1272
-1198
-1079
-684
-684
-557
292
1071
975
506
669
1847
3219
3830
3743
3956
5583
7492
5670
2223
5134
11477
8676
1168
3536
10449
8346
3572
4658
4829
2618
4857
6185
508
-2111
2447
2462
-2731
-2448
45
-3334
-5856
-3232
-3130
-5873
-5449
-5199
-7387
-6079
-3190
-5512
-8568
-6342
-3683
-4416
-5229
-5127
-5216
-4166
-2424
-2576
-3700
-3179
-1783
-1221
-1145
-894
-829
-815
-229
623
987
730
361
811
2241
3494
3730
3639
4162
6103
7490
4877
2155
6547
11787
6997
834
5197
10723
7136
3494
4941
4308
2881
5558
5284
-556
-1266
3051
1455
-3090
-1765
-405
-4187
-5382
-2883
-3794
-6052
-5238
-5604
-7354
-5438
-3532
-6292
-8233
-5727
-3842
-4556
-5095
-5119
-5013
-3707
-2323
-2737
-3526
-2855
-1628
-1082
-968
-860
-869
-672
-23
647
885
651
378
990
2506
3640
3692
3621
4335
6494
7279
4081
2397
7954
11555
5297
957
6767
10536
6005
3623
5048
3673
3168
6106
4203
-1535
-471
3331
332
-3247
-1181
-1221
-5011
-4763
-2685
-4497
-6094
-5252
-6265
-7056
-4601
-4125
-7263
-7828
-5037
-3969
-4821
-5286
-5338
-4796
-3219
-2365
-3131
-3575
-2549
-1325
-997
-1047
-869
-612
-384
112
781
1052
706
673
1666
3065
3880
3922
3905
5289
7606
6273
2541
4715
11157
9233
2021
3616
9945
8453
4336
5106
4654
2529
5031
6392
787
-1877
2315
2295
-2362
-2169
-382
-3647
-5498
-3179
-3640
-6006
-5319
-5420
-7635
-6162
-3498
-5658
-8263
-6349
-4239
-4637
-4962
-5087
-5517
-4350
-2335
-2480
-3741
-3289
-1787
-1080
-987
-954
-1013
-676
95
528
591
751
645
872
2182
3519
3630
3529
4259
6164
7499
5022
2202
6230
11764
7546
1089
4754
10459
7522
3887
4991
4130
2649
5536
5630
-337
-1543
2703
1490
-2835
-1790
-724
-4372
-5394
-3017
-3827
-5922
-5407
-6027
-7361
-5264
-3625
-6339
-8108
-5782
-3945
-4461
-5115
-5351
-5176
-3697
-2293
-2654
-3521
-2983
-1668
-884
-800
-1021
-1020
-523
103
520
847
769
368
1040
2744
3838
3747
3682
4658
7001
7088
3411
3137
9503
10956
3690
1899
8544
9742
4867
4469
5351
2818
3726
6849
2869
-2249
831
3337
-1093
-3044
-555
-2296
-5534
-3988
-2938
-5312
-5754
-5122
-6880
-6731
-4011
-4652
-7627
-7066
-4659
-4150
-4656
-5061
-5483
-4599
-2634
-2159
-3129
-3332
-2293
-1186
-553
-686
-1201
-972
25
604
636
742
539
569
1822
3387
3780
3574
3952
5681
7509
5533
2265
5517
11483
8143
1359
4373
10294
7611
3864
5127
4274
2354
5420
6027
-220
-1852
2732
1784
-2876
-1977
-660
-4226
-5432
-3108
-3878
-5928
-5306
-5850
-7320
-5416
-3716
-6187
-7918
-5931
-4281
-4440
-4818
-5290
-5314
-3670
-2230
-2590
-3269
-2822
-1805
-897
-570
-886
-899
-295
203
531
1055
1107
684
1237
2755
3848
4047
4092
4998
6993
6505
3162
4166
10261
9851
2618
2702
9445
9227
4337
4436
4997
2789
4305
6468
1722
-2200
1391
2816
-1593
-2712
-785
-3088
-5548
-3713
-3141
-5573
-6052
-5662
-6772
-6108
-4141
-5408
-7833
-6768
-4477
-4199
-4930
-5362
-5377
-4202
-2577
-2385
-3210
-3247
-2172
-1017
-524
-830
-1087
-616
96
532
925
1035
626
995
2487
3725
3940
4023
4642
6436
7148
4357
3028
8203
11156
4944
1345
7418
10431
5468
3689
5435
3509
2973
6224
3895
-1959
-297
3307
-197
-3336
-1115
-1851
-5449
-4546
-2680
-4901
-6322
-5473
-6428
-6793
-4470
-4490
-7476
-7454
-4771
-4012
-4828
-5136
-5186
-4572
-2939
-2193
-2868
-3199
-2318
-1197
-575
-625
-869
-606
-95
293
755
1154
733
630
1869
3424
3949
3886
4098
5664
7263
5244
2525
6209
11301
7168
1127
5003
10464
7245
3605
4797
4002
2762
5656
5196
-860
-1456
2885
1341
-2935
-1961
-1224
-4465
-5050
-2953
-4015
-6039
-5644
-5945
-6697
-5037
-4193
-6585
-7630
-5475
-3992
-4387
-4986
-5236
-4686
-3108
-2183
-2645
-3046
-2474
-1394
-553
-482
-827
-641
-149
240
818
1189
667
516
1838
3357
3859
3753
3929
5529
7409
5550
2411
5587
11185
7996
1602
4373
9902
7595
4111
4901
3874
2475
5497
5483
-491
-1561
2615
1295
-2884
-2081
-1280
-4414
-5134
-3255
-4276
-6043
-5502
-5953
-7064
-5388
-4121
-6357
-7758
-5782
-4085
-4389
-5003
-5201
-4648
-3208
-2285
-2602
-2947
-2426
-1374
-520
-600
-938
-410
225
162
450
1172
1051
795
1724
3029
3783
4057
4098
5130
7116
5977
2595
4780
10828
8887
1774
3252
9657
8394
4005
4406
4221
2380
4812
5978
325
-2357
1926
2175
-2496
-2865
-1337
-3883
-5400
-3431
-3898
-6298
-5958
-5382
-6666
-6101
-4396
-5737
-7640
-6205
-4093
-4222
-5019
-5063
-4537
-3370
-2309
-2340
-2820
-2537
-1471
-526
-419
-766
-566
29
371
690
978
843
902
1902
3126
3900
3979
3983
5524
7399
5398
2327
5795
11159
7649
1431
4420
9813
7421
3957
4704
3802
2452
5371
5323
-618
-1745
2533
1352
-3062
-2431
-1424
-4342
-5086
-3267
-4502
-6374
-5447
-5584
-6943
-5553
-4200
-6328
-7587
-5529
-4054
-4498
-4833
-4901
-4540
-2997
-1930
-2513
-2989
-2188
-1117
-485
-463
-741
-470
252
565
608
786
830
1119
2047
3140
3829
3943
4140
5878
7289
4623
2368
7012
11280
6111
1162
5826
9910
6275
3979
5114
3223
2463
6007
4722
-1462
-1176
2791
404
-3222
-1824
-1875
-5042
-4634
-2925
-4979
-6523
-5266
-5792
-6921
-5045
-4323
-6870
-7382
-4891
-4042
-4824
-4872
-4762
-4398
-2788
-1782
-2648
-3073
-1892
-723
-474
-517
-509
-241
346
831
869
775
1013
1664
2523
3446
4016
4030
4840
6959
6593
3045
3708
9888
10225
3053
2034
8519
9409
4813
4159
4617
2565
3938
6408
2006
-2531
661
2631
-1635
-3316
-1464
-3298
-5646
-3835
-3489
-6213
-6429
-5309
-6602
-6596
-4529
-5312
-7583
-6429
-4189
-4407
-4978
-4690
-4627
-3925
-2208
-1844
-2850
-2727
-1356
-412
-297
-410
-470
-53
722
1185
968
747
1258
2263
3266
3856
3928
4206
6194
7476
4685
2503
7087
11330
6469
1453
5599
9948
6873
4213
4830
3340
2836
6013
4692
-1325
-1199
2714
559
-3347
-2279
-1986
-4809
-4827
-3431
-5198
-6541
-5399
-6045
-7278
-5530
-4477
-6639
-7348
-5234
-4263
-4721
-4740
-4706
-4504
-3071
-1922
-2420
-2949
-2119
-875
-392
-515
-566
-171
363
735
965
1046
1161
1764
2848
3708
3938
4119
5642
7408
5627
2477
5373
11227
8676
1719
3529
9806
8553
4360
4483
4061
2557
5153
6084
304
-2342
1754
2029
-2469
-2922
-1684
-4178
-5334
-3415
-4267
-6652
-5984
-5536
-7015
-6255
-4521
-5944
-7529
-5927
-4346
-4636
-4786
-4571
-4637
-3693
-2093
-1968
-2851
-2594
-1235
-362
-402
-622
-450
82
648
984
1010
1021
1543
2625
3619
3890
3911
5116
7166
6291
2957
4301
10218
9800
3010
2674
8727
9215
5142
4411
4280
2772
4657
6215
1406
-2161
1045
2189
-1919
-3194
-1789
-3570
-5350
-4048
-4219
-6242
-6054
-5678
-7081
-6629
-4652
-5511
-7465
-6542
-4648
-4442
-4766
-4753
-4622
-3726
-2337
-1982
-2596
-2575
-1485
-450
-293
-571
-406
182
591
775
1015
1375
1782
2480
3448
3967
3996
5224
7236
5961
2646
4758
10677
9305
2674
3234
8905
8678
5234
4931
4035
2445
5067
6455
1065
-2154
1340
2031
-2147
-3052
-1797
-3758
-5278
-4041
-4535
-6270
-5816
-5809
-7396
-6665
-4645
-5571
-7371
-6556
-4842
-4358
-4539
-4874
-4774
-3485
-2099
-2090
-2667
-2427
-1302
-305
-237
-660
-431
421
812
703
803
1325
1979
2649
3294
3698
3988
5281
7123
5940
2553
4272
10424
9792
2798
2530
8655
9151
5226
4546
4188
2576
4759
6498
1497
-2188
1140
2151
-2153
-3168
-1446
-3490
-5665
-4254
-4156
-6104
-5936
-5658
-7360
-6935
-4455
-5045
-7385
-6773
-4648
-4173
-4487
-4582
-4566
-3703
-2130
-1716
-2425
-2414
-1273
-306
-218
-383
-165
259
549
791
1048
1387
2008
2753
3237
3528
4263
6054
7205
4841
2271
5863
11122
8154
1960
3831
9183
8302
5175
4723
3471
2614
5579
5801
266
-1647
1637
788
-2861
-2051
-1405
-5064
-6102
-3540
-4277
-6593
-5969
-6188
-7891
-6173
-3781
-5891
-8043
-6082
-4099
-4324
-4349
-4274
-4663
-3530
-1468
-1422
-2554
-2179
-816
-177
-54
65
33
98
610
1136
1356
1600
2024
2655
3419
3939
4400
5963
6971
4508
2472
6610
10995
7051
1713
4541
9204
7789
5076
4413
2958
2969
5908
4959
-343
-1446
1118
279
-1997
-2009
-3160
-5427
-4721
-3565
-5292
-6537
-6089
-6759
-7086
-5295
-4860
-6719
-7046
-5425
-4338
-4080
-4179
-4624
-4125
-2449
-1552
-1907
-2124
-1693
-875
80
365
-130
-307
289
911
1229
1447
1665
2088
2966
3684
3801
4542
6435
6276
3216
3339
8612
10041
4450
2077
6522
8850
6499
4894
3870
2453
4133
6209
2776
-1501
-281
1492
-580
-2335
-2386
-3715
-4848
-4130
-4420
-5940
-6039
-5920
-6980
-6771
-5247
-5426
-6794
-6632
-5275
-4322
-4113
-4413
-4524
-3606
-2275
-1738
-2030
-2168
-1472
-335
194
-48
-185
182
694
1065
1342
1711
2355
3104
3475
3532
4306
6292
6929
4204
2703
6923
10520
6671
2329
5018
8581
7309
5457
4709
2924
3246
5948
4428
-402
-787
1441
100
-2174
-2114
-2799
-4650
-4691
-4305
-5325
-5859
-5835
-6848
-7110
-5532
-5067
-6485
-6957
-5782
-4588
-4046
-4181
-4591
-4019
-2525
-1727
-1997
-2191
-1639
-692
-69
-85
-176
105
487
748
1123
1716
2343
2852
3179
3407
4214
6120
6897
4298
2407
6337
10530
7244
2315
4350
8467
7728
5455
4513
3141
3274
5747
4793
158
-912
1344
621
-1949
-2320
-2585
-4230
-4741
-4386
-5195
-5863
-5753
-6521
-7204
-5937
-4874
-6024
-7091
-6135
-4589
-4018
-4272
-4639
-4214
-2758
-1660
-1874
-2351
-1864
-828
-141
20
-163
-267
240
1049
1352
1507
2191
2951
3153
3354
4444
6267
6500
3836
2772
6998
10129
6207
2297
5092
8460
7164
5191
4313
2936
3506
5727
4051
-210
-478
1411
130
-2011
-2063
-2734
-4496
-4630
-4208
-5149
-5806
-5835
-6712
-6970
-5405
-4833
-6355
-7019
-5619
-4231
-4029
-4388
-4519
-3877
-2577
-1646
-1749
-2139
-1766
-727
27
79
-141
-55
429
1002
1533
2073
2523
2847
3187
3710
4981
6710
5962
2890
3595
8844
9549
4111
2529
6655
8214
6309
5268
3768
2225
4425
6223
2327
-1242
480
1501
-922
-2011
-1840
-3574
-4759
-3941
-4299
-5651
-5598
-5812
-7061
-6476
-4838
-5384
-6824
-6403
-5141
-4408
-3991
-4151
-4608
-3851
-2159
-1493
-1976
-2147
-1514
-564
130
157
-211
-64
613
1220
1797
2451
2772
2800
3152
4280
6135
6680
4110
2434
6200
9993
6937
2601
4276
7537
7156
5842
4705
2609
2854
5541
4514
250
-500
1099
-5
-1790
-1680
-2427
-4315
-4589
-4210
-4908
-5305
-5453
-6678
-7123
-5517
-4718
-6046
-6860
-5920
-4705
-4082
-4076
-4460
-4289
-3066
-1913
-1775
-2064
-1888
-1116
-234
101
-83
-50
388
827
1402
2258
2812
2896
3056
3731
5353
6818
5285
2518
4555
9387
8266
3181
3474
7310
7362
5601
5050
3357
2488
5091
5246
636
-963
1562
943
-2048
-2133
-1731
-3537
-4423
-4085
-4946
-5448
-4810
-5810
-7361
-6128
-4370
-5334
-6724
-6094
-4814
-4091
-3883
-4357
-4530
-3203
-1727
-1779
-2295
-1878
-986
-299
-8
-144
-199
335
944
1253
1747
2516
3031
3104
3313
4606
6450
5812
2960
3404
7882
8826
4552
2848
5826
7441
6289
5100
3545
2415
4088
5237
2237
-617
260
904
-819
-1864
-1963
-3135
-4257
-4191
-4382
-4982
-5123
-5694
-6650
-6114
-4752
-4957
-6107
-6076
-4965
-4045
-3764
-4067
-4246
-3479
-2224
-1599
-1727
-1896
-1473
-464
212
26
-181
209
716
1223
2057
2717
2820
2863
3399
4862
6552
5575
2677
3645
8320
8524
3935
3129
6434
7147
5774
5308
3748
2243
4177
5201
1604
-667
1028
782
-1752
-1801
-1276
-3291
-4608
-4007
-4466
-5259
-4774
-5447
-7105
-6236
-4259
-4871
-6402
-6044
-4879
-4159
-3671
-3910
-4453
-3667
-2038
-1480
-1932
-2111
-1465
-371
209
-143
-389
264
1017
1434
2032
2741
3036
2959
3535
5495
6700
4474
2306
5313
9158
6888
2932
4162
6915
6588
5726
4860
2491
2401
5285
4455
65
-569
1301
0
-1840
-1342
-2088
-4238
-4179
-3602
-4757
-5159
-4768
-6081
-6906
-5077
-4015
-5481
-6346
-5421
-4391
-3669
-3433
-4093
-4267
-2888
-1481
-1446
-2037
-2055
-1080
109
289
-289
-271
464
1208
1897
2509
2768
2715
3088
4685
6496
5541
2690
3507
7940
8460
4213
2985
5952
7063
5774
5052
3719
2245
3682
4947
2042
-679
364
725
-1284
-1873
-1614
-3293
-4610
-3971
-4112
-5164
-5149
-5381
-6509
-5990
-4363
-4682
-6027
-5731
-4526
-3828
-3495
-3597
-3916
-3241
-1791
-1195
-1570
-1774
-1223
-234
387
192
-121
229
1002
1769
2384
2698
2773
2973
3864
5655
6248
3888
2440
5809
8832
5960
2655
4487
6784
5936
5126
4360
2220
2446
4921
3408
-557
-398
1132
-807
-2385
-1497
-2410
-4596
-4375
-3880
-5042
-5214
-4813
-6191
-6769
-4813
-4001
-5464
-5956
-4913
-4052
-3424
-3173
-3758
-3757
-2253
-1039
-1270
-1749
-1359
-436
224
262
108
300
819
1535
2316
2841
2907
2872
3557
5387
6220
4103
2547
5552
8545
6043
2828
4441
6755
6014
5034
4292
2454
2571
4757
3526
-270
-535
986
-368
-2100
-1857
-2617
-4326
-4251
-3927
-4982
-5316
-5035
-5992
-6422
-4932
-4272
-5437
-5889
-4888
-3914
-3431
-3386
-3727
-3476
-2241
-1235
-1282
-1635
-1313
-364
289
227
108
458
1042
1691
2408
2922
3025
3055
3979
5794
5904
3459
3089
6801
8280
4749
3007
5590
6784
5531
4971
3808
2135
3627
5185
1839
-1292
506
1412
-1390
-2592
-1936
-3188
-4367
-3784
-4529
-5995
-5227
-4739
-6381
-6525
-4720
-4638
-5740
-5419
-4583
-4140
-3397
-3158
-3775
-3254
-1571
-1005
-1591
-1537
-663
103
377
291
289
768
1514
2200
2755
3079
3042
3362
4961
6420
5042
2738
4391
8122
7331
3561
3566
6205
6451
5292
4484
2828
2324
4381
4093
275
-851
960
14
-2388
-2210
-2166
-4117
-4750
-4196
-5100
-5720
-5053
-5775
-7069
-5873
-4300
-5102
-6056
-5351
-4353
-3621
-3069
-3385
-3671
-2455
-983
-930
-1437
-1125
-184
510
559
390
640
1242
1818
2394
3020
3256
3096
3672
5564
6342
4124
2641
5636
8444
5944
2855
4390
6603
5851
4758
3986
2403
2568
4403
3007
-511
-618
803
-719
-2592
-2324
-2793
-4336
-4552
-4508
-5428
-5528
-5177
-6191
-6756
-5366
-4557
-5480
-5815
-4920
-4119
-3604
-3233
-3402
-3223
-1941
-904
-1138
-1352
-564
256
472
553
741
976
1640
2594
3125
3154
3143
3710
5376
6556
4776
2717
5079
8633
6889
3098
3871
6648
6484
5055
4152
2716
2562
4299
3596
86
-908
464
-320
-2235
-2443
-2826
-4346
-4780
-4531
-5222
-5700
-5619
-6405
-6930
-5689
-4780
-5708
-6320
-5395
-4296
-3735
-3510
-3707
-3597
-2315
-1048
-1140
-1526
-863
151
531
597
831
1121
1605
2414
3240
3609
3455
3610
5189
6706
5267
3104
5002
8351
6987
3585
4175
6476
6274
5259
4501
2753
2424
4425
3856
75
-1050
539
-113
-2153
-2543
-3007
-4394
-4503
-4309
-5531
-6140
-5527
-6095
-7017
-6032
-4965
-5715
-6268
-5340
-4373
-3932
-3628
-3614
-3426
-2299
-1139
-1103
-1378
-810
188
677
717
816
1222
1923
2712
3323
3610
3655
4067
5498
6593
5226
3523
5413
8340
6952
3850
4463
6614
6377
5335
4599
2911
2470
4308
3857
241
-1077
239
-278
-1998
-2430
-3278
-4853
-4719
-4201
-5474
-6483
-6066
-6303
-6842
-6046
-5438
-6167
-6335
-5355
-4639
-4214
-3776
-3774
-3579
-2344
-1245
-1283
-1395
-769
41
605
921
928
1101
2022
3202
3714
3571
3566
4550
6346
6641
4439
3588
6645
8667
5995
3560
5108
6827
6260
5278
3905
2380
3279
4707
2439
-719
-375
463
-1154
-2455
-2529
-3649
-4826
-4626
-4955
-6045
-6023
-5903
-6950
-7093
-5743
-5348
-6248
-6419
-5511
-4528
-3911
-3847
-4016
-3449
-2127
-1226
-1224
-1325
-798
158
824
960
1045
1588
2565
3553
3939
3673
4026
5778
6976
5448
3682
5555
8591
7431
4117
4334
6829
7051
5606
4423
3093
2936
4543
3986
372
-1044
530
206
-2037
-2751
-2997
-4366
-4877
-4543
-5421
-6403
-6124
-6372
-7197
-6517
-5397
-5978
-6778
-5979
-4762
-4218
-3981
-3985
-3861
-2760
-1405
-1153
-1470
-1085
-118
658
1002
1072
1321
2214
3419
4095
3960
3870
5105
6962
6607
4314
4607
7874
8492
5504
4386
6169
6893
6252
5609
3856
2401
3881
4893
1907
-863
-82
369
-1405
-2517
-2879
-4175
-4955
-4644
-5318
-6490
-6301
-6153
-7164
-7242
-6012
-5763
-6560
-6533
-5624
-4770
-4131
-3931
-4116
-3583
-2164
-1321
-1464
-1442
-728
125
726
967
1106
1811
3012
3776
3738
3717
4748
6539
6691
4558
4101
7257
8867
6004
4013
5888
7276
6359
5542
4382
2669
3462
5113
2851
-641
-321
816
-810
-2357
-2568
-3805
-5007
-4476
-4706
-6288
-6502
-5945
-6741
-7131
-5920
-5568
-6525
-6460
-5352
-4684
-4264
-3934
-4037
-3612
-2200
-1344
-1595
-1559
-758
96
664
879
949
1597
2869
3727
3650
3482
4356
6169
6744
4908
3853
6350
8682
6794
4225
5123
6946
6760
5793
4507
2898
3257
4870
3543
209
-464
565
-196
-1749
-2507
-3560
-4541
-4373
-4611
-5894
-6362
-6125
-6680
-7017
-6202
-5802
-6403
-6566
-5902
-5067
-4367
-4212
-4478
-4061
-2795
-1832
-1693
-1796
-1447
-498
451
858
1229
2030
2738
3139
3717
4611
5685
6247
5301
4468
6437
8938
7622
4778
5336
7627
7733
6424
5162
3812
3889
5346
4449
1179
100
1076
355
-1305
-1860
-2814
-4355
-4487
-4335
-5569
-6452
-6293
-6805
-7390
-6607
-6040
-6787
-7122
-6335
-5503
-4951
-4670
-4783
-4453
-3250
-2312
-2134
-1980
-1509
-815
37
558
885
1803
2742
2869
3120
4257
5465
6093
5641
4453
5242
8290
8684
5441
4333
6822
8031
6876
5568
4016
3252
4915
5390
2033
-324
829
985
-984
-1846
-2309
-3906
-4480
-4098
-5126
-6215
-5896
-6351
-7479
-6804
-5664
-6325
-7077
-6474
-5711
-5051
-4366
-4595
-4965
-3795
-2223
-1941
-2177
-1850
-1097
-88
678
848
1290
2364
2968
3097
3785
4990
5944
5786
4570
4752
7478
8754
6179
4241
6013
7817
7155
5775
4419
3404
4301
5407
3308
321
309
1106
-99
-1443
-2055
-3353
-4324
-4028
-4416
-5752
-6111
-6060
-6745
-6835
-5934
-5813
-6542
-6596
-5788
-4897
-4366
-4458
-4698
-4060
-2708
-1847
-1867
-2046
-1543
-278
688
833
1142
2054
2709
3038
3779
4812
5638
5622
4644
4762
7243
8564
6235
4281
5844
7692
7178
5764
4303
3326
4336
5402
3209
197
291
1230
14
-1518
-2182
-3274
-4111
-3901
-4389
-5716
-6029
-5922
-6558
-6671
-5895
-5859
-6497
-6369
-5564
-4838
-4425
-4463
-4543
-3854
-2699
-2056
-1991
-1948
-1451
-404
471
723
1160
2044
2516
2751
3655
4807
5452
5282
4416
4606
7048
8366
5955
3886
5608
7561
6802
5358
4238
3252
3884
5032
3226
212
39
883
-230
-1551
-2034
-3297
-4431
-4112
-4250
-5484
-5975
-6041
-6685
-6591
-5581
-5637
-6551
-6466
-5461
-4584
-4214
-4411
-4589
-3790
-2459
-1795
-1873
-1909
-1330
-198
699
971
1424
2233
2607
2969
4137
5324
5597
5054
4455
5345
7757
8171
5378
4060
6356
7857
6484
4961
4118
3458
4144
4830
2656
1
211
823
-506
-1641
-2079
-3519
-4607
-4070
-4123
-5467
-6139
-6152
-6426
-6099
-5321
-5694
-6561
-6104
-4771
-4107
-4247
-4468
-4186
-3182
-2057
-1685
-1954
-1804
-790
324
821
1152
1757
2208
2628
3626
4772
5289
5183
4673
4811
6675
8149
6501
4369
5414
7348
7003
5673
4576
3474
3796
5004
3617
594
94
949
-35
-1445
-1946
-3131
-4338
-4057
-4172
-5562
-6121
-5901
-6484
-6731
-5901
-5768
-6488
-6375
-5539
-4947
-4503
-4368
-4564
-4065
-2781
-2078
-2205
-2111
-1406
-480
339
946
1411
1841
2294
3085
4236
5132
5258
4710
4504
5931
7897
7389
4938
4565
6678
7593
6259
4648
3705
3738
4659
4324
1797
33
486
634
-639
-1806
-2675
-3717
-4058
-3979
-4720
-5631
-5776
-5959
-6303
-5806
-5193
-5664
-6223
-5601
-4486
-3908
-3914
-4068
-3784
-2719
-1572
-1330
-1672
-1417
-351
765
1504
1890
1930
2168
3301
4743
5396
5135
4528
4559
6180
7943
7078
4750
4822
6822
7201
5918
4812
3861
3513
4436
4241
1721
113
650
470
-895
-1613
-2387
-3822
-4204
-3814
-4607
-5722
-5791
-5919
-6358
-5824
-5149
-5758
-6320
-5569
-4624
-4272
-4078
-4092
-4071
-3109
-1764
-1522
-1992
-1667
-605
385
1214
1705
1591
1810
3087
4456
5009
4858
4217
4147
5916
7698
6583
4359
4687
6468
6726
5709
4513
3327
3263
4264
3678
1270
42
309
-116
-1086
-1710
-2784
-4073
-4262
-4114
-4814
-5513
-5766
-6238
-6348
-5521
-5096
-5760
-6095
-5389
-4533
-4032
-3871
-4073
-3946
-2810
-1620
-1562
-1896
-1430
-420
573
1440
1721
1473
1959
3511
4721
4898
4463
3969
4577
6549
7359
5523
4072
5256
6660
6215
5037
3983
3204
3554
4132
2818
666
88
289
-393
-1315
-2040
-3172
-4093
-4104
-4203
-4920
-5465
-5765
-6122
-5898
-5117
-5052
-5743
-5784
-4889
-4065
-3811
-3923
-3998
-3427
-2234
-1499
-1661
-1782
-1121
72
1186
1633
1394
1544
2823
4279
4825
4569
4064
4230
5791
7172
6278
4513
4676
6112
6526
5654
4305
3318
3591
4299
3355
1317
465
539
-12
-906
-1613
-2598
-3538
-3792
-4031
-4705
-5138
-5360
-5806
-5877
-5316
-5046
-5331
-5421
-5058
-4447
-3807
-3626
-3897
-3636
-2529
-1699
-1674
-1716
-1276
-397
800
1640
1452
1270
2403
4007
4658
4470
4042
4014
5261
6847
6401
4571
4360
5756
6362
5646
4491
3436
3362
4162
3792
1830
533
592
381
-444
-1238
-2213
-3148
-3314
-3352
-4086
-4768
-4933
-5179
-5334
-4908
-4597
-4862
-4966
-4494
-3886
-3417
-3257
-3423
-3173
-2185
-1397
-1347
-1382
-1019
-298
818
1726
1571
1272
2243
3814
4536
4356
3796
3649
4957
6584
6005
4073
3958
5436
5905
5042
3897
2971
3048
3851
3258
1192
243
614
235
-891
-1630
-2346
-3109
-3241
-3445
-4303
-4769
-4642
-4993
-5382
-4919
-4509
-4820
-4915
-4421
-3929
-3473
-3161
-3353
-3312
-2338
-1401
-1385
-1570
-1218
-410
665
1406
1210
1004
2038
3541
4131
3851
3397
3474
4692
5984
5420
3798
3715
5013
5472
4643
3493
2706
2766
3316
2798
1131
156
215
-46
-836
-1529
-2325
-3119
-3260
-3260
-3845
-4393
-4545
-4771
-4832
-4384
-4190
-4526
-4531
-4031
-3551
-3132
-2901
-3075
-2938
-2044
-1277
-1226
-1283
-959
-182
930
1523
1153
1116
2353
3726
4015
3511
3141
3723
5128
5647
4481
3462
4042
5023
4936
3949
2866
2482
2907
2891
1629
376
107
-56
-727
-1399
-1994
-2719
-3165
-3369
-3761
-4067
-4127
-4470
-4891
-4623
-4092
-4098
-4309
-4199
-3821
-3231
-2675
-2717
-2954
-2445
-1505
-1089
-1132
-1050
-593
373
1377
1410
940
1576
3097
3873
3562
3111
3294
4330
5346
4921
3596
3462
4578
4946
4041
3070
2684
2672
2664
2093
919
125
20
-309
-1165
-1877
-2231
-2654
-3184
-3554
-3737
-3830
-3974
-4259
-4414
-4170
-3769
-3671
-3830
-3785
-3226
-2591
-2470
-2592
-2309
-1658
-1127
-887
-838
-611
254
1271
1374
1001
1558
2826
3493
3402
3117
3087
3900
5031
4760
3422
3269
4287
4523
3793
3088
2488
2236
2498
2155
801
-46
-27
-421
-1212
-1647
-2141
-2872
-3128
-3160
-3557
-3817
-3772
-4009
-4184
-3766
-3393
-3510
-3564
-3274
-2860
-2398
-2134
-2180
-1994
-1356
-800
-615
-559
-283
479
1356
1513
1247
1728
2813
3408
3368
3099
3041
3799
4780
4427
3229
3166
3999
4086
3459
2832
2179
1933
2219
1826
540
-182
-186
-611
-1325
-1727
-2187
-2796
-3049
-3181
-3500
-3629
-3621
-3845
-3944
-3607
-3278
-3203
-3154
-3034
-2699
-2136
-1796
-1815
-1661
-1141
-624
-289
-147
-13
594
1420
1593
1383
1844
2777
3224
3144
2980
3036
3647
4328
3985
3071
3042
3694
3747
3158
2555
2089
1931
2026
1602
579
-58
-152
-477
-1088
-1566
-1983
-2411
-2666
-2810
-3000
-3124
-3228
-3382
-3342
-3040
-2816
-2780
-2760
-2563
-2118
-1648
-1512
-1526
-1220
-666
-251
-47
91
407
1039
1568
1600
1626
2150
2776
3026
2963
2817
2967
3573
3836
3229
2656
2897
3227
2935
2372
1852
1484
1466
1380
646
-215
-483
-575
-1065
-1649
-2024
-2387
-2698
-2847
-3018
-3219
-3264
-3248
-3284
-3207
-2985
-2811
-2739
-2610
-2339
-1999
-1758
-1609
-1361
-971
-590
-316
-112
219
773
1271
1410
1463
1844
2438
2844
2844
2614
2638
3185
3648
3289
2606
2525
2849
2876
2486
1881
1305
1145
1230
855
32
-558
-786
-1061
-1398
-1736
-2201
-2639
-2799
-2814
-2896
-3021
-3110
-3158
-3041
-2742
-2499
-2460
-2455
-2225
-1797
-1453
-1315
-1206
-942
-546
-126
172
336
623
1127
1532
1700
1926
2290
2572
2737
2835
2841
2951
3208
3180
2785
2588
2698
2601
2269
1934
1504
1105
995
779
126
-491
-740
-979
-1377
-1719
-2081
-2484
-2645
-2643
-2810
-3014
-3020
-2970
-2931
-2769
-2573
-2500
-2366
-2108
-1862
-1624
-1377
-1134
-864
-549
-266
17
424
851
1117
1307
1631
2036
2397
2614
2656
2682
2850
3122
3204
2989
2707
2595
2636
2558
2211
1716
1317
1102
926
579
13
-560
-929
-1100
-1329
-1776
-2255
-2539
-2628
-2651
-2742
-2940
-3102
-3014
-2765
-2667
-2694
-2564
-2287
-2065
-1878
-1645
-1407
-1151
-820
-518
-277
69
489
819
1068
1383
1732
2007
2298
2571
2656
2675
2851
3057
3025
2864
2763
2600
2407
2337
2158
1666
1166
960
762
356
-87
-532
-1005
-1290
-1405
-1730
-2238
-2517
-2580
-2667
-2728
-2779
-2915
-2972
-2788
-2554
-2427
-2323
-2209
-2051
-1734
-1310
-1021
-876
-673
-289
222
684
924
1040
1341
1831
2250
2466
2547
2570
2733
3074
3229
3004
2766
2752
2760
2637
2413
2044
1574
1307
1167
846
321
-169
-553
-874
-1099
-1378
-1810
-2194
-2348
-2407
-2541
-2678
-2768
-2822
-2812
-2679
-2495
-2418
-2383
-2228
-1940
-1624
-1338
-1137
-961
-615
-101
301
480
699
1108
1533
1821
2044
2239
2398
2575
2753
2814
2779
2761
2726
2576
2419
2336
2142
1756
1393
1184
931
565
178
-245
-672
-881
-1009
-1414
-1901
-2073
-2057
-2189
-2375
-2497
-2611
-2587
-2390
-2311
-2408
-2334
-2044
-1816
-1690
-1455
-1206
-981
-642
-243
13
258
655
1017
1243
1521
1871
2087
2235
2401
2500
2566
2723
2758
2526
2345
2366
2302
2019
1716
1393
1061
882
698
224
-303
-561
-720
-987
-1306
-1621
-1902
-2025
-2023
-2124
-2323
-2409
-2374
-2308
-2210
-2125
-2107
-2028
-1817
-1565
-1338
-1147
-969
-694
-316
8
245
526
859
1164
1440
1684
1886
2089
2282
2361
2375
2451
2489
2421
2319
2169
1958
1836
1720
1362
925
694
510
172
-203
-552
-924
-1153
-1244
-1512
-1893
-2043
-2044
-2133
-2198
-2220
-2311
-2279
-2048
-1937
-1972
-1815
-1547
-1403
-1229
-936
-708
-479
-129
152
364
716
1105
1301
1463
1724
1973
2159
2299
2307
2244
2346
2492
2386
2096
1915
1849
1740
1528
1166
771
513
373
122
-316
-719
-958
-1112
-1336
-1621
-1830
-1990
-2085
-2111
-2145
-2231
-2227
-2103
-2022
-2001
-1848
-1616
-1491
-1359
-1110
-825
-556
-245
8
180
500
980
1259
1340
1520
1822
2057
2202
2269
2208
2197
2337
2358
2112
1877
1806
1699
1444
1188
910
554
311
145
-212
-647
-855
-1005
-1341
-1615
-1689
-1823
-2050
-2119
-2113
-2191
-2153
-2001
-2036
-2111
-1874
-1564
-1499
-1436
-1200
-950
-673
-293
-50
48
389
887
1157
1291
1523
1776
1968
2171
2303
2256
2222
2316
2329
2158
2012
1890
1681
1462
1296
1041
683
408
174
-139
-452
-701
-955
-1235
-1450
-1608
-1771
-1897
-1975
-2063
-2148
-2098
-1987
-1975
-1983
-1862
-1676
-1517
-1363
-1185
-1006
-756
-428
-150
48
298
657
972
1185
1408
1653
1844
2011
2158
2181
2133
2189
2262
2132
1889
1757
1669
1503
1280
977
622
408
290
4
-419
-708
-879
-1106
-1312
-1480
-1693
-1876
-1913
-1940
-2006
-1986
-1948
-1998
-1970
-1738
-1553
-1516
-1444
-1273
-1016
-674
-384
-300
-164
259
717
952
1074
1248
1509
1830
2078
2094
2009
2087
2257
2260
2087
1913
1792
1681
1523
1287
967
701
530
279
-88
-367
-538
-780
-1081
-1316
-1464
-1578
-1680
-1824
-1995
-2006
-1867
-1822
-1915
-1905
-1727
-1527
-1358
-1239
-1135
-931
-579
-286
-139
54
379
697
941
1153
1364
1592
1787
1907
1965
2050
2148
2132
1980
1849
1820
1747
1514
1191
932
751
566
268
-156
-503
-662
-815
-1145
-1509
-1714
-1809
-1904
-2019
-2168
-2270
-2182
-2023
-1983
-1979
-1808
-1555
-1353
-1138
-886
-656
-388
-14
317
534
774
1101
1438
1681
1831
1955
2120
2305
2387
2305
2182
2159
2153
2002
1694
1409
1230
1047
763
400
47
-219
-418
-684
-1043
-1320
-1495
-1690
-1891
-1989
-2071
-2201
-2235
-2165
-2091
-2009
-1881
-1780
-1654
-1352
-1034
-882
-724
-430
-102
197
497
693
823
1112
1485
1656
1683
1786
1917
1991
2059
2044
1860
1729
1723
1608
1341
1116
919
647
397
211
-48
-364
-608
-808
-1031
-1208
-1342
-1565
-1780
-1804
-1745
-1808
-1902
-1880
-1766
-1611
-1440
-1343
-1266
-1023
-651
-400
-308
-90
288
588
763
946
1161
1380
1608
1750
1757
1805
1952
2006
1861
1727
1713
1623
1385
1156
969
744
516
278
-50
-349
-481
-638
-985
-1291
-1381
-1431
-1588
-1748
-1863
-1929
-1846
-1702
-1723
-1797
-1641
-1354
-1176
-1063
-866
-663
-448
-141
143
315
496
746
963
1155
1379
1529
1546
1601
1755
1835
1782
1686
1588
1472
1403
1317
1069
747
552
443
256
-27
-300
-531
-709
-811
-965
-1208
-1397
-1419
-1418
-1522
-1611
-1601
-1544
-1475
-1386
-1317
-1228
-1013
-781
-647
-528
-295
-13
208
374
523
706
950
1161
1234
1264
1394
1538
1566
1520
1490
1471
1428
1344
1182
1015
927
808
527
272
181
89
-171
-471
-636
-728
-794
-927
-1167
-1345
-1278
-1165
-1263
-1437
-1421
-1274
-1144
-1081
-1085
-1026
-791
-529
-460
-424
-199
107
267
320
454
692
911
1015
979
996
1203
1385
1305
1093
1038
1169
1222
1036
726
553
594
615
397
36
-171
-181
-169
-341
-638
-818
-806
-785
-882
-1000
-1065
-1068
-1022
-967
-960
-944
-856
-760
-692
-549
-357
-282
-249
-72
174
310
391
490
606
755
922
974
936
1002
1121
1109
1038
1040
1001
877
808
760
609
455
386
235
35
-60
-139
-312
-454
-548
-687
-769
-729
-773
-956
-1027
-915
-828
-838
-863
-896
-826
-591
-428
-488
-491
-283
-80
56
180
229
265
451
686
763
741
780
838
925
1048
1041
857
761
878
928
763
556
431
398
401
280
2
-191
-173
-188
-384
-578
-641
-651
-707
-797
-874
-888
-843
-832
-873
-862
-740
-641
-637
-614
-493
-329
-192
-127
-85
42
245
416
478
499
583
755
890
896
849
874
943
973
942
854
749
701
708
635
449
293
234
169
46
-92
-232
-358
-401
-453
-593
-713
-722
-725
-800
-838
-823
-810
-792
-761
-736
-682
-579
-497
-463
-388
-249
-138
-55
35
130
244
366
460
530
592
653
731
816
817
766
769
802
777
712
651
556
483
464
375
220
135
88
-56
-168
-183
-281
-462
-514
-485
-567
-658
-673
-716
-736
-648
-644
-762
-730
-535
-495
-561
-483
-353
-278
-176
-88
-88
-3
207
319
292
356
488
545
594
692
681
622
675
755
707
653
627
514
454
519
486
256
118
134
100
23
-60
-233
-381
-330
-261
-404
-580
-617
-586
-528
-508
-609
-703
-624
-490
-465
-493
-479
-451
-364
-223
-150
-174
-148
-35
77
193
246
223
254
405
511
495
474
498
532
558
572
510
459
454
424
354
336
316
196
83
92
96
-4
-119
-184
-204
-197
-230
-337
-422
-383
-346
-406
-454
-451
-440
-426
-385
-360
-378
-367
-290
-217
-182
-163
-150
-100
7
103
90
50
137
304
348
262
237
345
452
434
335
283
341
439
403
238
172
249
266
172
93
42
1
7
4
-93
-156
-146
-182
-252
-231
-199
-283
-368
-343
-285
-263
-270
-339
-391
-288
-138
-150
-257
-250
-125
-12
43
-1
-53
27
188
252
195
174
209
276
345
352
304
261
277
325
334
283
205
160
179
181
121
67
41
14
-39
-70
-78
-85
-124
-205
-239
-177
-114
-197
-330
-326
-198
-130
-205
-332
-338
-169
-50
-142
-273
-208
-39
37
-11
-68
-36
81
178
146
77
135
229
222
193
218
251
240
213
185
204
264
243
105
14
127
246
178
-44
-165
-28
168
115
-192
-342
-132
109
29
-262
-393
-210
39
-5
-299
-401
-159
37
-78
-244
-216
-67
11
-31
-94
-58
94
132
-13
-30
172
275
151
33
92
226
314
256
72
11
210
373
213
-5
-13
115
196
165
0
-147
-55
114
50
-146
-179
-106
-84
-110
-150
-203
-193
-133
-154
-232
-182
-92
-128
-190
-142
-76
-50
-20
-34
-76
-20
98
122
65
53
79
126
223
241
120
57
168
293
249
127
59
119
226
231
89
-13
63
147
92
0
-24
-21
-26
-32
-63
-84
-96
-143
-202
-158
-92
-146
-264
-285
-183
-98
-128
-238
-284
-176
-33
-11
-117
-193
-105
64
122
37
-37
13
120
205
203
136
109
187
271
266
253
263
216
166
256
369
293
129
107
199
288
286
125
-54
40
277
204
-92
-133
34
44
-66
-138
-189
-176
-105
-211
-407
-289
-70
-245
-517
-376
-120
-166
-322
-380
-350
-165
20
-167
-429
-235
122
61
-184
-166
-3
123
168
52
-73
88
320
220
7
90
269
274
172
106
142
257
293
147
41
173
298
199
43
39
141
208
119
-49
-49
98
138
-12
-99
-39
18
17
-33
-96
-79
0
-8
-104
-67
42
9
-84
-48
38
54
38
-5
-38
27
142
95
-31
-19
76
90
54
41
11
-4
48
73
24
-8
20
13
-22
2
32
0
-57
-61
-36
-7
3
-43
-106
-93
-11
14
-49
-103
-66
-15
7
-8
-28
-16
9
22
39
67
70
53
33
68
144
152
81
32
79
155
164
106
38
28
83
120
73
2
-19
11
32
27
-8
-60
-68
-29
-14
-47
-81
-89
-76
-66
-61
-79
-98
-96
-83
-94
-75
-52
-77
-95
-60
-1
8
-16
-29
-5
50
97
61
10
56
135
146
99
78
102
140
163
136
86
93
144
134
87
67
65
53
43
27
-6
-39
-39
-34
-52
-72
-85
-103
-114
-101
-97
-121
-138
-120
-103
-112
-122
-106
-89
-84
-75
-68
-59
-22
0
-13
-20
26
71
50
35
58
100
115
110
93
86
131
163
110
71
114
158
128
73
65
81
106
92
29
-18
21
67
25
-43
-70
-32
-19
-40
-73
-108
-91
-55
-42
-88
-110
-76
-48
-55
-67
-57
-44
-32
-16
-20
-11
11
24
5
-2
51
77
54
29
50
69
81
81
57
47
64
92
77
49
46
60
62
51
45
27
18
29
27
-3
-16
2
-5
-21
-26
-23
-32
-31
-19
-30
-46
-27
-3
-9
-23
-24
4
21
8
1
7
23
44
33
17
19
44
69
49
12
29
78
74
37
20
37
55
55
15
-14
11
49
29
-40
-39
5
15
-23
-44
-38
-21
-2
-17
-55
-49
9
0
-56
-41
8
12
-9
-13
-5
10
32
28
-6
3
62
54
13
23
53
50
31
22
10
11
34
27
-10
-25
5
19
-14
-42
-33
-17
-15
-27
-44
-59
-37
-15
-34
-56
-44
-24
-14
-13
-13
-8
-4
15
20
16
35
41
24
25
56
62
45
37
50
65
78
66
36
41
65
72
47
25
34
36
32
28
10
-3
-1
5
-15
-27
-21
-35
-50
-43
-42
-59
-68
-58
-62
-77
-78
-67
-69
-62
-61
-71
-57
-32
-29
-47
-34
-8
-1
-11
-9
0
19
30
24
15
23
52
49
27
26
46
64
51
28
21
33
47
29
13
7
21
27
3
-5
3
8
-5
-15
-17
-3
1
-18
-34
-23
-7
-11
-37
-49
-29
-13
-21
-36
-30
-16
-4
-16
-28
-20
-6
-4
-17
-15
-1
7
-3
-3
-1
1
12
7
-4
-6
8
12
6
11
-1
-16
6
16
2
-13
-7
-1
-1
0
-12
-20
3
14
-9
-21
-6
9
3
0
-10
-19
-6
6
-3
-23
-18
4
-1
-10
-21
-23
-16
0
-13
-43
-26
-1
-14
-40
-39
-23
-2
-9
-49
-54
-9
9
-36
-70
-43
-5
-5
-38
-61
-43
-4
6
-34
-52
-24
2
0
-26
-19
-6
-3
-3
-8
-9
2
19
-5
-13
0
12
0
-10
-6
4
8
4
-7
-18
-11
3
0
-21
-21
-12
-7
-14
-27
-22
-17
-13
-19
-29
-24
-15
-16
-25
-23
-14
-13
-25
-29
-14
-7
-17
-18
-3
-1
-2
-8
-8
8
18
10
-8
-1
15
18
5
-7
9
11
7
-3
6
16
13
6
-8
3
12
9
-13
-18
3
7
-11
-29
-27
-13
-18
-22
-40
-46
-31
-20
-35
-52
-39
-30
-38
-49
-44
-38
-33
-41
-46
-39
-24
-16
-32
-42
-32
-8
-11
-27
-28
-9
-3
1
-1
-7
4
14
15
4
8
17
22
15
13
19
30
18
3
15
24
17
7
2
2
8
2
-18
-26
-16
-11
-22
-40
-44
-33
-24
-38
-53
-43
-32
-37
-45
-44
-36
-39
-40
-37
-35
-22
-23
-31
-34
-10
10
-3
-17
-13
8
19
17
-3
-11
5
29
23
3
-8
7
22
19
6
-4
3
11
15
-2
-4
3
5
-1
-6
-8
-12
-12
-17
-16
-11
-2
-10
-19
-24
-13
-4
-14
-20
-16
-11
-3
1
-14
-17
-14
-1
-1
-13
-11
-8
-1
-5
-5
-6
-10
-5
1
-7
-9
-5
-2
-6
-13
-2
-3
-6
-6
-10
-10
-8
-2
-3
-12
-10
1
6
-4
-5
-6
-6
4
-4
-16
-14
-1
-2
-8
-15
-15
-9
-12
-4
-12
-14
-5
-5
-11
-14
3
7
-1
-4
-1
4
11
5
-2
-5
4
10
-5
-12
0
11
3
1
-2
6
4
0
0
0
8
8
1
-6
4
17
-2
-10
-1
0
6
8
2
-4
-6
3
-1
-8
-4
0
-1
-2
1
-10
-10
-5
-4
-10
-7
2
-2
-6
-3
4
-1
-8
-8
-8
-7
-5
-8
-13
-7
3
-2
-5
-1
-3
-4
-3
0
4
-1
-4
3
5
13
1
-4
-3
12
21
-3
-10
1
10
11
6
-3
-1
1
-2
-6
-7
-1
-3
-11
-7
-2
5
-6
-16
-10
0
2
-5
-11
-12
-3
0
-3
-13
-12
-3
-7
-7
-11
-22
-20
-14
-16
-11
-14
-20
-20
-10
-8
-18
-19
-10
-15
-14
-12
-13
-20
-15
-18
-21
-19
-11
-14
-26
-15
0
-5
-12
-10
-17
-7
-3
-10
-24
-17
-1
-8
-12
-13
-14
-16
-1
-6
-17
-15
-6
-5
-10
-8
-10
-12
-8
-5
-16
-14
-10
-12
-13
-4
0
-7
-5
-3
0
1
2
2
-8
-6
7
1
-8
-9
-11
-6
-5
-9
-12
-16
-14
-10
-12
-17
-18
-12
-25
-24
-18
-18
-21
-31
-25
-23
-16
-17
-25
-31
-27
-11
-21
-27
-20
-17
-16
-21
-17
-20
-16
-11
-14
-17
-16
-12
-19
-20
-13
-8
-16
-25
-17
-14
-10
-17
-20
-20
-11
-8
-18
-19
-17
-15
-15
-25
-19
-24
-27
-24
-27
-21
-23
-21
-25
-24
-19
-16
-22
-23
-14
-17
-13
-14
-20
-21
-14
-7
-12
-22
-14
-11
-7
-3
-5
-6
-1
4
-7
-14
-10
-8
-4
-6
-11
-12
-12
-7
-6
-7
-10
-14
-15
-15
-14
-16
-11
-10
-17
-17
-5
-10
-14
-10
-11
-12
-9
-14
-11
-9
-7
-10
-13
-12
-7
-6
-6
-7
-7
-5
-2
-3
-8
-3
2
2
4
2
0
6
3
3
-3
0
0
4
-1
-13
-4
-3
-4
-15
-13
-12
-6
-6
-15
-15
-6
-2
-8
-13
-10
-2
0
3
2
-2
-1
5
3
-1
9
16
14
10
11
11
8
14
14
9
6
6
3
8
5
9
2
0
6
1
2
2
-1
0
1
-5
-12
-11
-8
-6
-12
-21
-19
-16
-15
-15
-15
-22
-17
-12
-9
-14
-14
-6
-6
-5
-4
-5
-6
2
2
2
3
0
0
1
4
1
-3
-2
4
8
5
1
6
6
-3
-2
5
-1
-5
-1
0
0
-4
0
-2
-3
-10
-16
-14
-11
-5
-7
-8
-14
-11
-7
-3
-8
-9
-6
-4
-6
-9
-13
-9
-4
-1
-4
-1
1
-4
4
-1
3
3
4
4
8
8
3
-3
4
9
5
3
-3
-9
-12
-11
-11
-17
-17
-13
-19
-14
-14
-22
-19
-7
-14
-18
-18
-9
-14
-13
-3
-9
-13
-18
-6
-12
-10
-4
-5
-7
-7
1
-8
-7
-5
-11
-7
-7
-10
-10
-6
-9
-12
-7
-8
-9
-13
-13
-16
-13
-14
-19
-27
-22
-16
-25
-30
-29
-23
-23
-28
-21
-21
-18
-18
-23
-21
-20
-13
-12
-18
-9
-3
-6
-3
-3
-1
3
4
0
2
6
5
8
11
12
11
1
10
12
2
11
8
12
2
3
7
-3
1
-1
0
-3
1
-2
-9
-2
-9
-7
-11
-9
-12
-10
-10
-13
-14
-22
-13
-13
-13
-13
-14
-10
-9
-8
-8
-3
-7
-6
-2
4
3
7
12
5
5
3
11
9
6
11
15
9
9
8
0
7
6
4
3
0
4
6
3
-1
-5
0
-1
-1
3
0
3
-1
1
7
0
-1
6
1
-1
5
6
-2
1
6
1
-1
1
1
-5
-4
-6
-5
-5
2
0
1
-5
2
0
-3
11
0
-4
3
5
-7
-5
2
-1
-2
-3
-4
1
-1
-2
0
-5
-4
-2
-1
-4
-1
0
-3
-7
-6
0
-2
-3
2
-3
-2
0
-6
-12
-3
3
3
6
0
-2
-1
-4
-1
-1
3
1
-2
8
1
2
4
3
-1
4
5
7
8
12
13
10
12
15
7
9
13
12
8
8
12
9
12
13
13
8
8
10
15
15
17
9
9
13
12
15
1
5
5
3
1
3
2
8
1
-4
-2
1
5
7
10
3
9
11
9
8
5
6
8
10
12
11
9
5
11
17
13
7
13
19
18
14
14
8
10
13
10
8
8
12
9
2
3
7
2
4
4
8
2
5
6
0
-2
0
-1
-3
-9
-6
4
3
-9
-7
-1
-2
-6
-3
-8
-5
0
0
-3
-2
5
3
0
-2
1
3
5
3
0
-1
1
3
-7
-4
-1
-6
3
0
-7
-6
3
5
2
-2
-4
-3
1
-2
-7
-18
-12
-2
-2
-11
-13
-4
0
-4
-4
-10
-3
6
3
-7
-2
0
-2
-5
-7
1
5
6
0
-4
-1
3
-3
0
1
2
5
7
3
3
7
9
5
0
5
5
5
3
1
-2
2
3
-2
-2
1
3
-6
-5
-7
-5
-6
-5
-13
-14
-10
-10
-14
-19
-7
-18
-20
-17
-17
-18
-14
-14
-17
-14
-18
-7
-14
-15
-8
-9
-8
-4
-2
-2
-6
-6
-6
-4
-3
-3
-3
-1
7
4
1
3
0
1
-5
-6
-6
-3
-9
-12
-10
-10
-6
-14
-19
-11
-5
-5
-13
-14
-11
-11
-6
-10
-14
-15
-13
-9
-15
-15
-9
-10
-10
-7
-11
-10
-12
-5
-5
-9
-11
-9
-9
-4
-2
-5
-7
-5
-2
6
0
-2
0
-5
0
0
1
-4
1
-2
-3
-1
2
4
-3
0
-3
-2
-10
-11
-9
-10
-3
-5
-11
-11
-2
-4
-6
-5
-1
-7
-3
-2
-2
-7
-7
0
-2
0
-7
-10
-8
-1
-1
-2
-5
3
0
-2
-2
-6
-1
0
-1
-3
-1
-1
-3
-3
0
-2
-4
3
-2
-6
3
2
2
-3
-7
-3
-3
-3
-2
-3
-5
-3
-6
-7
-7
-10
-8
-2
-3
-4
-2
-1
-1
-2
-4
-7
-4
1
1
-3
0
0
3
1
-5
-4
5
6
3
1
1
6
1
7
6
10
14
7
15
14
15
9
10
4
8
9
9
4
4
1
5
7
2
-1
3
7
0
-3
-2
7
10
9
7
8
7
13
9
6
10
10
7
11
12
11
12
11
9
12
15
19
17
10
19
17
13
17
15
18
21
23
23
14
15
16
19
17
23
21
15
22
20
24
20
24
18
20
21
19
15
12
17
16
16
14
21
20
12
17
20
19
15
14
15
8
15
8
7
10
8
11
11
10
6
7
17
20
15
18
23
22
18
26
24
17
19
23
20
21
24
24
24
24
23
24
23
20
24
25
20
19
17
22
22
14
15
15
23
18
13
13
11
17
17
16
6
9
13
14
15
6
9
10
11
16
13
13
12
18
16
13
13
17
16
18
13
13
13
17
17
13
15
15
18
16
9
11
10
14
17
13
12
13
16
10
10
8
8
5
6
8
6
4
12
11
9
6
9
21
10
9
13
14
13
12
10
9
16
19
23
18
21
21
18
20
21
19
16
21
16
18
19
14
15
16
20
19
15
19
14
14
7
12
18
10
10
11
15
10
8
14
12
10
15
12
16
14
12
8
9
13
11
13
15
14
10
11
10
8
5
8
5
6
6
3
10
10
8
4
4
7
4
2
3
6
7
5
7
7
9
6
5
9
6
5
8
7
10
11
3
6
8
7
7
8
13
15
12
13
11
4
11
17
10
12
11
11
11
14
14
7
15
12
13
20
13
12
16
12
17
16
9
17
14
8
12
12
3
7
6
8
5
3
12
7
5
8
8
4
7
5
0
6
3
2
2
7
4
2
2
0
2
1
7
1
2
4
6
5
9
4
9
10
5
8
4
5
8
5
7
3
4
11
6
3
2
2
1
0
3
6
4
2
-3
0
3
1
2
0
2
4
8
1
0
5
-2
3
-2
0
-1
-3
-1
-4
4
1
1
-4
-1
-2
4
1
-3
1
-2
0
2
1
-4
-10
-2
-2
-4
-7
-9
-6
-4
6
2
-3
-6
-3
0
-4
-6
-4
-7
-6
-3
-7
-13
-9
-10
-4
-1
-1
-4
-1
4
-6
-2
-2
-1
-3
-5
-6
-1
-1
-1
2
1
3
-6
-5
-6
-7
-4
-2
-1
-3
-1
-3
-1
-3
-3
-7
-5
-6
-4
-4
-6
-1
-4
-2
-2
-9
-4
-9
-2
-6
-6
-1
-7
0
-6
-1
-7
-7
-1
-3
-6
-11
-9
-7
-1
-3
-1
-2
1
1
-4
-2
0
-2
-2
-5
-8
1
1
-2
-1
-7
-5
-7
-5
-10
-8
-11
-8
-10
-12
-7
-11
-7
-6
-10
-4
-16
-11
-9
-13
-11
-13
-9
-9
-10
-9
-9
-2
-7
-6
-3
-9
-7
-6
-3
-3
1
-4
2
-1
0
-1
-3
1
-5
1
-1
-3
-4
0
-3
2
5
2
-5
-2
-2
-2
2
-7
-9
-8
-10
-3
0
-2
2
-5
-1
2
3
3
2
7
4
0
3
3
0
-4
2
5
1
3
5
7
7
3
2
8
3
5
5
3
0
3
4
-2
-2
0
5
3
0
2
2
3
3
-3
1
3
0
2
5
4
-2
-3
-3
-1
3
1
-3
4
4
2
6
8
9
8
4
2
5
-2
-1
1
3
2
-1
1
4
4
3
6
1
0
3
4
4
1
4
1
3
3
2
9
1
4
1
1
6
6
4
6
2
3
10
8
5
-2
4
-5
-2
6
-2
2
6
5
3
5
3
6
9
5
6
8
1
1
0
4
3
-1
9
2
1
4
6
5
2
0
5
3
0
3
0
6
2
8
11
9
5
6
8
3
8
5
4
7
0
8
9
-2
8
9
8
5
6
10
11
6
4
6
8
8
6
9
9
9
5
7
11
9
6
6
9
6
4
3
3
3
3
3
4
5
8
6
7
7
7
7
11
8
9
7
8
6
9
11
8
8
6
11
7
6
4
7
6
3
7
10
8
6
5
9
11
10
10
10
9
6
1
4
6
8
8
3
7
4
2
9
11
10
8
3
8
6
5
6
8
7
5
11
5
4
4
6
2
6
8
8
7
3
7
5
8
4
5
3
1
3
2
3
4
0
0
4
6
5
4
4
1
3
5
3
1
-1
1
0
0
2
-3
-2
-3
-4
2
-1
-1
3
4
5
5
2
3
5
4
8
1
1
0
0
5
3
2
1
-3
0
3
11
4
1
-2
0
6
2
3
3
5
3
3
2
-1
1
-2
-5
-2
0
-3
-1
-1
-5
-1
-1
0
-3
3
4
1
2
-4
-1
4
2
1
-1
-2
2
2
3
2
-5
1
4
8
6
3
4
0
4
2
0
1
4
10
3
2
1
5
2
1
-3
-4
-1
-3
2
-2
-1
0
-1
-3
-1
3
2
7
-1
-3
-1
-2
3
-7
1
3
-1
1
-3
1
-1
-2
5
-2
-3
0
3
2
-4
5
-2
-4
-1
2
0
1
3
-2
-3
-6
-2
-4
-6
-2
-1
-7
-3
-4
-10
-9
-9
-6
-7
-10
-9
-9
-9
-8
-7
-7
-10
-8
-2
-4
-3
-5
-7
-10
-2
-3
-5
-3
-10
-8
-12
-9
-8
-7
-4
-7
-5
-6
0
3
-3
-4
-4
-5
-6
-8
-4
-7
-9
-7
-5
-1
-4
-5
1
-5
-6
-1
-2
-5
-5
-4
-6
-2
-4
-3
-4
-4
-6
-4
-4
-6
-1
4
-3
-4
-1
-3
1
-2
-2
-5
-3
-3
-6
-6
2
-3
-5
-5
1
0
-3
-3
-3
-3
-5
-3
-4
-2
0
3
0
-6
-2
-1
1
-9
-1
-1
-3
0
-5
-1
-4
3
-5
-4
-2
0
-2
-3
-2
-5
-6
-6
-1
-4
-5
-4
-6
-5
-1
0
-1
-5
-8
-5
-6
-1
0
-8
-10
-7
-5
-4
-5
-7
-11
-10
-1
-3
-2
-9
-15
1
-4
1
0
-2
1
-6
-3
-7
-5
-3
-4
-5
-9
-7
-9
-6
-4
-2
-3
-8
-4
-5
-5
-6
-6
-4
-10
-12
-12
-11
-10
-14
-8
-4
-12
-14
-17
-14
-10
-15
-15
-12
-14
-12
-6
-16
-14
-16
-18
-12
-16
-7
-11
-13
-14
-15
-16
-12
-11
-6
-8
-8
-10
-8
-5
-7
-5
-12
-11
-9
-4
-5
-2
-3
1
-2
-2
-4
-6
-1
-3
-1
2
-3
-3
-4
-2
-8
-11
-9
-12
-6
-7
-10
-7
-8
-4
-9
-10
-11
-12
-7
-7
-10
-16
-17
-15
-10
-8
-9
-6
-2
-10
-5
-5
-5
-7
-11
-8
-12
-7
-8
-7
-8
-2
-3
-12
-5
-12
-5
0
-3
-2
-4
1
-2
0
-3
0
-2
-3
-2
-6
3
-1
3
1
-4
1
4
4
3
0
-2
1
-4
-1
2
-1
0
-3
0
3
6
2
0
-7
4
3
-1
1
4
-1
-3
-2
-7
-3
1
-7
-8
0
-1
-4
-7
-4
-2
1
5
5
3
-1
1
4
0
-1
1
0
6
1
-1
6
0
-2
-2
-1
0
-3
1
4
-2
3
3
-1
1
3
-1
-5
1
-3
-3
-4
-3
1
-1
-1
-1
-4
-2
1
0
-2
1
3
3
1
0
4
0
0
6
5
4
1
3
8
2
2
4
5
3
5
5
10
11
10
2
8
7
7
11
7
4
3
3
2
6
2
6
7
0
7
9
6
5
4
7
12
6
6
9
5
10
12
7
4
6
5
8
11
8
7
6
5
4
8
8
9
10
11
13
14
9
2
2
7
3
3
1
4
3
3
8
4
5
5
3
3
5
2
2
-2
1
4
-2
1
-4
-2
1
2
5
4
2
-3
1
-8
1
3
-2
4
4
1
-2
2
1
3
0
0
-2
0
3
0
0
3
-1
1
3
0
-1
0
6
5
1
1
9
10
4
4
4
3
-1
4
3
-1
-1
3
-2
-1
2
2
-1
-3
2
-5
-3
-3
0
-4
-5
-3
0
-4
-4
2
-5
1
1
0
7
0
1
3
1
0
3
0
-2
-1
1
-3
-3
-4
-4
-5
-3
3
4
-2
-7
2
1
2
3
6
0
0
5
-3
-3
-6
-4
-3
-6
-6
-4
-1
-2
-5
-4
-2
0
3
2
1
1
5
0
4
4
1
-2
-1
0
-5
1
-2
0
2
0
-6
-1
-4
-1
4
1
4
-1
1
3
0
-5
0
-6
-4
1
-4
-2
-2
2
1
-7
-3
-4
-4
-3
-3
-1
-1
-4
1
-3
-5
3
-3
-4
-2
3
3
-5
-5
-7
-6
1
1
2
-2
-1
-2
7
2
-3
0
-6
-5
-5
-1
3
3
1
4
1
-4
-5
0
-3
-2
4
-3
4
3
-2
-2
1
1
-3
-2
1
-4
1
0
0
2
0
0
2
-3
-3
2
2
-1
-1
5
7
0
-4
-1
-1
5
4
-4
3
0
3
1
2
4
0
1
-5
-4
-6
-2
0
-2
2
-2
-3
2
1
0
1
-3
6
8
4
8
5
3
2
0
3
8
2
0
-7
-7
-3
-2
2
0
1
5
-1
-2
-4
-3
-3
0
-7
-2
2
-6
-3
-2
-1
-2
-7
-1
0
-4
-1
-5
1
-1
-4
-3
0
-1
1
2
3
2
-1
-5
3
2
-2
-2
4
6
0
1
0
2
-4
3
4
-2
-2
0
0
3
1
-1
-2
5
5
1
-4
-2
-3
1
3
0
-4
-9
-7
-7
-2
-5
5
6
4
-1
2
0
1
-1
1
2
-4
2
-5
-2
4
5
8
7
3
3
5
4
-1
5
4
2
7
2
0
0
4
7
2
9
5
0
1
6
5
3
5
1
-3
-6
-1
-3
2
1
-2
-1
-8
-1
2
1
-1
-3
-3
4
4
-4
-2
-1
3
9
7
5
3
5
9
7
5
5
6
2
2
-4
1
3
7
7
3
5
4
5
3
5
6
6
4
2
1
2
1
8
4
5
2
5
6
0
0
-2
5
7
3
-2
1
3
6
2
9
6
4
9
9
10
8
9
4
7
5
8
9
6
6
2
2
9
11
6
11
5
9
11
9
7
7
9
10
11
12
14
10
9
9
9
7
9
3
4
10
6
1
2
0
10
12
2
7
6
4
2
-1
3
3
2
3
7
5
8
2
-2
1
4
3
1
2
4
2
2
3
3
9
1
0
1
7
5
0
8
6
6
9
5
0
3
4
5
10
8
9
2
5
7
5
11
10
11
17
4
8
7
1
4
11
7
10
9
8
9
5
9
7
4
6
9
11
12
12
8
12
11
11
17
5
13
15
15
7
7
10
6
12
7
8
8
7
11
12
11
10
12
15
14
10
8
10
6
10
16
7
10
11
4
5
6
4
4
4
-1
3
5
3
9
6
2
7
4
6
7
6
7
10
12
9
8
13
10
9
13
11
11
13
13
13
11
13
11
9
9
6
8
8
10
3
4
5
13
8
11
6
6
12
4
10
4
12
10
7
9
9
6
2
6
5
2
8
5
8
8
7
7
9
12
11
12
8
10
7
8
9
9
12
7
13
10
8
11
6
8
6
5
11
13
13
10
11
11
10
13
7
12
10
6
5
4
6
8
7
6
6
6
7
7
5
12
12
9
7
7
12
9
7
10
4
7
6
8
11
9
9
11
12
12
9
13
6
2
10
4
10
10
5
5
4
6
0
0
2
2
-3
4
4
-1
6
8
1
-3
1
5
12
6
-1
1
0
5
1
-2
2
8
1
-5
2
0
-2
-2
3
4
3
2
3
3
3
4
6
8
6
3
3
4
7
8
3
12
8
6
3
6
9
8
12
4
9
7
6
9
5
9
7
0
4
7
2
3
7
3
2
2
6
-1
2
6
0
8
6
5
6
4
2
3
2
2
6
2
2
0
0
0
-3
-1
0
3
1
4
1
5
2
-2
2
0
-2
1
1
-6
2
4
2
1
2
1
-1
2
2
2
0
2
1
-1
2
-1
3
-2
5
2
-2
3
4
-4
-2
-1
3
4
4
8
4
5
-1
0
5
-5
0
-4
1
5
2
8
4
2
7
5
2
7
-1
1
1
-5
-2
-2
3
3
-6
-3
-4
-5
-4
-3
-3
-3
2
-2
-3
-7
-2
-1
-5
1
1
5
2
-2
2
-1
-1
5
-2
7
3
-2
-1
1
0
3
5
0
4
-1
-1
-6
0
-2
-2
-2
-4
3
5
6
-2
2
0
4
3
2
9
4
1
-3
1
-2
-2
2
3
2
3
2
2
-1
5
4
0
-4
-1
5
-4
-1
1
6
-1
-2
1
0
2
-1
1
-1
1
-1
4
2
-4
1
3
0
0
-1
-3
-3
1
2
1
-5
-6
4
4
1
-5
-4
-1
1
0
-1
0
-4
2
2
-3
-4
-1
-1
-2
-1
-2
-7
-13
-10
-3
-9
-11
-2
-3
-2
-6
-10
-7
-10
-8
-6
-6
-6
-10
-3
-10
-9
0
-10
-9
-7
-7
-11
0
1
-3
-1
-3
2
-5
-5
-1
-3
-2
-1
-3
-3
2
-3
-1
1
-4
1
-3
-5
-5
-5
-5
-4
0
-7
-3
0
3
1
-1
-2
0
-1
0
0
2
1
1
0
2
-5
0
8
-1
1
1
6
1
0
-1
3
2
-1
8
0
2
1
-2
4
3
-2
-4
-1
-1
1
2
7
1
5
1
-2
-2
-1
9
3
3
-3
0
9
3
3
2
6
4
2
0
-2
4
3
1
3
2
2
4
5
5
-1
-2
-3
-1
1
-1
-3
1
-3
0
-5
-11
-1
-7
2
2
-3
-3
-1
-1
2
2
2
1
-1
-3
1
3
-1
6
6
1
0
0
5
1
-3
3
0
1
0
2
5
2
3
2
-2
0
-2
-5
-4
-4
0
-2
2
3
2
0
-2
-2
-6
-2
4
5
3
-3
-3
-2
-2
-3
-3
3
1
-1
-1
8
3
4
2
-1
10
-1
3
5
3
4
-1
7
6
2
0
2
9
6
1
3
-1
-7
-3
5
7
-5
0
3
0
1
-2
-1
1
1
1
7
5
4
0
-3
1
-1
-1
4
1
0
-2
-4
-3
-2
0
-2
-2
1
0
3
-3
-5
1
-1
-2
-3
5
1
4
3
2
-6
-2
1
0
-1
0
1
0
-3
-4
-6
-4
0
-2
-3
-3
0
0
4
-1
-1
0
5
3
2
0
2
2
-2
0
-1
2
3
-4
-6
-2
-2
1
3
-2
-1
-1
0
-6
-4
1
2
-1
-1
-2
-5
-5
-7
-1
-9
-4
-1
-2
-1
-4
-5
-5
-10
-4
-5
-13
-1
-3
-4
-5
-7
-4
-7
-1
1
-3
-5
-4
2
-6
-6
-4
0
1
-6
-6
1
2
-5
-2
-2
0
-1
0
-1
0
1
-1
0
-6
-1
-10
-6
-4
-8
-9
-7
-8
-10
-11
-9
-12
-15
-15
-15
-15
-11
-7
-8
-10
-12
-7
-7
-9
-4
-5
-6
-8
-8
-9
-9
-8
-8
-2
-12
-8
-6
-8
-6
-10
-11
-16
-11
-5
-10
-11
-5
-8
-10
-11
-10
-16
-12
-9
-8
-7
-6
-6
-7
-8
-7
-10
-6
-5
-6
-4
-4
-8
-9
-6
-11
-12
-7
0
-8
-5
-11
-11
-12
-16
-11
-6
-8
-11
-10
-14
-7
-8
-9
-7
-16
-10
-14
-12
-13
-13
-10
-16
-10
-12
-9
-6
-10
-6
-7
-7
-7
-6
-14
-9
-3
-9
-8
-11
-11
-7
-8
-6
-5
-3
-6
-7
-6
-7
-11
-10
-6
-13
-10
-12
-9
-12
-12
-12
-10
-10
-17
-13
-10
-10
-7
-14
-15
-12
-11
-12
-8
-9
-12
-14
-15
-16
-12
-14
-12
-9
-10
-20
-11
-15
-16
-9
-20
-16
-9
-12
-10
-21
-14
-18
-18
-17
-19
-14
-19
-17
-16
-18
-20
-17
-17
-18
-19
-17
-16
-10
-15
-14
-17
-17
-14
-19
-14
-17
-14
-13
-9
-9
-9
-13
-12
-6
-11
-5
-3
-5
-12
-9
-12
-12
-15
-18
-14
-15
-14
-13
-11
-16
-13
-9
-15
-13
-8
-15
-15
-10
-16
-16
-14
-10
-15
-13
-9
-12
-9
-11
-12
-10
-9
-14
-9
-9
-8
-3
-4
-5
-8
-7
-9
-1
-4
-3
-4
-10
-6
-9
-3
-4
-3
-5
-8
-6
-2
-3
-2
-4
-6
-7
-6
-4
-4
-3
-5
-1
-6
-3
-6
0
5
-4
-5
-4
-7
-7
0
-4
-6
-10
-1
-6
-6
-2
-4
-3
-3
0
-4
-2
-6
-1
-7
-4
0
2
2
-1
-3
-7
-6
-6
0
3
0
0
-2
1
-3
-4
4
2
3
-1
3
0
-1
-2
0
-3
-4
-3
-5
-5
0
-2
-3
-4
-9
-2
-5
-5
-9
-4
-3
-6
-8
-7
-7
-6
-1
-3
-3
-4
-7
-6
-6
0
-4
-1
-2
-5
-3
-4
-2
-5
-9
-4
-6
-3
4
2
3
-1
-3
1
1
2
1
-3
3
-2
-5
0
-9
-4
-2
0
-4
-1
0
-3
0
0
2
-2
-1
1
3
-1
-3
1
1
1
7
11
3
3
6
3
6
9
6
4
2
4
2
7
9
6
7
8
12
9
7
12
13
11
4
7
7
2
5
6
9
8
10
2
5
8
7
7
4
5
6
3
1
6
0
3
4
0
5
2
-3
6
3
7
5
8
7
0
6
5
2
4
11
7
6
7
-1
2
4
1
2
3
0
0
0
-2
-1
2
-3
-6
-2
0
-4
-3
-2
-4
-2
-5
-6
-2
3
-5
-6
2
-3
-1
-3
-4
-4
-3
-5
-6
-2
-3
-5
0
-4
-3
2
-4
4
1
-3
-3
1
2
-3
-3
2
-3
-10
-3
-2
-3
-7
-5
-3
-2
-4
0
-4
-12
-10
-4
-3
-3
-2
-6
-2
-2
-3
-6
-3
-2
-2
-4
1
-4
0
2
-4
-3
-1
-3
-7
-5
-6
-6
-4
1
-8
-6
-7
-6
-3
-2
-8
-12
-2
-7
-10
-8
-11
-15
-11
-10
-13
-15
-14
-11
-13
-8
-11
-11
-10
-8
-10
-15
-10
-9
-16
-10
-14
-12
-10
-8
-12
-10
-10
-14
-14
-11
-8
-11
-4
-7
-8
-9
-9
-8
-11
-8
-12
-13
-9
-12
-7
-10
-7
-6
-10
-13
-9
-5
-9
-8
-10
-11
-7
-11
-7
-12
-11
-3
-2
-7
-13
-5
-9
-9
-4
-9
-10
-11
-10
-4
-2
-10
-12
-8
-18
-17
-11
-11
-9
-6
-6
-5
-12
-10
-13
-12
-6
-11
-7
-7
-6
-6
-6
-8
-9
-5
-5
-2
-7
-8
1
-2
-9
-7
-10
-5
-4
-7
-7
-5
-9
-11
-6
