20
24
24
17
19
12
9
10
7
1
1
-1
-6
-12
-10
-12
-10
-14
-17
-20
-18
-18
-25
-20
-28
-28
-32
-30
-30
-28
-27
-25
-23
-24
-23
-21
-23
-20
-10
-9
-13
-12
-4
-7
-4
7
9
10
13
16
19
23
20
20
26
28
29
33
30
28
31
29
31
33
32
34
30
32
35
31
30
28
30
26
25
24
16
20
18
9
2
-1
-2
-4
-5
-4
-7
-11
-8
-9
-12
-14
-15
-17
-14
-21
-19
-18
-21
-20
-26
-20
-18
-15
-11
-17
-19
-16
-20
-17
-21
-21
-24
-22
-15
-18
-13
-12
-11
-13
-14
-13
-13
-10
-9
-6
-4
-8
-8
0
10
10
10
6
8
10
14
19
15
12
19
20
19
16
20
20
17
17
18
15
14
22
16
21
19
18
19
11
16
11
8
8
12
6
8
6
-3
1
1
2
-4
-9
-10
-7
-16
-11
-10
-10
-12
-10
-12
-11
-4
-7
-8
-5
-1
-3
2
0
0
-1
6
5
1
1
9
19
22
18
16
22
18
23
16
21
26
22
19
18
17
15
14
19
20
18
16
16
12
15
17
19
20
17
15
14
10
6
10
12
11
3
8
7
8
5
3
3
1
2
1
7
0
0
-4
-11
-9
-4
-5
-9
-7
-8
-4
-12
-5
-5
-6
-5
-7
-1
-3
5
0
-3
-2
-1
-3
-6
-3
-5
-12
-8
-9
-3
6
0
-1
4
1
3
6
6
8
9
9
9
17
16
18
20
25
23
19
22
21
22
22
18
15
22
22
18
22
19
14
14
16
20
18
18
16
11
17
12
13
14
15
13
15
15
9
8
0
0
3
1
2
2
-2
-5
-7
-4
-5
-6
-6
-12
-16
-15
-19
-10
-18
-17
-12
-18
-10
-10
-8
-10
-13
-16
-9
-13
-15
-11
-7
-15
-13
-9
-6
-2
-6
-1
-9
3
-1
5
6
6
7
2
7
3
2
0
3
5
5
6
7
5
3
7
6
7
10
7
8
4
5
5
-4
-1
3
-4
-6
-4
-7
-8
-11
-10
-11
-8
-12
-8
-9
-12
-5
-9
-12
-17
-18
-17
-16
-14
-17
-18
-22
-16
-18
-20
-17
-16
-12
-21
-17
-19
-15
-14
-17
-14
-14
-9
-10
-10
-12
-9
-7
-5
-1
-7
-4
5
-1
3
3
8
8
5
11
7
13
19
8
12
13
7
7
1
2
4
6
6
9
10
10
5
0
-1
-2
1
2
1
1
-3
-3
-6
-6
-2
-5
-7
-11
-11
-9
-12
-4
-9
-8
-7
-17
-12
-9
-11
-8
-13
-12
-13
-17
-10
-9
-7
-8
-10
-11
-9
-11
-13
-7
-13
-14
-13
-12
-17
-14
-15
-18
-11
-15
-18
-22
-17
-18
-21
-16
-17
-14
-14
-11
-14
-15
-14
-18
-9
-9
-6
-1
-3
-3
-4
0
-1
2
3
2
0
3
3
5
6
4
2
6
5
2
1
2
1
2
0
-4
-2
-3
-8
-12
-8
-9
-12
-8
-16
-15
-14
-22
-15
-15
-19
-20
-21
-20
-23
-21
-26
-24
-23
-22
-18
-20
-18
-19
-18
-16
-13
-14
-7
-7
-4
-3
-2
1
1
1
1
6
6
8
7
10
10
4
6
11
15
10
16
15
10
11
13
13
12
8
9
5
6
9
6
-1
0
-2
0
4
-4
1
-1
-5
-2
-1
-3
-6
-3
-9
-7
-7
-10
-13
-9
-6
-5
-3
-4
-7
-1
0
-7
-11
-6
-8
-5
-5
-6
-5
-9
-8
-5
-7
-11
-11
-13
-16
-15
-13
-17
-13
-15
-22
-18
-19
-18
-19
-8
-11
-16
-15
-18
-10
-15
-18
-17
-19
-21
-16
-18
-17
-17
-15
-17
-18
-11
-9
-10
-7
-3
-4
-4
-7
-8
-4
-6
-4
-3
-5
1
-8
0
1
0
-1
-9
-1
0
-1
-8
-6
-11
-8
-4
-5
-7
-6
-5
-6
-1
-2
1
-3
-1
-3
-6
-3
-5
-8
-6
-4
3
1
5
6
4
1
-1
2
-4
2
3
4
0
0
1
4
-6
-4
-1
-5
-5
-4
-2
-5
0
-6
-13
-11
-5
-6
-2
-4
-8
-8
-9
-15
-10
-15
-16
-15
-14
-13
-10
-11
-8
-8
-16
-6
-10
-8
-15
-15
-7
-6
-7
-12
-10
-6
-5
-12
-6
-6
-4
-11
-14
-11
-12
-8
-7
-6
-7
-9
-6
-8
-8
-8
-8
-10
-8
-10
-18
-13
-13
-12
-9
-7
-10
-11
-6
-12
-12
-12
-14
-6
-11
-11
-5
-6
-5
-6
-7
-10
-10
-5
-5
-10
-8
-15
-9
-7
-9
-9
-8
-5
-5
-7
-11
-7
-9
-10
-12
-10
-12
-10
-9
-10
-9
-6
-8
-4
-6
-4
-3
0
0
2
-1
-3
-2
1
-5
-1
1
1
0
-6
-1
-2
1
-3
-2
-1
-2
-6
-5
-5
-4
-6
-10
-13
-13
-10
-8
-11
-13
-13
-15
-17
-20
-14
-18
-21
-24
-19
-25
-28
-26
-33
-35
-28
-28
-30
-26
-34
-29
-21
-25
-31
-20
-16
-15
-14
-7
-9
-6
0
0
0
-1
1
-2
-1
6
5
3
8
6
8
12
12
9
12
12
11
12
13
14
12
9
11
16
14
14
16
9
10
8
4
3
-3
0
0
-8
-7
-9
-10
-8
-14
-14
-18
-18
-22
-22
-24
-29
-25
-30
-25
-27
-32
-24
-24
-19
-20
-17
-18
-18
-13
-16
-16
-14
-10
-14
-11
-12
-6
-7
-3
-2
-2
1
8
6
1
4
10
13
8
6
9
12
13
16
16
12
17
21
19
15
14
19
20
25
22
17
17
18
12
18
14
13
18
19
13
9
5
1
-2
0
-2
-3
-3
-6
0
-2
-3
-4
-5
-6
-9
-10
-11
-14
-15
-17
-20
-22
-25
-24
-26
-22
-25
-24
-27
-26
-22
-21
-25
-26
-26
-27
-27
-21
-21
-23
-18
-20
-21
-18
-7
-12
-7
-1
-2
-2
-5
4
-1
3
2
4
8
5
5
2
4
7
4
4
2
1
4
2
1
-4
-2
-7
-2
-3
-4
-4
-1
-6
-8
-8
-12
-18
-11
-15
-17
-14
-15
-18
-17
-14
-17
-17
-22
-23
-20
-23
-17
-20
-22
-24
-23
-15
-22
-23
-24
-24
-23
-23
-23
-19
-20
-16
-12
-14
-16
-12
-10
-15
-7
-5
-5
-7
-6
-6
-5
-6
-10
1
-2
-3
4
-1
0
3
1
5
5
5
3
7
7
5
9
12
11
8
12
14
14
15
15
9
10
10
10
6
-1
8
8
13
9
4
4
4
4
2
-1
-3
-4
-14
-7
-8
-6
-6
-8
-10
-17
-15
-13
-18
-17
-14
-17
-16
-14
-13
-13
-16
-13
-14
-18
-12
-12
-14
-16
-13
-16
-21
-13
-15
-17
-11
-9
-7
-4
-12
-9
-5
-11
-5
0
-1
-1
2
-1
1
1
3
2
0
9
5
-1
9
7
5
6
13
15
9
16
15
11
12
8
7
6
5
7
5
6
7
6
7
9
14
12
8
10
4
4
4
2
-2
-5
6
6
3
4
2
4
-1
3
0
-4
-4
-1
3
-6
-1
-2
4
0
0
1
4
8
5
4
-2
-3
2
5
2
4
7
9
9
7
6
11
10
11
12
8
14
11
11
11
17
15
13
13
17
17
13
14
8
13
7
8
11
11
13
15
11
11
8
3
3
6
11
4
4
4
-3
-2
2
4
-2
-2
4
-3
-3
-6
-7
-5
-11
-6
-5
-4
-4
-5
-15
-8
-3
-4
-3
-5
-2
3
-6
-5
-6
-1
5
-4
-2
-2
-1
-1
1
-2
0
-1
-6
-3
-3
1
1
1
4
-2
2
3
-2
-3
-2
-6
-10
-7
-8
-11
-12
-6
-7
-10
-5
-5
-5
-8
-5
-3
-9
-4
-8
-1
3
7
3
0
-1
-5
2
0
7
-2
4
2
-1
0
2
5
2
2
1
3
2
1
2
1
0
3
5
2
-1
3
0
2
2
4
-1
0
-4
-10
-5
-5
-10
-7
-2
-2
-3
-5
-1
-4
-4
-5
-1
2
3
2
3
-4
-2
-2
1
4
2
4
0
-2
-4
0
1
-5
-4
0
-4
-5
0
1
1
0
-3
0
-1
-4
-5
-7
-3
-3
-11
-9
-4
-5
-4
-4
-6
-4
-6
-8
-3
-9
-12
-6
-6
-9
-5
-3
-9
-12
-11
-8
-8
-12
-12
-8
-11
-11
-10
-2
-5
-6
-6
-6
-4
-4
2
1
0
0
-2
1
3
4
2
3
9
8
4
6
8
8
5
0
-1
-3
-1
1
-3
1
0
-2
4
5
3
0
3
2
4
0
1
0
1
0
6
-1
2
0
-1
2
2
1
-1
2
-1
0
3
4
2
4
5
7
3
0
6
2
-5
8
8
5
2
0
4
4
10
2
8
12
10
7
9
4
1
4
-2
-2
2
-1
1
-1
-1
9
7
6
-1
3
-1
-2
1
0
10
9
10
3
0
4
-4
-5
-2
0
-2
-1
1
0
-2
-2
-1
-2
-1
-4
-1
-2
-5
-2
-2
-7
-5
0
-6
-1
0
2
6
4
1
7
4
2
9
5
10
9
7
7
3
6
5
6
10
5
8
9
9
9
10
7
8
9
9
6
11
12
11
13
11
9
12
13
8
11
10
6
8
14
12
9
7
10
1
3
4
-4
4
4
-1
6
4
-5
3
7
-3
-3
-5
-2
-4
1
0
-5
6
-3
-9
-8
-4
-2
-5
-3
-2
3
-3
-2
-3
1
-1
1
6
-3
-7
-5
-2
-4
0
-5
-1
-2
-2
-4
0
2
-1
0
-1
5
7
3
-3
3
4
-4
-4
4
-1
-2
3
1
1
0
-1
-5
1
-3
-3
3
-6
-3
0
1
-4
-3
2
-4
0
-4
-2
2
-6
-4
4
2
-10
0
-4
-3
-4
-6
-10
-9
0
-6
-9
-7
-7
-6
-3
-8
-10
0
-3
-8
-1
-2
-2
-6
0
-1
-10
-6
-9
-6
-5
-7
-8
-1
-4
-4
0
-4
-5
-6
-8
-9
-7
-11
-16
-14
-14
-15
-17
-15
-14
-19
-9
-9
-11
-15
-17
-16
-10
-9
-14
-13
-13
-12
-10
-11
-13
-13
-9
-8
-10
-4
-5
-3
-2
-7
-4
0
-1
-1
-3
-6
-1
-2
1
-1
-7
5
0
-3
2
4
9
7
10
5
2
0
0
2
6
1
5
5
2
7
5
3
3
8
8
4
3
-3
0
4
-1
-4
-8
-1
2
2
0
-2
-3
-4
-8
-11
-10
-11
-7
-7
-5
-7
2
-3
-4
-4
0
6
1
3
4
2
3
0
-1
6
2
5
12
3
4
4
8
6
9
10
4
10
7
8
7
15
11
9
13
15
8
11
15
11
13
12
6
5
2
5
1
4
3
0
8
0
1
3
0
1
3
3
8
4
1
1
1
3
7
7
3
1
3
4
0
2
0
-3
4
3
3
7
4
3
-3
-3
-3
-3
-1
-4
-4
-5
-9
-9
-4
-2
-4
-6
-2
-3
-7
-6
-2
0
1
-1
1
4
1
0
3
3
8
3
-1
7
10
4
7
8
9
12
10
8
6
8
5
9
11
10
4
11
11
7
10
8
5
8
5
11
10
7
7
9
9
3
2
-1
5
2
-1
-5
-4
-3
-4
-5
-7
-6
-4
2
-3
-2
-6
-6
1
-1
-1
-3
-3
-5
-5
-7
-7
-6
-4
1
-5
-7
-2
6
0
3
6
7
6
5
6
9
9
6
10
11
14
15
14
13
9
14
17
13
9
8
13
14
17
18
20
21
15
16
17
17
16
20
20
18
13
15
15
13
18
19
20
21
17
12
14
14
11
13
11
16
9
6
7
2
7
1
-7
1
-4
-2
-2
-4
2
-7
-9
-1
-5
-9
-5
-9
-4
-5
-8
0
-7
-6
2
2
3
-4
-5
-5
-3
-1
-1
2
-3
-5
0
4
3
7
3
3
4
1
-2
-1
5
0
2
4
7
-1
2
-1
4
1
1
7
5
4
3
4
2
9
10
6
6
6
1
5
4
3
11
11
5
5
9
10
9
8
6
8
14
3
0
10
7
9
9
4
3
6
9
5
5
7
5
9
9
0
5
8
7
5
0
1
2
4
3
6
3
8
8
8
10
8
5
6
9
7
10
9
14
8
7
9
6
9
6
4
6
6
3
5
3
12
3
5
9
0
4
5
10
7
9
9
6
6
9
0
4
7
4
2
2
-1
-3
0
-2
3
4
-7
-6
0
0
-3
-5
-5
-9
-3
-7
-8
-7
-5
-7
-6
-4
-7
-5
0
-2
-1
-1
-4
-1
5
4
2
2
-3
0
-2
-3
0
4
-2
1
5
3
7
8
12
7
2
3
5
4
3
-1
-2
4
9
7
5
4
1
5
4
7
6
2
11
6
3
2
8
7
4
9
4
7
7
9
8
10
11
12
14
11
15
14
12
14
14
14
6
6
6
5
6
12
9
18
18
15
10
10
12
7
12
8
10
8
11
10
16
14
9
10
12
16
14
17
13
13
13
15
15
20
23
20
18
18
17
23
20
17
17
15
17
16
12
13
15
10
9
13
11
16
13
12
12
9
8
12
9
11
9
7
14
9
2
7
13
5
12
8
6
8
5
6
12
14
13
19
10
13
12
8
10
14
17
12
17
18
22
16
16
18
15
20
19
20
24
28
23
28
27
27
24
21
22
25
26
20
22
23
22
19
23
20
21
20
24
23
20
27
23
21
18
24
19
20
16
17
19
13
19
17
17
13
16
16
16
16
16
15
14
16
10
12
19
19
17
19
18
18
18
22
24
25
20
25
23
20
26
23
27
30
27
25
29
27
24
26
24
24
24
22
26
18
19
18
19
26
21
21
24
21
16
16
22
17
13
20
19
18
15
16
13
14
18
12
21
13
15
13
18
14
14
20
11
15
12
10
10
11
10
10
14
17
9
10
17
13
6
9
14
10
18
14
8
9
7
13
12
16
13
13
15
21
16
15
16
17
18
20
18
15
20
16
19
21
22
23
20
21
22
20
21
16
18
20
18
21
19
21
19
24
23
21
19
19
19
21
23
20
19
23
25
21
20
22
18
19
24
16
14
14
14
13
16
14
14
11
10
12
14
15
12
10
9
16
14
15
11
16
22
15
14
17
19
19
17
17
19
18
26
19
20
22
17
25
20
22
18
22
20
17
25
25
27
23
26
22
23
28
28
27
23
23
25
25
22
19
17
26
26
21
24
24
21
15
23
20
18
20
19
15
13
15
18
12
16
14
11
12
8
15
15
10
11
9
11
6
3
5
0
8
7
13
5
8
11
4
3
2
8
8
7
11
11
6
6
3
1
8
4
2
3
6
2
6
2
0
0
2
4
-3
2
1
7
5
5
3
6
10
2
8
11
9
6
9
6
6
9
9
12
16
10
12
9
11
13
12
10
8
10
13
14
13
16
12
16
17
16
8
17
15
14
13
11
15
12
15
10
10
7
11
9
11
20
12
10
16
13
10
9
10
11
6
8
11
8
11
18
11
8
18
14
13
11
14
17
9
12
13
13
20
19
17
19
16
14
17
17
14
18
11
13
12
11
6
10
8
9
21
15
16
15
10
10
6
5
12
2
4
5
0
0
6
5
4
8
7
10
7
6
4
6
4
2
5
2
1
2
-2
-1
1
4
-5
-3
4
-1
4
5
7
2
1
1
1
4
2
2
1
2
2
4
7
9
4
6
9
4
0
0
3
0
3
7
-1
0
4
10
9
4
8
11
7
8
5
9
12
13
13
11
18
13
13
14
12
15
16
13
14
12
14
17
13
15
18
20
14
15
14
10
14
11
10
8
9
6
6
7
5
9
3
-2
-5
-4
1
3
-8
1
0
-8
-3
-4
-7
-10
-7
-8
-3
-13
-12
-10
-11
-10
-10
-8
-11
-6
-10
-10
-10
-13
-10
-10
-5
-5
-11
-11
-9
-4
-9
-9
-6
-6
-6
-7
-8
-5
-5
-7
4
-1
0
-2
-5
-3
0
-2
-5
-4
-7
-5
-1
1
-3
-4
-1
1
-6
1
2
0
-3
-1
5
4
0
0
0
-2
-1
0
5
-2
-3
0
-1
-1
0
-5
0
1
-5
2
8
2
0
4
4
8
0
-1
-1
0
5
2
-1
0
1
3
2
2
2
0
-2
-8
1
3
-3
0
-1
5
4
6
8
2
0
6
10
4
5
4
7
7
4
7
9
6
2
5
5
1
2
1
0
2
-1
3
-2
-2
-3
-2
-3
-8
-7
-4
-1
-2
-1
-1
-1
-3
-2
-3
-5
-7
0
-9
-8
-1
-1
-4
-8
-6
-7
-10
-3
-4
-4
-4
-4
1
-1
1
2
-1
-7
-11
-3
-2
0
-9
-7
-3
-4
3
5
5
-1
1
2
-3
-3
-5
-4
-2
-1
3
8
8
7
10
3
9
5
1
2
0
3
4
3
7
7
5
-5
0
6
1
7
8
6
-1
1
2
-1
2
4
5
7
5
0
8
2
4
4
0
4
7
1
10
6
5
6
4
9
3
9
8
10
1
1
7
9
9
5
6
9
9
11
6
5
-2
-1
-3
-6
1
1
-1
-2
0
3
3
-5
2
-2
-7
-6
-6
-6
-6
-5
-7
-3
-6
-10
-8
-10
-15
-12
-13
-12
-20
-13
-10
-6
-8
-9
-10
-11
-13
-15
-15
-15
-14
-7
-15
-16
-12
-18
-20
-17
-15
-14
-17
-20
-16
-19
-15
-17
-18
-13
-19
-19
-16
-18
-16
-19
-13
-11
-16
-12
-15
-13
-13
-12
-11
-12
-9
-9
-14
-20
-11
-14
-12
-14
-8
-9
-8
-9
-10
-9
-14
-10
-13
-18
-14
-13
-13
-15
-12
-10
-15
-14
-15
-11
-10
-9
-12
-12
-10
-9
-7
-7
-13
-12
0
-5
-8
-2
-3
-5
-3
-5
-7
-8
0
-4
-9
-13
-10
-6
-9
-8
-7
-10
-7
-12
-11
-3
-7
-13
-11
-12
-9
-8
-15
-9
-6
-6
-9
-7
-6
-8
-9
-6
-8
-10
-7
-6
-9
-13
-12
-13
-3
-12
-11
-2
-7
-6
-11
-8
-14
-9
-10
-10
-6
-10
-10
-13
-9
-11
-10
-5
-8
-9
-13
-9
-12
-12
-14
-18
-12
-13
-14
-14
-14
-17
-18
-8
-11
-18
-16
-13
-14
-19
-17
-12
-9
-9
-10
-10
-10
-5
-5
-4
-4
-9
-7
-11
-9
-10
-4
-7
-8
-3
-5
-7
-5
-5
-7
-11
-7
-4
-11
-5
-8
-4
-7
-3
-5
-3
-2
-4
4
1
4
0
2
-3
-2
-2
-1
-3
3
4
-4
-4
-3
-5
-8
-1
1
-4
0
-3
-3
-2
-7
-6
-3
-5
-3
0
-2
0
-4
0
0
-1
-3
-3
3
-3
-4
-1
-3
-2
-3
-3
-5
-4
-6
-4
0
-2
3
-2
1
-2
1
4
3
4
5
1
-2
-1
5
4
2
-2
0
-1
1
-5
-9
-6
-4
-6
-4
-3
-1
-3
-5
-1
-4
-9
-12
-8
-14
-7
-6
-10
-11
-13
-7
-1
-6
-9
-3
-5
-6
0
0
-5
-6
-7
-6
-1
-4
-4
1
0
1
-2
-1
-4
-6
-2
-6
-1
-2
-4
0
-2
4
-1
0
1
2
1
-1
0
5
4
-3
-2
-1
4
3
-2
-6
-6
1
6
4
-1
2
5
3
2
1
1
2
0
-3
-1
2
2
-1
1
-4
-1
-2
-2
3
0
1
3
1
5
4
4
1
0
2
8
1
-1
6
6
5
-1
1
3
1
10
1
0
2
4
8
2
5
2
-1
7
3
6
9
3
7
1
10
11
10
9
6
3
8
5
6
4
5
7
3
4
3
3
5
-1
2
-3
1
1
-4
-5
-7
-11
-4
-2
-7
-4
-7
-6
-7
-11
-11
-9
-10
-7
-14
-10
-10
-9
-10
-11
-11
-18
-13
-15
-12
-16
-9
-12
-11
-10
-8
-10
-9
-12
-13
-7
-10
-10
-10
-8
-7
-8
-12
-10
-7
-4
-3
-8
-8
-2
-9
0
-2
-5
1
-3
-1
-4
-1
1
5
7
3
6
11
4
3
5
3
3
-1
1
1
-1
1
-1
2
3
3
7
4
0
-3
0
-1
0
1
-6
-2
-2
-8
-4
-6
-2
-14
-12
-10
-11
-9
-17
-13
-15
-17
-16
-14
-18
-12
-12
-17
-9
-14
-14
-15
-15
-18
-13
-10
-18
-11
-10
-8
-7
-7
-12
-7
-8
-7
-5
-8
-11
-8
-4
-10
-1
-5
-3
-4
-6
-5
-6
2
-2
-1
-6
-7
-4
0
-7
-6
-1
-11
-7
-2
-4
-8
-5
-3
-10
-9
-10
-14
-7
-10
-8
-12
-10
-10
-12
-18
-16
-11
-18
-15
-25
-20
-27
-27
-23
-21
-22
-24
-25
-20
-23
-24
-26
-30
-28
-21
-21
-24
-20
-28
-31
-30
-24
-26
-22
-20
-24
-21
-21
-19
-18
-20
-19
-16
-17
-16
-16
-17
-15
-16
-8
-8
-7
-10
-5
-6
-4
-7
-4
-4
-8
-6
-14
-12
-12
-9
-7
-8
-11
-8
-12
-8
-11
-11
-14
-16
-12
-12
-12
-21
-18
-20
-17
-18
-16
-16
-17
-15
-17
-21
-23
-22
-27
-17
-25
-25
-24
-22
-18
-22
-23
-18
-20
-24
-24
-34
-28
-23
-26
-26
-26
-21
-21
-20
-12
-14
-16
-15
-14
-17
-17
-12
-7
-12
-17
-7
-14
-9
-3
-9
-6
-8
-5
-5
-1
1
-3
-1
-3
-4
-7
-5
-6
-11
-10
-5
-8
-7
-8
-11
-13
-13
-9
-4
-9
-5
-7
-10
-10
-11
-14
-14
-12
-14
-17
-19
-17
-20
-23
-22
-19
-17
-19
-22
-19
-20
-16
-19
-17
-15
-20
-14
-18
-17
-20
-17
-19
-18
-13
-13
-11
-12
-9
-9
-5
-9
-5
-5
-6
-4
-4
-1
0
1
1
2
-1
-3
7
5
2
0
-1
5
7
7
4
-1
0
-2
2
-9
-4
-3
-2
0
-7
-3
-9
-13
-13
-11
-10
-10
-8
-7
-13
-16
-14
-16
-19
-14
-14
-17
-15
-15
-19
-19
-11
-10
-16
-10
-15
-19
-15
-19
-16
-14
-16
-11
-5
-8
-11
-10
-6
-13
-11
-7
-7
-5
-8
-8
-7
-8
-8
-7
-9
-10
-8
-8
-11
-12
-15
-13
-13
-9
-12
-12
-11
-14
-11
-16
-12
-10
-9
-8
-7
-9
-6
-13
-13
-5
-7
-10
-9
-11
-12
-8
-11
-5
-11
-12
-10
-12
-5
-7
-7
-3
-4
-4
-8
-3
-8
-11
-9
-9
-8
-11
-7
-10
-14
-12
-11
-14
-8
-5
-14
-9
-7
-17
-8
-10
-8
-4
-10
-7
-9
-7
-8
-9
-6
-7
1
-3
-1
-6
-6
0
1
0
1
1
-1
-4
-3
5
-3
-2
5
4
4
1
2
3
0
6
1
4
5
1
-2
0
-3
-8
0
0
-6
-5
0
-5
-3
-3
-11
-11
-3
-5
-11
-9
-3
-5
-6
-8
-9
-7
-9
0
1
-2
0
-6
-9
-12
-7
-5
-5
-5
-5
0
-4
-8
-4
-5
-4
-2
-5
1
2
-2
-2
0
4
0
4
4
3
7
5
7
7
11
5
8
9
8
8
7
12
10
8
1
6
5
0
3
1
3
3
1
3
8
2
2
2
7
6
-1
6
3
7
7
5
1
3
1
2
8
3
-2
1
0
5
-3
-1
1
-3
1
-3
-4
-6
-1
-6
-6
-4
-3
-1
0
1
0
-2
0
-4
-2
1
6
7
5
4
6
10
6
8
10
10
11
10
4
8
6
8
8
11
11
14
15
11
10
11
7
3
6
4
8
11
7
5
6
6
8
5
5
8
5
3
3
3
3
4
6
5
3
0
8
2
-1
1
-8
2
1
-1
-5
-4
-2
-8
-1
-10
-8
-6
-5
-3
-8
-7
-2
-2
-5
5
-5
-3
1
0
1
-1
6
0
-5
-3
-4
-6
-8
-5
-3
-2
0
1
0
-6
-1
2
1
10
-2
-3
-1
3
5
2
2
0
6
5
3
5
0
0
8
5
1
4
-3
-3
4
0
3
3
4
4
1
4
5
2
0
2
-4
-6
-5
-7
-6
-4
-6
-5
-4
-3
-1
-4
-1
-4
-1
-1
3
2
0
-3
-3
2
5
3
-1
2
-3
2
-2
-1
-2
-1
3
0
4
6
5
3
2
3
2
4
3
-1
1
-2
-2
2
5
1
-2
1
1
2
-2
-2
-2
0
0
0
-4
-4
-6
-10
-2
-6
-8
-5
-10
-1
-1
-5
-5
-4
-3
-3
-3
-3
-2
-6
-5
-6
-5
-10
-9
-9
-12
-12
-10
-14
-13
-8
-12
-15
-13
-12
-7
-8
-8
-7
-9
-9
-10
-12
-5
-4
-9
-2
-7
-3
-10
-5
-3
-1
3
-2
2
-1
-4
-3
1
3
3
-3
2
2
-2
1
8
6
6
8
1
3
6
-2
0
8
5
4
3
3
8
2
5
8
4
6
9
10
2
0
0
4
-3
-2
1
-3
-4
-4
2
-4
-4
-2
-4
-3
-7
-4
-4
-3
-10
-8
-7
-13
-5
-3
-5
-3
0
-2
-4
-4
4
1
-1
4
1
0
-1
-2
1
3
5
9
8
7
9
9
3
8
5
5
2
5
9
10
9
2
4
4
6
8
6
2
5
-4
2
4
2
-5
-7
3
-8
-3
-3
5
-1
-4
3
-1
-2
-5
-3
-2
-3
-2
-5
-9
0
0
0
0
-1
3
-2
2
0
1
1
1
6
4
5
3
3
3
5
0
4
-4
2
3
-1
2
3
0
-1
0
-2
2
2
6
2
3
-1
2
-2
-4
1
-1
6
4
3
2
6
4
4
2
1
-2
-5
3
2
5
4
6
15
13
8
8
14
6
4
7
4
-3
-3
3
-2
-9
-1
11
10
10
17
18
15
10
16
16
4
6
16
18
-5
11
18
13
11
14
29
16
9
20
16
6
7
19
3
-2
8
7
1
2
18
18
12
15
23
24
19
15
18
8
4
12
14
11
8
17
19
14
16
21
21
15
23
22
11
6
17
16
1
1
11
3
-7
11
14
8
19
37
28
21
30
23
-1
-3
2
-25
-32
-18
-22
-30
-13
7
-4
-15
11
11
-32
-38
-22
-52
-86
-75
-54
-81
-98
-61
-59
-100
-126
-119
-172
-269
-319
-359
-448
-529
-527
-527
-580
-582
-485
-436
-431
-327
-184
-126
-82
65
211
267
363
562
725
802
965
1194
1306
1325
1425
1527
1443
1269
1212
1117
799
527
436
240
-113
-258
-236
-398
-621
-569
-480
-655
-775
-643
-650
-889
-949
-830
-918
-1102
-1018
-836
-880
-888
-609
-369
-353
-214
130
288
265
434
682
664
597
754
858
698
637
745
660
406
316
294
20
-300
-402
-540
-891
-1104
-1105
-1221
-1428
-1400
-1250
-1275
-1292
-1093
-883
-859
-759
-455
-218
-116
133
548
861
1069
1444
1906
2143
2247
2497
2723
2617
2396
2382
2267
1798
1398
1283
993
434
179
174
-146
-583
-602
-565
-935
-1224
-1132
-1224
-1637
-1792
-1676
-1856
-2177
-2109
-1933
-2062
-2123
-1824
-1581
-1591
-1426
-998
-764
-733
-485
-99
10
-32
181
420
322
199
371
488
285
203
485
681
581
764
1341
1648
1662
2076
2755
2824
2587
2895
3204
2649
2014
2089
1855
779
174
336
-155
-1166
-1206
-764
-1235
-1774
-1234
-781
-1294
-1441
-766
-697
-1333
-1315
-836
-1119
-1671
-1438
-1082
-1378
-1526
-962
-528
-615
-362
382
742
704
1010
1496
1446
1143
1213
1237
715
203
93
-166
-787
-1152
-1129
-1342
-1747
-1724
-1466
-1570
-1741
-1469
-1180
-1336
-1395
-1068
-936
-1131
-1019
-591
-444
-405
70
714
1072
1472
2204
2872
3231
3610
4090
4330
4270
4146
4005
3666
3085
2479
1967
1376
645
26
-369
-804
-1338
-1656
-1773
-2033
-2371
-2485
-2508
-2745
-3023
-3067
-3110
-3335
-3481
-3376
-3293
-3336
-3153
-2727
-2426
-2166
-1645
-1016
-622
-252
322
752
892
1103
1414
1462
1332
1415
1587
1588
1615
1939
2380
2675
3055
3715
4303
4504
4671
5022
5036
4451
3888
3505
2596
1294
448
-185
-1362
-2471
-2738
-2906
-3537
-3739
-3219
-2982
-3083
-2661
-1967
-1888
-2027
-1680
-1383
-1644
-1866
-1703
-1654
-1819
-1675
-1235
-944
-669
-83
572
1041
1467
1847
2023
2099
2111
1816
1303
889
385
-359
-929
-1284
-1853
-2433
-2491
-2392
-2576
-2547
-2053
-1644
-1353
-697
81
558
1082
1858
2470
2857
3248
3511
3585
3674
3687
3390
3083
2925
2577
2132
1950
1766
1268
926
917
699
171
-160
-344
-847
-1448
-1796
-2193
-2871
-3401
-3595
-3807
-4135
-4221
-4036
-3847
-3611
-3163
-2647
-2262
-1867
-1319
-839
-562
-359
-112
72
131
182
258
242
138
169
325
386
344
502
858
1145
1435
1978
2606
3040
3529
4295
4917
5056
5134
5397
5315
4691
4099
3619
2702
1518
746
189
-778
-1727
-2002
-2121
-2558
-2780
-2526
-2442
-2649
-2551
-2251
-2361
-2703
-2768
-2768
-3016
-3276
-3326
-3335
-3353
-3193
-2813
-2364
-1947
-1471
-828
-132
399
783
1172
1463
1529
1492
1410
1120
652
245
-92
-488
-876
-1116
-1240
-1170
-836
-378
147
904
1837
2715
3584
4547
5229
5460
5674
5922
5605
4752
4072
3438
2297
1120
521
-103
-1148
-1691
-1485
-1550
-1978
-1819
-1298
-1384
-1642
-1370
-1297
-1996
-2581
-2599
-2958
-3836
-4292
-4243
-4448
-4711
-4308
-3625
-3345
-2942
-1903
-923
-510
-29
749
1122
1025
1095
1192
729
73
-193
-388
-933
-1364
-1336
-1194
-1042
-510
357
1192
2083
3256
4478
5510
6344
6923
7204
7291
7102
6366
5358
4395
3241
1817
697
-89
-1122
-2066
-2249
-2149
-2441
-2549
-2068
-1802
-1986
-1875
-1567
-1888
-2547
-2732
-2860
-3544
-4196
-4314
-4432
-4776
-4660
-4074
-3687
-3405
-2608
-1553
-920
-408
353
936
1049
1122
1287
1026
402
-37
-365
-933
-1490
-1707
-1791
-1776
-1357
-611
185
1193
2525
3820
5018
6355
7408
7788
8040
8380
7935
6706
5786
4965
3248
1477
759
-52
-1674
-2458
-2030
-2222
-2965
-2510
-1613
-1921
-2270
-1559
-1357
-2377
-2885
-2684
-3332
-4481
-4765
-4774
-5415
-5736
-5149
-4632
-4455
-3753
-2550
-1620
-912
1
887
1335
1542
1791
1830
1401
786
350
-98
-820
-1429
-1601
-1731
-1892
-1480
-553
178
960
2426
3998
5040
6169
7565
8236
8205
8447
8514
7437
6057
5229
4016
2123
800
67
-1149
-2363
-2511
-2386
-2844
-2985
-2403
-2153
-2393
-2251
-2004
-2444
-3125
-3391
-3729
-4529
-5214
-5486
-5738
-5951
-5733
-5162
-4592
-3919
-2881
-1655
-633
221
1102
1836
2185
2302
2349
2054
1354
684
184
-509
-1327
-1781
-1936
-2091
-1910
-1133
-253
568
1860
3544
4896
6074
7438
8400
8626
8829
8977
8169
6773
5756
4632
2803
1232
384
-749
-2093
-2454
-2233
-2587
-2890
-2337
-1881
-2087
-2072
-1729
-2049
-2901
-3327
-3608
-4480
-5459
-5896
-6182
-6590
-6612
-6065
-5476
-4930
-3939
-2564
-1374
-472
502
1447
1963
2154
2302
2145
1491
768
251
-401
-1245
-1801
-1995
-2130
-1963
-1196
-240
671
2014
3771
5285
6599
8054
9137
9445
9633
9819
9087
7601
6422
5235
3344
1556
510
-674
-2173
-2789
-2635
-2953
-3359
-2930
-2410
-2540
-2530
-2131
-2309
-3065
-3459
-3667
-4425
-5321
-5754
-6069
-6498
-6522
-6024
-5540
-5060
-4113
-2827
-1717
-783
213
1088
1588
1880
2083
1923
1322
663
119
-556
-1347
-1926
-2221
-2403
-2262
-1545
-603
352
1721
3509
5151
6636
8263
9530
9994
10303
10645
10067
8596
7364
6167
4190
2223
1076
-180
-1913
-2746
-2633
-2965
-3511
-3143
-2543
-2666
-2714
-2240
-2314
-3137
-3645
-3862
-4634
-5680
-6249
-6613
-7099
-7241
-6769
-6128
-5533
-4565
-3128
-1715
-583
509
1582
2278
2561
2738
2666
2046
1183
491
-258
-1228
-2021
-2426
-2751
-2872
-2320
-1369
-481
703
2523
4319
5796
7480
9148
9937
10214
10728
10733
9504
8064
7049
5460
3251
1735
748
-861
-2342
-2514
-2465
-3098
-3291
-2624
-2372
-2705
-2516
-2208
-2826
-3750
-4086
-4531
-5663
-6636
-7014
-7415
-7864
-7645
-6890
-6237
-5471
-4082
-2413
-1109
22
1286
2297
2730
2963
3126
2766
1896
1088
424
-474
-1478
-2103
-2426
-2692
-2584
-1814
-839
86
1479
3364
5034
6458
8115
9479
9968
10244
10658
10203
8731
7482
6444
4598
2571
1432
330
-1382
-2365
-2236
-2478
-3140
-2943
-2301
-2388
-2607
-2220
-2228
-3109
-3772
-4014
-4766
-5932
-6670
-7046
-7558
-7831
-7440
-6802
-6225
-5283
-3809
-2311
-1105
35
1214
2052
2427
2642
2658
2136
1264
538
-147
-1109
-2022
-2482
-2752
-2924
-2516
-1542
-572
565
2374
4361
5959
7625
9466
10560
10932
11459
11698
10658
9140
8090
6615
4295
2475
1368
-283
-2081
-2616
-2615
-3317
-3788
-3241
-2848
-3153
-3064
-2608
-2965
-3837
-4209
-4516
-5511
-6605
-7117
-7515
-8055
-8121
-7545
-6920
-6265
-5056
-3403
-1961
-773
573
1828
2520
2873
3202
3096
2361
1564
946
47
-1112
-1895
-2314
-2797
-2997
-2420
-1523
-717
551
2512
4380
5905
7742
9610
10572
10968
11590
11689
10495
9045
8010
6364
3971
2246
1124
-615
-2305
-2693
-2721
-3427
-3733
-3062
-2715
-3012
-2833
-2421
-2881
-3768
-4120
-4523
-5652
-6752
-7229
-7658
-8223
-8241
-7610
-6951
-6242
-4910
-3199
-1777
-577
842
2096
2707
3033
3330
3127
2312
1521
849
-170
-1350
-2089
-2528
-3021
-3173
-2582
-1684
-816
523
2499
4380
5942
7800
9708
10723
11116
11715
11886
10763
9284
8264
6693
4301
2502
1405
-261
-2033
-2552
-2564
-3255
-3670
-3082
-2712
-3034
-2977
-2568
-2949
-3851
-4298
-4694
-5766
-6911
-7449
-7875
-8449
-8556
-7966
-7274
-6546
-5254
-3543
-2055
-780
665
1974
2677
3056
3388
3257
2522
1713
1014
1
-1185
-1963
-2455
-3008
-3223
-2659
-1786
-967
357
2341
4209
5786
7724
9728
10782
11215
11933
12209
11120
9662
8682
7135
4690
2812
1681
-38
-1959
-2597
-2656
-3416
-3973
-3447
-3040
-3385
-3362
-2890
-3182
-4052
-4457
-4770
-5777
-6907
-7470
-7887
-8454
-8598
-8105
-7454
-6713
-5482
-3837
-2303
-960
470
1822
2688
3153
3468
3419
2825
2016
1259
286
-893
-1796
-2364
-2910
-3193
-2789
-1968
-1096
173
2081
4040
5720
7624
9674
10937
11472
12107
12459
11575
10086
8966
7486
5103
3033
1767
130
-1833
-2708
-2820
-3466
-4059
-3663
-3176
-3355
-3337
-2875
-2964
-3653
-4092
-4406
-5251
-6323
-7062
-7578
-8119
-8454
-8294
-7743
-7046
-6110
-4692
-3086
-1722
-474
941
2075
2544
2839
3061
2673
1786
1070
319
-851
-1873
-2359
-2813
-3223
-2881
-1936
-1035
169
2158
4260
5994
7971
10203
11626
12225
12912
13384
12582
11033
9810
8286
5793
3488
2036
314
-1856
-3014
-3209
-3847
-4587
-4305
-3737
-3887
-3938
-3405
-3382
-4150
-4676
-4927
-5797
-7022
-7763
-8233
-8895
-9258
-8877
-8221
-7528
-6373
-4628
-2867
-1393
189
1850
2984
3551
4030
4259
3748
2851
2119
1214
-116
-1246
-1867
-2512
-3120
-2966
-2197
-1456
-449
1354
3384
5055
6877
9079
10690
11353
11972
12594
12146
10696
9417
8154
5974
3577
2059
661
-1359
-2782
-2985
-3294
-4014
-3943
-3256
-3192
-3348
-2915
-2746
-3458
-4145
-4452
-5267
-6543
-7382
-7931
-8672
-9089
-8771
-8219
-7616
-6472
-4822
-3208
-1712
-112
1415
2493
3165
3648
3801
3383
2592
1810
905
-313
-1443
-2168
-2778
-3341
-3333
-2668
-1866
-896
732
2758
4562
6330
8452
10313
11263
11850
12542
12533
11370
10017
8886
7082
4689
2905
1589
-235
-1969
-2564
-2785
-3491
-3819
-3352
-3130
-3347
-3193
-2968
-3479
-4250
-4704
-5358
-6491
-7474
-8117
-8769
-9223
-9122
-8646
-8012
-6993
-5514
-3905
-2326
-732
786
2020
2894
3476
3737
3547
2951
2199
1343
256
-869
-1722
-2361
-2925
-3103
-2652
-1888
-981
411
2319
4209
5931
7923
9937
11132
11718
12392
12696
11785
10342
9211
7640
5231
3169
1826
85
-1920
-2824
-3001
-3676
-4229
-3839
-3413
-3597
-3527
-3084
-3301
-4096
-4551
-4925
-5928
-7043
-7678
-8227
-8840
-8981
-8514
-7932
-7212
-5914
-4227
-2677
-1234
367
1799
2698
3327
3820
3808
3205
2488
1776
706
-534
-1429
-2082
-2769
-3136
-2771
-2039
-1263
-4
1903
3843
5535
7524
9695
11069
11680
12434
12957
12181
10719
9609
8136
5666
3442
2043
284
-1902
-3019
-3229
-3895
-4555
-4220
-3689
-3790
-3719
-3187
-3233
-3948
-4431
-4765
-5687
-6864
-7627
-8244
-8945
-9248
-8916
-8368
-7723
-6541
-4833
-3188
-1680
-13
1591
2677
3402
4034
4206
3694
2996
2322
1292
9
-978
-1697
-2450
-2940
-2720
-2074
-1350
-180
1647
3577
5338
7323
9500
11042
11803
12523
13076
12527
11105
9843
8409
6062
3684
2071
391
-1770
-3166
-3491
-4001
-4697
-4551
-3968
-3909
-3868
-3354
-3195
-3783
-4317
-4619
-5377
-6545
-7403
-8012
-8707
-9127
-8924
-8391
-7802
-6761
-5118
-3420
-1921
-298
1383
2599
3344
3992
4294
3885
3143
2463
1501
155
-994
-1778
-2569
-3223
-3249
-2716
-2025
-1019
645
2624
4457
6347
8546
10465
11508
12192
12917
12928
11783
10445
9275
7359
4861
3018
1594
-427
-2302
-2956
-3279
-4102
-4421
-3907
-3676
-3861
-3561
-3169
-3601
-4336
-4688
-5236
-6385
-7443
-8086
-8777
-9393
-9388
-8908
-8356
-7510
-6008
-4244
-2686
-1107
637
2074
2955
3637
4150
4011
3334
2691
1932
712
-549
-1380
-2076
-2809
-3106
-2723
-2075
-1275
97
2000
3879
5636
7650
9784
11221
11919
12602
13058
12403
10990
9799
8347
5951
3642
2177
503
-1695
-2971
-3227
-3851
-4600
-4357
-3798
-3918
-3938
-3370
-3323
-4081
-4606
-4890
-5781
-6991
-7761
-8346
-9070
-9409
-9080
-8516
-7860
-6694
-5000
-3320
-1782
-105
1550
2716
3457
4090
4335
3884
3177
2522
1539
185
-892
-1599
-2380
-3020
-2994
-2440
-1787
-794
868
2785
4533
6373
8516
10389
11432
12071
12740
12766
11703
10345
9141
7296
4822
2916
1506
-437
-2368
-3108
-3395
-4177
-4577
-4074
-3757
-3955
-3715
-3230
-3535
-4303
-4687
-5125
-6185
-7287
-7945
-8546
-9169
-9274
-8804
-8182
-7383
-6019
-4259
-2623
-1076
604
2125
3093
3756
4273
4244
3622
2910
2164
996
-317
-1227
-1954
-2733
-3144
-2896
-2330
-1603
-391
1326
3156
4936
6852
8890
10549
11502
12138
12654
12478
11348
10022
8749
6826
4471
2701
1283
-640
-2350
-2935
-3275
-4046
-4313
-3812
-3632
-3860
-3608
-3289
-3777
-4561
-4954
-5517
-6652
-7683
-8292
-8876
-9389
-9348
-8812
-8131
-7194
-5731
-3997
-2370
-801
825
2228
3142
3763
4163
4039
3407
2682
1894
756
-466
-1342
-1996
-2649
-2950
-2637
-2004
-1191
60
1796
3623
5355
7202
9166
10706
11552
12112
12541
12257
11089
9782
8494
6574
4291
2591
1184
-672
-2293
-2899
-3263
-4006
-4301
-3894
-3755
-3988
-3831
-3598
-4066
-4842
-5280
-5824
-6891
-7869
-8406
-8885
-9329
-9215
-8580
-7846
-6908
-5399
-3625
-2062
-555
1088
2444
3256
3841
4229
4034
3346
2661
1877
692
-545
-1381
-2032
-2705
-3001
-2721
-2136
-1357
-146
1530
3294
4987
6806
8750
10311
11194
11776
12234
12044
10979
9733
8510
6691
4481
2794
1431
-349
-1970
-2626
-2974
-3668
-3992
-3641
-3488
-3714
-3626
-3420
-3844
-4608
-5101
-5639
-6628
-7600
-8170
-8652
-9082
-9021
-8470
-7783
-6897
-5505
-3849
-2353
-894
689
2010
2819
3410
3831
3697
3073
2440
1739
632
-536
-1325
-1927
-2571
-2895
-2623
-2051
-1327
-207
1376
3071
4714
6466
8352
9957
10929
11553
12090
12090
11206
10028
8893
7265
5141
3390
2029
310
-1449
-2311
-2711
-3466
-4022
-3845
-3672
-3937
-3964
-3710
-3988
-4726
-5202
-5576
-6438
-7425
-7977
-8379
-8839
-8899
-8378
-7715
-6952
-5670
-4013
-2506
-1098
454
1840
2724
3350
3851
3842
3297
2703
2074
1068
-93
-939
-1570
-2243
-2678
-2548
-2090
-1495
-524
965
2659
4271
5994
7959
9714
10782
11486
12175
12302
11452
10272
9186
7541
5297
3458
2056
231
-1640
-2536
-2952
-3761
-4331
-4094
-3885
-4125
-4086
-3776
-4044
-4739
-5139
-5525
-6419
-7393
-7970
-8444
-8931
-8999
-8573
-7991
-7221
-5946
-4347
-2816
-1341
232
1667
2692
3420
3943
3997
3559
2987
2326
1318
133
-799
-1515
-2228
-2729
-2690
-2283
-1687
-711
792
2506
4155
5912
7916
9708
10787
11490
12180
12308
11428
10226
9149
7492
5200
3358
1985
142
-1773
-2644
-3029
-3862
-4430
-4127
-3851
-4052
-3939
-3499
-3649
-4265
-4584
-4870
-5718
-6750
-7377
-7867
-8486
-8801
-8511
-8008
-7451
-6389
-4808
-3307
-2019
-456
1164
2200
2845
3515
3769
3302
2720
2246
1302
-12
-901
-1477
-2246
-2835
-2715
-2215
-1665
-654
1013
2814
4450
6317
8532
10355
11365
12116
12869
12845
11773
10562
9406
7441
4977
3201
1728
-362
-2244
-2945
-3404
-4305
-4634
-4177
-4033
-4234
-3925
-3518
-3873
-4496
-4791
-5266
-6285
-7237
-7834
-8458
-9061
-9136
-8702
-8162
-7406
-6049
-4338
-2769
-1251
477
2036
3003
3729
4354
4385
3781
3189
2544
1360
40
-843
-1586
-2473
-2979
-2839
-2463
-1922
-828
784
2442
4097
6006
8069
9762
10795
11546
12192
12142
11174
10012
8833
6992
4734
3030
1618
-290
-2001
-2657
-3052
-3812
-4098
-3663
-3483
-3618
-3334
-2985
-3335
-3972
-4338
-4858
-5851
-6851
-7550
-8190
-8766
-8902
-8577
-8054
-7315
-6069
-4446
-2876
-1408
185
1684
2705
3403
3947
3991
3459
2836
2170
1079
-201
-1122
-1829
-2620
-3097
-2953
-2500
-1869
-739
915
2684
4412
6325
8432
10149
11148
11876
12521
12403
11322
10115
8925
6979
4637
2955
1534
-478
-2195
-2749
-3146
-3982
-4230
-3704
-3557
-3728
-3375
-2979
-3377
-4005
-4243
-4690
-5713
-6706
-7301
-7914
-8554
-8728
-8392
-7970
-7369
-6162
-4559
-3122
-1756
-115
1425
2399
3125
3792
3867
3345
2839
2267
1118
-173
-986
-1688
-2555
-3009
-2782
-2348
-1756
-535
1199
2905
4605
6641
8789
10358
11282
12090
12687
12363
11227
10084
8763
6607
4308
2709
1109
-1040
-2611
-3090
-3654
-4496
-4548
-4032
-4012
-4095
-3597
-3305
-3825
-4353
-4546
-5136
-6223
-7076
-7640
-8317
-8829
-8769
-8354
-7874
-7025
-5583
-3943
-2461
-924
781
2196
3103
3847
4383
4251
3656
3131
2414
1128
-123
-894
-1685
-2601
-2954
-2715
-2383
-1776
-468
1208
2801
4525
6619
8656
10107
11084
11903
12376
12018
10974
9831
8426
6349
4196
2629
1022
-1000
-2420
-2878
-3429
-4170
-4152
-3679
-3689
-3742
-3268
-3094
-3665
-4175
-4442
-5150
-6230
-7045
-7685
-8406
-8840
-8774
-8450
-7943
-7008
-5634
-4099
-2578
-1013
568
1925
2890
3580
4007
3916
3405
2818
2052
896
-273
-1100
-1880
-2671
-3019
-2863
-2493
-1822
-593
983
2618
4372
6342
8317
9878
10900
11661
12220
12052
11056
9931
8730
6864
4716
3159
1707
-262
-1802
-2313
-2845
-3725
-3900
-3456
-3465
-3639
-3241
-2964
-3435
-3945
-4117
-4635
-5648
-6504
-7110
-7782
-8373
-8531
-8326
-7975
-7358
-6249
-4813
-3442
-2119
-586
875
1834
2517
3151
3299
2854
2390
1900
889
-290
-1018
-1632
-2453
-2861
-2582
-2149
-1565
-313
1445
3144
4876
6997
9148
10677
11667
12547
13094
12690
11570
10417
8993
6797
4525
2874
1123
-1056
-2553
-3087
-3798
-4659
-4643
-4174
-4209
-4204
-3620
-3368
-3853
-4202
-4291
-4922
-5978
-6738
-7308
-8044
-8562
-8518
-8211
-7801
-6952
-5543
-3991
-2560
-1020
679
2062
2957
3722
4250
4120
3552
3050
2299
1026
-169
-978
-1855
-2766
-3112
-2971
-2731
-2139
-886
669
2254
4050
6086
8069
9662
10778
11614
12177
12020
11078
9949
8692
6813
4662
3030
1515
-426
-1938
-2501
-3048
-3840
-3966
-3526
-3475
-3559
-3151
-2908
-3388
-3906
-4131
-4742
-5829
-6725
-7340
-8042
-8626
-8687
-8382
-7988
-7226
-5911
-4396
-2993
-1527
100
1484
2402
3134
3676
3645
3156
2662
2008
902
-234
-1031
-1771
-2565
-2958
-2802
-2469
-1901
-746
855
2484
4184
6193
8271
9885
10944
11853
12504
12340
11391
10342
9110
7159
4995
3352
1741
-275
-1843
-2517
-3163
-4010
-4198
-3861
-3847
-3920
-3508
-3216
-3581
-3988
-4139
-4621
-5549
-6378
-6993
-7663
-8252
-8449
-8295
-7971
-7371
-6294
-4902
-3523
-2180
-664
815
1840
2572
3217
3421
3042
2564
2082
1140
-27
-823
-1418
-2191
-2670
-2479
-2049
-1518
-411
1269
2943
4584
6591
8758
10394
11409
12303
12985
12792
11772
10644
9362
7322
5030
3298
1654
-477
-2187
-2880
-3529
-4453
-4689
-4305
-4292
-4402
-3926
-3570
-3988
-4433
-4538
-5024
-6052
-6860
-7401
-8113
-8681
-8670
-8359
-7995
-7254
-5928
-4412
-2991
-1483
161
1581
2584
3401
3982
4009
3577
3085
2418
1302
125
-739
-1559
-2404
-2867
-2847
-2613
-2076
-1011
434
2016
3751
5686
7695
9468
10718
11559
12238
12405
11658
10481
9335
7709
5524
3682
2248
416
-1422
-2284
-2709
-3515
-4017
-3714
-3491
-3686
-3505
-3114
-3414
-4091
-4412
-4799
-5797
-6835
-7455
-8046
-8681
-8845
-8514
-8092
-7489
-6298
-4748
-3324
-1956
-377
1120
2149
2899
3517
3694
3316
2806
2244
1284
120
-786
-1501
-2274
-2823
-2850
-2534
-2025
-1114
305
1933
3594
5401
7411
9274
10538
11372
12147
12469
11836
10734
9692
8202
6060
4182
2750
951
-1002
-2048
-2547
-3415
-4099
-3960
-3747
-3962
-3900
-3491
-3613
-4201
-4513
-4776
-5579
-6571
-7193
-7719
-8337
-8643
-8430
-8035
-7539
-6553
-5122
-3697
-2390
-889
671
1813
2586
3279
3623
3376
2911
2429
1582
418
-516
-1204
-2007
-2673
-2800
-2593
-2244
-1463
-167
1322
2888
4654
6629
8503
9913
10878
11672
12159
11819
10830
9802
8491
6531
4558
3059
1421
-547
-1867
-2424
-3176
-3985
-4048
-3748
-3848
-3901
-3466
-3308
-3759
-4104
-4210
-4782
-5772
-6472
-6947
-7649
-8225
-8207
-7931
-7686
-7017
-5713
-4363
-3197
-1741
-73
1152
2001
2876
3455
3347
3006
2707
1982
845
-82
-766
-1617
-2380
-2630
-2540
-2298
-1643
-461
984
2549
4325
6297
8297
9938
11048
11910
12561
12486
11590
10504
9266
7371
5200
3500
1870
-203
-1907
-2678
-3360
-4284
-4639
-4345
-4296
-4429
-4083
-3728
-4024
-4475
-4601
-4985
-5901
-6713
-7218
-7843
-8439
-8509
-8187
-7846
-7193
-5927
-4440
-3080
-1599
62
1471
2482
3351
3976
4032
3705
3309
2664
1606
523
-342
-1207
-2090
-2618
-2743
-2647
-2250
-1340
-25
1447
3074
4948
6970
8768
10062
11029
11847
12131
11569
10618
9610
8060
6016
4262
2782
911
-982
-1991
-2588
-3507
-4134
-3997
-3861
-4034
-3855
-3412
-3497
-3922
-4094
-4310
-5024
-5860
-6487
-7144
-7825
-8196
-8214
-8095
-7744
-6947
-5770
-4496
-3198
-1784
-320
907
1812
2566
3023
2980
2666
2308
1642
632
-246
-892
-1637
-2311
-2445
-2209
-1860
-1101
289
1914
3511
5357
7521
9492
10842
11859
12792
13160
12583
11585
10534
8891
6616
4627
3010
955
-1206
-2424
-3109
-4126
-4863
-4716
-4550
-4741
-4509
-3947
-3965
-4394
-4519
-4676
-5403
-6254
-6851
-7509
-8238
-8592
-8508
-8310
-7911
-6989
-5619
-4171
-2736
-1114
553
1855
2828
3711
4213
4034
3625
3230
2400
1160
141
-685
-1685
-2520
-2797
-2790
-2661
-2002
-764
644
2198
4061
6097
8054
9678
10843
11736
12356
12225
11334
10298
9020
7037
4917
3315
1623
-483
-1983
-2601
-3328
-4172
-4242
-3893
-3950
-3959
-3457
-3243
-3701
-4093
-4239
-4799
-5803
-6620
-7235
-7963
-8577
-8662
-8405
-8111
-7473
-6219
-4727
-3387
-1930
-226
1193
2152
3046
3737
3777
3389
3031
2431
1342
262
-544
-1403
-2261
-2678
-2663
-2457
-1922
-820
657
2255
4000
6006
8106
9774
10885
11851
12613
12514
11615
10656
9455
7440
5272
3653
1924
-291
-1918
-2640
-3474
-4419
-4571
-4259
-4313
-4287
-3710
-3366
-3668
-3888
-3883
-4318
-5180
-5893
-6507
-7278
-7915
-8112
-8069
-7929
-7427
-6396
-5133
-3875
-2489
-908
516
1588
2525
3283
3518
3308
3022
2534
1575
503
-333
-1159
-2048
-2598
-2659
-2486
-2029
-1025
465
2085
3823
5875
8076
9865
11071
12102
12951
12954
12088
11077
9848
7809
5494
3717
1917
-397
-2240
-3061
-3880
-4903
-5132
-4745
-4707
-4694
-4072
-3590
-3860
-4128
-4078
-4486
-5436
-6201
-6763
-7567
-8271
-8394
-8262
-8128
-7570
-6358
-4963
-3680
-2165
-409
1084
2183
3224
4048
4206
3952
3713
3163
2032
867
-10
-981
-2030
-2654
-2824
-2855
-2528
-1560
-223
1231
2950
4943
6994
8845
10225
11246
12051
12331
11760
10761
9662
8004
5832
3983
2407
384
-1581
-2573
-3183
-4112
-4613
-4308
-4106
-4180
-3778
-3203
-3325
-3722
-3790
-4056
-4928
-5835
-6450
-7202
-7986
-8301
-8242
-8136
-7744
-6730
-5393
-4102
-2694
-1040
515
1703
2732
3615
3958
3780
3537
3127
2185
1025
105
-762
-1761
-2496
-2739
-2743
-2507
-1714
-413
1071
2704
4612
6732
8682
10130
11216
12156
12580
12097
11174
10169
8581
6376
4445
2836
777
-1328
-2511
-3223
-4239
-4891
-4697
-4509
-4587
-4210
-3572
-3514
-3775
-3769
-3886
-4546
-5350
-6013
-6750
-7517
-8011
-8197
-8200
-7948
-7279
-6159
-4849
-3538
-2068
-445
948
1990
2925
3590
3617
3326
3059
2410
1243
208
-525
-1453
-2366
-2666
-2536
-2337
-1698
-306
1366
2993
4901
7213
9320
10751
11882
12960
13379
12763
11780
10770
9020
6589
4555
2856
597
-1677
-2867
-3630
-4763
-5421
-5122
-4907
-4997
-4504
-3733
-3663
-3925
-3830
-3918
-4660
-5485
-6093
-6851
-7702
-8162
-8231
-8215
-7961
-7125
-5850
-4524
-3148
-1482
224
1535
2615
3683
4265
4139
3900
3629
2758
1465
484
-383
-1582
-2559
-2872
-2984
-3000
-2360
-1065
371
1969
3979
6205
8254
9907
11217
12278
12860
12567
11693
10689
9196
7007
4922
3243
1228
-994
-2330
-3028
-4004
-4743
-4588
-4264
-4305
-3986
-3281
-3119
-3418
-3495
-3604
-4308
-5262
-6004
-6770
-7655
-8265
-8461
-8474
-8288
-7611
-6443
-5132
-3797
-2233
-537
866
1978
3032
3735
3793
3594
3359
2652
1478
458
-384
-1463
-2464
-2875
-2940
-2895
-2339
-1103
408
2019
3961
6228
8372
10006
11301
12466
13103
12784
11937
11016
9501
7254
5188
3498
1366
-929
-2312
-3125
-4235
-5039
-4906
-4667
-4728
-4330
-3572
-3340
-3476
-3359
-3357
-3926
-4690
-5355
-6137
-7001
-7616
-7986
-8202
-8125
-7635
-6757
-5612
-4340
-2923
-1352
126
1340
2377
3174
3464
3376
3170
2616
1597
560
-286
-1248
-2220
-2703
-2746
-2618
-2078
-837
795
2469
4403
6765
9018
10636
11912
13153
13777
13309
12396
11440
9746
7274
5109
3305
938
-1495
-2872
-3774
-5017
-5765
-5503
-5266
-5330
-4785
-3879
-3663
-3786
-3536
-3496
-4167
-4931
-5498
-6319
-7275
-7844
-8082
-8277
-8180
-7508
-6453
-5263
-3887
-2253
-570
884
2144
3293
4028
4173
4076
3817
3036
1840
764
-231
-1441
-2503
-3004
-3213
-3236
-2661
-1437
48
1696
3727
6043
8234
9978
11352
12543
13222
12958
12096
11121
9580
7281
5106
3340
1166
-1191
-2614
-3417
-4512
-5279
-5034
-4695
-4717
-4257
-3350
-3065
-3233
-3095
-3070
-3746
-4638
-5303
-6127
-7150
-7855
-8124
-8279
-8254
-7675
-6578
-5338
-4039
-2445
-686
772
1955
3117
3951
4100
3951
3775
3100
1887
815
-84
-1259
-2369
-2875
-3055
-3131
-2648
-1456
-12
1558
3531
5813
7998
9763
11170
12391
13138
12973
12183
11240
9771
7537
5360
3569
1401
-988
-2517
-3401
-4544
-5391
-5268
-4980
-4986
-4544
-3669
-3293
-3336
-3140
-3046
-3552
-4301
-4965
-5760
-6687
-7438
-7897
-8132
-8161
-7826
-6968
-5775
-4556
-3168
-1450
144
1338
2483
3517
3871
3762
3676
3209
2083
967
118
-964
-2133
-2742
-2919
-3007
-2627
-1506
-49
1526
3439
5706
7986
9845
11253
12506
13405
13352
12556
11643
10279
8014
5710
3906
1750
-806
-2524
-3436
-4634
-5664
-5630
-5300
-5375
-5030
-4097
-3628
-3689
-3492
-3301
-3760
-4513
-5103
-5829
-6796
-7549
-7925
-8155
-8217
-7837
-6936
-5776
-4531
-3047
-1325
252
1531
2761
3775
4165
4159
4098
3614
2558
1486
565
-575
-1739
-2450
-2837
-3060
-2789
-1905
-690
804
2654
4749
6949
9005
10583
11814
12866
13237
12664
11756
10656
8769
6431
4496
2593
183
-1866
-2950
-3941
-5081
-5425
-5078
-4983
-4886
-4161
-3472
-3440
-3462
-3266
-3512
-4289
-5015
-5673
-6604
-7515
-8012
-8252
-8407
-8208
-7436
-6344
-5163
-3768
-2097
-474
861
2099
3222
3819
3901
3865
3599
2743
1626
682
-314
-1513
-2440
-2883
-3126
-3093
-2427
-1232
200
1906
3975
6253
8398
10131
11522
12686
13312
13039
12241
11245
9652
7440
5370
3523
1291
-946
-2335
-3293
-4438
-5121
-4984
-4802
-4772
-4276
-3550
-3323
-3361
-3221
-3305
-3909
-4636
-5308
-6159
-7074
-7721
-8089
-8303
-8227
-7683
-6732
-5571
-4255
-2718
-1060
400
1642
2817
3635
3876
3870
3750
3126
2040
1059
147
-1020
-2111
-2693
-3006
-3163
-2760
-1749
-467
1058
2972
5151
7316
9172
10648
11917
12825
12903
12264
11430
10189
8175
6044
4237
2167
-190
-1867
-2868
-4031
-5015
-5105
-4870
-4859
-4528
-3756
-3298
-3239
-3032
-2877
-3217
-3835
-4462
-5223
-6112
-6885
-7474
-7902
-8070
-7884
-7302
-6360
-5233
-3950
-2444
-895
443
1606
2625
3201
3363
3384
3081
2261
1287
444
-527
-1601
-2346
-2688
-2822
-2599
-1772
-493
1013
2794
4915
7209
9201
10718
12078
13212
13504
12934
12169
11063
9059
6761
4860
2754
134
-1893
-3030
-4279
-5550
-5861
-5585
-5617
-5421
-4577
-3938
-3862
-3663
-3326
-3519
-4156
-4727
-5370
-6239
-7035
-7569
-7921
-8085
-7895
-7245
-6208
-5009
-3661
-2041
-349
1069
2316
3455
4123
4279
4299
4056
3193
2093
1174
130
-1141
-2085
-2581
-2960
-3000
-2359
-1283
-3
1657
3712
5887
7932
9641
11045
12219
12843
12594
11841
10888
9270
7057
5059
3174
808
-1438
-2736
-3734
-4999
-5637
-5377
-5215
-5202
-4584
-3773
-3585
-3581
-3274
-3272
-3899
-4593
-5144
-5941
-6875
-7491
-7820
-8070
-8063
-7517
-6572
-5500
-4263
-2699
-1037
392
1663
2879
3693
3993
4094
3976
3305
2274
1359
404
-810
-1853
-2419
-2741
-2835
-2345
-1265
91
1686
3678
5966
8099
9792
11258
12569
13261
13022
12368
11511
9904
7664
5658
3769
1320
-1046
-2454
-3562
-4942
-5712
-5556
-5435
-5449
-4843
-3976
-3678
-3575
-3155
-3008
-3523
-4133
-4618
-5398
-6368
-7065
-7516
-7945
-8109
-7754
-7041
-6185
-5082
-3632
-2089
-689
623
1882
2795
3240
3461
3465
2948
2069
1219
346
-762
-1776
-2322
-2553
-2583
-2090
-915
571
2198
4241
6703
8915
10570
12087
13510
14104
13707
13041
12090
10193
7758
5676
3537
805
-1626
-3096
-4426
-5885
-6533
-6396
-6362
-6232
-5448
-4612
-4305
-4017
-3529
-3485
-3951
-4454
-5007
-5838
-6678
-7271
-7749
-8078
-8021
-7520
-6697
-5627
-4323
-2779
-1115
423
1793
3044
3942
4340
4467
4348
3693
2648
1640
585
-697
-1837
-2510
-2929
-3116
-2676
-1617
-283
1300
3334
5677
7874
9655
11204
12610
13403
13232
12598
11769
10191
7903
5791
3865
1403
-1068
-2575
-3668
-5025
-5834
-5665
-5453
-5412
-4782
-3843
-3499
-3418
-3033
-2905
-3467
-4202
-4810
-5660
-6678
-7426
-7910
-8288
-8389
-7957
-7112
-6082
-4858
-3323
-1654
-155
1193
2461
3372
3756
3893
3822
3214
2194
1221
215
-1034
-2130
-2744
-3101
-3243
-2787
-1660
-225
1410
3455
5871
8131
9910
11484
12957
13700
13433
12827
12010
10316
7951
5890
3902
1293
-1152
-2582
-3807
-5258
-5966
-5787
-5701
-5644
-4912
-4014
-3672
-3457
-3008
-2884
-3332
-3954
-4595
-5428
-6383
-7188
-7753
-8142
-8306
-8032
-7247
-6249
-5142
-3675
-1997
-522
803
2158
3139
3532
3747
3775
3207
2245
1370
401
-830
-1828
-2312
-2601
-2657
-2058
-797
731
2456
4631
7110
9270
10916
12509
13893
14259
13717
13085
12039
9879
7419
5452
3137
211
-2014
-3330
-4871
-6339
-6680
-6513
-6638
-6359
-5355
-4631
-4406
-3954
-3439
-3529
-4012
-4469
-5106
-6018
-6865
-7460
-7905
-8183
-8111
-7536
-6564
-5458
-4123
-2444
-792
630
2047
3348
4066
4337
4540
4313
3444
2468
1554
323
-1041
-1946
-2467
-2893
-2902
-2177
-940
522
2327
4627
7068
9052
10698
12392
13617
13680
13146
12608
11262
8874
6660
4798
2182
-686
-2410
-3647
-5367
-6484
-6376
-6291
-6479
-5810
-4663
-4228
-4060
-3414
-3025
-3419
-3938
-4366
-5157
-6200
-7003
-7568
-8054
-8336
-8168
-7495
-6532
-5420
-3987
-2275
-696
679
2124
3334
3881
4107
4281
3907
2928
1994
1094
-175
-1442
-2118
-2479
-2780
-2502
-1406
-8
1521
3577
6103
8369
10108
11845
13467
14137
13831
13368
12540
10571
8138
6165
3931
964
-1486
-2910
-4485
-6166
-6712
-6550
-6717
-6594
-5571
-4671
-4386
-3901
-3187
-3086
-3485
-3867
-4409
-5303
-6240
-7004
-7661
-8152
-8355
-8143
-7445
-6483
-5365
-3877
-2154
-628
769
2228
3295
3745
4047
4152
3555
2574
1741
757
-574
-1608
-2080
-2444
-2582
-1901
-584
825
2539
4929
7447
9394
11123
12959
14185
14256
13843
13304
11835
9400
7158
5095
2293
-640
-2514
-3968
-5785
-6939
-6954
-6946
-7059
-6347
-5228
-4715
-4385
-3646
-3205
-3466
-3847
-4221
-4987
-5945
-6672
-7260
-7842
-8159
-7988
-7396
-6548
-5450
-4013
-2350
-770
731
2247
3432
4037
4404
4603
4184
3242
2306
1308
-52
-1323
-2059
-2561
-2949
-2709
-1698
-372
1122
3150
5643
7884
9656
11450
13113
13808
13574
13210
12419
10471
8110
6180
3915
943
-1451
-2892
-4493
-6108
-6618
-6485
-6633
-6414
-5357
-4493
-4201
-3688
-3002
-2947
-3377
-3742
-4281
-5240
-6166
-6790
-7362
-7903
-8060
-7660
-6952
-6066
-4842
-3279
-1706
-267
1252
2660
3508
3936
4246
4192
3498
2560
1656
497
-839
-1842
-2422
-2835
-2949
-2366
-1151
305
2021
4262
6733
8782
10495
12296
13665
13887
13515
13091
11862
9586
7392
5451
2808
-89
-1990
-3406
-5179
-6408
-6506
-6497
-6650
-6058
-4976
-4449
-4166
-3518
-3071
-3321
-3763
-4145
-4868
-5861
-6657
-7208
-7764
-8139
-8036
-7478
-6695
-5669
-4276
-2686
-1184
280
1796
2994
3655
4043
4247
3923
3104
2221
1265
17
-1176
-1901
-2327
-2612
-2377
-1393
-19
1512
3492
5932
8136
9870
11607
13230
13876
13605
13223
12395
10440
8099
6154
3831
854
-1500
-2966
-4634
-6272
-6767
-6659
-6852
-6642
-5589
-4747
-4466
-3922
-3214
-3156
-3574
-3899
-4391
-5327
-6224
-6803
-7353
-7864
-7958
-7542
-6854
-5973
-4736
-3191
-1649
-227
1254
2621
3457
3880
4175
4097
3386
2464
1568
421
-933
-1903
-2407
-2799
-2885
-2203
-900
547
2316
4699
7167
9104
10821
12669
13870
13913
13530
13041
11586
9218
7102
5085
2283
-549
-2285
-3730
-5543
-6611
-6594
-6632
-6747
-6006
-4920
-4488
-4176
-3442
-3059
-3380
-3784
-4155
-4948
-5942
-6643
-7191
-7763
-8081
-7888
-7291
-6463
-5377
-3952
-2359
-833
643
2114
3255
3865
4205
4335
3920
3031
2096
1074
-243
-1477
-2200
-2638
-2921
-2626
-1558
-130
1475
3584
6116
8334
10093
11898
13507
14042
13726
13331
12374
10279
7939
5993
3555
541
-1715
-3145
-4869
-6419
-6778
-6698
-6893
-6547
-5423
-4658
-4379
-3737
-3073
-3131
-3545
-3847
-4456
-5487
-6366
-6957
-7578
-8097
-8128
-7679
-6970
-5998
-4665
-3087
-1519
1
1551
2879
3721
4188
4459
4289
3569
2658
1699
475
-860
-1800
-2347
-2747
-2752
-1990
-693
797
2667
5096
7505
9390
11156
12957
13966
13900
13531
12908
11217
8823
6762
4590
1640
-1056
-2713
-4310
-6109
-6948
-6896
-7016
-6959
-6001
-4946
-4495
-3943
-3095
-2769
-3054
-3355
-3785
-4670
-5675
-6457
-7149
-7814
-8184
-8068
-7554
-6781
-5722
-4295
-2669
-1133
372
1896
3069
3715
4139
4302
3858
3008
2143
1104
-234
-1374
-2016
-2440
-2649
-2171
-987
463
2176
4469
7015
9128
10916
12774
14181
14465
14096
13595
12317
10011
7685
5575
2819
-211
-2314
-3880
-5751
-7125
-7334
-7339
-7485
-6876
-5712
-5053
-4648
-3841
-3228
-3359
-3715
-4013
-4707
-5716
-6516
-7146
-7810
-8247
-8168
-7682
-6927
-5873
-4464
-2828
-1210
359
1922
3217
4010
4479
4714
4420
3588
2650
1638
294
-1084
-1980
-2513
-2927
-2829
-1922
-580
950
2971
5493
7831
9695
11545
13297
14139
14000
13630
12858
10999
8634
6570
4234
1223
-1324
-2912
-4565
-6269
-6929
-6815
-6900
-6679
-5594
-4587
-4144
-3523
-2692
-2485
-2851
-3198
-3738
-4727
-5762
-6572
-7351
-8057
-8374
-8213
-7702
-6902
-5776
-4316
-2698
-1134
401
1884
3000
3615
4010
4092
3542
2633
1753
654
-743
-1829
-2378
-2778
-2917
-2233
-902
584
2438
4937
7478
9480
11331
13227
14425
14514
14169
13563
11982
9595
7367
5135
2195
-714
-2647
-4268
-6112
-7231
-7303
-7321
-7309
-6484
-5315
-4692
-4186
-3332
-2833
-3033
-3371
-3748
-4555
-5572
-6380
-7050
-7712
-8094
-7979
-7454
-6656
-5560
-4116
-2464
-849
706
2253
3488
4202
4620
4795
4395
3493
2523
1437
15
-1339
-2207
-2774
-3159
-2956
-1994
-653
937
3062
5590
7886
9761
11643
13329
14061
13896
13499
12632
10666
8289
6242
3834
780
-1682
-3231
-4907
-6540
-7065
-6939
-7026
-6717
-5571
-4614
-4231
-3613
-2846
-2748
-3174
-3552
-4137
-5160
-6142
-6835
-7506
-8111
-8278
-7917
-7245
-6345
-5088
-3522
-1919
-376
1205
2642
3584
4135
4503
4445
3776
2874
1937
712
-672
-1704
-2343
-2826
-2922
-2289
-1108
343
2167
4520
6961
8997
10808
12615
13865
14073
13738
13182
11785
9502
7302
5202
2427
-462
-2402
-3930
-5707
-6862
-6978
-6981
-7013
-6273
-5146
-4531
-4094
-3327
-2824
-2994
-3361
-3818
-4621
-5631
-6500
-7244
-7924
-8380
-8434
-7986
-7182
-6188
-4883
-3242
-1581
-60
1482
2858
3665
4102
4420
4240
3439
2518
1570
307
-977
-1803
-2333
-2694
-2530
-1630
-327
1223
3261
5693
7989
9899
11719
13383
14236
14155
13749
12927
11098
8728
6607
4248
1251
-1345
-3026
-4709
-6417
-7111
-7075
-7194
-6992
-5943
-4968
-4564
-3972
-3172
-2971
-3296
-3602
-4111
-5062
-6001
-6679
-7317
-7920
-8144
-7859
-7230
-6347
-5170
-3654
-2015
-457
1101
2600
3657
4220
4618
4705
4138
3207
2278
1115
-332
-1505
-2235
-2816
-3117
-2713
-1675
-350
1325
3547
6008
8166
10033
11905
13408
13919
13697
13272
12187
10082
7801
5760
3200
233
-1948
-3431
-5145
-6556
-6854
-6760
-6854
-6360
-5206
-4456
-4114
-3451
-2809
-2876
-3288
-3662
-4331
-5360
-6264
-6923
-7583
-8117
-8198
-7780
-7073
-6112
-4816
-3224
-1602
-63
1512
2901
3774
4270
4601
4488
3769
2848
1894
645
-732
-1724
-2361
-2866
-2962
-2331
-1173
229
2040
4367
6773
8793
10638
12463
13698
13940
13684
13153
11747
9520
7342
5206
2456
-355
-2301
-3863
-5596
-6725
-6883
-6879
-6871
-6163
-5068
-4435
-3972
-3213
-2694
-2817
-3156
-3538
-4303
-5330
-6183
-6900
-7640
-8149
-8192
-7838
-7187
-6228
-4922
-3378
-1783
-206
1337
2649
3526
4072
4368
4190
3506
2632
1655
437
-822
-1736
-2324
-2711
-2653
-1913
-697
777
2684
5038
7382
9360
11163
12855
13908
14034
13674
12968
11416
9165
6980
4767
2031
-667
-2550
-4097
-5732
-6752
-6871
-6864
-6808
-6098
-5080
-4517
-4130
-3459
-3035
-3254
-3670
-4068
-4818
-5808
-6580
-7148
-7728
-8096
-7939
-7379
-6602
-5557
-4135
-2529
-982
527
2018
3222
3934
4363
4556
4234
3415
2471
1466
181
-1125
-2028
-2618
-3022
-2947
-2202
-1025
431
2313
4606
6894
8857
10617
12240
13305
13490
13143
12466
11045
8902
6762
4675
2100
-540
-2372
-3790
-5361
-6395
-6467
-6395
-6388
-5719
-4676
-4152
-3856
-3219
-2820
-3138
-3613
-4011
-4789
-5825
-6590
-7122
-7703
-8059
-7861
-7281
-6511
-5444
-4029
-2441
-891
594
2057
3265
3985
4382
4588
4317
3491
2541
1582
340
-962
-1875
-2437
-2830
-2787
-2057
-888
529
2354
4598
6864
8801
10515
12103
13168
13366
12992
12319
10948
8825
6671
4608
2082
-547
-2403
-3804
-5337
-6375
-6469
-6392
-6372
-5748
-4742
-4222
-3922
-3327
-2962
-3274
-3730
-4125
-4884
-5875
-6594
-7112
-7669
-7963
-7760
-7188
-6410
-5346
-3960
-2395
-860
606
2032
3218
3953
4348
4542
4288
3505
2549
1585
396
-898
-1875
-2484
-2894
-2925
-2318
-1220
159
1902
4053
6342
8372
10101
11694
12915
13318
13021
12410
11251
9291
7101
5077
2759
143
-1910
-3299
-4732
-5939
-6251
-6125
-6131
-5772
-4853
-4200
-3986
-3568
-3138
-3329
-3880
-4323
-4953
-5953
-6792
-7307
-7812
-8197
-8074
-7504
-6755
-5729
-4326
-2749
-1190
327
1798
3052
3888
4362
4581
4417
3762
2835
1867
759
-504
-1566
-2210
-2597
-2703
-2236
-1189
173
1797
3837
6137
8223
9948
11531
12853
13404
13175
12597
11588
9758
7529
5474
3279
673
-1576
-3041
-4400
-5727
-6245
-6121
-6101
-5891
-5042
-4251
-3980
-3653
-3184
-3230
-3762
-4213
-4781
-5755
-6664
-7231
-7758
-8205
-8188
-7714
-7027
-6027
-4666
-3136
-1553
34
1522
2816
3780
4331
4547
4453
3898
2945
1908
822
-450
-1643
-2429
-2912
-3151
-2868
-1974
-730
803
2740
4961
7135
9032
10673
12077
12974
13082
12613
11802
10385
8313
6185
4188
1846
-588
-2299
-3517
-4829
-5718
-5730
-5573
-5550
-4995
-4071
-3647
-3508
-3092
-2896
-3353
-3943
-4428
-5244
-6290
-7009
-7481
-7959
-8163
-7844
-7177
-6292
-5114
-3645
-2046
-503
919
2259
3358
3983
4227
4264
3910
3041
2020
1051
-112
-1371
-2269
-2786
-3103
-3040
-2353
-1221
182
1948
4067
6295
8316
10031
11527
12700
13148
12840
12163
11072
9212
7021
5051
2920
421
-1617
-2894
-4159
-5343
-5661
-5466
-5487
-5233
-4366
-3719
-3601
-3298
-2926
-3169
-3786
-4250
-4897
-5922
-6773
-7266
-7735
-8084
-7922
-7334
-6520
-5432
-4041
-2481
-906
586
1945
3143
3979
4338
4399
4219
3568
2545
1511
450
-795
-1934
-2629
-3037
-3197
-2857
-1942
-681
876
2777
4907
7061
8936
10471
11785
12692
12772
12203
11396
10076
8019
5882
4011
1824
-564
-2256
-3349
-4578
-5521
-5562
-5359
-5366
-4951
-4100
-3648
-3566
-3284
-3105
-3520
-4136
-4671
-5428
-6362
-7068
-7528
-7877
-7960
-7633
-6938
-5941
-4697
-3288
-1711
-109
1279
2499
3589
4254
4407
4349
4056
3249
2145
1138
82
-1162
-2153
-2682
-3015
-3057
-2521
-1502
-203
1409
3345
5408
7425
9184
10588
11734
12434
12351
11687
10802
9379
7325
5295
3474
1335
-877
-2362
-3382
-4520
-5268
-5214
-5033
-5001
-4537
-3764
-3418
-3372
-3161
-3119
-3591
-4246
-4849
-5617
-6514
-7191
-7589
-7835
-7858
-7471
-6662
-5583
-4338
-2894
-1282
260
1579
2788
3796
4293
4375
4297
3898
2990
1928
929
-206
-1376
-2239
-2815
-3204
-3137
-2535
-1618
-368
1317
3181
5083
7126
8968
10270
11303
12127
12191
11499
10642
9455
7522
5451
3752
1839
-387
-1986
-2900
-3942
-4842
-4910
-4689
-4738
-4482
-3764
-3422
-3535
-3463
-3384
-3857
-4596
-5168
-5855
-6755
-7409
-7702
-7904
-7948
-7530
-6674
-5609
-4397
-2973
-1421
70
1379
2536
3487
3971
4054
3975
3622
2778
1728
772
-252
-1381
-2255
-2772
-3119
-3120
-2548
-1590
-392
1174
3038
4976
6962
8794
10180
11250
12086
12268
11702
10869
9709
7901
5893
4164
2273
74
-1596
-2585
-3622
-4541
-4727
-4581
-4635
-4417
-3759
-3426
-3523
-3460
-3398
-3845
-4523
-5079
-5790
-6682
-7291
-7583
-7852
-7909
-7460
-6661
-5656
-4406
-2963
-1488
-14
1388
2576
3468
4011
4200
4128
3765
3013
2032
1032
-20
-1092
-1975
-2603
-3027
-3095
-2622
-1805
-732
747
2518
4355
6276
8175
9657
10714
11614
12040
11653
10851
9857
8289
6283
4513
2803
715
-1151
-2247
-3157
-4170
-4621
-4485
-4473
-4471
-3968
-3468
-3513
-3625
-3504
-3725
-4420
-5043
-5595
-6400
-7158
-7512
-7718
-7877
-7635
-6902
-5964
-4869
-3526
-2045
-592
785
2039
3030
3678
3968
3988
3746
3143
2231
1242
247
-815
-1803
-2506
-2998
-3258
-3013
-2304
-1373
-139
1548
3384
5209
7138
8886
10131
11075
11822
11895
11237
10371
9211
7434
5503
3859
2058
26
-1444
-2330
-3293
-4100
-4210
-4078
-4140
-3953
-3412
-3200
-3395
-3422
-3458
-3969
-4729
-5340
-6013
-6842
-7433
-7685
-7821
-7779
-7295
-6406
-5335
-4122
-2715
-1212
205
1475
2582
3426
3859
3964
3870
3462
2669
1704
753
-268
-1321
-2133
-2694
-3099
-3134
-2630
-1833
-806
664
2456
4239
6080
7990
9502
10540
11415
11903
11563
10728
9799
8372
6402
4602
2989
1045
-840
-1957
-2784
-3792
-4322
-4189
-4142
-4226
-3821
-3299
-3343
-3530
-3448
-3635
-4363
-5048
-5543
-6284
-7087
-7464
-7557
-7657
-7480
-6745
-5729
-4662
-3387
-1886
-405
885
2065
3112
3784
4008
4012
3810
3198
2260
1296
321
-811
-1822
-2518
-3053
-3402
-3228
-2588
-1749
-564
1097
2881
4619
6544
8374
9660
10598
11396
11592
11025
10204
9183
7547
5621
3982
2301
350
-1230
-2187
-3092
-3959
-4209
-4081
-4122
-4035
-3554
-3256
-3384
-3469
-3479
-3896
-4634
-5224
-5816
-6623
-7283
-7539
-7638
-7674
-7293
-6438
-5407
-4272
-2899
-1373
25
1275
2458
3403
3889
4014
3969
3643
2913
1971
1024
-10
-1092
-1946
-2533
-3001
-3185
-2835
-2098
-1154
147
1822
3559
5308
7182
8873
10038
10882
11531
11577
10953
10079
8947
7277
5400
3756
2076
201
-1318
-2260
-3139
-3925
-4139
-4040
-4085
-3994
-3567
-3337
-3518
-3656
-3742
-4236
-4993
-5609
-6234
-7031
-7618
-7804
-7855
-7777
-7255
-6304
-5208
-3973
-2534
-1027
356
1595
2692
3496
3905
3971
3815
3402
2654
1692
726
-254
-1266
-2093
-2632
-3015
-3184
-2837
-2058
-1132
60
1675
3395
5022
6777
8477
9614
10343
11018
11244
10672
9794
8844
7382
5563
4021
2565
784
-777
-1672
-2422
-3267
-3626
-3546
-3641
-3721
-3410
-3201
-3478
-3754
-3873
-4319
-5093
-5722
-6289
-7027
-7602
-7735
-7711
-7634
-7166
-6236
-5156
-4006
-2651
-1223
82
1226
2290
3110
3517
3574
3473
3165
2494
1595
719
-160
-1130
-1911
-2356
-2700
-2907
-2597
-1804
-930
131
1667
3332
4839
6477
8175
9332
10007
10701
11068
10596
9743
8926
7642
5856
4327
2988
1264
-418
-1357
-2069
-2999
-3520
-3479
-3553
-3749
-3515
-3206
-3426
-3768
-3843
-4146
-4870
-5512
-6010
-6684
-7283
-7436
-7396
-7340
-6958
-6111
-5070
-3956
-2679
-1339
-74
1076
2106
2916
3373
3471
3359
3093
2538
1705
825
-8
-893
-1707
-2201
-2519
-2821
-2737
-2094
-1282
-436
821
2435
3892
5340
7048
8469
9226
9882
10569
10532
9780
9046
8179
6648
4999
3773
2369
592
-681
-1339
-2192
-3077
-3316
-3320
-3631
-3748
-3459
-3481
-3914
-4134
-4251
-4773
-5475
-5950
-6440
-7039
-7340
-7291
-7207
-6999
-6347
-5389
-4355
-3219
-1967
-724
428
1478
2342
2944
3215
3223
3080
2751
2124
1314
564
-170
-951
-1572
-1941
-2242
-2403
-2077
-1375
-675
246
1621
3109
4453
5974
7559
8625
9305
10058
10500
10108
9380
8714
7600
5960
4530
3287
1618
-53
-1015
-1759
-2797
-3481
-3546
-3725
-4053
-3931
-3668
-3945
-4299
-4297
-4502
-5165
-5711
-6030
-6561
-7076
-7141
-7012
-6961
-6616
-5792
-4836
-3883
-2763
-1509
-359
679
1656
2455
2917
3097
3120
2990
2582
1909
1201
518
-260
-1012
-1520
-1899
-2256
-2303
-1864
-1276
-617
443
1834
3187
4541
6132
7571
8490
9257
10025
10253
9785
9185
8497
7240
5681
4389
3051
1341
-119
-991
-1872
-2876
-3377
-3463
-3745
-3987
-3802
-3679
-4007
-4249
-4237
-4547
-5179
-5602
-5895
-6419
-6829
-6802
-6692
-6651
-6238
-5408
-4529
-3661
-2567
-1357
-310
641
1580
2329
2716
2873
2930
2796
2331
1688
1069
386
-415
-1115
-1582
-1980
-2344
-2346
-1901
-1370
-726
369
1771
3076
4434
6070
7512
8431
9258
10080
10282
9811
9302
8661
7359
5801
4556
3203
1447
18
-829
-1777
-2825
-3281
-3358
-3700
-3946
-3717
-3623
-3956
-4110
-4067
-4417
-5010
-5342
-5644
-6201
-6567
-6553
-6544
-6523
-6092
-5331
-4579
-3714
-2604
-1463
-453
538
1498
2220
2646
2875
2951
2815
2414
1801
1138
457
-334
-1076
-1595
-2009
-2411
-2486
-2074
-1540
-941
93
1492
2813
4143
5775
7272
8225
9050
9924
10236
9826
9322
8743
7536
6010
4770
3470
1742
254
-632
-1566
-2638
-3181
-3324
-3665
-3934
-3752
-3646
-3946
-4121
-4090
-4376
-4922
-5300
-5633
-6166
-6560
-6624
-6647
-6636
-6276
-5600
-4836
-3935
-2851
-1743
-667
392
1369
2136
2669
2950
3016
2932
2604
1983
1276
604
-151
-958
-1536
-1947
-2365
-2514
-2170
-1620
-1065
-135
1251
2612
3885
5437
7011
8065
8848
9716
10192
9892
9353
8844
7822
6318
5003
3783
2170
583
-424
-1282
-2343
-3059
-3249
-3493
-3801
-3743
-3575
-3745
-3956
-3956
-4134
-4612
-5045
-5377
-5830
-6253
-6427
-6470
-6455
-6186
-5620
-4903
-4060
-3076
-2007
-930
126
1080
1874
2475
2824
2946
2907
2640
2092
1419
745
2
-821
-1492
-1969
-2398
-2655
-2516
-2091
-1575
-803
395
1729
3005
4429
5993
7277
8172
9017
9692
9745
9326
8861
8132
6837
5434
4238
2867
1260
-3
-855
-1802
-2699
-3087
-3234
-3540
-3713
-3569
-3541
-3781
-3929
-3989
-4311
-4806
-5163
-5492
-5932
-6252
-6314
-6267
-6159
-5771
-5099
-4321
-3465
-2444
-1343
-334
614
1519
2227
2642
2862
2933
2737
2289
1714
1062
297
-496
-1180
-1762
-2242
-2562
-2602
-2356
-1893
-1232
-286
909
2206
3526
4954
6358
7441
8278
9044
9487
9349
8931
8431
7539
6247
5028
3875
2460
1034
38
-802
-1764
-2450
-2720
-3015
-3372
-3440
-3391
-3601
-3873
-3969
-4169
-4605
-4999
-5280
-5662
-6030
-6170
-6174
-6125
-5876
-5367
-4722
-3938
-3027
-2053
-1049
-59
820
1576
2186
2572
2728
2704
2519
2085
1494
875
197
-538
-1189
-1684
-2101
-2379
-2349
-2054
-1602
-940
26
1191
2396
3684
5051
6324
7333
8161
8832
9160
9020
8635
8095
7184
5980
4804
3656
2282
949
-18
-871
-1813
-2485
-2785
-3120
-3503
-3584
-3573
-3819
-4080
-4147
-4344
-4789
-5117
-5337
-5701
-6045
-6111
-6060
-6020
-5759
-5200
-4556
-3841
-2931
-1933
-1009
-126
751
1508
2024
2337
2496
2465
2212
1773
1252
651
-42
-721
-1259
-1695
-2063
-2236
-2094
-1732
-1230
-470
574
1737
2913
4223
5605
6759
7653
8459
9064
9199
8952
8568
7923
6831
5632
4533
3275
1852
680
-208
-1147
-2014
-2483
-2794
-3209
-3454
-3435
-3539
-3811
-3941
-4031
-4336
-4711
-4953
-5240
-5628
-5848
-5862
-5869
-5764
-5383
-4821
-4175
-3362
-2422
-1473
-538
373
1203
1858
2341
2604
2669
2582
2288
1812
1242
621
-57
-726
-1251
-1667
-2023
-2176
-2017
-1654
-1160
-424
577
1682
2801
4048
5347
6410
7220
7961
8520
8609
8345
7978
7342
6307
5208
4204
3019
1673
608
-205
-1112
-1930
-2391
-2744
-3180
-3428
-3452
-3629
-3930
-4077
-4201
-4515
-4869
-5120
-5422
-5763
-5927
-5946
-5943
-5804
-5428
-4900
-4252
-3469
-2599
-1723
-838
38
806
1446
1917
2191
2319
2298
2077
1678
1186
646
49
-536
-1022
-1442
-1784
-1905
-1746
-1421
-958
-241
723
1779
2899
4144
5377
6384
7220
8000
8510
8558
8344
8010
7347
6342
5307
4275
3016
1710
685
-197
-1165
-1965
-2422
-2821
-3244
-3436
-3479
-3681
-3924
-4009
-4125
-4450
-4776
-5010
-5298
-5621
-5791
-5824
-5829
-5702
-5337
-4807
-4188
-3449
-2602
-1708
-833
18
802
1442
1891
2177
2348
2324
2079
1691
1248
719
119
-432
-902
-1333
-1645
-1734
-1594
-1307
-834
-108
816
1847
2966
4180
5376
6387
7240
8001
8498
8588
8406
8072
7422
6459
5441
4397
3158
1882
857
-47
-1012
-1798
-2272
-2686
-3104
-3310
-3367
-3558
-3804
-3888
-4003
-4321
-4642
-4876
-5174
-5517
-5702
-5767
-5815
-5737
-5417
-4939
-4382
-3701
-2885
-2021
-1173
-330
450
1095
1576
1901
2084
2081
1882
1525
1075
549
-45
-635
-1154
-1588
-1924
-2051
-1936
-1633
-1156
-432
535
1609
2748
3979
5206
6265
7147
7908
8411
8526
8361
8016
7391
6463
5453
4404
3235
2028
1025
165
-704
-1427
-1876
-2218
-2568
-2758
-2831
-3009
-3243
-3384
-3558
-3907
-4293
-4604
-4958
-5339
-5584
-5699
-5776
-5712
-5411
-4945
-4402
-3713
-2889
-2042
-1185
-330
447
1089
1594
1929
2099
2099
1912
1545
1088
573
-27
-633
-1148
-1570
-1906
-2045
-1945
-1664
-1210
-511
411
1441
2552
3761
4960
6022
6925
7690
8211
8397
8298
7978
7396
6560
5581
4553
3446
2291
1268
404
-405
-1128
-1619
-1962
-2290
-2529
-2651
-2802
-3059
-3281
-3491
-3835
-4241
-4608
-4984
-5381
-5666
-5809
-5883
-5834
-5567
-5129
-4566
-3865
-3058
-2203
-1333
-473
302
956
1466
1801
1952
1950
1773
1411
947
434
-147
-738
-1237
-1657
-1993
-2152
-2091
-1840
-1420
-788
46
987
2050
3188
4305
5340
6245
6993
7528
7816
7813
7555
7096
6412
5560
4626
3629
2581
1597
752
-23
-729
-1280
-1687
-2035
-2319
-2501
-2693
-2946
-3180
-3402
-3710
-4086
-4440
-4798
-5161
-5431
-5578
-5661
-5609
-5359
-4948
-4425
-3758
-2976
-2174
-1333
-482
281
905
1421
1797
1987
2012
1898
1622
1207
749
259
-271
-775
-1178
-1493
-1676
-1685
-1498
-1150
-634
68
926
1885
2884
3902
4900
5786
6495
7050
7404
7473
7291
6953
6414
5650
4792
3920
2969
1987
1127
380
-373
-1024
-1486
-1888
-2282
-2576
-2784
-3053
-3351
-3603
-3862
-4216
-4568
-4862
-5152
-5411
-5557
-5607
-5544
-5342
-5001
-4526
-3926
-3244
-2513
-1749
-970
-264
340
887
1300
1517
1609
1607
1434
1107
735
334
-146
-624
-1006
-1321
-1566
-1655
-1559
-1310
-914
-340
412
1263
2189
3169
4173
5089
5883
6548
7047
7326
7352
7184
6842
6264
5522
4731
3861
2903
1967
1157
370
-387
-975
-1434
-1887
-2266
-2518
-2749
-3062
-3324
-3529
-3820
-4168
-4441
-4687
-4978
-5192
-5261
-5263
-5192
-4960
-4572
-4089
-3539
-2867
-2146
-1433
-730
-50
537
1003
1346
1565
1645
1559
1350
1044
656
196
-274
-705
-1100
-1427
-1608
-1644
-1535
-1253
-802
-183
578
1453
2400
3368
4331
5237
6003
6618
7077
7295
7272
7076
6680
6061
5309
4498
3606
2648
1745
930
144
-564
-1126
-1593
-2023
-2369
-2625
-2887
-3175
-3425
-3668
-3968
-4287
-4557
-4813
-5063
-5234
-5285
-5254
-5137
-4865
-4448
-3957
-3372
-2693
-1977
-1288
-605
35
565
972
1269
1441
1455
1354
1150
844
460
66
-340
-732
-1068
-1298
-1425
-1426
-1244
-905
-441
183
962
1830
2724
3669
4614
5438
6130
6710
7089
7200
7114
6853
6358
5656
4882
4032
3091
2151
1305
512
-248
-870
-1342
-1769
-2149
-2404
-2618
-2863
-3099
-3296
-3544
-3840
-4100
-4343
-4611
-4832
-4947
-4992
-4951
-4781
-4470
-4062
-3568
-2957
-2288
-1621
-952
-305
270
738
1112
1360
1458
1439
1301
1060
724
333
-89
-501
-881
-1182
-1399
-1501
-1444
-1230
-861
-342
327
1119
1996
2922
3869
4771
5555
6213
6723
7014
7069
6921
6578
6017
5306
4507
3629
2696
1786
953
162
-540
-1115
-1585
-1989
-2313
-2549
-2771
-2977
-3173
-3377
-3601
-3840
-4087
-4332
-4555
-4737
-4850
-4877
-4808
-4638
-4358
-3949
-3448
-2889
-2272
-1606
-963
-373
183
660
989
1201
1320
1306
1141
902
598
210
-207
-591
-945
-1257
-1459
-1517
-1449
-1250
-854
-297
379
1180
2090
3028
3959
4839
5617
6233
6662
6901
6894
6672
6244
5638
4901
4059
3162
2254
1385
586
-127
-735
-1236
-1637
-1944
-2167
-2357
-2527
-2689
-2870
-3071
-3296
-3545
-3832
-4111
-4348
-4552
-4687
-4718
-4650
-4469
-4163
-3730
-3206
-2617
-1965
-1295
-643
-30
513
952
1255
1448
1526
1455
1267
991
636
221
-198
-595
-956
-1259
-1436
-1474
-1377
-1131
-702
-125
577
1396
2274
3190
4091
4904
5600
6157
6518
6666
6600
6344
5882
5255
4521
3705
2839
1974
1163
421
-255
-822
-1271
-1654
-1957
-2188
-2381
-2582
-2782
-2980
-3228
-3503
-3785
-4067
-4347
-4589
-4751
-4846
-4845
-4721
-4472
-4099
-3627
-3066
-2427
-1752
-1087
-440
163
667
1045
1315
1477
1479
1355
1135
836
452
35
-374
-760
-1101
-1351
-1468
-1468
-1330
-1028
-573
-1
690
1489
2330
3166
3997
4754
5383
5868
6197
6329
6249
6001
5598
5025
4349
3610
2845
2068
1319
667
66
-459
-888
-1222
-1511
-1755
-1971
-2180
-2395
-2641
-2899
-3188
-3488
-3792
-4067
-4300
-4465
-4562
-4548
-4419
-4174
-3820
-3368
-2825
-2226
-1593
-967
-352
180
623
983
1226
1342
1337
1227
1015
727
382
21
-341
-692
-988
-1193
-1306
-1315
-1193
-943
-564
-64
550
1244
1977
2752
3522
4230
4852
5358
5726
5928
5968
5830
5527
5094
4533
3897
3220
2508
1801
1149
545
-11
-488
-892
-1253
-1589
-1879
-2150
-2445
-2738
-3019
-3323
-3646
-3931
-4192
-4424
-4598
-4670
-4648
-4540
-4312
-3964
-3537
-3031
-2462
-1857
-1256
-686
-155
295
653
908
1040
1075
1005
825
585
299
-28
-358
-673
-932
-1145
-1288
-1299
-1233
-1051
-753
-333
182
768
1448
2165
2873
3582
4238
4794
5233
5550
5728
5718
5566
5285
4867
4343
3753
3122
2463
1798
1198
624
87
-390
-799
-1171
-1518
-1827
-2119
-2412
-2699
-2987
-3278
-3568
-3836
-4064
-4261
-4384
-4432
-4397
-4264
-4024
-3697
-3292
-2806
-2273
-1720
-1167
-631
-154
250
568
786
897
913
839
665
442
184
-107
-395
-658
-870
-1032
-1111
-1076
-971
-757
-418
4
501
1079
1726
2377
3031
3698
4297
4785
5194
5495
5644
5630
5501
5248
4840
4342
3801
3187
2512
1863
1244
635
57
-450
-911
-1357
-1736
-2068
-2402
-2732
-3024
-3295
-3578
-3837
-4054
-4242
-4391
-4469
-4468
-4397
-4252
-4000
-3662
-3259
-2803
-2292
-1771
-1248
-751
-305
84
386
595
707
741
678
535
342
112
-150
-415
-650
-850
-1013
-1110
-1105
-1016
-855
-587
-219
233
746
1330
1972
2605
3228
3835
4382
4819
5156
5383
5464
5386
5199
4897
4473
3960
3411
2813
2184
1570
988
428
-106
-570
-1008
-1424
-1807
-2158
-2497
-2836
-3148
-3446
-3737
-3983
-4191
-4341
-4438
-4460
-4388
-4229
-3983
-3666
-3272
-2817
-2325
-1823
-1316
-841
-410
-51
245
457
567
608
579
484
318
133
-57
-276
-477
-633
-748
-821
-819
-736
-581
-342
-6
412
908
1457
2067
2703
3322
3933
4487
4945
5299
5543
5644
5598
5419
5118
4691
4168
3608
2987
2325
1686
1084
486
-72
-560
-1027
-1469
-1853
-2208
-2560
-2898
-3204
-3490
-3777
-4011
-4200
-4351
-4442
-4439
-4351
-4200
-3960
-3635
-3254
-2824
-2348
-1859
-1381
-930
-514
-167
100
292
399
422
369
260
96
-110
-320
-541
-742
-919
-1041
-1099
-1101
-1010
-835
-565
-210
233
761
1348
1975
2633
3294
3931
4516
5014
5410
5689
5838
5836
5702
5441
5066
4580
4036
3437
2790
2140
1522
916
321
-204
-701
-1166
-1601
-1992
-2363
-2750
-3088
-3400
-3705
-3980
-4197
-4361
-4482
-4510
-4453
-4319
-4108
-3801
-3418
-2986
-2517
-2016
-1521
-1067
-638
-266
15
228
346
385
339
234
76
-125
-339
-565
-771
-951
-1085
-1166
-1177
-1114
-971
-742
-431
-23
445
968
1559
2173
2794
3408
3990
4515
4943
5288
5521
5615
5575
5431
5165
4772
4317
3791
3207
2588
1984
1386
787
233
-279
-756
-1211
-1618
-1999
-2374
-2722
-3030
-3330
-3619
-3853
-4044
-4198
-4282
-4270
-4195
-4052
-3817
-3506
-3136
-2722
-2285
-1826
-1393
-981
-622
-334
-109
39
114
115
51
-74
-247
-434
-628
-816
-978
-1108
-1183
-1201
-1151
-1010
-796
-518
-150
285
785
1332
1923
2525
3109
3694
4232
4688
5062
5342
5502
5528
5451
5255
4933
4514
4035
3494
2894
2282
1686
1094
520
-3
-496
-965
-1401
-1783
-2142
-2505
-2824
-3113
-3399
-3646
-3841
-3998
-4114
-4143
-4093
-3988
-3794
-3527
-3192
-2814
-2394
-1959
-1527
-1118
-750
-435
-185
9
106
131
86
-9
-146
-332
-519
-702
-887
-1036
-1136
-1191
-1191
-1117
-973
-759
-465
-101
323
794
1319
1874
2432
2984
3523
4016
4436
4789
5046
5201
5242
5180
5003
4728
4369
3937
3447
2917
2362
1800
1239
691
169
-345
-822
-1273
-1703
-2116
-2487
-2833
-3168
-3453
-3691
-3886
-4037
-4110
-4121
-4061
-3932
-3716
-3447
-3138
-2763
-2378
-1983
-1588
-1215
-884
-607
-379
-217
-132
-96
-110
-187
-307
-449
-609
-765
-910
-1035
-1115
-1158
-1151
-1076
-936
-735
-465
-130
258
704
1194
1722
2259
2788
3322
3821
4251
4619
4909
5100
5188
5166
5037
4808
4481
4088
3624
3110
2564
2007
1445
884
349
-167
-663
-1126
-1561
-1959
-2344
-2698
-3002
-3289
-3537
-3726
-3877
-3971
-3998
-3950
-3842
-3669
-3422
-3128
-2796
-2432
-2047
-1670
-1322
-1002
-708
-482
-314
-199
-151
-153
-196
-272
-384
-512
-629
-745
-828
-893
-921
-904
-836
-709
-538
-292
-2
342
734
1177
1654
2148
2661
3165
3637
4073
4460
4764
4978
5104
5128
5029
4842
4566
4184
3732
3239
2705
2123
1545
977
413
-126
-636
-1121
-1580
-1993
-2373
-2741
-3070
-3353
-3610
-3821
-3966
-4063
-4110
-4088
-3981
-3818
-3604
-3319
-2987
-2634
-2252
-1858
-1483
-1134
-813
-550
-343
-183
-85
-51
-69
-119
-214
-328
-452
-571
-689
-774
-821
-838
-800
-714
-571
-367
-109
212
577
993
1437
1919
2418
2917
3403
3855
4276
4615
4865
5039
5127
5093
4953
4726
4412
4012
3551
3050
2505
1936
1371
816
262
-271
-770
-1253
-1703
-2115
-2508
-2869
-3182
-3456
-3696
-3886
-4012
-4072
-4078
-4002
-3873
-3669
-3420
-3110
-2755
-2385
-1995
-1619
-1255
-914
-619
-379
-205
-84
-17
-17
-50
-123
-232
-362
-483
-600
-712
-776
-824
-827
-783
-686
-528
-331
-68
250
620
1035
1500
1981
2477
2979
3456
3901
4294
4619
4860
5024
5082
5027
4878
4637
4306
3893
3424
2910
2341
1766
1192
614
43
-506
-1019
-1514
-1985
-2412
-2800
-3167
-3485
-3743
-3963
-4130
-4227
-4255
-4231
-4128
-3953
-3717
-3420
-3076
-2686
-2289
-1888
-1489
-1120
-792
-512
-296
-137
-39
-7
-25
-90
-180
-300
-426
-551
-661
-740
-795
-819
-793
-722
-597
-417
-183
122
468
861
1307
1782
2284
2793
3285
3755
4192
4566
4859
5067
5175
5180
5075
4866
4553
4148
3664
3125
2535
1911
1282
665
58
-528
-1059
-1549
-2002
-2407
-2740
-3037
-3300
-3493
-3628
-3719
-3756
-3725
-3645
-3507
-3306
-3053
-2756
-2433
-2079
-1726
-1388
-1073
-794
-563
-395
-295
-261
-288
-366
-487
-642
-814
-994
-1165
-1315
-1436
-1522
-1564
-1547
-1484
-1370
-1194
-958
-664
-322
69
505
981
1479
1991
2511
3029
3526
3998
4407
4759
5036
5220
5307
5279
5147
4901
4541
4093
3575
2975
2326
1661
987
313
-333
-926
-1483
-1985
-2421
-2791
-3097
-3344
-3511
-3631
-3682
-3661
-3584
-3455
-3274
-3042
-2768
-2476
-2156
-1833
-1525
-1229
-956
-724
-556
-421
-352
-350
-398
-493
-625
-797
-975
-1157
-1343
-1503
-1621
-1709
-1754
-1734
-1652
-1522
-1329
-1071
-762
-402
16
479
970
1493
2043
2592
3126
3650
4134
4560
4924
5215
5404
5483
5457
5317
5061
4709
4260
3728
3120
2462
1781
1090
382
-298
-933
-1529
-2080
-2557
-2953
-3278
-3524
-3686
-3755
-3753
-3667
-3500
-3282
-3010
-2699
-2360
-2006
-1663
-1330
-1031
-770
-557
-385
-298
-255
-273
-351
-483
-646
-838
-1065
-1291
-1504
-1721
-1910
-2046
-2146
-2200
-2200
-2118
-1988
-1788
-1524
-1204
-824
-383
94
607
1146
1703
2262
2789
3309
3768
4180
4523
4787
4965
5045
5038
4937
4739
4447
4078
3648
3148
2599
2020
1436
847
262
-282
-797
-1271
-1677
-2018
-2305
-2524
-2667
-2745
-2784
-2752
-2660
-2549
-2393
-2201
-2007
-1811
-1607
-1409
-1250
-1111
-990
-915
-893
-902
-938
-1026
-1146
-1288
-1442
-1612
-1780
-1921
-2049
-2149
-2201
-2202
-2159
-2065
-1909
-1698
-1447
-1144
-790
-402
2
443
897
1350
1803
2257
2685
3086
3449
3781
4046
4240
4395
4468
4470
4384
4237
4020
3725
3372
2974
2529
2055
1571
1087
600
146
-268
-647
-985
-1262
-1488
-1665
-1791
-1867
-1904
-1920
-1893
-1841
-1782
-1715
-1636
-1551
-1481
-1423
-1356
-1331
-1313
-1312
-1335
-1383
-1450
-1518
-1619
-1724
-1820
-1923
-2020
-2093
-2148
-2171
-2162
-2103
-2013
-1870
-1682
-1455
-1190
-892
-562
-220
136
497
852
1188
1526
1835
2121
2385
2615
2817
2993
3126
3227
3290
3319
3295
3232
3131
2977
2786
2570
2320
2032
1740
1434
1127
819
547
283
30
-186
-383
-553
-711
-838
-956
-1076
-1185
-1280
-1374
-1473
-1552
-1626
-1700
-1754
-1793
-1826
-1851
-1859
-1864
-1865
-1871
-1866
-1860
-1864
-1859
-1848
-1831
-1811
-1767
-1693
-1606
-1491
-1339
-1167
-963
-745
-503
-267
-31
204
424
628
817
987
1147
1300
1451
1593
1736
1875
2013
2144
2263
2371
2434
2471
2484
2456
2393
2290
2159
1993
1809
1621
1413
1207
998
809
613
421
237
51
-130
-317
-493
-663
-840
-1015
-1155
-1287
-1409
-1490
-1537
-1574
-1587
-1561
-1536
-1490
-1432
-1382
-1342
-1310
-1278
-1267
-1260
-1254
-1250
-1244
-1228
-1198
-1155
-1088
-1007
-908
-792
-662
-532
-404
-272
-153
-44
63
154
260
358
456
564
672
794
927
1071
1204
1330
1447
1542
1610
1644
1644
1617
1557
1482
1393
1286
1181
1077
972
870
777
685
585
480
373
258
130
2
-133
-268
-391
-492
-584
-661
-711
-738
-740
-737
-717
-688
-665
-646
-634
-624
-631
-652
-673
-703
-730
-750
-768
-788
-790
-783
-781
-772
-751
-728
-707
-660
-617
-576
-518
-451
-386
-315
-238
-155
-76
9
104
194
291
402
505
606
704
796
875
929
970
996
996
977
959
923
878
828
776
724
671
619
558
491
419
350
260
176
96
5
-79
-156
-207
-260
-293
-311
-324
-328
-322
-314
-310
-291
-279
-270
-262
-257
-248
-248
-248
-252
-257
-277
-294
-302
-328
-351
-369
-381
-406
-424
-425
-426
-425
-410
-383
-359
-320
-275
-218
-166
-104
-45
4
59
110
157
189
222
260
286
320
355
380
409
420
422
416
387
358
310
262
202
134
78
32
-10
-40
-64
-83
-87
-98
-117
-131
-146
-164
-183
-198
-195
-186
-176
-142
-105
-57
-8
39
72
95
116
128
124
127
121
117
117
111
110
103
88
62
29
-5
-51
-86
-123
-143
-147
-139
-118
-92
-48
-20
2
16
19
3
-2
-12
-10
4
44
99
156
224
272
307
302
274
217
139
50
-33
-95
-137
-140
-108
-62
-7
35
64
57
3
-78
-197
-330
-438
-511
-551
-540
-464
-346
-205
-62
65
150
184
162
99
7
-97
-169
-203
-190
-123
-1
147
296
435
522
551
514
423
280
118
-33
-150
-228
-234
-187
-96
18
129
230
258
243
186
77
-61
-188
-283
-354
-357
-290
-194
-66
69
183
251
269
232
139
19
-112
-229
-323
-359
-347
-289
-194
-96
2
56
69
39
-38
-139
-246
-336
-395
-406
-367
-270
-145
-2
137
254
335
365
352
298
235
169
114
88
102
148
220
307
393
451
471
461
401
302
206
91
-9
-86
-128
-131
-109
-77
-34
2
20
6
-21
-69
-134
-193
-246
-262
-259
-222
-168
-106
-35
24
73
91
85
53
6
-42
-98
-138
-166
-175
-164
-150
-137
-137
-140
-161
-197
-237
-272
-302
-331
-329
-296
-250
-193
-120
-54
-6
30
47
47
29
17
15
27
74
144
226
320
409
471
505
506
463
389
291
189
104
45
28
40
77
133
191
239
249
229
159
50
-67
-189
-290
-342
-353
-309
-224
-92
42
167
266
311
304
238
151
21
-109
-215
-285
-304
-283
-215
-133
-49
17
57
42
-22
-118
-246
-371
-467
-535
-564
-538
-458
-342
-219
-97
7
74
103
98
69
26
-10
-31
-18
28
109
220
317
402
470
497
485
428
339
242
150
69
15
-8
5
38
84
126
143
137
109
51
-16
-96
-161
-207
-214
-188
-138
-59
30
109
157
185
182
147
90
21
-42
-94
-128
-141
-123
-89
-53
-9
8
5
-24
-67
-128
-196
-262
-316
-343
-350
-328
-291
-233
-163
-107
-50
-16
4
19
22
21
34
45
69
105
142
180
219
252
265
265
249
214
174
131
88
50
21
-4
-17
-17
-27
-29
-36
-49
-55
-72
-87
-88
-82
-68
-48
-17
24
52
82
109
122
128
127
125
118
107
110
109
106
103
95
78
57
28
-10
-56
-100
-136
-163
-178
-189
-189
-181
-163
-151
-134
-124
-108
-99
-86
-71
-53
-34
-2
47
87
126
166
205
217
227
228
212
188
160
127
102
69
50
33
22
22
19
10
0
-16
-29
-42
-69
-78
-82
-84
-75
-47
-23
3
35
57
73
77
75
66
51
40
35
34
40
52
61
69
60
40
8
-41
-98
-158
-216
-251
-272
-281
-254
-219
-172
-119
-75
-54
-41
-50
-69
-94
-118
-133
-125
-97
-47
24
105
194
270
328
355
348
318
258
187
104
36
-10
-48
-55
-40
-1
43
72
98
104
92
65
19
-30
-74
-109
-123
-116
-86
-37
21
86
150
189
204
208
199
167
118
77
45
20
5
2
0
1
2
0
-19
-49
-88
-127
-162
-194
-220
-226
-226
-226
-203
-182
-153
-133
-109
-86
-56
-28
3
38
66
102
138
169
186
206
205
199
183
163
135
104
83
61
44
23
11
-4
-18
-39
-59
-79
-106
-119
-138
-147
-141
-132
-102
-69
-28
16
54
86
110
125
127
123
115
103
89
90
90
95
102
102
98
91
69
36
-6
-55
-99
-138
-172
-189
-185
-181
-155
-139
-120
-104
-94
-90
-85
-75
-65
-35
-1
35
72
120
153
177
188
181
163
135
96
65
46
33
33
42
60
72
69
63
31
-15
-57
-106
-148
-174
-182
-165
-134
-87
-27
23
52
66
76
66
44
36
21
17
34
61
95
121
152
167
161
134
100
46
-4
-44
-84
-107
-117
-108
-96
-78
-65
-57
-56
-73
-87
-104
-122
-118
-113
-89
-52
-9
37
83
123
149
154
163
148
124
101
72
59
42
36
49
54
60
69
67
52
30
-1
-33
-70
-93
-115
-122
-118
-113
-83
-58
-31
-6
13
32
45
42
46
43
46
54
59
71
70
75
74
67
58
43
20
-3
-30
-45
-65
-81
-98
-113
-114
-120
-130
-130
-132
-120
-105
-90
-64
-37
-6
14
36
61
78
91
103
109
122
128
131
133
132
135
130
123
106
89
71
49
26
3
-21
-33
-48
-54
-50
-55
-62
-60
-62
-68
-66
-66
-56
-41
-24
-12
4
23
36
52
56
51
53
45
36
32
14
7
3
-5
-8
-14
-20
-38
-49
-64
-84
-100
-116
-117
-122
-120
-97
-77
-57
-24
-2
19
41
48
61
74
80
93
106
120
137
150
157
158
149
132
110
80
43
20
-4
-15
-27
-37
-32
-37
-47
-51
-62
-78
-93
-105
-107
-107
-90
-70
-48
-28
-3
20
33
40
46
42
41
47
53
55
65
66
72
71
58
47
21
-11
-52
-79
-107
-120
-126
-116
-103
-94
-76
-68
-67
-73
-81
-97
-103
-110
-105
-81
-55
-14
26
78
115
145
168
166
152
123
88
57
38
20
20
21
29
48
52
55
54
37
20
-16
-52
-73
-88
-93
-80
-54
-28
6
39
59
80
83
71
62
57
44
38
39
52
69
88
99
102
106
91
71
46
14
-23
-49
-63
-79
-84
-83
-74
-76
-71
-70
-75
-83
-97
-105
-110
-118
-109
-86
-62
-32
-7
18
42
56
65
61
62
51
34
33
31
24
29
40
44
56
59
59
51
37
18
-3
-25
-41
-49
-51
-42
-32
-17
-5
10
23
31
29
29
26
30
25
23
26
30
40
50
51
57
61
59
50
36
31
8
0
-17
-26
-34
-39
-45
-49
-48
-55
-50
-58
-57
-55
-52
-50
-56
-51
-54
-50
-40
-29
-9
11
25
41
55
64
73
68
64
54
41
30
21
19
10
8
15
21
20
26
20
7
-2
-17
-32
-50
-64
-59
-52
-47
-25
-13
10
22
32
33
35
40
35
37
39
43
54
63
78
94
92
96
91
81
68
47
33
20
2
-10
-19
-25
-26
-30
-33
-43
-47
-49
-62
-63
-64
-70
-64
-60
-45
-28
-14
4
17
24
31
27
23
20
19
9
2
8
11
12
8
15
10
4
3
-4
-19
-34
-43
-50
-52
-50
-48
-45
-40
-32
-26
-22
-11
-12
-8
-7
2
7
9
28
33
48
54
54
69
67
63
72
67
71
71
59
56
48
38
27
7
-9
-19
-22
-34
-38
-36
-29
-23
-15
-12
-15
-12
-19
-23
-27
-28
-31
-29
-19
-12
-1
13
17
15
17
12
10
4
-5
-6
-13
-15
-16
-18
-18
-20
-27
-30
-30
-41
-42
-45
-47
-47
-46
-40
-26
-24
-19
-16
-12
-9
-5
-1
0
7
10
18
24
36
34
39
47
45
47
41
36
26
22
19
10
3
-1
2
-2
-2
-15
-20
-23
-30
-29
-33
-33
-28
-20
-18
-13
-2
6
4
3
6
8
7
6
4
1
5
5
2
1
1
0
-4
-6
-15
-24
-28
-33
-35
-43
-45
-42
-36
-40
-40
-36
-35
-30
-26
-28
-18
-12
-7
-3
8
12
13
12
15
20
21
19
13
23
24
17
18
16
10
3
7
0
-5
-3
-8
-10
-8
-3
0
4
-1
-1
2
0
3
8
12
20
28
34
42
41
46
49
46
37
33
24
17
5
-1
-6
-13
-11
-18
-17
-31
-35
-37
-48
-56
-62
-65
-69
-69
-66
-54
-45
-37
-34
-22
-17
-15
-12
-11
-11
-8
-4
4
13
11
25
30
32
29
23
20
8
1
-7
-13
-20
-20
-18
-20
-9
-1
4
1
1
-2
-4
-5
-6
-11
-13
-5
-1
8
16
20
30
34
36
35
29
27
22
14
9
10
-4
-5
-10
-17
-22
-25
-30
-39
-41
-54
-55
-54
-58
-55
-49
-42
-39
-33
-29
-29
-28
-27
-21
-17
-11
-2
6
16
20
28
29
33
31
28
27
21
19
14
12
10
17
19
21
21
23
21
15
10
1
-3
-4
-3
-3
-1
5
13
13
22
32
35
32
29
35
22
14
9
6
5
12
12
9
16
16
15
5
5
-6
-16
-26
-30
-32
-37
-36
-34
-29
-33
-29
-29
-29
-26
-21
-16
-21
-15
-9
-11
-10
-3
1
3
7
9
7
9
12
4
3
-4
0
2
-1
5
4
3
-4
-9
-8
-13
-17
-16
-18
-19
-5
-9
-12
-6
3
2
3
6
6
16
12
12
10
15
18
11
15
16
21
25
16
21
20
17
12
7
3
2
2
3
-2
-4
-11
-13
-15
-14
-12
-12
-3
-3
5
5
8
2
5
6
4
9
11
7
6
9
8
9
8
6
2
0
-6
-10
-11
-12
-10
-9
-2
-5
-8
-3
-10
-4
-4
-10
-8
-12
-15
-8
-13
-4
0
2
6
8
7
5
11
6
5
6
9
4
10
12
12
13
10
14
11
8
2
-4
-11
-6
-7
-2
-4
3
7
5
6
6
8
11
11
6
7
7
7
8
5
6
6
5
7
9
9
4
5
-1
0
-2
-9
-8
-11
-6
-4
-1
1
-6
-7
-3
-11
-15
-13
-12
-8
-11
-14
-13
-8
-7
-2
3
0
1
1
2
-2
-4
-4
-2
-2
-3
0
1
2
-1
-1
0
-5
-6
-7
-6
-4
-8
-4
-11
-9
-7
-12
-9
-7
-4
-11
-9
-5
-4
0
2
5
4
1
1
5
2
2
4
3
5
8
11
17
17
17
23
22
23
16
9
10
6
7
6
9
13
13
21
21
20
20
16
16
12
11
4
10
8
4
1
5
2
-4
0
-1
-2
-8
-12
-15
-14
-20
-23
-26
-25
-21
-28
-29
-29
-27
-24
-27
-23
-17
-14
-19
-15
-15
-12
-13
-12
-16
-14
-8
-4
5
6
15
22
29
18
19
19
16
16
12
16
19
16
16
14
21
23
23
21
21
24
16
13
17
13
12
14
12
22
18
12
15
13
10
0
3
6
0
-4
1
11
0
0
1
-2
-5
-13
-20
-16
-19
-19
-19
-17
-16
-21
-23
-12
-12
-13
-16
-16
-16
-16
-15
-13
-18
-18
-14
-11
-2
-3
1
5
9
13
10
8
8
7
4
4
10
11
9
16
20
22
19
21
28
22
20
10
15
21
17
10
16
18
18
18
18
20
12
15
18
14
9
6
5
12
7
6
8
6
-3
-3
-8
-8
-17
-19
-20
-27
-29
-30
-29
-26
-28
-28
-26
-27
-29
-31
-31
-29
-32
-29
-21
-18
-21
-16
-10
-6
-3
-9
-1
-8
-9
-11
-10
-14
-8
-2
-5
7
3
5
9
6
11
1
-5
-3
0
-5
-3
3
3
1
9
9
9
5
3
1
-1
2
0
3
-1
1
-4
-4
-2
0
-3
-2
1
-9
-13
-15
-14
-11
-15
-13
-7
-10
-14
-11
-19
-18
-20
-19
-22
-18
-22
-23
-20
-20
-21
-21
-15
-13
-12
-11
-13
-16
-14
-13
-10
-14
-10
-4
-7
-2
-8
-1
1
2
1
-4
0
-3
2
-3
4
4
7
4
5
3
0
3
3
-4
-2
4
3
4
3
5
0
2
3
-3
-5
-8
-9
-16
-17
-11
-13
-12
-14
-12
-17
-19
-16
-21
-26
-25
-23
-26
-32
-25
-27
-27
-23
-24
-27
-23
-29
-23
-27
-25
-20
-28
-18
-21
-20
-16
-16
-19
-10
-3
-8
-11
-2
-2
-4
-5
-5
-1
-3
2
1
-2
-2
1
6
3
8
6
7
14
6
7
10
6
10
11
4
3
3
-2
8
2
-6
5
4
6
1
10
0
2
0
0
-5
-7
-6
-10
-4
-4
-5
-6
-4
-5
-13
-11
-7
-8
-10
-9
-1
-3
-4
-5
-6
-1
-5
-5
-10
-8
-7
-5
-4
-2
2
1
4
3
5
3
5
3
0
2
-5
-3
-1
-2
-4
4
11
4
5
3
5
6
-1
4
0
-1
-2
-2
-2
-4
1
-4
1
-1
-3
3
-1
-4
-3
-6
-13
-10
-12
-13
-14
-15
-12
-14
-6
-11
-10
-13
-11
-12
-15
-12
-11
-6
-12
-3
-3
-2
3
9
11
7
11
6
11
10
8
4
7
8
6
10
13
13
13
13
12
8
9
5
5
5
6
-5
1
4
2
7
0
5
2
1
1
-1
2
2
2
0
1
5
-4
-8
-8
-4
-4
-11
-18
-13
-8
-10
-9
-10
-7
-6
-8
-10
-10
-10
-5
-8
-8
-4
-1
-2
0
2
1
7
9
5
8
5
4
10
10
10
11
10
16
10
6
9
5
8
7
9
4
6
3
0
7
5
0
1
5
4
5
5
9
6
10
13
7
11
15
10
6
9
7
5
4
3
-1
-2
-1
4
-1
-5
-8
-8
-11
-12
-13
-14
-15
-15
-15
-13
-18
-13
-14
-11
-6
-11
-11
-16
-14
-15
-15
-14
-9
-10
-7
-5
-7
-6
-8
-7
-6
-11
-14
-17
-15
-13
-11
-9
-4
-8
-3
0
0
6
-2
0
1
1
4
11
11
3
7
11
6
6
9
3
2
4
3
3
3
4
8
3
5
4
4
2
-4
2
-2
-5
1
3
-3
-4
4
7
3
6
4
2
5
-2
2
5
-1
-2
2
5
8
10
5
13
10
9
10
10
5
6
10
8
12
13
10
11
8
8
14
4
5
8
8
8
6
10
7
14
14
6
12
12
8
9
5
5
8
1
3
3
8
4
6
8
3
2
-1
1
0
-8
-9
-3
-8
-6
-2
-6
-6
-8
-9
-8
-2
-3
-6
-7
-12
-7
-9
-12
-11
-10
-11
-9
-9
-4
-8
-10
-11
-7
-7
-6
-8
-8
-7
-4
-3
-2
-2
-2
2
-1
2
2
1
-1
1
0
3
5
10
11
12
9
12
8
9
7
5
5
7
9
11
15
18
17
14
18
15
16
14
14
16
12
12
16
12
10
15
15
10
11
15
13
16
16
10
9
5
7
12
12
8
7
7
4
5
3
1
-1
-1
-2
2
3
0
8
6
1
9
5
5
-1
-1
-2
-7
-7
-3
-1
-5
-1
2
2
4
6
5
6
7
1
1
2
5
2
4
-2
3
6
3
7
8
5
1
8
11
13
10
10
11
18
18
11
9
12
13
11
15
12
14
13
15
10
7
9
3
9
0
3
3
0
5
7
2
-4
-1
-4
-4
-7
-11
-7
-11
-9
-7
-2
-9
-8
-7
-9
-10
-6
-2
-11
-4
-10
-4
-9
-2
0
-2
3
0
0
2
4
2
3
1
-1
-2
5
6
3
1
5
11
10
7
5
4
5
5
7
12
14
3
6
7
11
8
8
12
7
12
7
7
8
5
3
3
3
6
2
2
-1
-5
-3
-6
-2
-4
-4
-1
-8
-9
-4
-7
-9
-6
-11
-14
-10
-2
-10
-14
-10
-12
-8
-15
-5
-11
-13
-11
-12
-9
-10
-8
-11
-11
-13
-14
-10
-6
-10
-10
-6
-5
-8
-8
-4
-3
-5
-5
-2
2
-1
-7
-2
-4
1
7
3
2
5
3
1
3
5
4
3
2
8
8
10
5
4
0
-2
9
1
0
-3
1
-3
-7
-3
-5
-4
-4
-6
-8
-11
-13
-14
-17
-15
-19
-12
-11
-8
-8
-18
-20
-15
-15
-13
-8
-11
-8
-10
-12
-8
-10
-11
-13
-10
-9
-17
-15
-14
-10
-14
-8
-6
-8
0
-6
-2
-7
0
-4
-3
0
-1
3
0
-1
-1
3
2
3
3
1
2
8
6
3
6
5
9
9
5
6
8
5
8
6
7
5
3
0
0
5
4
4
2
5
7
-3
-2
-4
-2
-6
-1
-4
-5
-5
-7
2
-8
-5
-6
-4
-6
-12
-4
-7
-3
-5
-11
-7
-5
0
-2
0
2
-4
-2
0
-4
-7
-3
-4
-6
-5
-11
-5
-1
-1
-2
0
-5
-3
-5
-5
-2
-4
-8
-3
1
-4
6
-1
7
5
6
13
3
11
9
12
10
11
10
14
12
8
1
2
6
0
7
6
-2
-1
3
1
1
2
6
3
1
-4
-5
-5
-3
-7
-8
-6
-6
-5
-7
-7
-11
-9
-7
-7
-9
-7
-6
-9
-13
-9
-3
-4
-3
-12
-14
-13
-15
-10
-9
-10
-8
-4
-6
-6
-4
-13
-9
-3
-5
-4
-5
-2
-8
-5
0
2
6
3
11
5
6
0
0
1
-2
5
3
3
2
1
5
1
3
6
4
6
9
8
4
7
2
4
1
-1
-1
-1
-2
3
4
4
3
-1
2
4
2
2
4
1
1
-1
3
2
2
8
2
9
4
7
10
3
8
10
2
4
11
4
9
11
1
5
6
1
4
1
8
7
7
6
2
0
6
7
8
10
13
5
5
7
5
5
4
14
6
5
7
9
5
7
11
9
8
5
9
5
11
7
4
9
12
13
13
14
22
18
20
22
18
15
17
16
14
13
14
17
15
16
14
13
13
8
12
12
12
15
17
14
12
15
5
14
12
3
4
-2
0
-1
1
4
4
3
-1
3
-3
-1
-1
-5
3
2
2
2
2
2
0
5
-1
3
1
-2
-3
3
3
-2
5
5
9
13
7
10
11
11
6
8
10
5
8
11
11
15
9
8
11
8
17
11
7
6
8
10
8
6
10
12
10
11
13
6
8
8
9
10
4
10
14
12
10
9
12
12
11
13
9
10
8
9
9
8
15
10
13
13
9
13
10
14
14
11
11
14
13
15
16
17
18
13
14
14
11
17
19
19
24
20
18
19
23
20
19
20
18
16
16
11
12
23
12
10
19
15
11
10
13
11
9
4
8
9
7
8
5
7
10
12
7
7
2
8
7
1
3
-3
3
2
10
5
0
-1
1
7
-1
-1
6
5
-1
-1
-6
-2
9
8
0
8
9
12
7
6
9
2
11
9
11
9
13
10
10
11
6
14
11
9
11
10
6
7
5
3
9
9
10
8
7
9
11
10
10
3
6
6
7
8
4
2
8
11
7
9
6
9
14
11
9
11
9
13
4
4
6
12
16
9
2
4
4
3
1
1
2
11
7
1
4
1
8
8
2
3
-1
7
9
5
0
4
4
6
4
-1
1
-2
8
2
-2
0
8
5
-1
1
-5
-6
1
1
-3
-3
-2
-2
-9
-6
-4
-6
-4
-2
-8
-3
-2
-3
-5
-6
-4
-5
-6
-8
-5
-5
-8
-7
-8
-5
-2
-4
0
-3
-9
-5
-1
-3
-5
-12
-3
-4
-8
-7
-10
-5
-4
-6
-10
-9
-6
-3
-4
-12
-7
-5
-6
-6
-9
-14
-8
-7
-14
-14
-18
-8
-6
-8
-19
-14
-13
-10
-14
-18
-13
-12
-6
-15
-10
-7
-5
-9
-2
-6
-6
0
-3
-4
-5
-4
-4
-1
-2
-3
-4
-4
-1
-3
-4
-6
-7
-2
-2
-3
-3
-7
-7
-1
-7
0
-4
0
-3
-4
-3
-4
-9
-7
-9
-8
-3
-12
-6
-6
-8
-4
-4
-5
-5
-5
-4
-1
-6
-9
-4
-5
-9
-7
-9
-9
-6
-5
-7
-8
-5
-3
-12
-7
0
-8
-2
-6
-6
-9
-7
-5
-4
0
-2
0
2
2
0
-1
-4
-1
0
4
-1
-1
-1
-4
-4
-6
-5
-4
-3
2
4
-4
-3
-5
-8
-9
-10
1
0
-4
1
0
-4
-4
-4
-2
-2
-3
-3
-4
-4
-3
-5
1
-1
-4
-2
-6
-8
-6
-7
-1
2
0
-3
-3
-1
-2
-1
1
2
-3
-3
-1
-3
-3
-1
-1
4
-1
0
6
5
3
-1
-3
2
-2
0
-2
-4
2
-3
0
-3
-3
4
0
-1
-5
-2
7
-1
-2
-1
0
1
0
-5
-7
-1
2
-1
-1
1
-5
3
0
-1
0
4
2
-3
-2
-10
-6
-2
-2
-3
-6
1
-4
0
-1
-7
-4
-2
-5
-10
-2
0
-1
-5
-7
-11
-6
-4
-3
-1
0
0
-2
-4
-5
-4
-3
4
4
6
7
3
11
4
2
4
1
2
3
6
9
8
4
1
7
6
8
8
9
5
4
7
3
7
6
5
5
3
3
2
5
3
1
1
-1
1
0
-3
2
-1
2
0
2
6
-4
0
1
-1
-6
-1
-3
-3
-2
-4
-6
-9
0
0
-1
-2
0
1
4
-2
-3
-2
-2
4
4
3
1
4
-2
-1
-4
-5
-2
-6
-3
-1
-4
-4
-3
2
1
0
4
-1
1
2
3
6
6
2
0
4
5
6
6
2
8
6
2
2
-2
1
1
-4
1
0
6
3
3
5
1
7
3
4
3
2
-2
-2
0
-4
-6
0
2
1
-3
0
-3
-5
-3
-3
-4
-6
-7
-2
-2
-5
-3
-2
-1
-3
-6
-8
-4
-6
-9
-12
-6
-6
-5
-3
1
3
-6
0
-3
-2
-2
3
9
2
8
10
10
10
4
6
11
11
11
6
5
14
10
11
8
11
12
12
9
12
10
10
8
11
7
7
8
7
5
-1
-4
1
6
2
-2
-2
-2
-2
-6
-7
-4
-12
-12
-10
-12
-13
-13
-9
-12
-15
-9
-6
-4
-8
-7
-12
-6
-10
-12
-12
-5
-5
-6
-4
-6
-3
-8
-2
-7
-6
0
-2
-1
-2
-2
3
4
4
5
7
6
9
6
1
2
0
2
1
8
7
4
1
1
9
3
5
2
7
13
4
9
5
7
4
5
8
3
10
8
8
6
8
4
2
2
4
5
4
6
3
1
6
3
-7
-2
-1
3
-1
0
0
-5
-3
1
5
2
7
2
1
6
9
5
1
5
8
10
7
10
8
12
14
11
6
6
11
11
8
9
11
10
15
8
10
16
16
21
21
20
12
13
12
13
19
17
17
15
17
16
21
18
17
17
16
14
15
7
16
12
7
10
13
10
12
11
7
7
4
1
0
0
-3
-4
-10
-6
-8
-4
-5
-10
-6
-9
-8
-9
-9
-11
-13
-5
-10
-9
-6
-15
-10
-8
-10
-10
-6
-7
-9
-2
-6
-5
0
-1
2
-2
6
3
2
4
0
9
6
8
8
3
12
10
9
3
5
14
15
14
15
14
13
14
8
13
11
10
9
13
14
8
9
6
7
9
5
3
1
3
8
0
3
2
3
-3
1
2
4
8
1
2
6
3
9
5
-1
1
2
5
4
3
0
3
7
1
1
4
8
10
4
3
1
6
9
4
4
2
1
3
-1
1
5
3
6
4
5
10
3
2
8
6
8
8
3
-1
10
10
5
4
4
1
2
4
4
3
-1
6
3
0
-2
4
-2
0
-3
-5
-6
-8
-6
-10
-9
-10
-10
-11
-11
-13
-13
-12
-13
-9
-19
-11
-15
-15
-10
-14
-18
-14
-11
-21
-16
-19
-16
-16
-20
-17
-15
-20
-21
-16
-18
-11
-13
-16
-16
-16
-11
-16
-12
-11
-10
-11
-12
-8
-10
-9
-7
-3
-8
-9
-8
-4
-6
-9
-5
-6
0
-3
0
4
-2
8
5
2
1
-1
5
8
6
4
3
-1
6
-1
2
2
5
2
1
4
3
4
-3
-3
-4
-5
-7
-7
-6
-5
-7
-2
-5
-2
-6
-5
-5
-9
-8
-12
-11
-8
-8
-12
-12
-14
-13
-9
-13
-9
-6
-12
-9
-6
-5
-10
-8
-10
-8
-6
-14
-5
-9
-10
-11
-7
-8
-8
-6
-8
-6
-5
0
-7
-2
2
3
7
0
9
6
3
6
1
6
2
5
3
4
4
6
3
-3
6
7
4
3
-1
4
2
-2
2
-2
0
-2
-2
-3
-6
-4
-5
-12
-2
-2
-3
1
2
-1
-8
-6
-6
-3
-5
-8
-4
-1
-5
0
-6
-4
-6
-6
-5
-12
-11
-13
-7
-8
-9
-11
-8
-7
-5
-6
-6
-1
-6
-5
-5
-5
-1
-1
1
-2
3
2
1
1
0
2
5
2
2
5
8
7
3
11
4
5
9
0
3
6
11
5
8
4
1
5
-1
5
11
5
12
6
4
4
0
4
-1
4
5
3
4
1
-3
-2
2
-3
-1
-7
-6
-3
-7
-7
-2
-7
-5
-7
-8
-6
-7
-3
-12
-5
-7
-4
-10
-11
-11
-9
-7
-13
-13
-13
-13
-11
-8
-10
-7
-8
-3
-3
-5
-4
1
-10
-9
0
-5
-3
-4
-3
2
4
7
6
9
7
5
8
5
5
-1
3
4
3
4
3
6
-2
2
3
0
6
0
1
-2
-2
1
1
4
2
1
0
0
4
5
0
-1
-4
-2
-3
-2
-1
1
-3
-2
1
2
-2
-2
-4
-10
-1
-4
-4
2
-2
-2
7
9
0
1
0
0
6
1
-4
-3
4
1
3
3
6
-1
-3
1
1
1
0
-1
-3
3
1
1
7
1
-1
4
12
5
1
4
1
6
5
0
-7
-5
-3
-2
0
1
1
-6
-3
-2
-5
-9
-4
-3
-4
-3
-5
-6
-3
-7
-4
-9
-11
-7
-11
-7
-3
-6
0
-1
-3
-2
-2
0
-4
-4
0
-5
-3
0
0
-4
-3
-2
0
1
-1
2
-3
-1
5
1
-1
3
5
2
3
-1
2
-3
1
3
0
3
5
5
4
2
0
4
6
7
9
9
3
6
6
5
3
10
9
6
3
5
4
2
3
1
9
4
5
3
-1
-2
3
1
3
1
5
9
1
7
-1
3
0
2
3
4
-3
-7
-6
-5
-1
0
4
0
-2
-4
0
-5
-2
2
-4
-5
-3
0
-9
-5
-5
-10
-10
-7
-7
-6
0
-3
-4
-2
-1
-6
-11
-10
-16
-10
-9
-14
-7
-12
-12
-9
-13
-7
-9
-13
-14
-10
-12
-12
-13
-5
-4
-4
-2
1
0
3
4
-4
2
0
1
0
-1
-1
-3
-2
-3
5
2
-1
2
-1
0
3
3
-1
9
9
5
6
0
-1
6
5
1
3
3
3
-1
-5
-3
0
3
7
3
10
3
4
5
-2
3
-1
0
10
3
-1
1
5
5
5
4
0
-1
-2
-2
2
2
5
1
0
2
-1
1
1
2
3
3
0
-5
0
-4
-2
2
-4
4
2
2
-2
1
-3
-4
0
-4
0
-3
-1
-3
-6
1
-2
-4
-5
-4
-1
-5
-4
-6
-3
-5
-5
-6
-6
-9
-12
-6
-5
0
-7
-6
-2
-3
-3
0
-8
-8
-4
-10
-8
-3
-7
-8
-9
-9
-8
-10
-10
-6
-7
-9
-7
-3
-8
-11
-10
-7
-9
-8
-3
-8
-4
-3
-6
-13
-8
-12
-14
-5
-8
-4
-7
-4
-4
-5
0
-5
-1
0
1
2
-3
4
9
8
1
4
5
4
6
6
9
10
7
7
9
8
5
8
11
7
9
9
3
3
8
9
8
7
16
6
7
8
8
5
-2
0
-1
-2
-6
-6
-4
-2
-2
-7
-9
-4
-6
-9
-13
-9
-10
-12
-6
-13
-12
-18
-18
-15
-13
-16
-19
-17
-18
-16
-16
-17
-12
-11
-21
-13
-13
-16
-17
-15
-13
-15
-15
-16
-12
-15
-13
-10
-14
-11
-12
-11
-13
-10
-11
-12
-11
-10
-9
-15
-11
-11
-11
-9
-12
-10
-9
-11
-11
-12
-11
-7
-10
-13
-5
-7
-11
-1
-8
-13
-10
-10
-14
-9
-5
-5
-1
2
0
-7
-3
-1
3
-2
-2
-1
-9
-4
-5
-4
-2
-6
-7
-3
-7
-3
-7
-7
-7
-11
-5
-9
-10
-6
-5
-14
-10
-15
-9
-12
-11
-8
-10
-7
-8
-11
-11
-9
-10
-8
-8
-5
-4
-3
0
2
2
2
-1
0
-1
2
3
9
9
10
10
11
9
6
10
8
11
6
6
13
8
13
15
13
13
6
6
11
12
9
15
10
9
10
12
9
5
14
8
4
5
-2
-5
-8
-10
-7
-11
-10
-7
-15
-11
-4
-12
-12
-9
-14
-17
-13
-13
-13
-12
-14
-7
-13
-13
-13
-17
-14
-14
-20
-19
-12
-11
-8
-13
-5
-3
-4
-6
0
-2
-1
2
1
6
2
2
0
5
1
1
3
-4
-1
2
8
-7
4
6
9
2
-3
8
1
12
10
10
6
2
3
1
-2
-2
3
1
1
0
-2
1
-3
-3
2
-4
-7
-8
-8
-6
-6
-6
-12
-8
-6
-5
-2
-5
-3
-6
-3
-6
-1
-3
-6
-2
-2
-2
-4
2
-8
-4
-5
-2
0
-2
-1
-5
3
0
0
1
-1
0
2
0
-1
-1
7
2
6
6
4
7
4
6
5
4
10
10
9
8
5
8
11
14
9
8
6
3
-2
-3
1
-1
-2
-1
-3
-6
-3
-5
-9
-13
-10
-10
-13
-5
-2
-4
-6
-6
-11
-8
-12
-14
-15
-10
-12
-11
-10
-13
-13
-11
-10
-14
-15
-14
-9
-9
-8
-8
-11
-9
-8
-7
-7
-13
-9
-9
-5
-6
-7
-6
-8
-3
2
3
5
1
4
4
10
11
10
6
8
6
6
6
5
5
3
9
8
11
10
5
9
11
4
7
3
5
7
4
5
2
4
3
0
-5
-5
-2
-5
-2
-3
-1
-5
-9
-4
-4
-3
-8
-6
-9
-9
-11
-13
-12
-13
-6
-8
-15
-12
-13
-13
-13
-14
-11
-12
-12
-9
-4
-8
-5
0
-6
-9
-7
1
-9
-6
2
-4
0
5
0
1
6
5
10
9
7
8
9
7
4
3
4
5
7
3
6
8
7
5
