3
2
9
11
9
14
13
6
11
8
10
12
9
10
14
15
10
8
8
8
6
2
7
4
3
0
-1
-1
0
-2
-8
-9
-10
-12
-21
-24
-21
-16
-26
-25
-28
-26
-31
-32
-26
-33
-31
-31
-31
-33
-30
-29
-35
-33
-33
-33
-30
-41
-34
-29
-31
-33
-29
-28
-28
-24
-25
-23
-19
-22
-23
-16
-20
-12
-16
-13
-10
-13
-5
-8
-6
-7
-4
2
6
8
4
8
6
13
7
14
16
14
17
19
20
11
12
14
18
18
15
16
8
13
11
9
8
5
3
5
6
-1
-2
-3
-5
-8
-15
-7
-9
-11
-9
-16
-12
-16
-15
-18
-21
-21
-21
-19
-19
-19
-18
-22
-21
-21
-25
-23
-22
-24
-24
-23
-16
-20
-18
-15
-15
-11
-12
-11
-16
-14
-9
-9
-3
-4
-5
-5
-3
3
2
2
2
0
-1
-1
6
6
9
5
3
4
1
2
0
-1
-2
-5
-4
-4
-4
-7
-1
-4
-6
-3
-2
-7
-12
-9
-15
-13
-13
-13
-9
-15
-9
-13
-16
-17
-20
-15
-16
-9
-12
-9
-9
-15
-16
-15
-18
-19
-16
-16
-16
-25
-13
-17
-20
-14
-14
-15
-16
-17
-14
-11
-9
-10
-10
-11
-11
-10
-12
-9
-4
-9
-3
-3
-3
5
2
0
4
4
4
6
4
1
2
7
9
10
9
6
6
7
7
8
10
8
7
8
8
11
10
9
12
11
5
7
9
5
11
4
5
6
0
3
2
3
0
-1
2
2
-1
-6
0
-5
-2
3
0
-3
0
-3
-5
-3
4
0
-2
3
-3
-3
-5
-4
-2
-4
-7
-10
-7
-8
-12
-8
-13
-12
-10
-9
-5
-8
-13
-11
-7
-7
-7
-6
-3
-3
-3
-7
-6
-8
-10
-2
-10
-5
-4
-8
-5
-6
-9
-6
-7
-11
-3
-5
-11
-6
-7
-8
-9
-10
-4
-7
-6
-4
-6
-14
-11
-5
-4
-7
-11
-2
-1
2
-1
0
-1
1
3
6
1
-3
1
-2
2
5
-1
-9
-8
-5
-5
-7
-8
-7
-11
-10
-8
-11
-11
-14
-12
-15
-19
-13
-16
-15
-15
-16
-18
-17
-18
-20
-22
-23
-15
-18
-22
-15
-21
-19
-17
-19
-16
-16
-17
-17
-14
-14
-12
-10
-5
-7
-7
-8
-7
-4
-1
-1
2
3
3
1
2
5
-4
0
1
2
3
5
4
5
0
0
1
-5
5
1
-1
-3
-1
-7
-5
-4
-6
-7
-11
-6
-10
-14
-14
-17
-9
-7
-10
-11
-5
-6
-15
-15
-9
-9
-8
-10
-13
-6
-8
-1
2
-1
3
8
5
5
5
6
14
8
7
7
10
9
7
9
13
7
10
12
6
9
10
11
12
11
4
7
9
12
6
4
6
8
11
4
11
13
12
13
14
16
11
11
14
11
8
13
18
13
10
12
14
20
12
12
17
18
20
15
18
15
17
11
18
22
15
19
17
19
16
13
14
12
11
10
12
14
12
10
11
12
4
4
5
2
3
0
-1
-2
-3
-7
-6
-4
-5
-6
-6
-10
-6
-8
-4
-3
-11
-4
-6
-4
0
-3
-4
-8
-7
-1
-3
0
5
3
8
6
6
6
10
10
14
14
8
13
12
12
12
8
9
14
13
13
7
8
3
6
4
5
10
-2
1
11
4
3
0
1
0
-6
0
-3
-2
-3
-4
-3
-1
-3
-4
-4
-2
0
-3
1
-2
-5
-5
-2
4
-2
-5
-2
0
3
0
4
4
1
6
6
12
14
7
8
10
4
5
8
3
12
9
11
13
13
12
11
15
10
12
9
11
7
14
9
13
12
10
15
6
9
12
14
11
12
11
7
10
8
8
6
13
9
6
13
11
13
12
15
17
18
20
14
16
8
7
10
15
11
6
10
8
11
8
12
10
11
7
7
9
4
6
5
-1
3
0
-3
0
-1
1
-2
-2
-1
6
5
6
12
7
0
7
10
6
12
7
9
8
11
14
16
20
15
15
16
18
18
15
18
15
10
12
14
11
11
19
11
16
8
18
12
10
14
5
13
13
12
9
11
6
5
0
2
9
-4
1
-1
-7
-2
-5
0
-4
-6
-9
-13
-7
-13
-13
-12
-18
-12
-8
-18
-16
-16
-14
-12
-13
-8
-8
-8
-6
-1
-4
-1
-3
-1
6
6
11
4
5
9
10
20
16
17
20
19
21
18
23
24
25
23
26
27
23
34
28
28
27
29
32
26
31
33
33
37
32
30
31
31
26
28
28
23
28
25
22
20
20
19
22
24
19
19
18
16
12
14
14
16
15
9
10
8
12
4
5
4
3
3
7
5
4
4
0
3
-2
1
-1
-2
-7
-7
-3
-6
-7
-10
-4
-6
-5
-1
-1
1
-3
-1
-3
4
6
7
8
5
1
6
11
11
10
11
12
16
9
15
19
16
19
12
22
24
14
18
22
18
18
24
22
22
22
20
23
17
17
18
22
19
22
20
20
22
18
12
15
16
15
17
11
15
11
16
17
13
13
17
16
17
14
15
14
10
13
6
15
13
7
11
16
8
14
12
11
15
12
17
13
14
15
17
19
18
17
21
18
17
19
21
23
19
22
22
22
23
26
22
24
22
21
23
19
20
23
17
19
22
23
23
24
27
18
19
17
19
19
21
20
17
16
15
19
15
20
16
12
15
18
14
12
13
9
6
8
9
8
3
-1
-4
2
5
5
4
0
1
-3
2
1
-1
-6
-9
-3
-4
-4
-5
-6
-3
-7
-7
-5
-6
-8
-11
-7
-4
-4
-9
-7
-6
-8
0
-5
-6
-11
-4
-7
-5
-6
-8
-5
-6
1
-1
0
4
0
7
12
4
8
13
19
16
19
16
14
19
15
11
15
13
18
15
17
18
11
17
16
14
13
15
9
14
12
8
9
14
14
7
10
11
12
14
7
10
11
-1
7
7
7
7
8
4
7
5
6
7
5
5
1
5
0
4
7
2
7
8
6
6
11
13
8
9
6
8
6
4
9
8
6
10
12
11
12
11
8
14
15
13
16
15
14
14
17
15
13
12
10
18
15
13
18
20
17
19
21
19
19
22
23
24
20
21
25
21
23
19
20
21
18
18
22
21
18
16
17
13
16
19
18
19
20
17
17
16
17
17
18
15
18
14
11
14
16
20
14
15
9
8
9
9
11
11
11
5
12
13
4
9
10
8
5
12
8
3
5
4
12
10
8
10
11
10
9
10
9
3
-2
6
9
6
7
5
2
3
2
3
5
-1
7
6
0
-4
0
1
0
-4
0
0
5
3
5
9
8
14
14
12
5
10
11
12
10
10
12
14
12
15
13
14
14
16
16
14
18
12
16
18
20
18
15
15
15
17
19
18
17
14
19
18
20
14
20
21
19
20
14
15
18
14
12
10
16
13
12
20
16
13
12
22
20
18
16
14
13
13
13
13
12
9
13
13
18
16
19
19
13
16
18
19
14
14
11
10
6
6
11
9
11
8
11
6
10
8
0
1
-3
2
-6
1
2
-5
-2
-5
-11
-6
0
-5
-4
-2
-8
-6
-9
-13
-10
-6
-5
-4
-10
-9
-6
-7
-6
-7
-6
-3
0
-1
0
3
0
2
-1
-1
3
1
3
2
1
4
4
1
2
3
2
7
9
7
10
15
11
13
10
14
20
12
16
15
23
14
20
18
15
22
15
18
17
21
14
18
21
13
15
15
17
11
13
13
13
18
9
14
13
9
8
11
13
7
11
9
6
7
7
11
5
8
3
-2
4
2
-1
-5
-3
-5
-4
-4
-7
-6
-2
-7
-1
-3
-9
-11
-6
-4
-12
-11
-8
-11
-13
-19
-18
-15
-16
-12
-13
-13
-17
-18
-14
-14
-8
-11
-15
-12
-19
-18
-9
-11
-14
-12
-16
-13
-8
-16
-10
-13
-13
-7
-12
-9
-7
-19
-11
-11
-12
-9
-12
-13
-13
-12
-10
-12
-11
-15
-14
-16
-12
-9
-12
-4
-5
-9
-12
-8
-2
1
-4
-5
-1
2
0
2
7
9
7
9
12
8
15
14
25
21
21
21
18
24
24
27
28
31
29
28
30
32
25
29
26
30
31
27
31
30
26
25
27
20
19
23
24
17
18
17
14
14
12
16
11
15
15
10
10
8
8
11
5
1
9
12
1
3
-3
-6
1
-7
-10
-5
-6
-11
-7
-11
-8
-15
-12
-12
-12
-12
-14
-14
-14
-13
-15
-14
-17
-13
-9
-16
-15
-11
-13
-13
-13
-14
-10
-10
-12
-14
-14
-14
-15
-11
-11
-13
-10
-9
-10
-12
-5
-4
-6
-5
-2
-2
-1
-8
-5
3
2
3
5
4
-1
6
4
2
3
0
5
4
13
6
5
5
8
2
0
5
1
4
-1
1
-2
-3
-6
-5
-5
-15
-15
-9
-11
-12
-11
-8
-11
-11
-15
-19
-10
-16
-16
-14
-15
-20
-16
-19
-16
-13
-20
-19
-16
-21
-18
-12
-13
-16
-11
-5
-8
-9
-10
-8
-9
-7
-6
-1
4
0
-2
5
2
2
1
3
4
2
4
3
9
4
0
8
8
3
4
1
0
-3
-5
0
4
-6
-5
2
-7
-3
-9
-6
-4
-4
-8
-9
-8
-6
-10
-9
-9
-13
-12
-9
-15
-19
-15
-17
-15
-12
-13
-14
-15
-14
-10
-15
-15
-8
-17
-13
-17
-12
-14
-11
-9
-12
-10
-9
-1
-10
-5
-8
-8
-3
-3
-6
-2
0
3
4
7
4
5
6
8
13
8
10
12
9
12
14
13
17
19
17
13
16
17
16
13
13
12
11
15
17
15
16
11
14
14
14
11
13
13
10
10
10
10
2
2
4
4
-8
-4
-2
-6
1
-1
-9
-8
-9
-12
-17
-16
-11
-16
-17
-17
-20
-20
-22
-29
-23
-23
-28
-24
-20
-22
-20
-20
-19
-20
-17
-17
-17
-16
-22
-18
-11
-9
-13
-10
-9
-4
0
2
0
3
4
0
7
4
7
6
9
12
9
12
9
16
13
15
19
10
18
18
15
17
19
17
19
14
10
6
6
13
4
5
1
3
-3
-7
-7
-9
-4
-14
-8
-11
-17
-18
-19
-15
-19
-16
-13
-20
-22
-20
-20
-23
-23
-23
-23
-19
-24
-24
-22
-21
-19
-18
-17
-21
-19
-19
-23
-23
-18
-20
-21
-24
-29
-23
-19
-26
-26
-22
-21
-28
-22
-24
-27
-24
-27
-26
-30
-28
-23
-16
-19
-21
-19
-21
-20
-22
-17
-20
-18
-22
-22
-19
-19
-22
-19
-18
-24
-21
-21
-18
-14
-17
-13
-16
-19
-13
-15
-15
-13
-11
-14
-8
-10
-9
-10
-10
-9
-8
-12
-9
-3
-11
-5
-6
-6
-9
-2
-2
-5
-1
-4
-1
-1
1
-1
-2
-1
3
3
4
1
-1
-1
6
7
5
4
0
9
4
7
7
9
9
9
8
2
8
6
11
7
8
8
2
8
6
1
6
2
-1
4
0
-2
-7
-9
-10
-10
-15
-15
-19
-21
-14
-21
-24
-21
-23
-26
-22
-24
-23
-22
-25
-27
-22
-28
-26
-26
-23
-22
-27
-19
-21
-20
-24
-28
-15
-20
-19
-15
-21
-17
-16
-17
-19
-20
-18
-13
-17
-14
-10
-11
-8
-6
-5
-5
-6
-1
4
-1
2
2
2
4
-1
-1
6
4
1
7
5
0
1
5
1
-6
-3
-3
5
2
-2
-1
-4
-4
-4
-3
-4
-7
-13
-9
-6
-6
-9
-11
-9
-10
-14
-22
-18
-18
-21
-21
-25
-19
-20
-24
-22
-19
-22
-16
-18
-23
-16
-20
-18
-16
-21
-23
-21
-12
-17
-16
-16
-20
-18
-19
-11
-6
-9
-11
-13
-7
-10
-10
-3
-3
-5
-8
-4
1
6
2
-3
-1
1
0
-1
0
5
7
6
4
5
1
5
3
4
5
-1
1
-4
-5
-6
-4
-5
-4
-4
-8
-11
-12
-10
-6
-7
-8
-16
-17
-16
-15
-16
-14
-8
-11
-8
-13
-8
-11
-12
-8
-11
-8
-7
-7
-2
-4
2
2
0
4
9
5
4
9
8
7
6
13
15
14
17
20
21
16
21
16
21
20
20
22
22
22
23
22
16
25
26
21
24
20
19
17
17
17
15
11
11
7
4
6
5
4
-1
1
1
-2
1
3
-2
-1
-3
-12
-12
-8
-14
-9
-8
-16
-15
-16
-11
-14
-15
-17
-15
-20
-18
-17
-19
-14
-15
-16
-14
-13
-16
-13
-14
-17
-17
-11
-5
-8
-8
-7
-3
-3
-7
-9
-2
-3
-1
4
3
5
9
11
10
11
13
11
14
17
15
20
17
17
23
27
23
20
28
21
28
25
23
27
20
26
28
25
28
26
25
30
24
26
24
18
22
24
18
18
23
13
14
12
10
9
8
9
5
9
6
4
4
3
1
2
3
-2
-5
-7
-6
-4
-7
-1
-4
-4
-7
-7
-3
-10
-5
-7
-8
-8
-6
-9
-14
-5
-3
-4
-3
-3
-3
-7
-6
-3
-3
0
-2
-1
0
-4
-7
-2
2
1
3
1
-2
-4
2
0
-6
-4
-1
-4
-2
-4
-4
-5
-4
-2
-2
-6
-6
-3
2
-5
-5
-1
2
3
-4
1
3
2
4
2
4
1
0
14
5
11
10
18
19
10
17
14
11
17
22
16
26
22
26
21
19
17
22
28
17
19
16
22
23
19
19
17
17
8
18
16
16
20
16
12
14
7
10
10
6
4
2
8
2
4
-2
1
-1
3
-5
-7
-8
-14
-4
-9
-10
-8
-8
-16
-16
-14
-12
-16
-15
-15
-17
-20
-21
-20
-15
-18
-16
-19
-23
-12
-17
-20
-18
-15
-20
-20
-15
-17
-18
-19
-13
-14
-17
-15
-15
-8
-16
-13
-12
-10
-12
-11
-6
-4
-1
-4
-1
-8
-1
-1
0
-5
2
2
-1
0
2
9
10
13
15
14
20
19
16
19
22
23
30
23
21
26
21
25
25
24
20
23
25
22
24
26
23
29
26
23
29
24
23
19
25
23
19
18
20
27
23
25
21
24
24
17
18
27
22
22
21
25
26
20
28
21
21
29
23
25
26
31
35
30
27
30
33
25
31
29
30
26
24
25
26
22
18
15
18
13
15
14
10
12
9
11
7
2
2
1
-4
-4
-9
-14
-17
-19
-15
-19
-21
-18
-24
-21
-21
-25
-26
-23
-27
-32
-27
-27
-25
-23
-24
-24
-28
-25
-25
-21
-11
-14
-13
-14
-9
-6
-7
-6
-5
-2
-3
-5
-1
2
1
6
12
7
8
13
13
13
10
11
15
18
15
15
11
16
13
14
18
12
11
9
15
11
14
7
11
9
8
7
3
7
4
3
0
-4
-5
-1
0
-4
-5
-3
-3
-10
-9
-12
-12
-3
-9
-8
-8
-10
-10
-8
-5
-4
-5
-3
-8
-6
0
-3
-7
-4
-5
0
-4
-5
1
-2
-3
5
0
5
8
5
3
2
10
3
2
1
3
3
2
0
3
8
8
5
3
7
9
5
7
8
7
7
9
10
7
7
6
9
0
1
7
-2
1
-1
2
-1
-4
0
-1
-6
-10
-10
-7
-9
-12
-12
-11
-9
-11
-11
-12
-14
-14
-13
-10
-12
-11
-11
-13
-14
-12
-12
-9
-9
-5
-6
-11
-3
-5
-9
1
3
0
5
4
-1
4
6
2
5
9
11
8
7
9
10
7
10
11
9
10
9
9
9
15
12
9
9
5
6
9
7
1
6
0
1
4
-1
-2
-7
-7
2
-2
-5
-5
-1
0
-7
-6
-11
-8
-9
-7
-4
-6
-7
-10
-6
-7
-7
-12
-2
-2
-2
-1
1
-2
-1
2
-1
-1
2
7
8
9
12
16
17
14
17
19
15
22
21
22
23
23
21
18
22
21
18
18
19
18
21
17
16
21
16
16
13
16
13
11
9
15
12
9
13
5
4
5
5
3
-2
-5
-10
-9
-8
-11
-10
-8
-12
-13
-15
-20
-22
-20
-19
-15
-12
-16
-19
-22
-19
-17
-13
-15
-13
-13
-12
-16
-20
-19
-17
-18
-15
-13
-13
-9
-13
-14
-9
-13
-9
-8
-13
-8
-6
-1
-3
-7
-10
-4
-2
-6
-4
-4
-5
-2
-2
-3
-1
-4
-1
-6
1
-8
-3
-2
-1
2
-5
1
-2
-4
-5
-8
-4
0
-7
-6
-9
-7
-11
-7
-2
-11
-4
2
-7
-1
-2
-7
-6
-5
1
-5
-5
-6
0
2
0
5
9
5
4
4
4
11
11
9
5
4
5
10
6
6
9
7
7
4
5
8
6
8
9
10
10
8
8
9
6
9
10
9
12
11
13
13
11
11
12
12
15
11
6
10
7
8
6
6
2
2
4
1
1
-3
0
-6
-1
-3
-9
-5
-8
-7
-10
-10
-15
-9
-14
-19
-18
-17
-12
-23
-13
-14
-18
-13
-15
-6
-9
-10
-12
-6
-11
-10
-9
-7
-8
-7
-5
-9
-3
-5
2
-5
-2
-3
-2
2
1
-3
0
4
-1
5
5
4
8
7
7
9
7
-1
7
6
5
12
7
5
10
13
5
3
9
7
5
9
6
4
7
7
10
11
6
2
9
5
10
9
11
9
8
9
3
10
7
3
4
7
9
8
4
5
-1
1
-1
-1
1
-4
-1
-1
5
-2
1
1
-7
-3
-3
-8
-5
-13
-9
-8
-13
-3
-9
-9
-7
-11
-11
-5
-7
-2
-6
-4
-4
-6
-2
0
2
0
4
-2
1
2
-6
-4
3
3
4
2
-5
3
2
1
1
-4
-1
-1
5
4
4
4
-1
5
9
4
4
6
4
-1
-3
1
-1
0
-2
-6
-5
0
-3
-2
-5
-3
1
-6
-3
-1
1
2
1
4
-1
-4
-6
3
0
-9
1
0
3
-1
3
2
2
3
4
5
10
3
3
4
1
3
0
4
1
8
3
7
10
1
4
6
9
7
6
7
7
6
6
4
6
6
5
7
2
4
4
4
5
-1
5
6
5
1
5
11
5
0
0
-4
-2
0
1
3
1
-1
-4
-4
-2
-7
-5
-4
-2
-6
-8
-1
-9
-7
-8
-14
-13
-18
-14
-20
-15
-16
-16
-18
-17
-13
-17
-12
-17
-14
-18
-16
-15
-16
-12
-16
-10
-9
-13
-13
-14
-10
-14
-3
-3
-3
-3
2
6
3
5
2
11
8
7
7
8
8
7
8
13
11
10
8
8
10
14
12
12
12
9
14
5
10
11
8
9
9
9
10
10
8
8
1
3
7
-3
3
1
-3
-2
-5
-4
-5
-6
-7
-6
-8
-8
-8
-15
-13
-15
-11
-12
-15
-12
-5
-12
-9
-11
-13
-6
-10
-13
-14
-13
-14
-14
-10
-12
-9
-10
-11
-12
-10
-12
-15
-14
-14
-13
-7
-9
-10
-9
-8
-6
-7
-10
-10
-10
-11
-10
-11
-5
-10
-11
-10
-15
-16
-13
-16
-12
-14
-13
-13
-11
-15
-18
-13
-13
-12
-7
-11
-11
-14
-16
-12
-8
-10
-11
-10
-10
-4
-5
-9
-3
-5
-4
-6
-4
-3
-1
-5
-8
-3
-4
-2
-1
3
-1
-5
0
-3
-7
0
4
5
4
10
9
3
5
4
6
10
10
6
9
10
10
11
7
10
7
10
15
9
4
10
5
4
4
4
-3
-2
2
-1
0
-6
-3
-11
-11
-11
-11
-6
-8
-12
-11
-9
-16
-11
-16
-15
-17
-20
-21
-22
-16
-19
-22
-22
-20
-25
-31
-29
-25
-27
-26
-25
-28
-21
-24
-24
-24
-22
-18
-25
-24
-26
-20
-16
-23
-22
-21
-14
-16
-19
-11
-7
-6
-4
-8
-5
-5
-3
-8
-5
0
-1
6
4
7
4
4
9
9
8
9
9
13
14
9
9
8
10
12
10
12
6
15
12
17
15
16
17
13
14
9
15
8
10
12
17
14
9
21
13
13
11
10
11
11
12
8
9
9
3
5
9
10
7
7
5
9
10
12
12
11
13
9
9
14
8
6
9
11
9
6
10
13
11
8
9
7
10
14
13
10
12
4
2
5
7
6
-1
0
4
4
2
-3
4
0
-1
-3
-3
-1
-5
-4
-4
-8
-13
-11
-13
-13
-15
-15
-10
-11
-16
-10
-16
-14
-11
-16
-12
-15
-12
-12
-15
-21
-19
-16
-16
-16
-13
-15
-16
-15
-15
-7
-10
-7
-11
-14
-10
-8
-9
-15
-11
-7
-4
-10
-8
-6
-9
-11
-1
-5
-8
1
-6
-2
-6
-5
-3
-1
0
-5
-5
-12
-6
-4
-9
-8
-7
-6
-6
-10
-11
-6
-1
-6
-2
-5
-2
-8
-8
0
-4
-6
0
-1
-3
-4
-4
-2
-2
-2
1
-3
-3
0
6
0
1
-2
2
8
7
14
9
7
6
7
11
8
8
6
8
7
8
6
4
10
6
7
4
3
1
7
11
6
9
11
10
11
4
9
6
5
8
4
3
3
8
9
5
7
2
6
6
-1
-1
5
-1
3
5
5
6
1
-5
-3
0
-1
3
4
3
1
-2
-5
0
-3
-5
-6
-5
0
-4
-10
-1
-1
-5
-2
-6
0
-1
-11
-5
-3
-2
-4
0
-5
-9
-3
-4
1
2
0
6
6
4
-3
4
1
-6
5
-3
-2
0
-1
5
6
5
3
1
2
8
6
3
9
7
2
4
4
0
-1
4
2
-2
4
4
10
9
5
7
4
4
8
7
8
7
6
6
1
3
3
2
2
0
0
1
7
5
10
4
5
9
11
8
6
9
9
10
10
10
10
16
13
14
22
18
12
14
19
18
19
25
18
23
24
22
17
19
20
19
10
12
15
11
15
13
14
12
12
7
12
10
2
10
11
10
5
2
0
8
1
2
2
1
4
-1
1
1
1
4
2
-3
-1
-3
3
3
4
0
-3
0
1
-1
0
2
4
5
-1
6
0
-1
4
1
-3
0
-2
1
3
3
4
-5
-3
-3
-1
-1
0
-4
-8
-4
-3
-6
-4
-4
-11
-6
-7
-7
-5
-6
-4
-6
-4
-4
-6
-3
-4
-8
-4
-2
-6
-5
-2
0
4
4
5
-2
-4
6
11
13
5
10
15
13
16
18
15
17
14
9
18
17
22
18
18
22
22
17
20
22
18
23
19
20
19
18
19
18
16
14
13
10
12
14
14
14
12
16
11
16
16
12
10
12
17
12
13
8
12
8
12
9
15
12
6
10
6
12
7
10
10
10
6
10
5
6
7
5
1
7
2
0
0
-3
1
-6
-6
-7
-15
-6
-7
-10
-11
-8
-1
-3
-1
0
-5
-2
-4
-3
-5
-7
-8
-2
-6
-4
-4
-5
-2
-6
-3
4
0
-1
-1
1
3
-3
-1
-1
-2
-1
-2
3
3
2
0
5
4
0
0
1
2
0
4
5
-2
1
-2
3
-1
-5
1
2
-3
-1
4
4
5
2
3
-1
0
-3
5
0
0
-1
1
5
1
1
1
5
1
2
6
7
1
1
1
0
1
3
0
2
7
5
1
5
2
4
4
3
7
7
9
9
6
8
6
8
7
3
13
13
8
9
12
12
5
9
10
1
9
10
13
8
10
16
15
14
13
16
17
15
16
18
22
20
17
15
14
12
15
17
13
16
13
11
15
15
11
9
9
1
6
7
14
12
6
9
5
4
1
0
9
3
2
2
7
4
1
-1
1
0
2
3
0
-1
-3
0
-7
-7
-3
0
-4
-5
-3
-5
3
3
3
5
5
3
10
9
4
6
3
5
12
9
12
14
15
12
14
19
16
19
15
17
15
15
13
18
15
16
17
17
19
13
22
18
15
10
9
10
15
13
13
11
7
12
9
12
7
2
2
7
6
3
5
-3
2
2
-1
0
-3
0
-6
-1
-2
-2
-3
-4
-2
-6
-2
-4
-4
-5
-9
-10
-11
-5
-13
-8
-8
-9
-10
-11
-6
-8
-7
-2
-5
-7
-6
-4
-7
-2
3
-1
6
4
4
5
8
13
9
9
17
16
10
12
15
17
19
21
21
19
21
14
12
14
18
16
21
15
15
13
15
17
8
11
6
7
13
9
7
8
12
9
2
5
7
1
0
6
1
0
3
-1
-1
-1
2
-2
-5
-4
-10
-9
-15
-11
-13
-11
-16
-20
-16
-9
-12
-14
-15
-14
-13
-15
-14
-19
-18
-22
-15
-9
-14
-14
-6
-7
-12
-11
-11
-6
-3
-3
-5
-8
0
-2
-3
-2
-10
-3
0
-6
-2
-4
-3
-6
-5
1
-5
-7
-5
-7
-7
-8
-9
-4
-5
-6
-6
-8
-3
-4
-9
-8
-7
-4
-3
4
-2
-7
-7
-4
-2
-1
2
-1
-2
-4
3
1
8
4
1
4
4
0
3
4
0
0
4
5
5
5
6
3
1
-1
2
-4
4
2
1
9
3
10
8
6
1
5
4
2
3
-2
2
9
6
3
2
-3
0
3
2
-6
-8
-3
-1
-7
-5
-7
-6
-4
-6
-3
-9
-8
-15
-10
-12
-17
-11
-18
-17
-14
-12
-13
-16
-14
-14
-16
-17
-17
-12
-11
-16
-17
-21
-16
-14
-12
-15
-20
-16
-20
-13
-13
-17
-11
-11
-14
-16
-18
-20
-15
-16
-12
-7
-11
-9
-7
-8
-7
-8
-3
-1
0
-5
-4
1
-2
-1
0
-1
1
5
5
1
8
9
4
10
9
9
9
15
17
15
11
15
13
13
16
9
13
17
12
10
12
10
9
10
7
11
8
6
10
14
15
8
12
17
14
14
12
12
17
18
14
14
15
11
18
17
15
15
15
15
14
12
13
15
17
21
16
10
12
9
8
10
11
15
10
10
5
0
3
-2
-4
3
0
-4
-10
-5
-4
-11
-8
-11
-13
-9
-12
-17
-15
-16
-13
-17
-21
-14
-21
-22
-18
-23
-18
-25
-26
-24
-25
-29
-27
-24
-28
-26
-25
-28
-29
-27
-25
-30
-23
-22
-23
-19
-17
-18
-20
-20
-18
-11
-17
-19
-20
-15
-10
-11
-13
-11
-10
-8
-9
-9
-10
-11
-7
-4
-7
-9
-9
-6
-7
-11
-12
-7
-7
-9
-10
-11
-15
-10
-10
-13
-8
-13
-13
-15
-13
-16
-15
-13
-11
-13
-13
-16
-17
-12
-21
-26
-17
-17
-12
-17
-16
-12
-17
-16
-17
-12
-16
-18
-21
-19
-17
-14
-15
-12
-7
-10
-13
-13
-14
-11
-9
-12
-10
-11
-11
-8
-1
-4
-1
-2
-7
-5
-3
-5
2
10
-5
-1
0
0
0
0
-1
1
3
-4
1
-4
-2
2
-4
-2
-1
-3
-9
-5
-11
-8
-6
-11
-11
-17
-11
-11
-14
-18
-17
-16
-14
-7
-10
-16
-17
-19
-20
-28
-26
-21
-25
-20
-20
-27
-28
-22
-31
-26
-30
-30
-22
-30
-25
-29
-27
-23
-31
-25
-26
-25
-24
-27
-24
-17
-23
-24
-21
-24
-20
-23
-20
-21
-17
-21
-20
-16
-17
-12
-20
-17
-20
-19
-18
-21
-18
-15
-13
-13
-11
-12
-14
-17
-11
-9
-11
-10
-11
-14
-10
-13
-10
-9
-11
-14
-12
-16
-8
-8
-10
-11
-7
-12
-7
-6
-13
-6
-12
-6
-9
-7
-8
-16
-5
-5
-10
-11
-11
-3
-7
-9
-11
-6
-7
-8
0
-5
-3
4
4
1
11
8
7
10
5
11
9
8
8
10
9
9
14
9
10
6
4
6
7
6
4
2
9
9
5
6
5
1
4
6
-1
0
1
0
-3
0
-7
-9
-2
-6
-4
-7
-10
-9
-8
-9
-7
-8
-3
-8
-19
-12
-13
-7
-8
-14
-11
-17
-11
-13
-14
-16
-17
-18
-10
-10
-15
-10
-9
-9
-11
-8
-11
-10
-12
-11
-11
-11
-11
-20
-13
-10
-14
-13
-6
-10
-6
-9
-10
-12
-12
-9
-8
-8
-7
-7
-13
-14
-11
-13
-11
-15
-11
-8
-13
-16
-14
-12
-15
-14
-14
-11
-18
-15
-9
-9
-5
-10
-9
-7
-4
-2
-4
-1
-1
6
7
3
3
7
13
15
12
12
14
20
15
17
17
9
19
14
16
25
24
24
24
23
21
26
28
20
23
20
20
24
25
30
19
18
22
20
19
17
12
14
16
12
11
9
8
12
10
10
7
2
1
-3
0
-5
-6
-11
-12
-9
-13
-12
-12
-15
-21
-25
-24
-23
-27
-27
-23
-23
-26
-24
-20
-24
-23
-20
-20
-25
-15
-15
-18
-10
-10
-12
-12
-13
-8
-11
-5
-7
-8
-1
-6
3
6
1
2
3
4
4
4
5
6
5
7
11
7
6
9
6
2
4
7
2
4
2
2
3
2
1
-1
-3
4
4
-5
-2
-4
-1
-3
-2
-6
-8
-7
-8
-5
-8
-5
-10
-13
-10
-4
-8
-9
-10
-9
-6
-10
-16
-7
-12
-5
-10
-11
-7
-9
-13
-2
-1
-7
-7
-9
0
-2
5
3
2
2
4
6
3
10
9
9
12
11
17
22
16
15
18
16
14
13
16
19
14
16
18
13
17
13
8
13
10
10
9
8
11
8
7
6
7
2
-3
4
2
4
2
0
2
2
-2
1
5
0
-2
-2
2
0
-4
-4
-4
-7
-5
-4
-4
3
0
-4
1
-1
-2
-7
-3
-1
-1
4
9
7
2
8
8
9
7
11
5
9
11
11
11
12
11
14
13
8
14
3
5
9
8
7
9
7
6
5
2
1
4
5
-2
-4
0
1
-1
-5
5
1
-4
-12
-13
-15
-12
-9
-11
-10
-11
-16
-15
-13
-14
-10
-15
-8
-9
-7
-15
-13
-11
-7
-4
-8
-13
-12
-6
-5
-3
-2
-1
-4
2
2
-5
3
-5
-1
-4
5
4
3
7
6
6
6
8
2
5
3
7
10
10
10
8
5
7
7
3
12
9
11
11
10
7
7
6
6
5
4
1
1
3
4
-2
-2
5
-1
0
-3
-4
-3
-5
-1
-3
-3
-5
1
1
2
4
1
-3
-5
-3
-1
-3
-1
-2
-8
-2
-4
-1
-1
-2
-5
1
-7
-7
-3
-7
-3
-1
-6
-6
-2
-7
-12
-17
-9
-12
-6
-5
-9
-5
-9
-8
-17
-14
-11
-18
-13
-15
-12
-6
-17
-14
-13
-12
-17
-18
-12
-11
-7
-11
-12
-13
-7
-8
-8
-8
-6
-7
-13
-6
-13
-11
-11
-8
-9
-5
-5
-5
0
-2
-2
-6
-3
-1
-2
2
4
1
5
6
2
6
-1
5
5
2
5
8
9
7
5
3
3
7
7
4
5
6
19
11
14
10
12
13
9
10
10
14
16
16
14
19
13
16
20
16
15
13
16
14
19
13
16
15
9
5
14
12
6
9
8
6
4
2
2
5
1
-3
3
-5
-5
-1
-9
-4
-6
-7
-7
-9
-9
-7
-3
-11
-6
-2
-6
1
-7
-9
-6
-11
-12
-14
-12
-12
-12
-10
-9
-8
-11
-9
-5
-5
-2
-8
-10
-7
-9
-7
-2
-2
-3
-10
-5
-3
-8
-3
-6
-6
-1
-4
-2
4
4
3
6
9
10
10
4
9
10
11
10
8
7
13
15
12
12
12
11
12
19
20
15
11
16
19
11
10
3
4
5
6
13
8
9
17
21
17
23
20
14
17
21
15
3
8
11
7
12
22
23
18
31
36
31
21
29
27
22
22
20
14
10
23
18
26
26
36
35
31
40
37
37
33
29
18
21
20
7
6
21
19
16
27
40
30
34
39
33
26
22
25
9
-2
1
-3
-6
-4
-1
0
1
11
9
15
15
5
0
-4
-20
-32
-36
-39
-46
-38
-20
-19
-4
3
7
1
0
0
-18
-22
-36
-49
-54
-45
-47
-60
-35
-21
-27
-18
16
9
-4
11
21
2
-7
-2
-11
-23
-23
-16
-20
-16
9
23
20
45
62
49
46
60
42
10
18
24
-8
-21
17
20
6
37
72
56
62
100
87
45
40
45
5
-24
-29
-32
-29
-27
-25
7
33
24
35
72
51
8
34
30
-37
-48
-15
-54
-67
-11
-20
-40
30
63
23
48
114
63
17
89
43
-59
-14
23
-69
-78
10
-7
-40
52
94
28
53
110
74
14
17
-8
-69
-81
-86
-118
-120
-73
-25
-6
10
40
82
95
51
9
-8
-19
-81
-157
-106
-55
-185
-234
22
-59
-534
-483
-165
-699
-1351
-978
-855
-1745
-1857
-1042
-1310
-1971
-1172
-352
-1002
-1056
142
301
-378
126
970
595
333
1162
1632
1339
1601
2491
2866
2713
2934
3464
3520
3030
2706
2708
2255
1309
746
618
-17
-995
-1221
-1009
-1515
-2231
-1969
-1473
-1968
-2439
-1769
-1350
-2077
-2173
-1170
-1168
-2044
-1539
-503
-1036
-1570
-483
148
-564
-264
1029
1114
745
1602
2353
1921
1729
2010
1598
759
249
-433
-1432
-2141
-2721
-3334
-3606
-3682
-3717
-3324
-2684
-2333
-1798
-774
-85
269
1082
1965
2202
2531
3465
3901
3581
3848
4657
4453
3589
3779
4229
3241
2270
2760
2681
1115
729
1609
734
-949
-522
62
-1597
-2721
-1788
-2028
-3769
-3697
-2596
-3401
-4343
-3124
-2184
-3048
-3012
-1360
-867
-1510
-729
720
575
170
1343
2165
1190
820
1920
1774
190
43
778
-257
-1584
-966
-619
-1990
-2343
-1085
-1195
-2395
-1915
-884
-1556
-2255
-1406
-967
-1712
-1524
-233
140
62
1296
2903
3313
3710
5136
6033
5715
5781
6309
5684
4457
4128
3694
2152
990
825
106
-1129
-1407
-1295
-1942
-2447
-2148
-2221
-2926
-3113
-2970
-3475
-4167
-4248
-4316
-4793
-4942
-4585
-4364
-4204
-3547
-2679
-2090
-1450
-511
244
690
1195
1696
1837
1808
1895
1839
1492
1156
932
636
262
-49
-262
-327
-155
92
476
1276
2238
3023
4064
5475
6207
6181
6651
7229
6232
4580
4071
3339
970
-821
-917
-1841
-3794
-3847
-2660
-3180
-3889
-2375
-1056
-1833
-1945
-523
-577
-2017
-2113
-1753
-3022
-4255
-3898
-3896
-4873
-4754
-3466
-2912
-2710
-1424
98
702
1249
2318
2793
2367
2129
2146
1385
112
-568
-975
-1890
-2679
-2707
-2680
-2874
-2559
-1798
-1272
-710
324
1355
2195
3232
4301
5132
6072
6903
7012
6986
7377
7133
5899
5133
4867
3578
1944
1578
1266
-241
-1121
-526
-744
-2032
-2044
-1275
-2038
-3261
-2976
-2907
-4500
-5495
-5023
-5476
-6895
-6748
-5659
-5917
-6123
-4468
-3013
-3016
-2197
-214
487
212
1093
2039
1384
743
1211
1009
-211
-610
-363
-943
-1665
-1389
-1061
-1440
-1401
-483
187
428
1339
2852
3885
4668
6227
7799
8095
8125
9026
9241
7702
6442
6193
4724
2155
1097
795
-1077
-2812
-2379
-2102
-3407
-3641
-2293
-2186
-3240
-2905
-1999
-2834
-4179
-4100
-4025
-5351
-6336
-5853
-5690
-6423
-5999
-4277
-3459
-3263
-1681
319
852
1189
2558
3149
2341
2139
2448
1444
-51
-413
-773
-2082
-2840
-2576
-2732
-3246
-2773
-1668
-1037
-394
1103
2841
4078
5326
7173
8784
9218
9343
10071
10168
8699
7262
6649
5171
2721
1409
949
-630
-2302
-2158
-1770
-2693
-3092
-2088
-1890
-2881
-2919
-2318
-3280
-4968
-5209
-5245
-6762
-7932
-7371
-7165
-7926
-7177
-5076
-4257
-3904
-1781
406
783
1374
3074
3456
2471
2505
2843
1549
34
-203
-700
-2138
-2735
-2352
-2609
-3103
-2301
-919
-237
627
2582
4516
5641
7225
9482
10513
10229
10710
11520
10301
8093
7268
6275
3394
1162
870
-399
-2904
-3363
-2388
-3117
-4190
-3125
-2149
-3164
-3610
-2529
-2811
-4755
-5507
-5224
-6391
-8151
-8215
-7753
-8448
-8522
-6687
-5123
-4727
-3280
-624
812
1264
2663
3977
3574
2960
3286
2795
997
-137
-453
-1558
-2908
-3071
-2886
-3362
-3252
-1790
-440
337
2007
4493
6245
7646
9938
11769
11784
11759
12649
12114
9663
8035
7184
4640
1642
678
-151
-2616
-3955
-3067
-3132
-4381
-3882
-2528
-3077
-3928
-3102
-3059
-5033
-6162
-6008
-7246
-9266
-9424
-9007
-9898
-9968
-7939
-6366
-5870
-3953
-1032
402
1231
3186
4559
4098
3785
4261
3518
1609
549
2
-1432
-2816
-2996
-3086
-3679
-3369
-1873
-609
426
2494
5048
6896
8794
11358
12928
13007
13386
14020
12803
10352
8844
7274
4139
1410
368
-1171
-3605
-4314
-3585
-4010
-4693
-3655
-2624
-3211
-3497
-2729
-3196
-5019
-5898
-6221
-7778
-9468
-9664
-9689
-10414
-10073
-8259
-6842
-5864
-3745
-1100
491
1735
3525
4637
4403
4179
4239
3253
1437
155
-795
-2293
-3626
-4018
-4224
-4523
-3906
-2302
-789
753
3183
5909
8056
10299
12834
14178
14269
14715
14999
13268
10686
9158
7194
3711
1114
107
-1774
-4195
-4450
-3722
-4444
-4865
-3456
-2710
-3549
-3498
-2812
-3914
-5781
-6354
-7103
-9136
-10469
-10439
-10893
-11499
-10456
-8569
-7372
-5874
-3203
-767
752
2432
4253
4925
4679
4668
4442
3045
1261
88
-1109
-2748
-3870
-4223
-4550
-4594
-3500
-1811
-249
1831
4680
7305
9661
12404
14568
15222
15560
16133
15230
12689
10612
8839
5607
2177
492
-1025
-3603
-4985
-4427
-4469
-5222
-4428
-3021
-3224
-3702
-2975
-3070
-4927
-6247
-6707
-8332
-10462
-11076
-11169
-12070
-12070
-10258
-8573
-7456
-5180
-2107
-61
1471
3645
5251
5301
5105
5266
4420
2454
897
-231
-1947
-3654
-4339
-4654
-5103
-4650
-3025
-1348
371
3029
6044
8508
11099
13969
15543
15797
16360
16601
14720
11991
10271
7966
4114
1207
-43
-2137
-4736
-5125
-4435
-5088
-5415
-3866
-2927
-3631
-3545
-2707
-3657
-5644
-6421
-7201
-9403
-11130
-11310
-11799
-12680
-11889
-9856
-8502
-7052
-4136
-1227
486
2331
4613
5642
5384
5416
5326
3759
1663
330
-1069
-3135
-4598
-4982
-5386
-5611
-4480
-2491
-715
1486
4722
7867
10467
13418
16054
17056
17350
17989
17326
14632
12137
10266
6982
3053
877
-709
-3460
-5273
-4871
-4857
-5712
-5030
-3446
-3485
-4006
-3306
-3296
-5076
-6504
-7123
-8803
-11008
-11848
-12159
-13051
-13043
-11398
-9682
-8299
-5868
-2678
-241
1713
4010
5822
6317
6326
6368
5510
3606
1820
337
-1552
-3482
-4553
-5098
-5517
-5045
-3477
-1645
426
3359
6585
9423
12444
15405
16926
17367
18061
17967
15685
12897
10941
8026
3891
1091
-474
-3086
-5548
-5596
-5164
-6010
-5887
-4107
-3427
-4005
-3467
-2789
-4164
-5974
-6574
-7805
-10358
-11887
-12167
-13128
-13939
-12771
-10877
-9715
-7837
-4513
-1654
246
2614
5031
5960
5963
6292
5983
4207
2286
915
-890
-3111
-4465
-5069
-5786
-5877
-4556
-2730
-949
1672
5050
8062
10963
14302
16679
17399
18023
18701
17383
14447
12255
10040
6075
2317
496
-1582
-4667
-5882
-5230
-5656
-6364
-5024
-3482
-3840
-3915
-2766
-3156
-5220
-6271
-6841
-9065
-11453
-12083
-12666
-14026
-13888
-11975
-10536
-9362
-6510
-3034
-815
1226
4026
5913
6120
6315
6670
5534
3367
1805
356
-1961
-4001
-4786
-5441
-6195
-5601
-3729
-1939
75
3299
6772
9621
12801
16080
17674
18060
18892
18952
16555
13633
11700
8709
4316
1351
-218
-2953
-5640
-5767
-5264
-6118
-6090
-4249
-3427
-4011
-3515
-2702
-3941
-5866
-6589
-7724
-10273
-12057
-12499
-13451
-14416
-13487
-11562
-10284
-8516
-5214
-2058
67
2449
5078
6360
6493
6788
6608
4934
2803
1194
-678
-3078
-4804
-5590
-6312
-6576
-5452
-3520
-1558
1029
4468
7781
10881
14310
16952
17918
18553
19309
18214
15281
12893
10650
6696
2692
620
-1476
-4641
-6133
-5565
-5843
-6555
-5305
-3583
-3668
-3760
-2623
-2733
-4660
-5885
-6540
-8688
-11230
-12179
-12845
-14269
-14453
-12771
-11226
-9977
-7288
-3765
-1204
1046
3893
6005
6588
6907
7238
6237
4099
2283
615
-1775
-4083
-5303
-6121
-6922
-6601
-4956
-3106
-1047
2106
5709
8792
12066
15580
17649
18230
19069
19522
17574
14521
12444
9794
5443
1975
249
-2235
-5231
-5902
-5301
-5990
-6305
-4573
-3291
-3748
-3456
-2348
-3125
-5155
-6037
-6919
-9449
-11684
-12285
-13132
-14503
-14136
-12228
-10862
-9395
-6268
-2816
-485
1910
4823
6561
6895
7289
7421
5979
3787
2120
288
-2267
-4311
-5306
-6218
-6856
-6098
-4328
-2552
-224
3200
6696
9765
13274
16624
18233
18855
19840
19771
17329
14501
12442
9220
4779
1757
-121
-3041
-5684
-5931
-5709
-6562
-6305
-4489
-3790
-4173
-3428
-2667
-3938
-5659
-6324
-7695
-10331
-12043
-12657
-13893
-14927
-14020
-12308
-11106
-9131
-5751
-2635
-284
2512
5280
6613
7096
7674
7425
5733
3786
2136
-64
-2616
-4373
-5465
-6580
-6988
-5956
-4291
-2510
176
3769
7129
10349
14153
17295
18549
19322
20426
19809
16972
14396
12272
8419
3936
1378
-685
-4009
-6227
-6012
-6090
-6999
-6179
-4262
-3984
-4229
-3075
-2592
-4248
-5716
-6196
-7940
-10706
-12091
-12725
-14289
-15163
-13891
-12319
-11367
-9117
-5461
-2580
-336
2721
5508
6559
7045
7813
7378
5421
3576
1993
-432
-3073
-4648
-5743
-6961
-7194
-5928
-4241
-2376
589
4305
7646
11082
15047
17931
19033
20030
21070
19985
17084
14769
12384
8125
3903
1587
-890
-4416
-6187
-5926
-6462
-7315
-6143
-4505
-4549
-4459
-3142
-3086
-4829
-5886
-6410
-8505
-11119
-12266
-13162
-14872
-15426
-14059
-12789
-11825
-9264
-5660
-2998
-628
2611
5258
6187
6868
7720
7106
5117
3451
1875
-735
-3358
-4816
-6014
-7397
-7564
-6227
-4700
-2919
194
3943
7202
10761
14900
17756
18862
20115
21281
20073
17232
15140
12692
8295
4220
2005
-661
-4259
-5835
-5548
-6264
-7048
-5666
-4077
-4200
-3950
-2539
-2612
-4382
-5327
-5920
-8174
-10768
-11892
-12935
-14725
-15213
-13898
-12799
-11826
-9205
-5719
-3134
-677
2593
5136
6107
6924
7755
7099
5208
3605
1964
-648
-3199
-4681
-5952
-7309
-7457
-6176
-4669
-2832
281
3985
7273
10888
15013
17796
18925
20223
21304
19997
17175
15103
12570
8104
4091
1904
-847
-4447
-5934
-5663
-6456
-7185
-5710
-4156
-4321
-4005
-2534
-2638
-4393
-5257
-5858
-8162
-10700
-11788
-12925
-14769
-15229
-13994
-13014
-12047
-9451
-6051
-3468
-904
2353
4866
5961
6885
7695
7018
5204
3615
1894
-722
-3225
-4766
-6118
-7469
-7589
-6391
-4986
-3136
-48
3548
6825
10528
14611
17284
18521
19983
20997
19634
16993
15007
12326
7877
4015
1724
-1214
-4724
-6126
-6040
-6876
-7354
-5812
-4376
-4389
-3797
-2366
-2555
-4084
-4836
-5622
-7929
-10287
-11437
-12764
-14529
-14887
-13836
-12981
-11919
-9346
-6143
-3538
-855
2303
4728
5989
7022
7726
7073
5440
3862
2053
-457
-2885
-4542
-5954
-7164
-7249
-6164
-4688
-2667
438
4069
7579
11470
15453
18078
19481
20979
21770
20228
17613
15527
12560
7971
4133
1692
-1497
-4999
-6304
-6387
-7327
-7613
-5986
-4692
-4654
-3793
-2344
-2637
-3998
-4558
-5399
-7738
-9928
-11049
-12532
-14273
-14523
-13558
-12818
-11674
-9004
-5860
-3256
-420
2819
5252
6584
7726
8430
7712
6057
4458
2569
-79
-2621
-4377
-5898
-7197
-7324
-6242
-4761
-2733
443
4165
7779
11756
15712
18240
19681
21267
21882
20078
17501
15464
12199
7426
3775
1318
-2212
-5669
-6667
-6866
-7997
-7981
-6116
-5071
-5044
-3795
-2348
-2947
-4182
-4469
-5548
-8118
-10087
-11164
-12998
-14779
-14739
-13866
-13365
-12015
-9086
-6100
-3553
-417
2924
5156
6553
7921
8509
7604
6083
4592
2513
-221
-2601
-4305
-5944
-7185
-7098
-5963
-4504
-2274
1137
4881
8577
12759
16661
18966
20502
22182
22374
20199
17756
15644
11828
6935
3563
888
-3002
-6122
-6730
-7173
-8306
-7741
-5756
-4997
-4750
-3134
-1963
-2876
-3841
-4040
-5551
-8273
-10009
-11190
-13349
-14982
-14654
-13913
-13542
-11879
-8725
-5896
-3388
-15
3301
5272
6660
8109
8462
7281
5822
4332
1985
-857
-3047
-4739
-6532
-7615
-7222
-6091
-4627
-2071
1554
5217
9039
13481
17109
19086
20846
22532
22018
19484
17348
14957
10414
5658
2713
-416
-4644
-7045
-7265
-8175
-9118
-7767
-5839
-5501
-4769
-2727
-2133
-3330
-3807
-4076
-6230
-8935
-10301
-11830
-14320
-15475
-14852
-14452
-14051
-11795
-8518
-5961
-3218
500
3587
5277
6859
8343
8219
6805
5480
3856
1162
-1636
-3573
-5329
-7136
-7807
-7063
-5887
-4188
-1208
2553
6225
10316
14784
17957
19744
21636
22942
21675
19045
17029
14065
9113
4790
2035
-1546
-5602
-7231
-7420
-8598
-9028
-7200
-5640
-5434
-4217
-2246
-2243
-3416
-3633
-4270
-6768
-9186
-10455
-12326
-14651
-15281
-14606
-14375
-13633
-10978
-7798
-5308
-2316
1417
4169
5706
7333
8566
8023
6470
5140
3317
433
-2235
-3998
-5768
-7449
-7731
-6727
-5426
-3476
-179
3644
7370
11676
15976
18687
20394
22382
23150
21230
18687
16697
13093
7912
4112
1390
-2669
-6374
-7304
-7662
-9043
-8863
-6707
-5611
-5451
-3735
-1930
-2483
-3548
-3523
-4534
-7328
-9447
-10605
-12771
-14971
-15115
-14414
-14352
-13287
-10238
-7199
-4798
-1524
2256
4664
6103
7892
8909
7994
6476
5250
3172
120
-2332
-4003
-5965
-7575
-7551
-6474
-5215
-3059
481
4288
8069
12545
16663
19048
20803
22799
23057
20759
18364
16265
12156
6992
3577
717
-3547
-6774
-7308
-7888
-9167
-8427
-6237
-5498
-5158
-3131
-1696
-2619
-3494
-3444
-4884
-7818
-9667
-10890
-13298
-15287
-15118
-14477
-14461
-13091
-9851
-6934
-4548
-1114
2554
4683
6058
7803
8505
7296
5777
4462
2130
-992
-3265
-4892
-6896
-8236
-7825
-6598
-5182
-2610
1205
5059
9056
13723
17548
19669
21548
23370
22929
20353
18134
15650
11003
6090
2991
-189
-4472
-6997
-7302
-8158
-9019
-7670
-5711
-5261
-4463
-2309
-1522
-2612
-3154
-3400
-5420
-8223
-9791
-11358
-13927
-15396
-15009
-14593
-14347
-12409
-9127
-6391
-3693
-51
3268
5193
6717
8288
8448
7095
5655
4039
1395
-1599
-3713
-5495
-7466
-8368
-7705
-6490
-4846
-1885
2020
5802
10005
14702
18129
20057
22033
23550
22457
19743
17655
14768
9753
5143
2296
-1164
-5393
-7282
-7405
-8441
-8958
-7128
-5309
-5048
-3912
-1679
-1346
-2558
-2870
-3278
-5671
-8382
-9714
-11440
-14034
-15152
-14575
-14254
-13865
-11552
-8239
-5651
-2841
888
3996
5695
7213
8664
8474
6919
5463
3745
893
-2102
-4059
-5822
-7745
-8370
-7448
-6138
-4365
-1141
2897
6653
10852
15406
18544
20290
22150
23282
21728
18946
16827
13624
8520
4204
1464
-2142
-6113
-7533
-7632
-8710
-8899
-6880
-5271
-5040
-3695
-1616
-1619
-2828
-3098
-3743
-6292
-8873
-10187
-12016
-14413
-15247
-14635
-14249
-13566
-11023
-7711
-5029
-2074
1600
4581
6252
7713
8940
8565
6955
5383
3545
696
-2214
-4135
-5844
-7539
-7949
-6931
-5472
-3448
-88
3926
7775
12071
16323
19092
20821
22595
23127
21092
18422
16200
12423
7247
3363
530
-3437
-6971
-7805
-8105
-9240
-8807
-6572
-5380
-5053
-3254
-1489
-2026
-3054
-3166
-4303
-7144
-9377
-10646
-12801
-15005
-15327
-14672
-14420
-13335
-10384
-7209
-4644
-1420
2294
4893
6375
7950
8956
8125
6455
4985
2920
-130
-2809
-4528
-6357
-7959
-7970
-6779
-5324
-3041
654
4659
8526
13030
17147
19550
21266
23056
23051
20578
18098
15812
11493
6303
2876
-44
-4282
-7333
-7691
-8201
-9306
-8324
-6030
-5244
-4789
-2723
-1386
-2346
-3244
-3403
-4999
-7968
-9985
-11386
-13752
-15668
-15691
-15112
-14792
-13289
-10119
-7047
-4367
-946
2643
5029
6488
8015
8698
7629
5949
4373
2111
-932
-3426
-5103
-6886
-8144
-7823
-6478
-4744
-2052
1827
5865
10020
14599
18281
20444
22257
23680
22854
20182
17848
14986
10088
5279
2164
-1227
-5434
-7586
-7743
-8637
-9223
-7536
-5581
-5147
-4129
-1923
-1378
-2553
-3048
-3511
-5748
-8561
-10254
-12048
-14556
-15868
-15598
-15237
-14701
-12553
-9291
-6408
-3470
203
3509
5568
7119
8542
8682
7319
5685
3912
1290
-1727
-3991
-5746
-7585
-8497
-7826
-6438
-4599
-1585
2430
6396
10592
15173
18588
20505
22267
23504
22284
19474
17171
14120
9104
4514
1621
-1790
-5814
-7543
-7538
-8397
-8743
-6834
-4978
-4639
-3504
-1346
-1072
-2419
-2941
-3508
-5939
-8783
-10388
-12144
-14599
-15705
-15165
-14680
-14038
-11653
-8207
-5343
-2437
1275
4456
6236
7624
8926
8786
7161
5486
3692
967
-2010
-4079
-5738
-7485
-8155
-7280
-5820
-3919
-798
3168
7031
11198
15628
18739
20456
22168
23196
21740
18941
16705
13578
8583
4300
1584
-1875
-5741
-7157
-7140
-8121
-8322
-6339
-4735
-4557
-3334
-1293
-1354
-2769
-3207
-3938
-6513
-9179
-10636
-12490
-14880
-15688
-15081
-14694
-13927
-11397
-8090
-5356
-2371
1286
4209
5901
7339
8546
8271
6714
5107
3287
615
-2227
-4241
-5865
-7510
-8120
-7236
-5699
-3697
-623
3334
7276
11445
15777
18840
20560
22170
23102
21593
18760
16498
13317
8315
4103
1460
-1992
-5823
-7137
-7064
-8035
-8196
-6197
-4660
-4521
-3341
-1425
-1609
-3060
-3568
-4414
-7007
-9624
-11050
-12884
-15183
-15889
-15200
-14670
-13800
-11213
-7822
-5050
-2086
1538
4446
6026
7319
8495
8161
6450
4792
3046
358
-2549
-4420
-5885
-7513
-8052
-6964
-5326
-3377
-232
3806
7632
11691
15976
18911
20484
22041
22870
21173
18355
16168
12860
7822
3821
1284
-2277
-5992
-7025
-6977
-8020
-7966
-5829
-4431
-4312
-2938
-1060
-1435
-2784
-3150
-4142
-6852
-9281
-10630
-12676
-14987
-15505
-14848
-14507
-13574
-10845
-7616
-5007
-1923
1725
4409
5930
7377
8482
7933
6325
4817
2913
134
-2566
-4409
-6090
-7684
-8017
-7055
-5615
-3522
-290
3507
7297
11555
15750
18481
20201
21930
22546
20792
18250
16080
12553
7661
3907
1209
-2451
-5878
-6815
-7026
-8058
-7795
-5776
-4599
-4408
-2975
-1332
-1784
-3002
-3433
-4588
-7246
-9590
-11041
-13131
-15323
-15794
-15225
-14871
-13847
-11108
-7932
-5301
-2169
1461
4137
5682
7161
8243
7640
6048
4614
2710
-117
-2779
-4494
-6158
-7746
-7924
-6829
-5391
-3233
186
4012
7720
12072
16309
18850
20456
22225
22708
20645
18036
15898
12161
7126
3502
832
-2975
-6320
-7022
-7271
-8398
-7930
-5752
-4685
-4523
-2885
-1199
-1790
-2933
-3210
-4401
-7126
-9343
-10689
-12824
-14947
-15258
-14640
-14336
-13238
-10369
-7212
-4645
-1485
2137
4675
6112
7557
8522
7703
6017
4588
2597
-358
-2968
-4570
-6243
-7810
-7826
-6619
-5163
-2945
596
4448
8112
12513
16744
19144
20662
22452
22850
20619
18008
15924
12112
7038
3527
951
-2906
-6206
-6746
-6976
-8168
-7631
-5356
-4395
-4333
-2643
-968
-1721
-2942
-3170
-4424
-7262
-9436
-10704
-12885
-14995
-15161
-14464
-14195
-13066
-10082
-6932
-4430
-1262
2368
4822
6190
7640
8544
7645
5971
4522
2460
-470
-3001
-4617
-6332
-7835
-7824
-6689
-5254
-3018
463
4223
7890
12267
16421
18822
20329
22076
22483
20332
17722
15609
11910
6938
3392
860
-2851
-6141
-6760
-6916
-7981
-7544
-5347
-4299
-4248
-2728
-1082
-1727
-3042
-3443
-4628
-7370
-9648
-10979
-13011
-15056
-15323
-14549
-14102
-13005
-10123
-6873
-4296
-1269
2280
4877
6220
7503
8438
7682
5926
4334
2399
-423
-3054
-4705
-6284
-7775
-7905
-6758
-5272
-3195
148
3939
7526
11695
15895
18498
19898
21511
22236
20368
17628
15516
12258
7389
3581
1179
-2211
-5727
-6692
-6634
-7624
-7638
-5624
-4314
-4400
-3282
-1505
-1869
-3401
-3952
-4850
-7506
-10005
-11286
-13075
-15259
-15725
-14797
-14274
-13372
-10586
-7241
-4697
-1804
1808
4475
5774
7096
8156
7474
5736
4230
2405
-393
-3000
-4586
-6119
-7632
-7815
-6689
-5261
-3282
-22
3726
7208
11227
15501
18282
19641
21161
22131
20620
17833
15673
12757
8075
4008
1551
-1570
-5216
-6621
-6568
-7423
-7790
-6081
-4599
-4637
-3849
-2092
-2107
-3606
-4318
-5051
-7440
-9987
-11324
-12920
-15038
-15707
-14844
-14162
-13296
-10757
-7451
-4760
-1911
1573
4352
5855
7160
8220
7809
6254
4723
2953
338
-2281
-4012
-5529
-7073
-7517
-6594
-5210
-3419
-420
3280
6731
10489
14785
17986
19468
20822
22118
21252
18513
16188
13734
9428
4977
2337
-339
-4038
-6105
-6063
-6602
-7393
-6161
-4325
-4172
-3922
-2270
-1732
-3199
-4290
-4804
-6808
-9575
-11115
-12387
-14474
-15630
-14878
-13965
-13309
-11218
-7863
-4965
-2357
974
4055
5776
6938
8076
8077
6671
5027
3395
1012
-1694
-3632
-5081
-6600
-7366
-6695
-5308
-3660
-999
2611
6126
9658
13834
17488
19343
20543
21975
21906
19533
16957
14785
11122
6484
3365
1014
-2450
-5274
-5677
-5874
-6891
-6414
-4526
-3941
-4107
-2865
-1789
-2868
-4306
-4824
-6295
-9046
-10944
-12050
-13959
-15585
-15267
-14241
-13675
-12140
-8990
-5887
-3368
-253
3042
5116
6303
7514
7944
6863
5200
3638
1498
-1195
-3390
-4922
-6415
-7533
-7328
-6092
-4583
-2376
942
4532
7930
11814
15884
18428
19624
21011
21855
20339
17571
15457
12740
8267
4402
2181
-646
-4115
-5450
-5225
-6054
-6559
-4959
-3545
-3816
-3388
-1844
-2016
-3796
-4666
-5389
-7761
-10306
-11471
-12776
-14800
-15373
-14240
-13410
-12590
-10039
-6598
-3996
-1397
1999
4637
5860
6923
7866
7310
5565
4004
2287
-338
-2897
-4531
-5917
-7385
-7747
-6706
-5330
-3606
-683
2935
6243
9747
13965
17228
18694
19903
21268
20832
18259
15867
13753
9954
5529
2797
528
-2929
-5421
-5490
-5724
-6752
-6057
-4180
-3821
-4060
-2797
-1949
-3320
-4767
-5272
-6837
-9588
-11327
-12282
-14111
-15505
-14905
-13745
-13059
-11311
-8025
-5000
-2526
612
3704
5471
6557
7671
7819
6491
4842
3292
1052
-1616
-3673
-5130
-6602
-7576
-7196
-6001
-4548
-2324
922
4343
7639
11447
15272
17680
18965
20305
21036
19676
17124
14963
12295
8165
4397
1980
-763
-4014
-5526
-5540
-6246
-6798
-5588
-4306
-4412
-4168
-2960
-3058
-4646
-5675
-6503
-8618
-11024
-12351
-13619
-15362
-15946
-15043
-14089
-13023
-10627
-7402
-4580
-1826
1327
3949
5520
6654
7432
7114
5722
4137
2433
170
-2236
-4016
-5292
-6467
-6964
-6185
-4753
-3072
-537
2874
6276
9542
13297
16770
18669
19719
20926
21119
19156
16538
14463
11429
7142
3816
1576
-1421
-4419
-5275
-5345
-6358
-6522
-5019
-4214
-4582
-3985
-2897
-3651
-5272
-5949
-6983
-9415
-11496
-12453
-13845
-15468
-15421
-14249
-13413
-12107
-9270
-6074
-3558
-751
2396
4584
5783
6862
7416
6594
5028
3567
1728
-741
-2922
-4367
-5639
-6739
-6790
-5739
-4355
-2546
247
3647
6872
10143
13897
17049
18645
19656
20788
20694
18529
16051
14078
10983
6845
3821
1719
-1229
-4012
-4638
-4722
-5772
-5883
-4448
-3823
-4341
-3808
-2865
-3825
-5544
-6229
-7275
-9731
-11776
-12609
-13911
-15417
-15207
-13895
-12995
-11656
-8740
-5546
-3128
-419
2666
4748
5774
6748
7305
6422
4786
3374
1618
-812
-2951
-4252
-5452
-6595
-6648
-5619
-4339
-2718
-77
3212
6255
9340
12984
16107
17709
18716
19956
20060
18069
15732
13942
11090
7062
4049
2090
-790
-3702
-4472
-4522
-5631
-6037
-4692
-3972
-4595
-4198
-3127
-3877
-5607
-6259
-7006
-9306
-11340
-12073
-13224
-14760
-14706
-13363
-12475
-11340
-8609
-5501
-3116
-497
2561
4730
5777
6830
7546
6853
5351
3996
2390
51
-2103
-3441
-4675
-5914
-6219
-5422
-4278
-2850
-450
2611
5552
8545
12038
15313
17185
18255
19494
19944
18457
16115
14260
11769
7898
4577
2485
-128
-3248
-4580
-4569
-5534
-6342
-5292
-4269
-4762
-4753
-3595
-3851
-5594
-6504
-7103
-9068
-11299
-12269
-13248
-14834
-15160
-13990
-12957
-11989
-9680
-6534
-3964
-1479
1492
3943
5237
6196
7105
6882
5508
4120
2702
573
-1744
-3242
-4414
-5819
-6522
-5987
-4953
-3721
-1660
1242
4167
7115
10520
13938
16270
17514
18742
19602
18757
16581
14617
12504
8997
5332
3031
716
-2429
-4405
-4589
-5236
-6330
-5753
-4497
-4699
-5007
-3956
-3651
-5165
-6310
-6736
-8336
-10606
-11789
-12628
-14203
-14964
-14054
-13039
-12302
-10343
-7323
-4785
-2440
575
3235
4658
5754
6901
6981
5823
4591
3338
1294
-1046
-2620
-3829
-5321
-6255
-5921
-5063
-4037
-2191
546
3374
6220
9514
12901
15582
17250
18458
19370
19236
17638
15487
13422
10589
6932
3994
1845
-866
-3556
-4494
-4685
-5697
-6071
-4938
-4355
-4895
-4534
-3601
-4335
-5931
-6563
-7408
-9566
-11404
-12122
-13274
-14660
-14473
-13240
-12407
-11181
-8490
-5552
-3264
-656
2335
4379
5449
6534
7270
6666
5327
4187
2693
424
-1611
-2818
-4102
-5477
-5784
-5087
-4303
-3096
-814
1949
4561
7465
10798
13859
16037
17455
18569
19147
18525
16697
14609
12453
9444
6020
3446
1272
-1466
-3636
-4158
-4603
-5629
-5533
-4457
-4387
-4844
-4172
-3737
-4995
-6320
-6867
-8131
-10282
-11662
-12390
-13648
-14473
-13792
-12605
-11661
-9930
-7078
-4338
-1981
707
3363
5106
6094
6961
7263
6409
5043
3744
2072
-159
-1990
-3150
-4412
-5487
-5470
-4659
-3707
-2217
240
3015
5666
8590
11845
14707
16487
17625
18656
18988
17790
15704
13841
11584
8155
4932
2865
542
-2357
-3829
-3951
-4839
-5741
-4930
-4014
-4524
-4585
-3558
-3801
-5412
-6235
-6726
-8555
-10604
-11449
-12285
-13705
-14012
-12885
-11884
-10930
-8674
-5696
-3294
-956
1925
4348
5615
6509
7377
7252
6015
4706
3424
1430
-824
-2286
-3412
-4802
-5534
-5106
-4331
-3385
-1511
1112
3647
6266
9333
12463
14884
16380
17490
18297
18134
16574
14501
12584
9909
6354
3492
1501
-1073
-3726
-4607
-4770
-5832
-6239
-5120
-4579
-5181
-4830
-3929
-4709
-6256
-6804
-7556
-9610
-11364
-11962
-12937
-14210
-14010
-12739
-11830
-10626
-8035
-5131
-2911
-448
2438
4526
5523
6406
7134
6611
5187
3922
2495
287
-1858
-3130
-4349
-5691
-6060
-5423
-4576
-3364
-1163
1601
4217
7002
10216
13342
15526
16789
17882
18546
17873
15936
13930
11909
8796
5311
2901
851
-1913
-4035
-4369
-4785
-5842
-5617
-4448
-4404
-4855
-4106
-3625
-4904
-6218
-6686
-7926
-10143
-11549
-12183
-13454
-14412
-13731
-12477
-11612
-9968
-7034
-4297
-2071
654
3406
5075
5932
6882
7238
6206
4763
3532
1805
-549
-2362
-3454
-4761
-5812
-5718
-4914
-3971
-2463
-43
2586
5140
8024
11127
13891
15702
16840
17752
18065
17067
15008
13039
10910
7719
4471
2294
230
-2479
-4188
-4335
-4928
-5838
-5376
-4395
-4645
-4998
-4188
-4172
-5754
-6959
-7503
-9035
-11254
-12365
-13004
-14277
-14745
-13645
-12375
-11397
-9338
-6250
-3696
-1462
1301
3812
5122
5888
6781
6748
5459
4099
2855
986
-1262
-2743
-3753
-5020
-5735
-5357
-4470
-3477
-1821
669
3203
5737
8614
11653
14159
15700
16799
17647
17674
16386
14341
12479
10160
6937
4034
2009
-206
-2708
-3882
-4076
-4867
-5428
-4727
-4093
-4472
-4414
-3679
-4196
-5693
-6515
-7220
-8964
-10773
-11552
-12374
-13412
-13266
-12105
-11060
-9822
-7444
-4654
-2348
58
2655
4668
5832
6678
7227
6754
5519
4205
2729
784
-1216
-2584
-3701
-4794
-5181
-4708
-3826
-2678
-790
1702
4212
6852
9784
12722
15001
16361
17347
18052
17735
16022
13936
12088
9413
5992
3329
1400
-1080
-3451
-4141
-4395
-5381
-5589
-4580
-4263
-4756
-4285
-3663
-4716
-6139
-6646
-7619
-9695
-11207
-11748
-12771
-13673
-13087
-11835
-10906
-9426
-6714
-4019
-1856
645
3263
5012
5927
6784
7184
6358
5008
3777
2206
78
-1763
-2919
-4109
-5167
-5273
-4620
-3779
-2527
-403
2094
4513
7193
10150
12923
14888
16086
17014
17517
16865
15008
13072
11171
8302
5051
2761
842
-1743
-3746
-4125
-4578
-5597
-5491
-4531
-4555
-5001
-4338
-4018
-5378
-6648
-7055
-8256
-10403
-11627
-12055
-13131
-13843
-12958
-11614
-10719
-9047
-6131
-3551
-1515
1028
3594
5044
5773
6657
6892
5838
4533
3423
1812
-283
-1830
-2851
-4083
-4931
-4743
-4064
-3283
-1870
376
2746
5134
7902
10797
13390
15245
16448
17291
17637
16883
14987
13027
11057
8151
4978
2734
767
-1816
-3692
-4061
-4628
-5659
-5552
-4738
-4901
-5349
-4761
-4685
-6122
-7296
-7736
-9048
-11144
-12205
-12638
-13734
-14302
-13326
-12074
-11201
-9412
-6520
-4098
-2092
473
2931
4262
5012
5922
6074
4993
3750
2684
1093
-956
-2442
-3385
-4509
-5266
-5018
-4223
-3345
-1879
484
2981
5394
8177
11218
13833
15550
16762
17742
17968
16944
15083
13288
11124
8024
5043
2918
736
-1852
-3349
-3678
-4480
-5291
-4818
-4114
-4443
-4535
-3744
-4014
-5481
-6276
-6782
-8440
-10371
-11132
-11845
-13124
-13329
-12244
-11315
-10433
-8272
-5455
-3332
-1184
1548
3752
4856
5733
6604
6350
5096
3933
2677
733
-1352
-2701
-3821
-5129
-5723
-5379
-4769
-3943
-2296
18
2287
4749
7629
10467
12917
14757
16007
16787
17034
16229
14404
12572
10609
7739
4775
2719
795
-1646
-3187
-3448
-4079
-4888
-4504
-3776
-4079
-4312
-3670
-3941
-5431
-6371
-6908
-8476
-10366
-11139
-11728
-12809
-12954
-11826
-10742
-9717
-7540
-4711
-2488
-307
2360
4559
5731
6582
7354
7120
5915
4695
3426
1575
-446
-1835
-2928
-4140
-4740
-4434
-3826
-2997
-1424
776
3025
5451
8168
10847
13273
15120
16242
16899
17180
16383
14451
12593
10728
7850
4747
2748
958
-1579
-3244
-3398
-3948
-4933
-4635
-3750
-4053
-4492
-3848
-3924
-5479
-6602
-7017
-8421
-10469
-11387
-11796
-12819
-13227
-12194
-10940
-9968
-8043
-5198
-2821
-793
1704
4065
5289
5932
6666
6634
5425
4055
2899
1227
-858
-2333
-3305
-4465
-5213
-4995
-4370
-3679
-2300
-183
1987
4204
6780
9443
11858
13781
15016
15738
16187
15771
14125
12315
10673
8185
5158
3042
1391
-984
-2917
-3332
-3761
-4827
-4957
-4184
-4322
-4940
-4586
-4453
-5751
-7062
-7561
-8660
-10591
-11752
-12157
-12985
-13562
-12816
-11518
-10503
-8876
-6254
-3774
-1747
574
2953
4385
5123
5887
6092
5139
3835
2780
1312
-685
-2229
-3213
-4291
-5105
-5031
-4462
-3780
-2482
-457
1687
3892
6462
9142
11585
13653
15066
15844
16350
16244
14881
12970
11301
9124
6147
3678
1969
-197
-2412
-3289
-3648
-4641
-5186
-4637
-4510
-5136
-5096
-4791
-5729
-7181
-7859
-8669
-10442
-11884
-12353
-12983
-13696
-13259
-11937
-10815
-9403
-6971
-4356
-2258
-73
2324
4007
4835
5548
5925
5223
3940
2856
1572
-319
-2036
-3088
-4059
-4978
-5180
-4694
-4018
-2953
-1140
1022
3173
5577
8253
10843
13051
14621
15583
16266
16431
15391
13575
11943
10000
7141
4485
2724
714
-1637
-2784
-3046
-3933
-4707
-4244
-3888
-4524
-4718
-4315
-5063
-6671
-7481
-8190
-9972
-11609
-12136
-12747
-13630
-13364
-12058
-11004
-9760
-7376
-4718
-2646
-475
2015
3806
4709
5512
6020
5449
4225
3152
1877
-29
-1861
-3055
-4113
-5183
-5587
-5221
-4672
-3775
-2071
34
2122
4504
7204
9752
12052
13940
15061
15690
16142
15619
13923
12235
10711
8223
5359
3538
1945
-377
-2000
-2256
-2856
-3949
-3887
-3304
-3833
-4428
-4100
-4428
-6008
-7124
-7657
-9122
-10916
-11641
-12054
-12927
-13033
-11882
-10695
-9607
-7570
-4906
-2677
-617
1784
3827
4950
5744
6394
6221
5175
4069
2994
1368
-471
-1747
-2680
-3733
-4382
-4152
-3630
-3000
-1646
321
2266
4332
6879
9438
11659
13699
15212
15958
16439
16517
15411
13619
12113
10246
7491
5118
3553
1610
-536
-1485
-1883
-2907
-3567
-3234
-3287
-4043
-4237
-4218
-5263
-6646
-7384
-8336
-9925
-11064
-11499
-12075
-12460
-11818
-10636
-9487
-7877
-5570
-3219
-1120
1045
3119
4635
5577
6175
6288
5668
4575
3386
1996
298
-1278
-2381
-3326
-4148
-4350
-3967
-3365
-2377
-735
1197
3158
5477
7970
10270
12439
14232
15241
15802
16229
15704
14058
12482
11006
8574
5845
4075
2453
154
-1454
-1893
-2649
-3720
-3795
-3492
-4060
-4632
-4540
-5053
-6433
-7428
-8154
-9530
-10957
-11606
-12107
-12724
-12569
-11567
-10465
-9184
-7165
-4806
-2665
-544
1648
3481
4674
5451
5891
5674
4802
3681
2481
964
-716
-2009
-2963
-3874
-4431
-4318
-3844
-3141
-1830
-62
1790
3898
6312
8606
10782
12897
14307
14943
15555
15748
14573
12880
11658
9866
7052
4822
3452
1398
-860
-1737
-2168
-3400
-4185
-3863
-4044
-4949
-5209
-5252
-6347
-7685
-8380
-9361
-10893
-11872
-12264
-12857
-13180
-12502
-11409
-10367
-8784
-6545
-4356
-2386
-285
1770
3249
4152
4769
4957
4437
3424
2338
1092
-510
-2006
-3043
-3928
-4712
-4948
-4624
-4099
-3175
-1673
86
1989
4242
6566
8727
10973
12915
13936
14552
15216
14940
13435
12015
10783
8498
5777
4041
2498
179
-1585
-2107
-2885
-4102
-4335
-4051
-4611
-5308
-5289
-5651
-6909
-7916
-8576
-9777
-11122
-11774
-12185
-12730
-12655
-11744
-10675
-9439
-7541
-5259
-3174
-1154
1002
2878
4104
4894
5394
5335
4582
3533
2442
1054
-561
-1900
-2889
-3841
-4531
-4613
-4333
-3881
-2892
-1386
230
2085
4323
6512
8575
10763
12515
13367
14016
14602
14084
12584
11335
9980
7551
5063
3528
1836
-473
-1935
-2412
-3345
-4424
-4502
-4373
-5025
-5613
-5619
-6146
-7339
-8245
-8974
-10121
-11251
-11784
-12122
-12429
-12124
-11130
-9885
-8430
-6488
-4211
-2027
40
2096
3910
5116
5772
6158
6042
5206
4076
2963
1604
-12
-1303
-2193
-3041
-3629
-3612
-3219
-2627
-1558
6
1744
3688
5848
8029
10223
12277
13672
14465
15206
15462
14533
13118
11928
10178
7622
5496
3958
1908
-243
-1321
-2001
-3178
-3986
-3933
-4163
-4965
-5344
-5499
-6354
-7544
-8414
-9349
-10605
-11602
-12148
-12633
-12876
-12434
-11468
-10311
-8820
-6841
-4654
-2558
-528
1444
3085
4122
4710
4986
4676
3778
2723
1576
137
-1305
-2368
-3195
-3922
-4223
-3996
-3486
-2615
-1236
480
2435
4646
6940
9244
11639
13635
14797
15664
16484
16359
15112
13870
12677
10538
8021
6304
4698
2451
713
64
-755
-1927
-2252
-2083
-2608
-3331
-3458
-3798
-4915
-5994
-6792
-7884
-9133
-9929
-10420
-10874
-10871
-10170
-9086
-7777
-6066
-3923
-1668
432
2462
4367
5796
6589
6995
7017
6358
5197
3976
2598
914
-613
-1709
-2687
-3491
-3720
-3473
-2973
-2015
-514
1220
3176
5416
7674
9876
12045
13700
14545
15192
15655
15008
13446
12098
10652
8205
5686
4069
2353
77
-1395
-1909
-2832
-3964
-4123
-4027
-4747
-5489
-5625
-6133
-7405
-8527
-9333
-10448
-11668
-12396
-12745
-13011
-12855
-11944
-10602
-9132
-7333
-5031
-2685
-681
1251
3164
4448
4981
5318
5331
4500
3230
2122
796
-935
-2359
-3256
-4139
-4902
-4984
-4539
-3926
-2881
-1266
589
2579
4798
7074
9271
11287
12688
13463
14120
14325
13386
11893
10648
8972
6457
4281
2809
929
-1165
-2236
-2800
-3903
-4779
-4781
-4989
-5851
-6412
-6631
-7472
-8769
-9771
-10698
-11903
-12963
-13544
-13886
-14009
-13582
-12492
-11061
-9464
-7472
-5094
-2812
-818
1170
2961
4010
4477
4779
4578
3571
2345
1237
-228
-1926
-3153
-4005
-4911
-5524
-5420
-4931
-4273
-3117
-1461
387
2421
4673
6956
9185
11209
12653
13565
14343
14602
13802
12591
11533
9995
7778
5914
4578
2837
978
13
-577
-1653
-2506
-2617
-2927
-3846
-4516
-4838
-5677
-7025
-8085
-8875
-9956
-11009
-11464
-11555
-11621
-11196
-9925
-8429
-7023
-5114
-2696
-630
1078
3018
4720
5490
5826
6179
5880
4734
3577
2539
1035
-621
-1717
-2525
-3448
-3987
-3823
-3387
-2787
-1695
-117
1660
3570
5687
7882
10040
11937
13220
14080
14828
14949
14034
12814
11737
10051
7744
5893
4442
2470
489
-520
-1318
-2669
-3594
-3752
-4292
-5413
-6058
-6337
-7346
-8762
-9620
-10304
-11450
-12403
-12535
-12537
-12631
-11944
-10419
-8968
-7558
-5361
-2835
-904
928
3093
4705
5366
5908
6360
5862
4712
3739
2647
994
-570
-1543
-2480
-3482
-3885
-3691
-3360
-2756
-1512
116
1826
3820
6093
8275
10357
12322
13668
14414
15063
15222
14290
12980
11891
10300
8000
6138
4795
2947
1023
86
-577
-1853
-2766
-2853
-3384
-4603
-5283
-5576
-6739
-8359
-9237
-9945
-11325
-12402
-12487
-12549
-12813
-12131
-10558
-9246
-7924
-5661
-3168
-1387
418
2632
4137
4681
5237
5675
5101
3930
3018
1950
280
-1216
-2073
-2966
-3944
-4245
-3931
-3594
-2990
-1642
26
1652
3606
5925
8028
9964
11941
13367
14066
14643
14962
14248
12945
11915
10568
8452
6554
5265
3608
1668
566
-120
-1370
-2471
-2786
-3369
-4649
-5542
-5951
-7061
-8647
-9565
-10215
-11392
-12366
-12434
-12377
-12489
-11826
-10342
-9009
-7692
-5620
-3293
-1533
167
2168
3623
4226
4708
5063
4572
3504
2558
1495
-69
-1538
-2487
-3409
-4378
-4774
-4615
-4367
-3820
-2606
-1096
452
2384
4600
6608
8536
10561
12028
12723
13325
13734
13109
11830
10807
9544
7473
5543
4257
2678
773
-372
-1005
-2153
-3242
-3556
-4045
-5273
-6165
-6550
-7630
-9230
-10180
-10856
-12111
-13156
-13265
-13284
-13478
-12829
-11336
-10030
-8681
-6490
-4111
-2306
-474
1634
3114
3787
4386
4745
4221
3197
2276
1165
-420
-1885
-2877
-3850
-4841
-5291
-5199
-5012
-4581
-3499
-2061
-604
1206
3414
5466
7354
9471
11316
12291
12976
13712
13687
12709
11783
10948
9353
7427
6094
4826
3025
1518
681
-364
-1693
-2514
-3106
-4219
-5390
-6084
-6966
-8338
-9449
-10173
-11063
-11968
-12319
-12317
-12289
-11837
-10772
-9491
-8115
-6382
-4365
-2432
-635
1116
2647
3732
4382
4712
4612
4002
3090
2104
953
-380
-1553
-2460
-3269
-3889
-4091
-3944
-3562
-2799
-1618
-197
1489
3451
5428
7373
9435
11263
12400
13180
13908
14047
13307
12383
11521
10104
8238
6714
5418
3722
2040
978
9
-1275
-2288
-2906
-3771
-4901
-5713
-6425
-7579
-8773
-9574
-10347
-11280
-11862
-11960
-11947
-11696
-10856
-9576
-8207
-6617
-4611
-2530
-666
1112
2785
4041
4752
5137
5136
4543
3576
2539
1361
-50
-1363
-2338
-3183
-3881
-4159
-4003
-3599
-2858
-1672
-202
1508
3503
5588
7593
9657
11629
12998
13836
14581
14937
14445
13514
12650
11452
9707
8097
6811
5298
3622
2446
1569
401
-722
-1436
-2217
-3343
-4337
-5121
-6214
-7489
-8444
-9265
-10172
-10866
-11090
-11074
-10853
-10123
-8940
-7558
-5986
-4084
-2027
-88
1708
3340
4647
5492
5913
5890
5372
4465
3346
2053
624
-743
-1911
-2895
-3634
-4031
-4063
-3754
-3055
-2031
-756
859
2762
4657
6482
8446
10380
11741
12567
13293
13728
13374
12516
11687
10626
9032
7417
6179
4822
3219
1977
1126
62
-1132
-1964
-2736
-3891
-5061
-5963
-7057
-8426
-9548
-10404
-11344
-12141
-12409
-12379
-12220
-11592
-10426
-9040
-7533
-5677
-3604
-1658
134
1839
3290
4237
4760
4943
4631
3839
2819
1689
375
-1001
-2154
-3078
-3875
-4378
-4470
-4237
-3734
-2866
-1667
-251
1407
3245
5082
6879
8753
10404
11440
12112
12703
12813
12127
11188
10334
9038
7300
5863
4698
3205
1665
724
-88
-1310
-2347
-2970
-3863
-5107
-6056
-6864
-8104
-9363
-10220
-11052
-11981
-12513
-12572
-12564
-12289
-11407
-10158
-8830
-7246
-5282
-3299
-1522
198
1790
2965
3645
4026
4065
3546
2675
1754
704
-541
-1670
-2518
-3271
-3900
-4127
-4008
-3714
-3117
-2114
-907
469
2169
4020
5776
7586
9477
10919
11775
12511
13072
12866
12032
11229
10283
8690
6973
5667
4271
2529
1106
148
-1011
-2319
-3213
-3959
-5044
-6121
-6877
-7761
-8929
-9897
-10624
-11417
-12119
-12426
-12462
-12353
-11827
-10806
-9538
-8094
-6325
-4317
-2369
-586
1102
2565
3546
4087
4304
4086
3366
2390
1362
193
-1082
-2195
-3054
-3781
-4304
-4433
-4211
-3741
-2946
-1807
-430
1188
3039
4906
6748
8685
10434
11602
12414
13141
13401
12872
12053
11275
10025
8279
6775
5518
3904
2213
1102
142
-1164
-2308
-3029
-3905
-5080
-6015
-6798
-7884
-9040
-9891
-10633
-11413
-11938
-12082
-12026
-11693
-10896
-9746
-8390
-6798
-4927
-2972
-1137
561
2099
3316
4069
4439
4448
3988
3124
2100
1007
-231
-1475
-2527
-3371
-4059
-4456
-4486
-4174
-3572
-2686
-1490
18
1720
3427
5169
7057
8803
10003
10796
11491
11791
11342
10493
9614
8366
6618
4973
3617
2057
389
-817
-1716
-2809
-3842
-4468
-5114
-6004
-6790
-7425
-8245
-9198
-9979
-10647
-11310
-11807
-12003
-11961
-11638
-10900
-9781
-8372
-6719
-4812
-2716
-633
1263
2954
4413
5453
5981
6120
5858
5133
4149
3124
2016
834
-153
-829
-1333
-1585
-1415
-887
-115
958
2339
3927
5684
7495
9283
11097
12852
14173
14949
15533
15904
15577
14656
13693
12537
10813
8977
7502
5973
4168
2680
1635
444
-853
-1770
-2531
-3588
-4641
-5428
-6336
-7468
-8447
-9218
-9983
-10638
-10956
-11009
-10817
-10212
-9174
-7843
-6298
-4512
-2488
-442
1417
3068
4531
5628
6189
6375
6219
5595
4616
3596
2525
1300
180
-616
-1238
-1723
-1793
-1452
-905
-85
1113
2579
4184
5914
7693
9472
11243
12689
13567
14160
14580
14386
13502
12485
11350
9653
7731
6151
4620
2804
1225
148
-997
-2271
-3180
-3919
-4914
-5911
-6657
-7553
-8686
-9652
-10456
-11308
-12028
-12399
-12598
-12594
-12105
-11237
-10145
-8758
-7071
-5222
-3311
-1445
217
1651
2829
3547
3796
3703
3213
2301
1219
102
-1146
-2377
-3330
-4075
-4644
-4843
-4601
-4057
-3220
-2003
-502
1215
3076
4925
6788
8707
10258
11125
11754
12293
12080
11080
10077
8996
7192
5209
3752
2262
362
-1105
-1915
-2988
-4249
-4879
-5359
-6370
-7312
-7802
-8630
-9920
-10870
-11556
-12560
-13484
-13822
-13995
-14172
-13763
-12714
-11589
-10301
-8469
-6372
-4462
-2635
-767
801
1848
2506
2866
2736
2053
1112
71
-1160
-2550
-3739
-4642
-5488
-6093
-6171
-5882
-5399
-4508
-3159
-1619
78
2031
4013
5900
7792
9386
10327
10955
11458
11257
10288
9252
8140
6412
4545
3178
1831
188
-997
-1540
-2282
-3136
-3415
-3555
-4195
-4816
-5058
-5598
-6626
-7381
-7881
-8652
-9373
-9575
-9528
-9440
-8813
-7586
-6217
-4676
-2657
-379
1733
3721
5710
7412
8564
9295
9729
9669
9040
8136
7144
5947
4622
3483
2602
1821
1281
1238
1567
2089
2940
4216
5726
7325
9020
10781
12530
14087
15170
15804
16229
16215
15426
14209
12912
11212
9045
7058
5358
3430
1538
270
-758
-2008
-2980
-3446
-4137
-5124
-5762
-6287
-7301
-8416
-9139
-9940
-10980
-11648
-11912
-12184
-12204
-11538
-10519
-9437
-7934
-5928
-3889
-1958
73
2018
3525
4632
5438
5783
5585
5004
4177
3101
1865
660
-409
-1310
-1993
-2315
-2245
-1833
-1087
22
1456
3160
5043
6950
8836
10785
12474
13510
14169
14690
14557
13510
12233
10930
8991
6622
4731
3067
972
-854
-1824
-2789
-4071
-4760
-4963
-5699
-6646
-7009
-7474
-8658
-9714
-10278
-11167
-12347
-12935
-13124
-13501
-13518
-12678
-11603
-10566
-8955
-6782
-4773
-2939
-866
1068
2359
3276
4026
4223
3742
2997
2154
969
-442
-1653
-2624
-3546
-4227
-4372
-4108
-3611
-2702
-1314
339
2191
4227
6288
8279
10198
11765
12719
13321
13655
13237
12093
10821
9406
7374
5194
3498
1845
-72
-1513
-2288
-3202
-4195
-4585
-4789
-5474
-6142
-6426
-7058
-8190
-9065
-9736
-10749
-11772
-12257
-12548
-12850
-12609
-11728
-10721
-9519
-7743
-5696
-3816
-1944
32
1702
2826
3649
4203
4197
3651
2892
1990
821
-475
-1579
-2467
-3233
-3717
-3731
-3337
-2640
-1589
-148
1621
3574
5567
7539
9561
11357
12577
13346
13942
13999
13172
11967
10778
9108
6881
4928
3340
1481
-373
-1486
-2306
-3394
-4186
-4407
-4849
-5637
-6078
-6414
-7349
-8417
-9091
-9900
-11036
-11817
-12141
-12507
-12676
-12113
-11161
-10176
-8759
-6803
-4821
-2989
-1012
947
2460
3511
4332
4781
4627
4036
3282
2315
1055
-219
-1274
-2169
-2939
-3333
-3242
-2801
-2025
-836
734
2580
4602
6654
8697
10747
12490
13591
14341
14905
14770
13768
12584
11361
9480
7252
5468
3854
1883
223
-685
-1589
-2663
-3193
-3381
-3987
-4677
-4950
-5447
-6486
-7405
-8089
-9071
-10174
-10824
-11245
-11691
-11705
-11102
-10278
-9264
-7733
-5855
-4010
-2163
-240
1535
2914
3895
4555
4822
4573
3909
3038
1994
725
-541
-1584
-2450
-3140
-3445
-3265
-2737
-1860
-570
1075
2974
5020
7052
9096
11102
12642
13545
14226
14639
14171
12969
11802
10449
8346
6180
4621
2976
992
-346
-987
-1901
-2857
-3056
-3164
-3856
-4409
-4521
-5131
-6287
-7085
-7716
-8846
-9962
-10479
-10896
-11407
-11317
-10573
-9764
-8777
-7168
-5234
-3467
-1725
190
1912
3112
3951
4587
4771
4359
3659
2854
1765
436
-716
-1628
-2530
-3185
-3288
-3001
-2493
-1537
-71
1606
3452
5530
7612
9596
11456
12880
13714
14307
14544
13891
12663
11459
9941
7754
5682
4100
2309
370
-836
-1555
-2558
-3370
-3519
-3766
-4432
-4817
-5003
-5750
-6791
-7489
-8247
-9392
-10348
-10855
-11326
-11702
-11456
-10729
-9886
-8727
-7047
-5154
-3341
-1516
370
2018
3209
4060
4641
4754
4341
3663
2840
1739
469
-617
-1492
-2317
-2847
-2838
-2456
-1824
-731
838
2629
4547
6596
8708
10742
12445
13620
14408
14899
14744
13804
12554
11162
9231
6996
5058
3281
1307
-386
-1436
-2366
-3305
-3789
-3986
-4433
-4895
-5075
-5463
-6292
-7055
-7703
-8607
-9599
-10274
-10786
-11264
-11342
-10902
-10215
-9295
-7915
-6183
-4381
-2535
-617
1195
2702
3861
4717
5190
5161
4727
4049
3140
1973
763
-286
-1224
-1989
-2374
-2324
-1945
-1194
0
1546
3347
5326
7341
9353
11344
12938
13900
14563
14954
14536
13378
12118
10637
8494
6241
4434
2593
530
-998
-1921
-2934
-3868
-4193
-4400
-4960
-5385
-5520
-6049
-6978
-7697
-8370
-9397
-10404
-11015
-11570
-12095
-12104
-11584
-10912
-9985
-8522
-6722
-4939
-3120
-1181
596
1978
3035
3839
4194
3973
3430
2738
1721
441
-740
-1733
-2673
-3387
-3606
-3423
-2972
-2068
-689
955
2839
4911
6984
8988
10933
12456
13354
13949
14221
13696
12519
11255
9720
7606
5483
3736
1924
13
-1385
-2278
-3225
-4022
-4319
-4555
-5035
-5387
-5588
-6123
-6952
-7656
-8365
-9288
-10166
-10782
-11271
-11636
-11566
-11033
-10259
-9217
-7737
-5953
-4126
-2290
-414
1326
2698
3724
4478
4783
4577
4052
3328
2328
1135
4
-970
-1847
-2460
-2648
-2460
-1921
-984
336
1960
3839
5832
7782
9737
11611
12982
13802
14380
14570
13964
12801
11559
9998
7887
5805
4072
2271
380
-972
-1857
-2794
-3586
-3873
-4087
-4600
-5000
-5208
-5773
-6674
-7416
-8143
-9129
-10070
-10654
-11126
-11524
-11449
-10888
-10112
-9100
-7615
-5852
-4101
-2332
-502
1149
2429
3420
4136
4401
4183
3670
2956
1982
826
-268
-1220
-2068
-2670
-2862
-2656
-2137
-1255
38
1603
3374
5293
7210
9079
10861
12245
13070
13585
13787
13272
12149
10898
9418
7425
5359
3634
1917
104
-1245
-2117
-2998
-3750
-4061
-4288
-4748
-5103
-5319
-5850
-6647
-7336
-8038
-8943
-9771
-10334
-10796
-11106
-11005
-10507
-9771
-8729
-7312
-5655
-3921
-2165
-412
1198
2521
3500
4179
4513
4347
3804
3105
2190
1040
-100
-1028
-1852
-2522
-2750
-2566
-2132
-1329
-88
1397
3042
4907
6804
8571
10308
11831
12810
13363
13731
13558
12642
11506
10301
8606
6611
4910
3354
1591
72
-888
-1775
-2731
-3313
-3608
-4141
-4758
-5114
-5598
-6466
-7300
-7986
-8830
-9762
-10416
-10841
-11210
-11268
-10855
-10157
-9276
-8013
-6393
-4738
-3105
-1381
279
1590
2571
3396
3865
3790
3389
2888
2139
1079
85
-708
-1507
-2194
-2439
-2328
-2072
-1422
-284
1004
2406
4157
6035
7683
9309
10998
12223
12856
13351
13580
13039
11993
10967
9663
7796
5957
4462
2876
1156
-109
-959
-1925
-2843
-3302
-3673
-4325
-4908
-5265
-5834
-6738
-7491
-8087
-8897
-9757
-10246
-10507
-10737
-10675
-10106
-9292
-8356
-7041
-5398
-3793
-2263
-609
926
2034
2887
3618
3896
3631
3204
2675
1796
707
-218
-1001
-1820
-2433
-2600
-2482
-2165
-1462
-343
936
2352
4036
5793
7397
8963
10469
11527
12111
12501
12544
11949
10943
9909
8588
6838
5173
3821
2361
821
-251
-1003
-1931
-2776
-3179
-3602
-4357
-4978
-5358
-6077
-7082
-7814
-8422
-9310
-10126
-10472
-10669
-10887
-10678
-9951
-9109
-8129
-6716
-5086
-3599
-2111
-521
839
1787
2543
3122
3225
2889
2430
1836
931
-105
-928
-1657
-2406
-2877
-2903
-2692
-2310
-1501
-320
956
2358
4037
5745
7268
8783
10219
11195
11729
12102
12124
11519
10586
9594
8278
6624
5089
3756
2286
854
-171
-1005
-1929
-2706
-3163
-3681
-4378
-4932
-5408
-6148
-7037
-7750
-8402
-9222
-9907
-10239
-10425
-10513
-10222
-9474
-8548
-7462
-6017
-4369
-2788
-1250
326
1703
2693
3453
3999
4089
3773
3310
2699
1807
822
9
-724
-1426
-1859
-1885
-1693
-1311
-558
512
1693
3051
4603
6157
7608
9049
10337
11208
11709
12020
11940
11284
10355
9322
7971
6342
4846
3514
2076
703
-270
-1077
-1975
-2683
-3096
-3613
-4308
-4825
-5288
-6082
-6989
-7646
-8317
-9206
-9882
-10160
-10399
-10550
-10191
-9404
-8574
-7522
-6011
-4404
-2948
-1407
188
1424
2315
3103
3590
3537
3197
2806
2126
1154
269
-475
-1268
-1956
-2256
-2253
-2124
-1721
-910
129
1261
2604
4162
5685
7090
8525
9831
10701
11222
11599
11614
11026
10173
9292
8067
6507
5096
3897
2507
1105
161
-607
-1554
-2325
-2737
-3284
-4063
-4613
-5070
-5901
-6835
-7474
-8134
-9026
-9691
-9942
-10168
-10322
-9955
-9185
-8368
-7347
-5884
-4301
-2863
-1369
184
1464
2387
3138
3665
3754
3494
3119
2572
1772
902
189
-453
-1102
-1497
-1534
-1398
-1153
-540
426
1422
2507
3893
5377
6658
7898
9207
10189
10716
11121
11348
10991
10224
9484
8496
7042
5607
4441
3106
1608
520
-271
-1290
-2249
-2764
-3278
-4089
-4756
-5163
-5857
-6776
-7409
-7946
-8729
-9409
-9673
-9849
-10029
-9807
-9150
-8416
-7579
-6343
-4895
-3569
-2256
-816
464
1370
2091
2685
2914
2735
2421
2002
1338
514
-193
-805
-1472
-1988
-2143
-2093
-1980
-1564
-750
188
1164
2418
3892
5240
6457
7794
9030
9801
10293
10713
10775
10277
9574
8854
7763
6362
5102
3989
2629
1279
358
-489
-1525
-2366
-2837
-3487
-4350
-4920
-5386
-6207
-7069
-7597
-8137
-8910
-9414
-9514
-9633
-9675
-9228
-8454
-7706
-6737
-5368
-3973
-2724
-1383
1
1070
1834
2487
2934
2964
2711
2376
1891
1172
397
-264
-865
-1451
-1847
-1951
-1881
-1668
-1153
-340
575
1593
2854
4211
5455
6674
7940
8993
9648
10142
10499
10404
9890
9266
8512
7370
6069
4941
3793
2425
1215
335
-597
-1613
-2350
-2890
-3642
-4420
-4927
-5465
-6295
-7019
-7492
-8074
-8765
-9123
-9203
-9336
-9274
-8735
-8005
-7283
-6281
-4951
-3665
-2476
-1180
75
1003
1692
2306
2655
2614
2378
2065
1552
845
176
-401
-1009
-1554
-1854
-1914
-1859
-1628
-1080
-285
597
1612
2844
4163
5402
6606
7851
8902
9593
10111
10474
10420
9959
9380
8656
7536
6266
5166
4010
2644
1474
603
-351
-1369
-2051
-2584
-3358
-4096
-4542
-5100
-5930
-6584
-7014
-7629
-8280
-8546
-8628
-8779
-8679
-8105
-7443
-6758
-5724
-4434
-3259
-2113
-820
346
1176
1876
2492
2771
2714
2539
2242
1703
1046
429
-173
-804
-1297
-1594
-1725
-1710
-1475
-994
-330
491
1456
2586
3793
4981
6168
7366
8367
9096
9628
9982
9960
9569
9022
8278
7198
5981
4854
3655
2319
1130
186
-782
-1754
-2451
-3007
-3718
-4387
-4817
-5319
-6034
-6625
-7030
-7567
-8127
-8387
-8484
-8612
-8514
-8024
-7421
-6774
-5846
-4674
-3562
-2477
-1264
-130
720
1423
2068
2420
2456
2355
2137
1689
1092
522
-36
-634
-1135
-1424
-1558
-1559
-1356
-909
-271
536
1492
2614
3832
5061
6270
7470
8560
9353
9908
10301
10378
10017
9441
8737
7709
6428
5230
4062
2708
1404
427
-489
-1503
-2283
-2810
-3465
-4185
-4660
-5100
-5809
-6489
-6916
-7433
-8071
-8456
-8576
-8733
-8760
-8351
-7731
-7115
-6269
-5086
-3890
-2792
-1588
-364
607
1345
2010
2484
2599
2480
2268
1876
1274
621
19
-580
-1157
-1570
-1773
-1826
-1738
-1398
-791
-30
842
1897
3121
4358
5526
6722
7878
8740
9316
9780
10019
9781
9269
8689
7850
6678
5515
4473
3274
1981
1003
201
-758
-1619
-2135
-2679
-3437
-4000
-4382
-5020
-5807
-6330
-6778
-7459
-8025
-8235
-8390
-8553
-8365
-7807
-7221
-6519
-5484
-4284
-3183
-2079
-878
178
957
1585
2109
2333
2237
2005
1692
1165
494
-124
-666
-1238
-1731
-1969
-2023
-1984
-1744
-1204
-503
284
1253
2402
3559
4681
5832
6949
7856
8515
9026
9347
9304
8949
8467
7804
6828
5749
4761
3709
2518
1473
655
-212
-1095
-1723
-2243
-2938
-3604
-4066
-4630
-5375
-5994
-6478
-7086
-7669
-7969
-8132
-8280
-8152
-7706
-7138
-6454
-5515
-4409
-3323
-2215
-1082
-56
784
1455
1963
2243
2271
2108
1805
1380
812
205
-339
-863
-1353
-1676
-1802
-1838
-1731
-1378
-853
-247
534
1487
2480
3499
4599
5666
6615
7479
8201
8669
8937
9018
8784
8299
7693
6898
5878
4844
3848
2737
1627
725
-123
-1044
-1812
-2412
-3091
-3797
-4341
-4871
-5545
-6149
-6612
-7104
-7602
-7883
-7995
-8069
-7944
-7537
-6990
-6319
-5439
-4435
-3400
-2332
-1259
-286
552
1243
1740
2061
2191
2086
1818
1499
1056
496
-15
-429
-870
-1239
-1366
-1364
-1304
-1051
-551
25
692
1562
2540
3491
4490
5551
6505
7329
8027
8552
8850
8916
8733
8317
7730
6940
5954
4950
3933
2810
1700
764
-138
-1083
-1851
-2456
-3157
-3860
-4348
-4841
-5491
-6038
-6397
-6851
-7314
-7493
-7557
-7646
-7507
-7043
-6519
-5927
-5069
-4062
-3113
-2126
-1069
-130
642
1324
1842
2136
2271
2232
2008
1681
1285
788
275
-152
-565
-926
-1110
-1160
-1149
-962
-554
-86
483
1270
2155
3007
3952
4992
5925
6744
7534
8153
8508
8725
8749
8449
7945
7328
6492
5474
4470
3425
2274
1191
249
-718
-1672
-2421
-3134
-3926
-4593
-5130
-5770
-6427
-6898
-7338
-7842
-8177
-8299
-8409
-8395
-8091
-7624
-7107
-6390
-5470
-4556
-3616
-2577
-1592
-772
-14
657
1106
1379
1543
1526
1329
1076
754
359
-33
-372
-669
-883
-970
-954
-822
-529
-103
430
1114
1910
2757
3676
4671
5636
6550
7440
8187
8721
9111
9351
9287
8952
8497
7872
6995
6034
5056
3999
2882
1860
929
-28
-934
-1712
-2451
-3194
-3876
-4492
-5114
-5735
-6277
-6745
-7160
-7502
-7706
-7764
-7671
-7441
-7025
-6443
-5758
-4978
-4080
-3133
-2249
-1396
-571
115
611
1003
1251
1275
1163
1005
732
340
-40
-369
-740
-1070
-1246
-1362
-1450
-1383
-1133
-842
-461
132
827
1533
2388
3391
4340
5238
6223
7136
7779
8292
8750
8899
8690
8399
7998
7242
6285
5424
4489
3325
2236
1372
428
-594
-1341
-1958
-2738
-3455
-3918
-4429
-5108
-5616
-5944
-6408
-6876
-7054
-7128
-7243
-7168
-6798
-6375
-5918
-5202
-4339
-3537
-2723
-1803
-963
-293
290
800
1118
1228
1229
1140
917
576
200
-159
-521
-914
-1224
-1392
-1524
-1592
-1451
-1147
-816
-363
362
1167
1959
2913
4019
5004
5902
6888
7728
8229
8621
8948
8902
8528
8121
7582
6673
5680
4811
3819
2633
1628
810
-147
-1107
-1786
-2419
-3229
-3919
-4381
-4969
-5677
-6146
-6504
-6998
-7402
-7502
-7532
-7582
-7358
-6847
-6329
-5747
-4895
-3953
-3108
-2244
-1309
-518
62
575
998
1182
1188
1118
942
624
232
-126
-483
-856
-1199
-1413
-1523
-1621
-1601
-1370
-1039
-684
-136
637
1401
2180
3162
4218
5108
5985
6958
7711
8164
8593
8927
8837
8502
8194
7648
6730
5815
5001
3937
2740
1795
916
-157
-1113
-1794
-2554
-3410
-4024
-4525
-5196
-5827
-6213
-6604
-7066
-7324
-7380
-7430
-7375
-7037
-6543
-6021
-5337
-4479
-3611
-2755
-1870
-1030
-311
298
774
1096
1277
1305
1180
991
740
382
-10
-326
-642
-988
-1203
-1266
-1336
-1338
-1100
-754
-429
71
798
1525
2261
3188
4203
5064
5925
6889
7670
8188
8652
9020
9008
8752
8453
7924
7067
6160
5275
4178
2974
1932
943
-164
-1165
-1959
-2771
-3614
-4281
-4836
-5475
-6065
-6503
-6910
-7317
-7590
-7688
-7724
-7647
-7376
-6944
-6414
-5774
-4996
-4153
-3298
-2452
-1621
-861
-222
270
649
895
961
901
758
527
201
-138
-453
-767
-1084
-1311
-1444
-1542
-1572
-1458
-1215
-917
-532
32
707
1407
2198
3144
4107
4981
5915
6859
7586
8129
8622
8942
8887
8643
8339
7744
6859
5969
5054
3906
2697
1691
659
-471
-1421
-2174
-3007
-3846
-4420
-4943
-5593
-6124
-6449
-6832
-7247
-7424
-7475
-7563
-7497
-7172
-6789
-6374
-5750
-4989
-4271
-3500
-2644
-1872
-1216
-606
-95
238
448
556
523
389
196
-68
-389
-684
-960
-1236
-1430
-1541
-1608
-1591
-1412
-1141
-815
-327
299
993
1752
2636
3577
4499
5435
6371
7220
7909
8462
8899
9097
9049
8829
8455
7832
6994
6119
5174
4058
2910
1882
856
-233
-1181
-1961
-2799
-3613
-4224
-4754
-5405
-5944
-6269
-6653
-7045
-7205
-7229
-7292
-7198
-6809
-6376
-5935
-5264
-4448
-3703
-2941
-2064
-1281
-673
-68
458
755
922
1034
999
824
625
375
28
-301
-568
-852
-1092
-1208
-1244
-1243
-1106
-838
-492
-65
493
1183
1916
2709
3585
4501
5397
6260
7120
7884
8461
8882
9205
9290
9077
8722
8239
7485
6551
5623
4622
3443
2321
1357
336
-719
-1565
-2307
-3148
-3895
-4442
-5014
-5661
-6135
-6469
-6883
-7225
-7327
-7359
-7359
-7143
-6721
-6271
-5717
-4968
-4184
-3420
-2593
-1786
-1088
-470
72
454
689
840
848
722
571
345
15
-291
-536
-813
-1087
-1210
-1267
-1335
-1278
-1055
-813
-534
-73
494
1063
1727
2531
3346
4157
5036
5921
6727
7425
8025
8468
8725
8775
8596
8249
7717
6970
6093
5179
4157
3032
1973
999
-28
-1019
-1822
-2597
-3411
-4076
-4603
-5191
-5755
-6118
-6453
-6829
-7050
-7087
-7120
-7069
-6767
-6358
-5940
-5358
-4608
-3902
-3188
-2366
-1608
-999
-418
100
417
608
760
767
634
480
297
17
-268
-480
-706
-934
-1053
-1113
-1171
-1133
-976
-786
-534
-140
334
862
1501
2236
2999
3835
4706
5548
6365
7126
7736
8174
8519
8653
8492
8175
7750
7057
6158
5271
4310
3159
2033
1078
57
-1007
-1875
-2611
-3426
-4179
-4697
-5214
-5805
-6223
-6500
-6835
-7124
-7192
-7192
-7177
-6983
-6590
-6150
-5634
-4945
-4179
-3428
-2646
-1835
-1109
-490
63
500
791
967
1032
991
873
692
438
176
-68
-329
-567
-724
-842
-941
-936
-821
-668
-426
-60
390
897
1524
2237
2969
3767
4627
5456
6247
7031
7707
8200
8569
8814
8803
8556
8202
7664
6864
5984
5081
4042
2904
1862
868
-200
-1205
-2038
-2859
-3687
-4372
-4944
-5551
-6113
-6499
-6841
-7183
-7391
-7443
-7438
-7364
-7089
-6684
-6228
-5668
-4975
-4230
-3494
-2726
-1957
-1279
-693
-189
222
500
636
693
664
536
336
111
-120
-392
-652
-853
-1018
-1182
-1273
-1256
-1197
-1088
-843
-492
-125
357
994
1685
2379
3178
4066
4898
5700
6535
7264
7782
8202
8514
8565
8357
8032
7547
6804
5935
5054
4058
2941
1879
891
-137
-1147
-1996
-2778
-3574
-4267
-4825
-5366
-5909
-6320
-6623
-6928
-7156
-7226
-7199
-7105
-6866
-6455
-5956
-5391
-4685
-3901
-3109
-2314
-1524
-794
-177
353
778
1063
1214
1259
1205
1066
851
590
320
39
-243
-510
-707
-867
-1012
-1069
-1014
-930
-806
-540
-181
182
643
1273
1929
2597
3411
4293
5100
5892
6754
7475
7961
8408
8728
8724
8472
8160
7634
6771
5863
4950
3840
2624
1552
526
-609
-1630
-2419
-3232
-4083
-4701
-5198
-5797
-6315
-6628
-6950
-7311
-7478
-7502
-7543
-7475
-7185
-6809
-6383
-5786
-5059
-4336
-3574
-2740
-1965
-1273
-623
-71
326
629
837
886
843
787
621
377
179
-14
-273
-488
-584
-696
-824
-821
-715
-640
-519
-224
121
444
919
1548
2164
2811
3612
4471
5261
6066
6905
7635
8172
8630
8962
9019
8831
8515
8010
7249
6344
5387
4330
3155
2025
983
-76
-1105
-1972
-2765
-3535
-4220
-4772
-5276
-5772
-6157
-6448
-6730
-6945
-7035
-7034
-6955
-6737
-6386
-5944
-5390
-4725
-3997
-3231
-2446
-1676
-971
-324
220
619
904
1088
1109
1024
903
694
384
74
-184
-480
-781
-984
-1120
-1279
-1369
-1313
-1238
-1154
-925
-593
-259
138
690
1313
1941
2656
3487
4328
5122
5950
6766
7444
7953
8363
8622
8624
8379
7982
7425
6607
5645
4680
3624
2445
1325
345
-662
-1680
-2491
-3178
-3920
-4590
-5046
-5485
-5991
-6349
-6546
-6787
-7014
-7003
-6876
-6767
-6506
-6018
-5478
-4925
-4202
-3380
-2614
-1887
-1138
-450
73
485
817
997
1026
948
802
576
272
-45
-350
-629
-908
-1136
-1275
-1368
-1440
-1425
-1306
-1176
-1013
-741
-388
-34
386
937
1526
2134
2855
3654
4437
5213
6027
6796
7442
7978
8403
8642
8659
8478
8107
7528
6752
5834
4817
3727
2578
1443
366
-655
-1624
-2478
-3213
-3886
-4483
-4961
-5371
-5757
-6069
-6290
-6467
-6603
-6611
-6530
-6381
-6115
-5709
-5226
-4659
-3985
-3253
-2537
-1815
-1115
-507
2
405
680
810
835
743
550
307
17
-301
-616
-880
-1113
-1323
-1443
-1487
-1514
-1474
-1339
-1170
-985
-713
-366
-16
387
905
1465
2048
2727
3480
4222
4973
5778
6544
7202
7778
8255
8536
8608
8505
8201
7650
6911
6054
5054
3928
2780
1672
575
-477
-1379
-2166
-2881
-3491
-3932
-4301
-4642
-4899
-5065
-5219
-5376
-5418
-5410
-5398
-5293
-5039
-4726
-4356
-3851
-3237
-2636
-2014
-1329
-702
-187
243
597
775
790
705
514
179
-221
-624
-1055
-1488
-1858
-2157
-2399
-2568
-2632
-2626
-2560
-2409
-2215
-1954
-1648
-1305
-918
-472
9
519
1089
1716
2370
3061
3796
4545
5269
5966
6632
7189
7615
7901
8020
7937
7645
7168
6494
5653
4686
3639
2528
1417
345
-667
-1586
-2381
-3075
-3656
-4117
-4479
-4762
-4998
-5154
-5265
-5354
-5386
-5355
-5276
-5143
-4907
-4573
-4187
-3703
-3131
-2531
-1945
-1327
-747
-285
89
367
508
472
343
138
-203
-618
-1012
-1402
-1818
-2175
-2423
-2625
-2801
-2851
-2805
-2748
-2635
-2409
-2140
-1869
-1513
-1075
-622
-131
455
1097
1742
2442
3204
3969
4712
5456
6161
6796
7334
7754
8046
8175
8118
7873
7469
6888
6119
5244
4308
3270
2191
1184
236
-703
-1534
-2195
-2784
-3327
-3710
-3958
-4221
-4437
-4494
-4519
-4599
-4565
-4391
-4237
-4059
-3714
-3289
-2887
-2424
-1845
-1303
-854
-380
37
285
422
490
401
154
-158
-527
-999
-1500
-1958
-2398
-2810
-3121
-3344
-3514
-3579
-3547
-3453
-3281
-3019
-2715
-2372
-1932
-1450
-957
-392
245
896
1567
2313
3076
3786
4524
5278
5941
6526
7069
7500
7769
7913
7927
7753
7393
6922
6301
5524
4675
3771
2809
1839
912
32
-799
-1518
-2137
-2689
-3128
-3443
-3691
-3877
-3946
-3961
-3940
-3839
-3649
-3449
-3203
-2862
-2486
-2115
-1695
-1226
-808
-439
-76
222
384
465
460
315
47
-286
-698
-1175
-1667
-2139
-2583
-2993
-3313
-3547
-3707
-3768
-3731
-3617
-3426
-3160
-2841
-2473
-2039
-1566
-1072
-515
81
685
1332
2004
2680
3344
4021
4672
5254
5784
6265
6630
6875
7037
7078
6955
6712
6372
5901
5299
4638
3928
3123
2288
1498
717
-77
-779
-1376
-1935
-2419
-2769
-3018
-3231
-3355
-3355
-3319
-3258
-3111
-2901
-2699
-2493
-2209
-1916
-1675
-1424
-1151
-935
-794
-656
-578
-614
-723
-866
-1090
-1411
-1760
-2114
-2506
-2899
-3243
-3527
-3775
-3954
-4013
-3999
-3914
-3747
-3492
-3172
-2809
-2388
-1927
-1433
-922
-381
192
774
1346
1936
2536
3117
3670
4210
4715
5157
5534
5851
6098
6232
6278
6251
6127
5892
5588
5225
4776
4252
3687
3096
2468
1805
1159
538
-90
-686
-1191
-1653
-2071
-2384
-2600
-2755
-2834
-2810
-2701
-2562
-2386
-2146
-1894
-1669
-1454
-1251
-1089
-996
-949
-933
-971
-1060
-1186
-1334
-1520
-1734
-1961
-2187
-2434
-2697
-2938
-3168
-3385
-3577
-3715
-3800
-3841
-3816
-3699
-3523
-3285
-2964
-2568
-2134
-1665
-1150
-595
-51
482
1018
1528
1995
2427
2830
3191
3504
3771
4017
4212
4351
4445
4511
4512
4452
4342
4186
3960
3681
3368
3018
2622
2204
1793
1373
963
563
210
-114
-412
-674
-885
-1059
-1206
-1323
-1398
-1458
-1510
-1538
-1538
-1544
-1560
-1561
-1547
-1570
-1606
-1638
-1684
-1777
-1892
-1991
-2125
-2308
-2475
-2623
-2807
-2985
-3103
-3203
-3312
-3357
-3320
-3285
-3214
-3062
-2876
-2678
-2428
-2129
-1816
-1486
-1113
-717
-320
99
518
942
1354
1761
2148
2498
2825
3127
3377
3596
3801
3952
4069
4162
4212
4215
4195
4145
4026
3868
3696
3468
3171
2862
2552
2173
1766
1405
1027
625
261
-65
-387
-699
-932
-1135
-1348
-1503
-1601
-1702
-1795
-1836
-1860
-1920
-1952
-1961
-2003
-2057
-2091
-2144
-2247
-2335
-2423
-2551
-2686
-2797
-2906
-3034
-3122
-3178
-3231
-3266
-3255
-3212
-3170
-3086
-2949
-2799
-2625
-2378
-2093
-1788
-1439
-1041
-632
-206
231
662
1067
1451
1801
2105
2370
2601
2793
2953
3108
3241
3349
3460
3570
3648
3683
3723
3721
3634
3508
3362
3153
2874
2588
2311
1984
1665
1405
1148
872
653
480
284
91
-78
-243
-446
-650
-835
-1027
-1236
-1422
-1561
-1698
-1826
-1905
-1956
-2010
-2052
-2083
-2125
-2171
-2254
-2341
-2432
-2544
-2656
-2750
-2815
-2882
-2900
-2861
-2788
-2702
-2559
-2353
-2142
-1922
-1663
-1367
-1082
-798
-489
-172
117
410
715
1004
1274
1548
1819
2062
2292
2521
2740
2924
3076
3215
3326
3378
3391
3372
3316
3197
3046
2888
2699
2476
2266
2062
1851
1643
1461
1272
1076
896
701
489
278
72
-156
-393
-592
-769
-955
-1092
-1178
-1267
-1348
-1383
-1409
-1488
-1572
-1632
-1750
-1915
-2045
-2175
-2353
-2501
-2589
-2666
-2747
-2755
-2712
-2687
-2639
-2541
-2454
-2388
-2284
-2164
-2055
-1917
-1722
-1514
-1281
-975
-646
-312
50
427
762
1063
1362
1598
1769
1935
2086
2175
2261
2381
2466
2517
2610
2703
2726
2723
2742
2686
2550
2433
2299
2089
1885
1735
1560
1392
1278
1208
1113
1041
995
914
804
710
579
391
235
94
-99
-261
-350
-461
-574
-614
-639
-736
-810
-860
-985
-1170
-1323
-1487
-1722
-1946
-2088
-2241
-2413
-2473
-2488
-2530
-2517
-2439
-2381
-2346
-2266
-2170
-2112
-2040
-1912
-1786
-1641
-1435
-1205
-943
-651
-334
-24
268
555
793
976
1145
1271
1330
1383
1453
1487
1503
1573
1649
1684
1744
1820
1850
1839
1824
1792
1701
1594
1506
1404
1298
1226
1179
1144
1135
1148
1147
1151
1133
1086
1017
925
795
636
495
349
186
56
-32
-121
-217
-283
-331
-434
-562
-675
-821
-1037
-1251
-1430
-1635
-1834
-1963
-2035
-2105
-2144
-2101
-2030
-1989
-1944
-1852
-1790
-1769
-1731
-1657
-1603
-1551
-1423
-1253
-1071
-866
-599
-325
-99
128
355
512
601
679
721
725
713
729
746
778
847
928
1031
1142
1231
1295
1354
1374
1332
1274
1226
1156
1063
1026
1029
1012
1037
1123
1198
1231
1283
1334
1306
1236
1171
1073
919
771
661
541
418
356
313
263
225
190
124
40
-63
-211
-383
-553
-746
-946
-1100
-1213
-1328
-1410
-1403
-1399
-1407
-1364
-1299
-1284
-1281
-1242
-1217
-1239
-1225
-1160
-1117
-1058
-919
-771
-634
-471
-283
-137
-16
95
186
223
246
263
251
263
285
314
368
452
535
615
711
794
834
868
898
885
850
851
848
833
844
904
963
995
1052
1106
1116
1094
1071
998
885
780
667
530
405
324
242
156
109
72
-3
-74
-143
-251
-381
-497
-608
-741
-843
-899
-946
-982
-961
-921
-895
-848
-805
-785
-792
-796
-803
-840
-865
-858
-854
-832
-769
-679
-596
-504
-385
-302
-232
-175
-142
-135
-132
-126
-136
-129
-91
-39
16
106
212
306
402
503
574
622
658
688
690
676
683
684
687
700
737
775
813
864
894
908
919
911
849
773
692
587
471
367
277
183
109
79
55
31
36
50
33
8
-13
-58
-119
-172
-223
-280
-319
-335
-329
-328
-299
-255
-234
-215
-202
-210
-243
-288
-324
-379
-430
-464
-484
-487
-473
-430
-392
-360
-311
-275
-268
-258
-252
-261
-272
-259
-240
-211
-161
-90
-12
61
137
204
249
279
294
288
275
267
261
259
269
283
300
313
319
317
300
271
231
180
141
105
72
52
49
57
57
62
70
60
35
10
-26
-73
-103
-117
-118
-109
-68
-18
35
91
130
164
155
134
92
31
-23
-74
-111
-128
-116
-83
-38
7
41
68
76
52
8
-52
-106
-169
-215
-223
-217
-183
-127
-55
22
79
126
145
136
101
62
20
-37
-54
-65
-61
-21
22
76
124
159
168
154
125
78
20
-31
-71
-89
-94
-66
-21
23
82
130
161
171
161
131
86
43
8
-10
-27
-13
21
53
98
131
162
175
165
135
101
66
23
-6
-10
-8
1
23
59
71
75
89
71
31
-4
-31
-67
-92
-102
-90
-82
-60
-28
-22
-18
-27
-50
-91
-138
-171
-201
-216
-206
-183
-152
-112
-68
-42
-26
-28
-55
-89
-135
-171
-203
-210
-183
-141
-89
-9
70
118
157
178
163
108
54
6
-50
-83
-80
-43
23
92
181
264
316
333
313
265
185
89
5
-71
-117
-125
-92
-23
54
148
240
301
314
295
237
147
30
-71
-153
-222
-245
-211
-151
-69
31
128
205
236
233
195
115
20
-73
-157
-229
-261
-240
-191
-122
-34
66
145
194
216
217
181
113
39
-26
-89
-132
-137
-113
-71
-9
65
144
206
260
298
308
287
257
215
154
99
50
15
-10
-17
-11
24
66
108
146
189
209
205
189
139
85
15
-47
-106
-154
-178
-175
-139
-100
-42
19
63
98
99
78
28
-47
-123
-199
-266
-308
-326
-298
-248
-189
-117
-47
4
24
17
-13
-77
-152
-215
-269
-310
-317
-279
-225
-156
-67
9
57
88
94
64
8
-54
-103
-143
-163
-142
-94
-30
54
138
209
254
265
257
213
157
82
32
3
-1
30
84
166
248
317
367
385
358
293
221
125
32
-30
-57
-46
4
84
179
260
333
366
355
302
215
107
-6
-98
-154
-168
-146
-84
-4
84
158
199
192
148
67
-44
-152
-242
-298
-324
-300
-219
-125
-22
71
139
157
135
91
1
-101
-181
-231
-254
-231
-156
-66
26
115
173
183
150
90
3
-92
-158
-206
-203
-164
-94
11
119
208
256
272
232
153
36
-70
-165
-238
-255
-219
-152
-47
75
177
232
250
224
140
25
-99
-202
-288
-327
-300
-234
-133
-7
114
196
230
221
159
49
-69
-185
-292
-341
-339
-287
-202
-89
26
110
170
183
143
69
-16
-113
-198
-255
-260
-228
-172
-75
23
111
162
182
172
132
63
-22
-79
-117
-128
-102
-51
21
97
164
217
241
230
204
154
93
38
5
-9
-5
32
82
129
167
203
219
205
175
135
78
30
-10
-44
-58
-56
-37
-15
25
52
69
79
77
50
16
-19
-61
-106
-140
-156
-169
-162
-141
-102
-76
-48
-13
-8
-13
-24
-60
-110
-159
-198
-224
-233
-225
-199
-158
-103
-41
-6
20
25
7
-30
-75
-126
-158
-178
-186
-156
-107
-43
23
83
125
141
124
97
55
-1
-50
-66
-64
-45
5
68
129
176
211
225
194
147
90
21
-32
-65
-72
-57
-15
41
88
125
147
129
88
34
-32
-95
-147
-155
-152
-124
-60
13
67
103
118
106
62
11
-50
-116
-162
-164
-138
-97
-35
41
92
121
138
115
67
3
-55
-100
-146
-152
-124
-85
-34
25
71
97
89
64
27
-29
-78
-113
-130
-126
-97
-52
0
46
78
96
92
65
20
-22
-60
-91
-96
-80
-63
-29
9
36
49
42
28
0
-45
-88
-116
-138
-148
-128
-102
-74
-53
-32
-15
-19
-27
-41
-70
-89
-109
-109
-99
-83
-52
-16
9
35
54
54
48
35
20
2
-6
-14
-21
-10
1
12
22
33
42
37
34
30
13
-2
-8
-13
-18
-13
-7
0
9
19
23
21
23
26
24
19
25
29
36
41
45
39
28
16
2
-16
-42
-55
-72
-77
-84
-69
-55
-50
-32
-23
-23
-29
-42
-73
-93
-112
-125
-132
-128
-108
-70
-32
8
41
64
69
56
42
14
-11
-31
-39
-26
-7
22
59
92
116
134
122
100
67
22
-10
-36
-42
-36
-15
23
61
88
118
124
103
78
36
-19
-66
-93
-101
-98
-71
-25
17
54
78
83
63
25
-11
-61
-110
-135
-144
-132
-101
-65
-27
5
25
24
-1
-36
-81
-115
-148
-165
-153
-134
-98
-51
-13
21
38
37
11
-16
-46
-85
-98
-99
-84
-50
-6
36
74
108
114
103
86
56
18
-13
-29
-23
-20
2
46
82
114
130
138
123
105
82
55
26
7
2
11
24
46
67
83
96
85
75
60
37
11
3
-8
-16
-1
3
13
13
12
14
-1
-17
-34
-42
-53
-48
-46
-44
-39
-28
-28
-41
-56
-68
-81
-106
-113
-120
-111
-94
-80
-51
-41
-31
-32
-41
-44
-72
-83
-88
-90
-87
-64
-35
-13
12
30
32
33
20
-2
-19
-43
-53
-49
-37
-20
2
20
41
43
37
24
11
-8
-35
-46
-48
-40
-23
8
39
56
73
79
69
51
28
1
-30
-29
-32
-18
8
32
60
70
82
86
67
45
18
-1
-17
-30
-28
-12
9
29
48
57
53
47
28
6
-14
-42
-41
-44
-42
-25
-15
2
7
16
18
1
-12
-18
-24
-33
-30
-23
-14
-12
-10
-13
-17
-24
-31
-39
-44
-37
-31
-17
1
18
25
20
15
-2
-22
-46
-65
-71
-69
-46
-16
9
44
67
77
77
65
32
-2
-34
-64
-74
-69
-49
-24
15
53
74
86
84
66
36
-1
-34
-55
-68
-60
-38
-19
5
33
42
35
20
-9
-37
-66
-83
-89
-77
-59
-24
7
27
45
40
29
-5
-33
-65
-98
-110
-99
-82
-50
-4
28
54
63
56
32
4
-39
-69
-88
-95
-88
-70
-28
3
36
64
74
71
50
29
1
-23
-35
-42
-28
-14
8
37
53
65
70
60
54
41
29
25
16
20
28
35
50
55
62
53
43
29
19
10
3
7
13
30
40
41
41
37
16
8
-10
-30
-39
-39
-38
-25
-14
-3
6
9
4
-4
-26
-50
-71
-90
-99
-97
-80
-65
-46
-28
-17
-19
-26
-35
-59
-77
-97
-115
-104
-99
-91
-65
-44
-27
-8
-11
-15
-23
-39
-57
-66
-75
-72
-58
-46
-23
5
26
42
45
47
41
24
9
-6
-8
-17
-18
-11
-4
12
24
36
42
53
53
42
36
17
5
-8
-24
-29
-24
-17
-8
8
16
34
49
50
49
40
21
10
-7
-22
-34
-34
-29
-15
2
15
32
37
33
29
17
7
-7
-21
-26
-25
-26
-10
4
14
29
39
32
28
19
1
-10
-14
-13
-11
0
7
26
43
51
52
52
39
26
21
15
6
2
13
18
25
26
26
23
16
5
0
-8
-6
-9
-8
6
4
10
9
7
-3
-21
-36
-49
-59
-62
-55
-47
-33
-18
-14
-9
-24
-34
-58
-84
-101
-112
-110
-98
-78
-51
-30
-13
1
-2
-24
-48
-80
-106
-132
-133
-125
-101
-62
-27
1
20
30
16
-2
-31
-64
-94
-102
-102
-74
-37
-6
38
67
90
92
81
57
24
-6
-29
-42
-32
-12
21
57
95
122
133
129
119
92
64
40
20
20
27
49
72
94
114
128
129
122
114
86
68
58
55
51
60
64
69
77
78
73
58
42
30
10
4
0
0
11
13
16
11
7
-11
-35
-47
-62
-76
-79
-80
-70
-52
-42
-28
-22
-22
-26
-47
-65
-82
-100
-110
-105
-88
-70
-59
-35
-16
-15
-7
-14
-34
-45
-61
-62
-77
-75
-57
-47
-31
-23
-8
1
6
3
1
-7
-7
-6
-10
-2
3
4
9
17
20
20
27
29
36
26
27
30
26
25
21
19
12
10
12
5
6
15
14
17
22
17
7
6
-3
-11
-16
-17
-21
-26
-19
-17
-13
-7
-7
-15
-18
-27
-35
-46
-45
-50
-48
-40
-34
-24
-21
-18
-17
-28
-30
-40
-52
-48
-49
-36
-31
-13
-4
6
17
21
21
12
8
5
5
2
6
18
24
34
48
63
68
65
66
59
48
38
34
35
32
31
39
36
38
39
40
33
20
13
8
-2
-9
-4
1
-4
-3
-2
-9
-18
-24
-24
-41
-46
-41
-52
-58
-62
-58
-54
-56
-59
-64
-68
-74
-85
-89
-93
-93
-89
-93
-93
-91
-85
-86
-85
-87
-90
-93
-93
-90
-80
-76
-64
-59
-56
-48
-38
-35
-32
-29
-30
-24
-19
-12
2
10
17
25
37
42
45
49
45
51
50
52
51
60
68
74
81
86
94
94
83
85
77
72
61
56
60
54
54
59
68
61
59
56
49
40
35
27
13
9
-1
0
0
-5
1
-4
-7
-17
-25
-33
-46
-50
-51
-58
-65
-61
-60
-59
-56
-56
-59
-65
-64
-69
-70
-74
-70
-63
-53
-45
-36
-26
-28
-26
-29
-36
-37
-34
-31
-29
-22
-5
2
15
34
41
49
45
43
45
37
34
31
38
46
52
64
68
78
84
91
86
74
72
66
63
58
52
59
58
63
59
64
63
56
48
39
33
14
9
4
-3
-5
-3
-5
-5
-4
-12
-18
-26
-35
-40
-48
-53
-52
-63
-55
-53
-52
-43
-44
-44
-44
-50
-58
-62
-67
-56
-58
-53
-44
-34
-30
-25
-15
-16
-9
-17
-10
-9
-13
-7
-5
6
17
26
29
40
45
41
40
50
42
43
41
43
47
49
58
53
62
64
56
44
41
37
31
23
20
19
12
18
17
10
3
-4
-6
-21
-24
-38
-46
-44
-48
-49
-45
-50
-53
-53
-49
-52
-63
-67
-64
-61
-68
-66
-56
-57
-54
-54
-54
-55
-49
-42
-43
-35
-33
-26
-20
-18
-6
-4
-4
1
7
0
9
9
8
20
27
38
39
55
56
54
61
63
55
50
54
52
54
52
58
62
68
61
59
56
49
47
37
32
27
22
22
21
20
20
20
14
9
11
3
0
-10
-15
-13
-15
-19
-13
-13
-19
-13
-20
-24
-22
-30
-29
-32
-37
-35
-38
-34
-33
-35
-29
-27
-28
-19
-19
-17
-16
-19
-17
-14
-11
-16
-20
-14
-9
-5
6
10
17
16
22
18
22
23
14
17
15
13
18
22
21
18
24
26
23
25
25
26
20
17
13
10
4
3
5
4
2
2
3
-2
-9
-11
-11
-13
-8
-10
-17
-12
-21
-20
-27
-25
-26
-25
-22
-30
-25
-21
-22
-25
-25
-18
-20
-18
-14
-17
-18
-20
-13
-10
-9
-9
-3
6
3
7
12
17
20
16
23
25
23
27
29
32
28
34
42
34
40
42
39
39
38
33
36
39
43
37
40
40
40
46
41
43
39
41
43
42
36
31
33
29
31
29
27
20
18
17
11
8
12
6
3
10
5
3
9
3
-1
3
4
2
-4
-7
-10
-12
-12
-1
-1
-3
0
-5
-2
-1
1
-2
-1
3
1
0
-2
-1
2
6
7
8
14
22
17
7
18
19
18
17
23
19
18
28
19
23
23
26
26
24
33
33
26
27
29
30
20
23
22
15
12
9
9
4
7
2
2
2
6
3
-1
-1
-6
-3
-8
-9
-12
-16
-14
-11
-14
-11
-10
-7
-16
-14
-15
-16
-20
-21
-22
-26
-20
-19
-21
-21
-17
-15
-12
-13
-12
-10
-1
-7
-1
-2
-1
3
3
4
5
8
11
13
14
13
18
18
17
25
26
22
20
19
15
15
18
21
24
21
23
20
21
28
23
15
19
16
15
16
16
21
17
21
20
15
23
14
13
7
3
4
2
6
0
2
0
3
-3
-3
-4
-12
-16
-20
-25
-23
-30
-28
-29
-37
-32
-32
-24
-27
-27
-26
-25
-29
-24
-25
-23
-22
-23
-17
-20
-15
-13
-6
-4
0
6
5
8
11
9
10
14
14
21
21
23
24
28
36
44
41
47
50
49
44
37
37
34
37
36
33
37
42
50
52
49
49
54
45
41
36
30
29
24
28
23
29
29
23
22
18
9
3
3
-8
-8
-14
-18
-19
-16
-21
-21
-21
-26
-24
-28
-31
-32
-31
-38
-39
-36
-36
-39
-38
-41
-46
-48
-49
-46
-52
-45
-45
-44
-37
-34
-33
-33
-33
-29
-29
-27
-31
-31
-31
-31
-26
-23
-21
-19
-9
-4
-2
2
8
10
8
10
12
17
17
26
27
25
22
27
27
29
35
32
41
38
37
37
36
34
33
31
32
23
23
26
29
33
32
29
23
23
25
21
21
18
13
16
8
14
10
14
9
9
11
9
17
19
15
8
9
8
15
10
7
12
7
6
4
1
9
9
5
3
9
9
6
2
2
6
3
2
-3
-6
-5
-5
-6
-6
-2
2
-5
-1
-2
-5
-2
-9
-12
-10
-12
-19
-19
-21
-26
-18
-21
-19
-17
-25
-22
-21
-27
-28
-27
-29
-30
-30
-31
-35
-35
-27
-35
-32
-24
-20
-17
-11
-14
-15
-11
-14
-14
-16
-19
-17
-19
-16
-6
-8
-5
4
0
3
11
7
8
2
4
6
-1
2
6
5
6
16
15
15
23
21
25
25
20
23
19
22
22
22
22
25
22
21
27
32
32
31
33
33
36
30
30
34
29
30
27
21
27
28
31
31
26
22
28
22
19
20
14
12
11
7
11
12
3
5
-1
-12
-12
-5
-8
-10
-8
-6
-4
-6
-6
-13
-14
-19
-26
-28
-24
-22
-27
-33
-26
-27
-24
-24
-24
-25
-23
-25
-36
-30
-33
-33
-28
-32
-31
-30
-30
-28
-31
-25
-23
-23
-20
-24
-24
-21
-23
-19
-18
-15
-13
-16
-13
-9
-11
-12
-13
-6
-6
-5
-5
-4
-2
-3
-6
-2
-5
-1
1
-1
5
0
-3
2
5
11
9
6
6
8
6
7
12
7
12
9
3
7
4
1
1
1
3
7
5
6
8
9
9
9
14
9
13
8
9
8
9
13
9
9
14
12
7
10
13
9
9
7
6
1
2
2
0
-5
-3
-2
-10
-11
-12
-9
-13
-17
-17
-16
-23
-24
-21
-20
-22
-25
-23
-25
-26
-26
-26
-23
-26
-25
-29
-31
-31
-29
-29
-25
-28
-30
-31
-32
-28
-28
-26
-30
-21
-22
-18
-15
-18
-19
-22
-14
-13
-10
-8
-10
-5
-5
-3
-4
-3
-1
3
15
12
12
13
11
16
14
11
16
16
16
15
17
20
20
32
29
30
26
27
25
17
23
24
22
20
22
22
16
16
17
11
7
3
-3
0
-6
-8
-8
-11
-11
-12
-13
-8
-16
-20
-19
-21
-19
-23
-23
-26
-20
-18
-22
-26
-21
-27
-29
-32
-32
-28
-32
-35
-31
-29
-28
-25
-23
-16
-22
-19
-18
-11
-18
-18
-17
-17
-10
-9
-6
-5
1
0
6
-5
1
11
5
7
7
8
14
13
11
20
21
23
28
20
22
18
12
11
15
13
5
3
5
5
3
-4
-4
3
4
1
-7
-9
-9
-14
-20
-21
-25
-29
-28
-29
-27
-31
-34
-31
-34
-32
-29
-34
-33
-33
-31
-33
-37
-36
-31
-30
-29
-29
-25
-28
-29
-28
-26
-23
-29
-18
-15
-14
-16
-16
-15
-13
-12
-7
-4
0
2
3
9
7
7
17
21
17
17
16
11
12
19
13
17
21
21
25
27
29
31
28
30
34
30
28
28
23
17
19
20
18
14
11
11
4
8
10
6
9
-1
-5
-6
-9
-9
-12
-13
-14
-20
-16
-21
-27
-25
-26
-26
-26
-28
-34
-38
-38
-41
-40
-47
-52
-49
-54
-50
-47
-41
-42
-45
-39
-40
-38
-43
-38
-40
-42
-46
-43
-43
-43
-32
-35
-34
-29
-21
-14
-14
-9
-7
-7
-4
-2
1
4
12
8
8
10
18
17
20
22
24
26
25
27
30
30
36
33
33
35
36
34
35
38
30
30
34
36
29
33
34
34
34
33
31
23
19
10
11
9
8
9
7
6
8
4
3
4
3
0
-7
-13
-11
-16
-18
-13
-17
-18
-24
-21
-23
-27
-29
-29
-26
-28
-27
-31
-34
-37
-39
-35
-38
-35
-35
-33
-30
-28
-25
-29
-26
-22
-27
-23
-19
-20
-15
-14
-10
-13
-8
-2
-3
1
1
6
11
15
17
22
18
25
25
24
30
23
22
28
24
22
24
31
31
32
28
27
30
26
29
23
19
17
19
19
14
15
10
10
8
7
9
5
0
-6
-8
-9
-14
-15
-12
-14
-17
-15
-14
-14
-17
-15
-18
-19
-21
-22
-19
-18
-16
-15
-16
-16
-13
-11
-12
-13
-10
-1
-6
-13
-4
3
2
13
13
17
26
23
28
31
29
29
26
30
37
31
32
30
36
43
44
42
42
44
48
44
43
45
44
41
44
43
41
41
40
37
36
38
34
33
25
29
25
18
18
13
5
8
6
7
3
-4
0
-3
-8
-7
-11
-19
-20
-20
-21
-22
-26
-23
-18
-25
-25
-22
-28
-29
-23
-24
-20
-25
-26
-18
-19
-12
-11
-12
-11
-6
-8
-4
0
-5
-1
-2
-3
5
10
8
8
15
19
22
24
21
25
34
30
26
31
29
29
31
30
33
35
38
35
34
33
29
30
28
21
22
24
20
20
19
17
16
17
18
15
8
9
7
2
5
4
-1
0
-5
-8
-14
-15
-19
-20
-19
-22
-23
-22
-19
-21
-18
-19
-24
-24
-29
-31
-32
-37
-37
-36
-37
-37
-29
-34
-31
-33
-29
-27
-30
-31
-29
-29
-27
-21
-20
-16
-14
-11
-4
-2
-1
5
7
10
6
14
22
26
24
27
35
32
41
38
37
48
47
40
43
51
48
46
50
47
47
50
54
48
47
40
41
42
32
35
42
39
35
38
37
36
34
33
30
35
25
22
23
21
24
14
19
20
21
17
15
9
8
12
8
6
8
9
9
9
7
6
4
9
12
11
14
17
16
15
12
8
15
17
17
16
12
14
13
10
7
10
5
10
16
11
13
9
6
11
4
2
7
7
1
4
1
-4
0
1
2
-5
-3
-1
-2
-5
-5
-7
-10
-10
-11
-15
-9
-4
-8
-5
-9
-4
-7
-8
-7
-9
-12
-15
-10
-8
-7
-12
-10
-6
-5
-1
-2
-3
3
4
5
9
11
17
23
18
22
23
33
37
40
40
42
43
45
48
53
57
59
58
58
69
73
75
75
76
73
76
73
70
75
71
74
77
71
69
67
60
61
57
62
56
43
44
39
39
31
27
29
17
16
7
3
1
-8
-14
-24
-19
-26
-29
-31
-40
-39
-43
-41
-45
-47
-44
-55
-55
-53
-58
-57
-59
-54
-53
-50
-44
-49
-46
-43
-38
-40
-38
-34
-30
-30
-25
-24
-23
-10
-15
-3
0
-3
0
5
12
10
18
25
27
24
31
36
39
40
45
40
47
43
46
55
44
51
54
55
52
60
50
55
56
50
54
51
47
43
39
39
35
28
30
25
21
17
19
12
11
13
4
5
9
3
1
0
-3
-5
-6
0
1
-1
1
3
4
1
2
1
-5
-6
2
-2
7
8
9
19
20
20
21
26
24
27
33
32
40
32
35
39
36
39
38
45
44
43
43
48
44
43
40
36
36
30
26
22
27
20
19
18
14
12
3
3
-3
-1
-7
-7
-12
-17
-23
-26
-31
-37
-37
-38
-37
-50
-48
-47
-44
-51
-50
-46
-46
-47
-51
-47
-48
-51
-45
-54
-46
-42
-44
-35
-32
-28
-24
-22
-22
-10
-11
-5
3
4
5
1
7
15
11
19
18
26
32
32
38
39
42
45
47
41
44
50
47
56
56
52
59
61
56
52
49
49
52
43
42
42
40
38
31
28
27
32
21
21
14
12
7
4
-1
-4
-5
-9
-11
-17
-24
-25
-33
-38
-33
-41
-42
-45
-43
-43
-42
-38
-37
-41
-44
-43
-45
-41
-40
-32
-32
-26
-27
-27
-23
-14
-5
-4
2
-4
2
12
15
24
29
36
30
29
39
44
50
47
49
54
59
63
58
53
54
56
61
57
56
60
49
49
53
50
52
48
34
44
41
32
29
26
25
12
14
3
-2
-1
-6
-15
-16
-21
-24
-26
-32
-39
-43
-44
-51
-47
-54
-54
-66
-61
-65
-73
-66
-67
-67
-65
-64
-67
-55
-59
-61
-56
-56
-57
-59
-55
-44
-42
-40
-35
-28
-23
-21
-12
-11
-5
-4
1
1
-1
8
6
14
20
19
24
25
33
34
35
38
37
40
45
46
52
49
49
51
50
54
47
49
45
45
46
42
41
36
38
41
32
27
22
18
15
11
13
3
-2
-7
-10
-8
-11
-22
-20
-27
-34
-33
-32
-34
-38
-42
-44
-37
-48
-45
-46
-45
-37
-47
-47
-45
-49
-41
-43
-44
-41
-47
-41
-43
-44
-39
-37
-30
-34
-30
-18
-15
-18
-16
-9
-5
-7
0
-3
0
6
-1
9
18
17
18
22
26
21
22
26
30
34
27
28
27
27
27
26
24
25
27
28
25
25
19
22
18
16
17
18
13
7
11
9
7
3
8
4
4
-3
-3
-1
-3
-2
-9
-6
-7
-8
-9
-14
-10
-12
-16
-13
-12
-10
-16
-19
-14
-12
-17
-20
-20
-10
-10
-16
-19
-9
-5
-9
-9
-4
6
-1
-3
0
8
9
2
1
3
12
7
3
7
15
15
15
17
16
20
19
15
15
18
14
15
8
16
9
3
6
10
17
9
5
5
6
-1
-1
-5
-1
-8
-14
-15
-14
-13
-17
-26
-16
-16
-22
-25
-30
-25
-35
-34
-38
-38
-34
-39
-44
-40
-30
-33
-38
-38
-31
-29
-32
-25
-17
-17
-22
-18
-13
-14
-13
-12
-9
0
-1
-1
3
14
17
18
14
17
22
25
25
17
21
26
21
22
27
22
24
21
22
25
28
23
21
25
24
23
18
15
17
17
16
16
15
15
12
11
13
5
5
-1
-1
-4
-2
-8
-14
-11
-20
-16
-20
-19
-22
-27
-30
-31
-32
-33
-32
-30
-24
-30
-34
-31
-30
-34
-26
-25
-27
-22
-27
-24
-17
-11
-7
-5
-6
0
3
1
9
10
11
13
13
12
23
17
12
18
20
23
20
22
28
30
28
31
33
41
38
37
35
34
40
34
39
36
34
32
34
36
25
30
25
22
18
21
18
15
16
13
10
10
3
0
4
2
0
-8
-5
-4
-5
-7
-9
-8
-9
-11
-12
-14
-13
-14
-13
-15
-12
-10
-13
-15
-14
-15
-14
-20
-17
-10
-14
-11
-14
-10
-9
-12
-10
-13
-10
-12
-12
-17
-18
-11
-14
-14
-14
-16
-16
-11
-17
-13
-10
-13
-13
-11
-12
-14
-9
-16
-12
-14
-12
-19
-17
-15
-18
-20
-22
-23
-28
-24
-25
-21
-20
-18
-18
-21
-18
-18
-20
-16
-10
-12
-11
-8
-9
-13
-13
-9
-1
0
-1
1
3
10
9
12
10
8
20
21
19
16
24
30
27
33
31
33
34
37
32
39
43
37
43
42
36
41
41
41
46
40
39
40
44
39
32
31
30
30
29
20
20
20
17
7
-2
0
-3
-7
-8
-8
-10
-18
-28
-29
-27
-34
-40
-49
-46
-49
-55
-57
-63
-61
-66
-73
-65
-70
-72
-79
-74
-70
-73
-72
-78
-70
-70
-69
-68
-72
-65
-61
-61
-56
-51
-49
-49
-41
-36
-28
-25
-24
-24
-17
-10
-7
0
3
6
9
14
20
22
28
28
34
37
37
39
35
41
50
43
42
43
52
49
45
47
44
47
50
48
44
40
39
33
33
33
32
31
26
25
27
26
19
23
18
16
16
10
9
10
2
1
-1
-11
-9
-10
-15
-15
-17
-21
-25
-26
-28
-25
-26
-34
-22
-27
-28
-32
-30
-25
-30
-30
-32
-28
-23
-28
-25
-27
-27
-24
-21
-14
-17
-19
-18
-19
-17
-17
-16
-13
-14
-12
-14
-14
-11
-16
-10
-13
-13
-17
-17
-13
-22
-15
-15
-14
-14
-11
-13
-10
-15
-19
-19
-21
-23
-19
-16
-17
-13
-19
-13
-14
-17
-21
-22
-15
-13
-13
-17
-15
-14
-12
-15
-22
-16
-17
-14
-10
-11
-5
-5
-5
-2
3
1
-4
7
8
7
14
15
16
23
18
22
23
25
33
34
37
33
42
50
47
51
47
45
45
49
56
55
55
56
55
54
55
53
48
55
52
49
47
45
43
38
36
34
31
24
23
10
16
15
5
3
-2
-7
-12
-15
-24
-26
-33
-37
-41
-45
-44
-48
-53
-57
-58
-61
-62
-65
-67
-64
-63
-80
-73
-75
-73
-75
-73
-62
-68
-60
-59
-58
-53
-49
-46
-44
-38
-42
-34
-35
-26
-23
-26
-23
-11
-7
-7
-3
5
3
9
11
12
19
17
23
22
31
30
32
31
31
32
36
31
31
35
35
37
31
34
29
25
24
26
20
20
17
16
15
13
12
-3
-4
-9
-9
-19
-16
-15
-25
-23
-26
-27
-26
-33
-37
-36
-42
-37
-43
-40
-44
-43
-50
-49
-49
-51
-52
-51
-45
-42
-44
-48
-42
-38
-37
-35
-33
-24
-27
-29
-19
-22
-24
-22
-9
-10
-7
-1
-2
0
4
5
7
5
13
10
11
16
21
23
26
24
23
21
16
21
24
27
20
21
22
25
22
19
23
18
12
14
14
12
6
2
-1
-2
2
4
-5
-9
-10
-17
-21
-21
-21
-22
-25
-31
-23
-28
-28
-31
-36
-25
-29
-28
-31
-34
-28
-22
-27
-27
-24
-23
-20
-21
-22
-21
-18
-25
-19
-17
-10
-8
-13
-10
-9
-9
-4
-3
-4
-3
0
0
-2
3
11
6
5
10
7
9
7
16
12
4
12
10
9
10
1
-2
-2
1
3
-3
-1
-5
-9
-5
-10
-7
-8
-11
-16
-15
-14
-18
-18
-22
-29
-28
-29
-25
-26
-23
-20
-20
-23
-21
-14
-17
-15
-17
-11
-12
-9
-1
-7
-5
-4
2
-2
3
8
6
15
15
12
16
17
20
26
20
25
26
29
26
23
25
26
25
25
25
24
21
23
23
17
18
15
15
13
13
12
12
10
8
3
0
3
-3
-7
-8
-11
-7
-5
-17
-13
-20
-24
-22
-24
-22
-24
-27
-28
-28
-32
-32
-31
-33
-30
-32
-40
-40
-41
-33
-32
-37
-34
-30
-35
-27
-21
-23
-23
-28
-23
-24
-29
-20
-17
-24
-14
-13
-8
-10
-6
-7
-6
-2
-5
-4
-2
0
0
-1
2
3
1
4
2
11
7
9
10
9
11
11
15
10
14
12
4
6
5
8
6
5
6
7
-4
0
0
-2
0
-3
-2
-9
-13
-9
-10
-12
-11
-13
-8
-11
-9
-6
-3
-2
-8
-2
1
-7
-4
-3
3
4
2
-3
0
7
-3
6
6
6
13
6
4
6
8
-4
2
6
3
2
3
-2
1
8
6
5
6
5
5
4
-3
-6
-6
-8
-2
-1
-4
-5
-10
-5
-6
-10
-11
-5
-10
-17
-10
-18
-12
-16
-20
-16
-15
-15
-15
-15
-15
-9
-16
-11
-7
-12
-13
-10
-13
-11
-15
-18
-13
-10
-16
-10
-6
-9
-6
-7
-13
-7
-5
-5
-7
-7
-9
-17
-11
-14
-11
-9
-9
-9
-7
-4
-13
-10
-8
-7
-5
-1
-8
-6
-6
-3
4
-1
-1
-1
3
3
3
4
0
0
-3
-5
5
-4
0
-7
-10
0
-4
-5
-2
2
2
-2
-8
0
-8
-7
-3
-9
-9
-5
-7
-6
-4
-1
-3
-6
-6
-1
-1
-1
0
1
1
2
6
7
4
3
5
3
4
2
1
7
4
5
9
10
13
9
13
12
11
17
16
11
15
16
21
17
17
21
17
16
16
14
15
15
10
3
3
4
5
2
1
-4
-4
-4
-7
-5
-7
-9
-14
-12
-11
-15
-20
-24
-24
-27
-21
-25
-26
-28
-28
-29
-24
-22
-31
-35
-34
-31
-34
-34
-36
-35
-36
-36
-40
-34
-33
-37
-29
-29
-23
-28
-30
-31
-27
-27
-20
-19
-24
-22
-23
-21
-20
-19
-21
-21
-10
-11
-13
-12
-7
-11
-8
-2
-4
2
0
5
9
7
13
14
20
18
17
25
19
25
24
23
26
22
29
26
22
26
25
26
24
28
29
26
25
24
25
23
20
20
19
14
17
13
13
19
17
15
17
14
17
18
14
12
9
10
5
11
7
3
1
2
1
0
6
5
1
3
-1
0
2
1
3
-1
2
0
-2
-4
-5
-9
-7
-10
-15
-15
-13
-18
-19
-16
-19
-21
-27
-30
-31
-32
-42
-38
-40
-44
-41
-46
-42
-46
-49
-50
-43
-50
-53
-50
-49
-51
-49
-50
-54
-47
-49
-44
-45
-47
-45
-39
-36
-38
-32
-35
-32
-32
-26
-24
-27
-19
-17
-14
-13
-9
-2
-4
4
5
5
9
13
9
10
16
17
26
19
23
24
33
36
40
39
42
45
47
50
49
52
51
50
51
53
46
45
52
52
53
50
50
48
43
47
46
42
39
29
34
31
24
24
21
16
15
14
12
12
8
1
0
-3
-11
-10
-16
-18
-15
-18
-27
-23
-27
-27
-24
-33
-38
-33
-31
-36
-34
-35
-34
-37
-35
-29
-41
-39
-35
-40
-36
-37
-33
-34
-31
-31
-26
-26
-22
-20
-14
-7
-9
-9
-5
3
-3
4
4
4
10
10
5
11
17
10
5
13
17
8
8
17
12
12
16
14
12
10
13
12
10
12
10
6
7
10
1
2
3
-1
-4
-5
-4
-5
-12
-8
-7
-10
-5
-7
-2
-7
-5
-8
-4
-3
3
8
9
4
13
9
10
14
12
22
23
24
28
33
32
36
34
34
39
40
40
39
39
43
47
52
48
48
49
49
46
46
42
51
44
41
49
41
39
41
40
30
31
29
25
21
22
14
13
11
7
6
4
-2
-4
-6
-16
-19
-20
-14
-23
-29
-36
-35
-38
-36
-31
-39
-41
-43
-40
-42
-47
-52
-49
-44
-46
-48
-45
-41
-35
-44
-38
-36
-33
-29
-26
-23
-24
-18
-15
-8
-4
0
-3
4
7
3
9
13
21
21
21
28
26
24
28
30
34
33
33
38
35
37
32
33
37
35
33
36
34
31
24
21
23
22
23
23
17
15
16
11
8
6
12
7
-2
5
0
-7
-6
-7
-4
-13
-9
-7
-8
-11
-18
-18
-21
-16
-15
-24
-28
-24
-20
-22
-20
-18
-13
-10
-5
-1
-8
-8
-7
-6
-4
-7
-4
-1
-1
5
5
5
10
9
10
10
14
10
11
15
21
22
26
28
31
29
28
28
29
27
31
28
32
31
33
31
32
37
30
35
28
26
25
21
18
14
11
12
9
10
6
5
1
-3
2
-3
-8
-14
-16
-15
-16
-13
-15
-19
-19
-20
-22
-20
-26
-21
-23
-23
-26
-25
-22
-24
-22
-25
-24
-30
-28
-27
-26
-27
-31
-30
-25
-24
-26
-27
-24
-24
-24
-16
-16
-14
-15
-17
-13
-8
-2
-2
-4
-6
1
0
2
0
4
4
4
4
5
10
11
10
16
17
18
24
21
22
23
25
24
24
26
24
26
29
31
30
27
27
28
26
28
23
29
28
27
29
23
23
28
22
16
16
14
16
15
14
13
7
12
6
2
6
-2
-2
-2
-3
-3
2
0
-8
-5
-2
-1
-5
-4
-4
-7
-5
-6
-4
-9
-1
-4
-4
-3
-4
0
6
2
-1
8
6
9
14
13
11
12
12
15
19
18
15
15
21
13
18
19
21
24
19
15
16
17
23
22
19
20
15
17
16
12
12
11
7
8
9
10
9
8
0
7
1
1
7
3
6
-1
-1
-2
-7
-4
-11
-9
-7
-9
-4
-5
-6
-8
-9
-11
-11
-13
-12
-13
-13
-13
-11
-16
-11
-8
-8
-5
-7
-4
-6
-1
-2
-6
-2
0
-5
-6
-3
-3
-2
-7
-4
-2
0
1
1
-2
4
7
5
8
10
7
3
1
2
-1
2
5
6
7
8
11
8
6
7
5
5
4
2
7
6
4
5
5
6
2
0
2
-1
-5
-4
-7
-5
-8
-2
2
-3
-6
-7
-15
-17
-17
-19
-21
-20
-17
-21
-19
-20
-18
-18
-19
-19
-18
-19
-17
-18
-20
-19
-16
-18
-21
-17
-16
-11
-14
-8
-9
-8
-9
-6
-13
-10
-9
-6
-4
-3
2
4
4
0
0
3
6
2
5
5
5
0
4
8
9
8
8
4
4
9
5
6
5
4
11
6
7
8
8
11
6
7
9
4
3
6
3
2
5
9
11
9
7
4
-2
4
3
4
6
5
5
0
-2
3
9
1
-2
3
-3
0
-1
-1
2
3
4
3
7
2
3
4
3
5
-1
2
6
3
1
-2
5
2
-5
-3
-2
-3
1
0
-2
-2
-2
3
-2
0
-6
-4
-5
-6
4
1
2
0
-2
-3
-4
-2
-4
-9
-6
-8
-8
-11
-8
-15
-14
-10
-17
-20
-20
-20
-15
-17
-18
-18
-22
-20
-22
-22
-19
-21
-28
-22
-21
-26
-20
-20
-14
-12
-10
-9
-16
-12
-15
-15
-16
-14
-16
-12
-11
-8
-2
-10
-5
-7
-8
-6
-9
-4
-5
-2
2
1
5
-2
5
7
7
5
5
7
16
13
15
22
23
25
28
29
30
27
32
29
24
27
24
31
25
26
26
29
28
21
23
31
24
24
26
19
19
15
15
16
20
21
19
16
16
12
10
14
11
9
3
4
8
6
2
2
-1
5
1
-2
-1
-3
0
-3
-4
-6
-4
-5
-5
-1
-7
-13
-18
-15
-10
-13
-12
-14
-17
-8
-9
-3
-9
-16
-12
-9
-10
-16
-12
-17
-16
-10
-11
-15
-16
-19
-9
-8
-18
-15
-14
-14
-17
-15
-11
-16
-16
-23
-26
-16
-25
-18
-21
-26
-24
-23
-22
-23
-21
-26
-25
-25
-29
-22
-23
-25
-23
-20
-22
-16
-18
-14
-10
-10
-10
-17
-6
0
5
3
4
6
10
16
14
16
19
23
28
26
28
37
36
34
38
39
41
44
38
44
43
44
46
41
47
46
42
44
43
39
41
45
38
38
39
38
44
38
35
33
25
26
20
18
16
11
11
-2
-5
-4
-8
-15
-15
-19
-22
-25
-27
-37
-39
-42
-50
-47
-50
-47
-49
-49
-51
-50
-44
-49
-48
-46
-49
-54
-52
-50
-53
-45
-42
-36
-38
-34
-29
-26
-22
-19
-17
-13
-9
-10
1
9
11
16
15
17
20
15
20
24
24
28
35
32
38
39
39
38
42
43
35
35
43
42
38
39
28
30
27
26
24
22
16
19
13
12
10
10
6
0
-5
-6
-12
-15
-14
-14
-12
-20
-22
-28
-33
-33
-39
-40
-41
-35
-40
-41
-32
-32
-27
-29
-31
-28
-27
-31
-30
-24
-17
-18
-17
-14
-6
-1
4
0
8
5
1
1
4
9
15
15
16
19
24
24
24
23
26
28
23
23
23
28
25
27
26
25
28
24
24
21
17
21
12
9
14
12
10
4
6
2
-2
-5
-2
-10
-20
-19
-25
-25
-29
-32
-29
-31
-32
-39
-37
-39
-42
-29
-33
-39
-39
-43
-49
-53
-50
-49
-46
-42
-37
-37
-29
-31
-34
-28
-32
-31
-30
-29
-28
-20
-24
-17
-6
-4
2
6
5
2
3
3
3
0
2
8
19
20
27
25
27
30
26
28
25
20
21
16
20
18
16
17
18
24
20
16
13
9
4
3
-7
-13
-11
-17
-15
-15
-20
-13
-18
-20
-26
-32
-32
-36
-38
-44
-48
-46
-42
-38
-35
-35
-33
-38
-39
-35
-36
-37
-40
-39
-38
-38
-26
-29
-26
-18
-17
-14
-17
-18
-19
-15
-12
-10
-5
1
7
6
17
23
16
20
23
21
26
31
30
30
36
37
39
45
41
43
46
41
39
40
37
34
33
33
34
31
32
30
31
28
21
21
13
6
0
-3
-11
-9
-6
-14
-15
-13
-20
-23
-27
-38
-41
-42
-48
-50
-56
-56
-54
-55
-58
-58
-62
-63
-63
