0
8
2
-2
8
-1
4
3
-2
2
-1
2
-1
-1
2
2
8
1
3
8
5
6
1
-1
4
4
2
1
1
4
3
4
5
0
4
9
7
2
3
6
6
11
7
2
4
6
1
6
1
1
-1
-2
-6
-7
-4
-1
0
-4
0
3
2
-3
-4
0
-4
1
-1
-3
3
-5
-1
0
0
-3
-7
-6
-3
-1
-3
0
-3
-1
-5
2
1
0
5
-4
1
-1
-2
-1
-1
-5
-9
-9
-3
-2
-3
6
-2
-6
-6
-5
0
-6
1
1
-3
-2
-1
1
-1
-6
-5
-1
-7
-4
-1
2
-5
-4
-4
-11
-10
-8
-7
-3
-4
-11
-3
-6
-6
-7
-6
-7
-4
-4
-6
-3
-10
-4
-8
-8
-10
-5
-6
-6
-6
-8
-6
-10
-5
-10
-12
-9
-8
-11
-11
-12
-19
-12
-15
-13
-10
-7
-12
-13
-12
-13
-8
-16
-8
-10
-14
-7
-11
-9
-8
-10
-11
-11
-11
-11
-14
-12
-5
-8
-14
-13
-8
-9
-16
-12
-16
-13
-13
-8
-6
-12
-7
-18
-10
-15
-14
-9
-12
-11
-16
-15
-17
-12
-11
-12
-16
-16
-13
-12
-14
-15
-11
-10
-14
-16
-18
-12
-14
-15
-11
-13
-13
-17
-11
-14
-12
-12
-15
-9
-11
-11
-14
-12
-8
-10
-10
-10
-7
-6
-8
-9
-9
-13
-12
-9
-14
-10
-11
-14
-10
-12
-10
-15
-12
-7
-13
-10
-13
-13
-20
-11
-11
-15
-15
-15
-8
-11
-10
-8
-9
-8
-7
-10
-12
-11
-16
-10
-12
-11
-5
-15
-12
-12
-9
-7
-8
-12
-10
-4
-6
-2
-7
-6
-3
-7
-2
-3
-3
-6
-8
-6
-6
-8
-5
-12
-9
-4
-8
-9
-15
-9
-11
-10
-9
-13
-5
-7
-10
-11
-9
-9
-12
-7
-10
-15
-12
-6
-11
-10
-8
-8
-6
-9
-13
-10
-10
-12
-9
-10
-13
-17
-14
-16
-9
-12
-11
-9
-14
-13
-14
-13
-13
-9
-10
-10
-6
-12
-9
-9
-12
-13
-8
-10
-10
-7
-4
-7
-9
-7
-13
-7
-10
-6
0
-3
-2
-3
-9
-10
-6
-3
-3
-3
-5
2
2
1
2
-6
0
2
-4
0
1
-2
2
-4
2
-2
-6
4
-4
-2
-2
-2
4
8
0
0
6
-1
1
0
3
3
2
-4
-4
-2
0
-3
-2
-2
0
-1
-2
1
-2
3
0
4
2
3
2
0
4
6
3
4
1
-2
-6
-9
-7
0
1
2
0
-4
1
-2
-5
-7
-1
2
5
3
4
-2
0
2
-4
3
3
0
2
7
5
5
6
7
2
4
5
2
7
2
8
6
5
6
3
12
8
2
4
4
4
4
7
7
8
9
10
6
10
13
4
6
8
1
7
13
9
6
7
6
11
13
4
11
9
12
11
9
10
12
11
9
13
15
14
9
14
12
9
11
15
13
18
12
11
12
15
16
14
18
15
18
15
18
17
17
15
16
21
20
12
14
19
19
18
18
17
12
12
18
15
17
14
12
19
16
20
14
16
14
16
17
15
17
18
16
14
17
16
18
18
19
20
23
26
24
27
23
22
21
19
23
22
23
20
22
22
27
26
24
27
26
27
24
24
22
23
25
15
18
22
15
24
19
23
21
16
18
17
18
19
19
18
21
17
18
21
20
20
20
20
17
22
19
16
15
16
15
17
15
14
16
19
15
17
20
17
16
18
21
11
15
19
21
14
12
23
21
15
14
12
15
15
15
17
18
18
16
19
16
16
14
19
17
20
18
15
23
18
17
17
15
16
17
17
15
14
15
13
17
16
13
9
7
12
13
16
7
9
14
4
4
7
6
10
10
11
12
8
14
10
12
10
9
10
8
11
9
11
7
11
10
11
9
10
13
9
10
6
9
12
10
8
10
8
10
6
9
7
4
8
1
6
4
6
7
8
12
7
6
13
7
9
11
8
12
4
12
4
6
10
4
8
7
5
6
3
2
2
4
2
3
4
1
5
3
3
0
-1
1
1
2
1
-1
0
-1
1
-1
-1
-2
-2
1
0
-4
-5
-2
0
0
0
-4
-2
-2
-1
3
0
-4
-3
2
5
2
-3
-1
2
3
1
-2
-4
-4
-2
-3
-4
-7
-11
-6
-7
-6
-5
-3
-10
-3
-3
0
1
-3
0
-6
-3
-1
-2
-1
-5
0
-1
0
3
-2
4
1
-2
1
-5
-5
-4
-4
-6
0
0
-3
1
-7
-3
-6
-9
-7
-11
-4
-5
-6
-10
-12
-10
-10
-8
-8
-8
-7
-2
-7
-10
-10
-9
-9
-15
-11
-9
-17
-16
-13
-12
-9
-12
-9
-12
-9
-9
-8
-7
-6
-10
-9
-9
-9
-7
-10
-10
-7
-10
-13
-8
-13
-10
-14
-13
-10
-13
-16
-16
-17
-11
-11
-11
-16
-16
-11
-15
-10
-11
-15
-12
-13
-14
-11
-5
-10
-14
-14
-21
-17
-18
-12
-16
-18
-20
-16
-13
-16
-18
-16
-11
-12
-13
-12
-11
-7
-15
-10
-13
-13
-11
-16
-12
-16
-11
-10
-10
-8
-11
-12
-9
-12
-17
-15
-11
-9
-10
-7
-5
-13
-9
-12
-17
-6
-10
-4
-10
-12
-11
-10
-9
-12
-5
-10
-6
-3
-5
-11
-7
-9
-10
-8
-7
-6
-10
-1
-11
-14
-3
-8
-10
-5
-7
-7
-4
-9
-6
-4
-6
-10
-13
-10
-9
-9
-7
-9
-2
-5
-10
-9
-8
-6
-4
-9
-9
-3
-8
-5
-10
-4
-5
-8
-9
-9
-3
-4
-2
-5
-3
-8
-7
-11
-3
-8
-6
-7
-7
-9
-7
-5
-10
-3
-6
-4
-8
-5
-8
-8
-5
-14
-10
-12
-10
-10
-14
-6
-6
-10
-11
-12
-12
-12
-8
-9
-5
-5
-3
-2
-6
-2
-4
-9
-10
-3
-3
-6
-8
-7
-5
-6
-4
-9
1
-6
3
4
-4
-1
-5
0
-6
2
0
2
-3
-4
-2
-2
-4
3
1
-1
1
2
8
2
1
5
7
-1
1
0
2
1
2
3
1
4
4
5
4
0
4
-3
-3
0
2
-1
-3
1
-4
-3
-3
1
0
1
-3
0
2
-1
-2
0
1
1
4
-2
-3
8
4
5
0
-1
1
1
0
-4
1
2
0
-1
-1
3
2
4
7
1
1
2
2
0
-2
4
-1
0
3
0
9
7
3
4
-1
0
1
-2
8
5
3
6
2
6
1
1
1
3
1
0
7
0
4
3
2
3
0
6
8
5
2
4
2
3
3
3
6
5
5
7
6
1
6
1
3
7
4
2
2
5
6
6
7
7
6
2
7
8
-3
1
5
2
6
4
6
2
2
3
1
7
5
6
3
2
6
12
12
7
4
5
8
8
12
8
4
5
8
11
7
9
10
7
4
8
5
1
2
7
9
7
8
9
7
8
11
9
7
4
6
5
5
9
7
11
12
4
8
3
7
7
6
7
7
9
7
8
8
4
1
4
9
4
2
7
-1
0
3
0
0
1
3
-2
0
2
5
2
4
5
6
0
-3
7
1
2
3
-2
4
2
8
12
4
4
-2
1
3
3
3
0
4
1
6
7
5
4
2
4
-1
-3
0
-2
-2
2
0
-6
-3
4
1
-2
4
-1
-6
0
0
2
3
3
-1
1
2
2
2
0
3
1
0
0
2
3
-1
4
1
7
2
3
-2
-5
-5
-1
4
-1
2
1
0
-3
-8
-6
-7
-5
-5
-5
-5
-7
-3
-3
-9
-8
-4
-9
-9
-8
-10
-11
-8
-9
-13
-12
-5
-7
-10
-7
-10
-5
-7
-8
-12
-11
-9
-8
-11
-13
-12
-15
-17
-17
-16
-17
-19
-20
-19
-15
-21
-16
-12
-9
-14
-13
-14
-17
-8
-16
-14
-9
-16
-17
-11
-12
-17
-15
-16
-13
-15
-15
-16
-16
-8
-15
-14
-9
-11
-12
-10
-8
-5
-13
-11
-8
-9
-10
-10
-15
-13
-9
-15
-12
-18
-19
-14
-19
-20
-17
-16
-15
-13
-13
-15
-14
-15
-11
-17
-15
-8
-10
-10
-4
-8
-12
-11
-11
-10
-13
-14
-11
-12
-16
-15
-7
-14
-12
-15
-15
-13
-12
-9
-19
-8
-12
-11
-8
-11
-8
-16
-5
-13
-13
-9
-10
-8
-4
-5
-8
-8
-11
-9
-9
-8
-5
-6
-7
-7
-9
-9
-11
-10
-9
-12
-10
-8
-10
-16
-13
-10
-14
-10
-12
-10
-10
-10
-7
-9
-10
-7
-11
-9
-5
-8
-6
-10
-2
-4
-14
-7
-10
-7
-9
-10
-6
-6
-6
-3
-2
-5
-5
-4
-4
-7
-4
-7
-5
-9
-9
-16
-18
-14
-14
-9
-11
-16
-15
-6
-14
-8
-11
-7
-3
-11
-8
-6
-12
-8
-11
-11
-8
-4
-10
-8
-10
-8
-10
-13
-9
-10
-13
-14
-5
-9
-12
-11
-8
-12
-12
-13
-12
-11
-12
-10
-10
-8
-9
-8
-4
-2
-8
-9
-8
-9
-15
-5
-3
-13
-9
-10
-9
-10
-6
-6
-7
-7
-11
-5
-8
-11
-9
-7
-7
-1
-1
-3
-2
-4
-5
-7
-3
-5
-5
2
0
-8
-1
0
-2
-4
-3
0
-2
-2
-5
-2
-3
-3
-1
-1
-6
2
0
-3
3
1
-5
0
-1
-2
7
1
4
1
-3
0
-1
0
-3
-1
-1
-3
-1
-1
-4
-4
-3
-1
-1
4
1
-3
-3
-6
-6
1
-4
-2
3
2
4
2
7
5
2
0
2
5
8
8
11
14
16
14
10
14
12
11
13
9
8
6
6
10
13
10
11
9
8
12
13
9
11
10
7
11
11
12
16
13
6
10
3
5
6
7
10
13
13
12
14
6
9
16
15
12
12
9
15
11
19
17
14
15
13
14
9
10
11
12
15
11
13
8
8
10
9
8
14
10
13
16
14
14
10
11
11
12
11
12
6
10
4
2
10
2
13
12
7
11
13
13
11
13
8
9
9
9
12
13
14
11
7
8
9
13
12
8
13
5
8
6
0
4
1
11
15
9
6
9
17
16
16
11
13
13
15
6
9
11
9
10
7
15
6
10
11
10
9
14
9
10
8
7
9
7
6
3
10
7
-3
2
8
8
12
4
3
4
3
6
11
5
4
6
3
3
4
2
6
6
2
4
10
4
1
-2
1
0
0
4
1
-1
-2
-1
-8
0
-6
-5
-5
-8
2
1
1
3
-2
-3
-1
0
3
4
2
-2
1
5
0
0
3
1
3
-4
2
-6
-10
0
-2
-7
-7
-5
-10
-3
-7
-10
-1
-2
-8
-2
-3
-5
-5
-10
-11
-2
-2
-6
-4
-6
-5
-5
-6
-11
-9
-7
-7
-6
-11
-11
-12
-7
-6
-10
-7
-12
-10
-9
-11
-4
-5
-7
-7
-9
-7
-3
-5
-4
-3
-10
-11
-7
-5
-6
-11
-14
-12
-13
-14
-15
-10
-7
-9
-6
-8
-6
-9
-9
-12
-13
-14
-17
-9
-13
-15
-8
-9
-10
-13
-12
-15
-18
-8
-12
-18
-13
-16
-14
-13
-14
-14
-16
-16
-17
-10
-13
-11
-15
-17
-26
-25
-17
-19
-19
-21
-21
-19
-12
-24
-19
-17
-19
-22
-23
-23
-22
-18
-19
-20
-24
-24
-24
-22
-22
-20
-22
-24
-26
-21
-20
-18
-15
-24
-23
-18
-21
-24
-25
-25
-25
-27
-23
-27
-25
-21
-18
-26
-28
-22
-23
-28
-28
-27
-27
-23
-22
-28
-23
-21
-26
-21
-21
-25
-28
-24
-19
-27
-23
-21
-22
-21
-23
-25
-30
-28
-27
-30
-25
-30
-24
-27
-34
-23
-25
-24
-23
-23
-22
-24
-23
-24
-25
-26
-27
-22
-26
-23
-27
-27
-27
-33
-26
-32
-33
-30
-25
-29
-25
-30
-34
-28
-33
-38
-29
-27
-31
-28
-32
-32
-30
-30
-28
-27
-31
-33
-36
-33
-35
-38
-34
-31
-31
-31
-32
-35
-37
-40
-38
-37
-34
-34
-34
-35
-32
-41
-40
-33
-35
-36
-34
-33
-37
-37
-37
-42
-33
-35
-36
-33
-35
-33
-34
-36
-36
-33
-31
-33
-34
-36
-36
-35
-37
-38
-39
-38
-34
-33
-38
-36
-31
-36
-31
-32
-40
-32
-39
-36
-32
-35
-37
-34
-35
-36
-35
-34
-36
-38
-39
-37
-33
-34
-32
-30
-29
-28
-32
-26
-29
-34
-31
-31
-21
-25
-23
-26
-27
-27
-30
-32
-28
-27
-31
-29
-31
-33
-30
-28
-28
-24
-27
-28
-26
-25
-28
-21
-26
-20
-17
-22
-19
-23
-21
-23
-21
-23
-22
-23
-23
-17
-26
-26
-19
-17
-19
-16
-21
-20
-15
-19
-18
-19
-21
-20
-20
-23
-22
-24
-25
-23
-23
-21
-21
-22
-26
-20
-23
-25
-21
-22
-23
-20
-21
-16
-17
-19
-15
-14
-16
-16
-15
-16
-14
-18
-16
-17
-18
-19
-14
-15
-18
-16
-18
-12
-15
-22
-18
-15
-14
-20
-12
-12
-19
-17
-19
-12
-16
-15
-13
-13
-13
-15
-14
-17
-12
-11
-13
-11
-14
-14
-11
-10
-9
-15
-9
-10
-11
-12
-13
-13
-14
-5
-8
-7
-11
-10
2
-8
-9
-7
-9
-10
-10
-13
-10
-11
-4
-9
-16
-4
-10
-9
-14
-13
-12
-12
-13
-5
-7
-8
-9
-11
-11
-12
-8
-10
-10
-11
-8
-7
-9
-3
-2
-6
-9
-1
1
-1
-3
-2
-4
-5
0
-5
-4
-3
1
-3
-8
-2
-1
-8
-7
-1
0
-1
-3
-5
-4
-2
-3
-3
-3
-5
-4
-9
-2
0
4
-1
-3
0
-4
-2
0
3
-1
-4
-2
-6
-3
2
1
1
-1
-3
-3
-4
1
-2
0
0
-4
-2
-2
3
0
-5
-1
-2
-6
-1
3
0
0
6
2
-1
0
6
7
8
7
3
2
9
5
8
3
6
9
2
8
-1
-1
0
3
2
6
4
0
11
7
13
8
8
4
1
-1
6
8
2
11
8
9
8
6
10
9
12
5
4
15
11
10
11
11
4
11
11
13
12
7
13
12
8
7
7
3
3
6
8
7
6
8
9
9
9
8
10
10
6
11
10
10
10
10
5
3
3
0
4
6
5
9
3
9
6
-4
6
2
3
8
7
5
5
6
10
6
-2
-1
3
5
-1
-2
2
-3
-3
7
2
-2
-2
-6
1
0
-6
-5
-4
1
-3
0
-4
3
1
2
4
3
7
-3
3
2
4
8
7
5
3
4
3
6
9
5
11
8
3
7
10
9
8
3
5
10
9
7
0
5
7
1
4
2
10
5
1
5
8
8
7
8
7
7
7
5
1
5
3
2
9
7
4
2
5
6
4
3
7
2
3
7
2
5
5
7
8
3
1
2
4
1
5
8
7
6
8
7
2
3
-1
6
2
4
1
0
3
1
6
-1
3
2
2
5
4
3
6
6
-3
2
6
4
1
0
-1
0
1
-2
-6
3
1
-2
0
-7
-4
-5
0
3
-3
0
-3
0
-1
2
-1
2
2
-6
-6
-2
0
-4
0
1
0
-5
-3
1
0
0
2
0
0
-1
-1
1
-3
-1
2
0
-1
2
2
3
1
1
-1
0
2
0
2
5
-5
4
-5
-4
1
0
-1
-7
-6
-6
-8
-6
3
-3
1
-5
-3
1
0
0
1
0
-3
-2
-5
-2
1
-3
-4
1
3
3
6
4
7
8
7
6
4
4
5
-2
2
8
1
4
1
1
-1
-2
5
4
-4
-1
3
2
3
1
4
-4
8
-1
7
7
5
7
0
6
5
5
-2
5
6
2
6
6
3
5
5
0
3
7
4
9
7
6
3
5
7
3
6
3
5
4
5
9
8
7
11
8
9
5
3
11
11
6
5
5
4
6
3
7
5
6
10
8
4
7
7
1
4
4
6
10
9
8
4
9
10
5
9
8
3
6
13
4
5
3
5
11
8
1
0
3
4
3
4
5
5
9
3
7
8
2
7
7
7
5
8
9
9
9
4
12
8
5
7
10
8
4
5
7
11
1
5
5
9
12
12
13
8
8
6
11
12
7
6
7
14
13
6
8
9
8
7
12
14
11
7
9
15
13
11
16
16
11
11
15
18
16
14
16
12
16
18
13
19
16
17
15
11
12
13
17
14
9
14
19
15
17
17
20
21
17
13
13
18
18
13
13
12
18
15
15
10
11
16
17
18
11
17
21
18
17
22
17
10
17
21
11
18
18
20
18
18
19
13
16
17
19
19
20
17
22
17
19
28
23
23
18
21
23
18
19
14
19
21
18
24
23
15
21
17
21
23
19
20
17
21
15
18
24
21
20
19
20
17
19
19
14
19
18
19
20
15
22
23
20
19
23
19
21
17
19
16
16
23
19
19
16
19
24
16
19
19
23
27
22
24
25
27
23
26
26
19
24
22
19
20
25
22
19
16
15
14
9
19
17
13
19
14
17
16
16
15
10
11
11
14
12
12
16
10
12
16
17
11
13
13
8
8
7
11
9
13
9
8
13
12
9
6
5
7
9
11
4
4
8
2
5
9
8
9
13
12
7
9
9
14
9
10
15
12
11
14
12
12
15
12
13
9
15
13
7
14
14
13
8
12
10
11
14
12
13
19
17
16
14
15
17
14
10
13
13
9
10
9
17
13
12
13
18
17
14
14
16
10
14
12
8
10
8
6
-2
2
7
6
5
4
5
7
9
8
7
6
12
5
7
12
8
12
11
10
4
5
14
9
13
10
4
9
6
11
12
11
9
6
9
4
6
7
8
3
1
1
-1
4
5
-3
-1
1
6
1
-2
6
6
5
2
4
1
-3
-2
1
4
2
-1
-1
3
2
6
8
10
3
5
8
3
5
6
2
2
5
-2
4
8
4
-1
0
1
4
5
1
4
7
5
0
1
6
4
-2
2
-4
3
5
0
-1
-1
-1
-4
-3
0
-2
-2
5
-3
-6
-1
2
2
2
4
2
0
-2
-1
0
-4
-7
-2
-2
2
-4
-6
1
-4
-4
-6
-4
-3
2
1
-4
-8
-3
2
-6
-6
0
-2
-5
0
-3
-1
-1
-1
-4
2
4
-6
-3
-5
-3
0
-4
-7
-5
-3
0
-1
-3
-2
-4
-3
-2
-2
-4
-9
-5
-5
-5
-7
0
1
-3
-3
-2
-8
-8
-6
-10
-8
-7
-8
-10
-8
-9
-11
-11
-7
-7
-7
-7
-7
-12
-4
-4
-6
-5
-2
-2
-4
-2
-5
1
-3
-2
-6
-3
2
3
2
-3
0
-2
-6
-6
-5
-3
-5
-9
-6
-4
-2
-5
-2
-1
-2
-4
-4
-1
-4
-3
-4
-1
0
-1
-2
-3
-6
-5
-1
0
5
-1
-3
2
3
0
7
2
2
-1
-8
-5
-3
1
-1
-4
2
-2
-4
-2
-3
0
-6
-1
1
1
5
-1
0
0
3
0
0
1
2
1
3
4
0
1
2
4
3
-2
0
3
-1
1
-6
-5
1
-3
1
0
-6
-2
-2
0
3
5
8
1
1
3
5
3
9
7
8
7
4
5
4
7
2
5
8
3
3
2
1
0
5
1
3
5
3
0
-3
4
0
0
2
2
2
2
4
4
7
7
7
8
4
5
7
4
7
8
6
2
0
1
4
5
0
9
14
13
11
8
7
11
9
10
10
13
11
7
10
5
7
5
5
4
10
10
11
8
6
5
6
4
4
9
6
2
-1
3
4
7
6
6
9
11
10
7
4
7
10
9
5
10
8
8
11
16
16
17
11
13
16
14
17
19
14
14
20
17
10
12
13
13
12
13
12
11
15
10
13
16
18
19
16
11
13
13
10
13
9
12
8
5
9
11
10
11
13
16
17
12
12
14
8
10
7
12
13
10
7
10
8
5
14
8
12
5
12
8
6
14
14
13
13
4
7
13
8
14
8
6
9
12
6
6
2
9
13
5
5
7
9
10
11
13
10
7
13
16
16
14
13
10
9
10
16
11
12
16
11
10
16
14
11
13
15
15
9
13
10
12
13
9
11
14
9
15
9
3
8
11
11
11
13
8
19
12
12
10
8
10
11
17
18
17
9
15
9
6
11
12
8
12
11
6
9
6
6
9
10
10
12
8
6
3
4
10
7
10
12
15
15
9
12
15
13
12
11
11
9
13
10
12
7
4
9
9
7
7
9
9
9
6
6
6
9
12
9
5
7
12
7
11
12
6
7
3
9
9
10
10
9
16
9
9
14
13
12
4
7
11
9
6
8
10
6
9
8
11
12
9
7
5
8
8
9
9
4
-2
2
4
10
2
-1
5
9
2
5
5
5
2
7
8
7
5
5
7
4
5
0
6
10
8
6
7
5
5
-2
2
4
5
7
4
9
5
8
6
5
6
7
6
3
1
1
11
9
6
5
3
3
-3
1
3
1
4
4
3
0
5
-1
-3
0
1
-3
0
5
-2
-1
-1
1
1
2
-3
-2
2
-1
2
1
-5
-1
-2
-7
-3
-1
-1
-2
-1
-3
-3
-3
1
-5
-6
0
-4
1
2
-4
2
-1
-2
-2
-3
-1
-2
-4
0
2
-4
1
0
-3
-2
-3
-8
-5
-1
-3
-6
-6
-3
-3
-3
-1
-4
-5
-3
-7
-12
-3
-5
-4
0
-8
-15
-12
-12
-7
-6
-11
-12
-12
-11
-14
-10
-9
-10
-9
-10
-12
-9
-10
-8
-10
-10
-2
-6
-9
-8
-4
-6
-8
-7
-8
-6
-4
-9
-2
-6
-7
-4
-6
-12
-5
-5
-11
-9
-13
-10
-10
-6
-7
-12
-10
-7
-9
-10
-7
-9
-11
-9
-9
-6
-7
-8
-7
-4
-9
-5
-4
-8
-9
-6
-6
-7
-2
-4
-3
-3
-4
-4
-6
-4
-5
-8
-5
-6
-11
-6
-4
-6
-4
-9
-4
-10
-12
-8
-7
-8
-8
-8
-6
-7
-12
-11
-6
-6
-9
-8
-4
-8
-7
-8
-5
-6
-4
-8
-11
-12
-10
-13
-9
-4
-4
-8
-9
-4
-7
-3
-6
-4
-6
-4
-5
-7
-4
-8
-9
-8
-6
-9
-8
-5
-9
-9
-6
-7
-5
-4
-9
-8
-7
-7
-5
-3
-4
-6
-13
-7
-8
-6
-6
-9
-9
-4
-5
-8
-9
-8
-9
-6
-1
-1
-7
-6
-6
-6
-1
-6
-7
-4
-6
-4
-7
-8
-7
-10
-1
-4
-6
-7
-4
-9
-5
0
-6
-1
4
-4
-1
-1
-5
2
0
3
1
1
2
1
4
2
-2
1
2
2
-1
1
4
0
1
1
7
6
0
0
2
0
-1
4
1
-2
1
-3
-3
4
3
1
-3
1
-2
0
-3
-2
-2
-4
4
7
2
3
7
1
3
3
5
0
6
0
5
8
4
9
7
4
4
8
1
3
8
10
8
0
2
9
7
6
3
1
3
7
8
4
5
6
10
4
5
3
2
3
0
10
8
6
6
2
5
8
4
5
4
2
1
-1
4
8
4
4
4
6
9
11
10
3
3
9
9
9
8
4
5
2
8
10
3
3
7
9
7
5
0
9
4
8
5
5
-1
0
5
2
5
7
9
9
9
5
6
7
11
10
9
9
9
6
5
11
8
8
9
5
6
11
6
6
9
13
12
11
13
11
10
9
7
6
9
12
7
10
13
6
8
12
10
9
11
11
9
9
7
8
9
5
11
7
10
9
3
4
6
3
6
4
6
5
8
14
9
9
8
8
8
10
10
6
6
7
9
5
4
4
5
6
10
6
6
12
2
8
9
9
14
8
3
4
7
7
10
5
9
7
8
14
8
9
9
10
10
11
4
7
7
8
8
11
8
3
10
10
11
8
8
10
12
14
17
11
10
14
4
9
6
10
11
6
6
7
10
7
12
13
5
3
7
5
10
5
5
7
9
5
6
3
7
7
0
9
-1
-1
-2
-3
2
1
4
-2
-2
-1
-2
2
3
3
6
4
1
4
0
-2
-3
0
1
1
-2
2
6
6
4
4
4
0
9
2
5
3
-1
5
3
0
-1
2
2
2
1
-1
-4
-2
-2
-8
0
0
-2
-3
-6
-7
-7
1
0
-4
-3
-2
-1
2
-5
1
0
-2
-2
-5
-2
-9
-4
-5
-6
-2
-1
-3
-5
-3
-7
-2
-4
-7
-6
-3
-2
-5
-4
-9
0
-2
-6
-8
-6
-9
-12
-13
-6
-8
-5
-5
-8
-4
-7
-2
-3
-5
-8
-6
-6
-11
-13
-12
-5
-5
-5
-6
-4
-6
-10
-10
-7
-9
-5
-4
-8
-5
-8
-8
-7
-5
-5
-9
-7
-10
-6
-7
-9
-8
-9
-7
-9
-17
-15
-9
-7
-11
-18
-17
-13
-14
-11
-10
-10
-8
-9
-12
-14
-9
-10
-9
-14
-14
-13
-13
-15
-7
-7
-10
-8
-12
-8
-9
-11
-8
-7
-13
-15
-8
-8
-3
-7
-8
-6
-4
-4
-7
-4
-8
-7
-9
-4
-7
-3
-4
-1
-3
-5
-2
-2
-1
0
-2
-7
-7
-9
-8
-10
-10
-2
-5
-9
-12
-9
-7
-4
-5
-9
-9
-7
-7
-11
-5
-3
-3
-5
0
-2
-4
-7
-6
-1
-6
-6
-8
-3
0
3
-3
-3
0
-2
2
-1
-4
-3
-2
-2
0
-5
-2
-6
-6
-5
-5
-3
-4
-3
-2
-4
-4
-2
-2
-7
-2
-4
-9
-6
-9
-8
-5
-3
-6
-4
-9
-12
-4
-7
-10
-9
-7
-6
-10
-11
-6
-10
-9
-11
-6
-6
-12
-9
-11
-8
-2
-6
-13
-8
-7
-7
-12
-12
-7
-14
-10
-13
-16
-9
-14
-17
-10
-14
-15
-15
-16
-16
-19
-13
-11
-11
-14
-12
-4
-15
-12
-7
-13
-10
-7
-11
-4
-9
-7
-8
-9
-10
-11
-11
-9
-9
-10
-12
-5
-2
-8
-6
-8
-9
-5
-3
-4
-5
-7
-2
-2
-11
-9
-9
0
-1
3
-3
-4
1
-4
-1
-1
-1
-3
-5
-3
-2
0
2
2
-1
-1
-5
-4
-3
-1
-1
1
3
0
5
4
0
5
3
5
-1
0
7
6
4
2
4
6
5
3
4
0
1
3
5
2
8
6
1
3
0
1
1
9
4
7
7
1
8
7
4
7
8
7
6
6
2
7
4
8
7
6
9
4
10
2
6
6
11
10
8
5
8
9
7
3
3
2
5
1
3
4
7
7
6
9
0
3
5
9
9
8
9
8
14
8
8
14
9
11
10
12
15
13
9
15
10
14
15
15
18
15
16
17
10
12
20
14
13
12
13
13
17
17
12
13
12
13
12
21
20
17
20
20
21
18
16
19
20
21
18
18
21
18
19
17
22
20
18
24
24
18
20
17
13
17
20
24
21
24
17
19
15
19
18
16
20
20
20
17
18
18
16
13
20
17
21
17
13
15
11
18
16
21
16
17
18
16
18
16
20
18
15
18
19
17
19
16
17
17
16
19
22
18
21
20
16
18
19
19
17
11
16
14
12
15
10
11
8
9
14
14
19
15
14
10
12
9
6
13
14
14
11
8
11
8
9
9
9
9
11
13
8
13
14
14
15
13
12
18
14
8
10
8
6
6
6
8
6
4
4
12
8
11
6
7
7
9
10
6
8
9
10
8
13
3
1
6
11
7
2
6
7
4
6
6
7
8
4
4
8
9
4
8
9
4
11
8
10
12
8
12
5
1
4
6
3
8
9
11
5
3
3
5
0
3
-2
0
1
-3
1
7
8
3
5
6
9
3
0
3
3
-2
-3
-3
-5
-1
2
0
0
10
3
4
-1
6
7
3
3
4
1
3
2
-1
1
3
5
3
5
7
6
0
-2
1
1
2
6
2
2
6
6
5
5
2
3
2
6
3
6
9
9
5
10
5
2
1
4
4
2
5
4
5
8
4
3
11
5
4
4
4
5
4
4
4
0
1
1
2
3
0
-3
0
0
-4
1
0
-1
-5
-4
-4
-5
0
-1
-2
-5
0
-10
-4
1
-5
4
-4
1
2
2
3
3
9
5
6
5
4
3
-4
0
2
-2
-1
4
-2
-2
1
-1
0
-6
-2
2
2
0
3
2
-3
0
1
-2
1
-5
-2
-4
-4
0
-7
-3
-5
1
0
0
1
1
-3
2
6
3
3
-3
2
-2
-1
-6
1
4
-3
-3
-1
-2
-3
5
8
3
-1
0
-10
-1
0
-5
1
3
-1
3
4
1
0
-2
5
5
6
4
5
4
1
3
-1
2
-1
2
1
0
2
2
4
1
-3
9
6
1
3
-1
0
-2
-3
-5
-5
-2
-3
0
-2
1
2
1
0
-3
4
1
5
3
4
7
10
8
5
7
10
9
7
2
4
3
1
6
5
8
7
3
3
5
11
14
8
10
5
5
11
11
5
4
7
9
6
7
8
7
9
8
8
9
6
3
7
9
4
1
4
2
3
4
-1
8
3
4
7
8
6
4
1
1
8
-1
3
3
5
7
11
10
4
9
11
8
9
12
8
4
9
9
7
10
8
16
10
8
7
7
5
4
7
4
9
6
5
3
8
5
5
8
11
9
11
10
5
6
5
11
6
9
6
8
4
5
8
9
10
7
10
6
5
5
10
7
4
5
7
7
5
6
9
6
5
7
10
5
6
7
7
9
8
10
10
8
10
7
13
8
11
11
6
12
11
10
10
3
3
6
9
12
11
13
9
14
12
12
17
15
6
8
13
6
9
8
10
10
11
9
13
15
13
12
9
13
19
13
13
12
8
12
8
7
11
5
4
7
5
7
8
8
9
11
3
7
2
8
13
10
5
5
10
7
9
6
6
4
8
5
7
6
10
9
8
9
4
7
12
3
4
5
1
3
-1
3
1
5
4
7
9
7
9
7
7
10
5
6
7
6
7
6
4
6
9
6
11
10
5
4
6
9
5
5
7
4
4
3
6
1
3
7
4
8
4
11
11
4
9
9
4
6
8
9
11
9
9
6
8
6
6
7
4
4
9
9
12
8
6
9
6
8
3
9
9
1
4
7
7
10
2
8
6
8
4
0
4
-2
2
4
4
1
2
6
7
9
10
10
2
6
6
7
10
5
8
14
11
10
11
9
11
11
6
6
6
8
9
7
10
11
7
7
2
6
5
3
0
-4
3
-4
0
0
-5
2
5
0
4
1
-1
2
4
2
-4
-6
-3
1
0
4
0
4
2
2
2
-2
0
-2
4
1
-3
2
2
-2
2
9
3
4
4
5
4
0
2
1
0
0
-1
-1
2
-6
-1
-4
0
-6
-3
-4
-5
3
-4
-2
-3
-3
-2
-4
-5
1
0
2
4
-3
-1
-3
3
-3
2
6
-3
-1
0
-3
-5
0
-6
-3
-6
-1
-2
-4
-3
-3
0
-5
-1
-7
-5
-3
-3
1
-3
-5
-10
-2
-8
-7
-2
-4
-5
-4
-1
-3
-5
-3
-1
-1
-7
-5
-4
-8
-4
-8
-3
-1
-2
-1
3
3
-5
-3
-2
-2
1
-5
-5
-7
-5
-3
-4
-1
-2
-4
-6
-2
-3
-2
-2
-9
3
0
0
1
0
4
1
2
-2
-1
-1
2
3
-1
-3
3
-5
2
6
-2
-5
2
1
2
-1
-4
7
3
1
-5
-4
-1
1
-1
1
-1
0
2
-4
2
-2
-2
-1
1
-3
-2
2
-2
-1
-4
-5
-8
-1
0
-6
3
-2
-9
0
3
-4
-8
-4
0
7
0
-8
-4
-1
4
5
-3
-4
-6
-4
2
2
0
-6
-6
2
0
-4
1
-2
-4
2
3
0
-15
-4
0
-10
-4
-5
-3
-6
-3
-11
-9
-9
-9
-8
-16
-7
-3
-3
-11
-9
-9
-15
-9
0
-4
-21
-18
-8
-1
-3
-11
-27
-15
3
3
-10
-7
-10
-11
6
7
-9
-9
-6
-8
-5
3
1
-5
0
0
0
-3
-3
3
6
0
-3
-5
7
17
-1
-8
-5
-2
4
9
-6
-15
-7
5
11
-8
-18
-2
0
-12
2
10
-15
-22
-2
15
6
-10
-24
-15
23
31
-14
-40
3
26
6
-10
4
-4
-5
9
22
-4
-29
0
16
18
-3
-17
2
14
10
-3
-2
8
10
9
-3
8
16
8
-6
1
7
-3
3
6
4
-4
-9
7
16
11
-5
-3
3
3
14
13
-4
-14
14
17
4
-1
1
-15
1
24
7
1
1
-18
-7
31
30
-16
-37
-1
26
28
-1
-17
0
7
0
16
21
-3
-13
4
4
3
29
18
0
-5
-4
34
52
7
-18
20
30
14
50
31
-31
-1
41
12
37
54
-51
-84
39
70
9
4
-53
-93
49
100
-37
-40
23
-62
-46
83
46
40
0
-203
-109
141
78
311
137
-1435
-994
2489
1843
-3495
-2629
3585
2276
-3341
-1233
2450
-635
-1639
2197
685
-3029
371
2927
-1431
-2001
2602
1218
-2896
-328
2667
84
-1264
475
84
-593
1085
1020
-1119
-841
827
600
-229
-134
-17
-144
-101
63
286
181
-366
-446
63
242
144
96
-297
-576
108
701
122
-513
-208
155
95
139
128
-180
-238
42
151
111
78
-60
-189
-59
174
254
49
-258
-177
222
312
70
-99
-132
46
324
276
-15
-93
-31
29
204
284
75
-83
-19
56
131
196
80
-129
-146
55
167
89
-64
-130
-59
124
219
82
-108
-148
-94
21
109
62
-45
-132
-176
-29
86
-61
-44
-121
-987
-1047
653
642
-2177
-2444
632
853
-1891
-2004
-506
-896
-957
-52
-1114
-2113
-235
814
-799
-991
613
582
-84
1203
2667
1158
-1431
356
5384
4338
-2143
-1231
5839
4400
-1740
1123
5213
353
-1609
4111
3406
-2620
-166
4055
-610
-3145
2469
2635
-3876
-3275
2218
845
-3122
-1789
-99
-1900
-2125
-42
-543
-2919
-2355
-82
-571
-2223
-1488
-1304
-2911
-1543
1039
-1422
-4036
-1242
387
-1938
-1796
-135
-1575
-2211
107
688
-742
-567
375
404
1631
4301
2582
-3819
-2259
9514
10203
-4835
-6948
9165
11064
-3456
-2695
8673
3374
-4761
4145
8081
-3447
-3694
6679
1575
-6953
2179
7345
-5024
-8497
3276
5000
-3966
-4766
-267
-1258
-2586
-118
-82
-3506
-3685
-153
628
-2000
-2101
45
-922
-2675
-80
2519
53
-2629
-885
1481
1084
203
316
-315
-719
1560
2507
-2189
-4039
2613
4422
-4147
-5611
2827
2523
-4641
-2891
1035
-1969
-1983
1505
-1711
-4189
1638
3281
-2244
-603
4896
210
-4640
3393
8940
223
-4647
3410
7231
1681
548
3991
2428
-123
2944
5123
1173
-1434
1897
3122
-762
-681
3302
824
-4101
-1176
2865
-158
-3085
-1863
-1725
-2402
-1124
-1182
-3672
-4406
-2444
-1563
-2951
-3639
-2985
-3525
-4134
-2450
-1503
-3212
-3915
-2756
-2154
-1631
-681
-794
-1300
-601
862
2030
2575
3645
4098
656
-1526
6108
13019
4229
-5608
2917
13329
6399
-1299
4346
6841
256
1340
7902
3379
-3635
846
4372
-1625
-2293
3756
463
-7560
-4045
3633
826
-5903
-5411
-1954
-2000
-2726
-1735
-2612
-5322
-4238
-104
-23
-3130
-2917
-1042
-1792
-1731
1243
2031
-1372
-4376
-2486
3115
4733
-1649
-6204
-1157
4149
1764
-1463
-1737
-2576
-1474
2142
708
-3858
-2273
1229
-887
-1630
2619
2680
-1068
1152
4040
-739
-1742
7473
8487
-4002
-5534
8757
11517
-1560
-4093
6007
6227
-889
1985
6361
-214
-3608
3957
5093
-2731
-1862
3987
-653
-5839
790
5139
-2192
-6755
-1791
1280
-1232
-2500
-2232
-3731
-3863
-904
-427
-4000
-4985
-2232
-1851
-3445
-2296
-1376
-3709
-4175
-1395
-1105
-2899
-2295
-1684
-3223
-2297
799
-64
-2730
-822
2163
1572
1407
3263
3811
4432
4412
382
784
10542
11576
-1750
-3832
10507
12780
571
-340
7676
4409
-1532
4407
8192
-820
-5511
2108
4885
-2103
-3436
1228
-1540
-6916
-2322
3271
-2622
-9424
-4901
805
-2515
-5926
-3377
-3227
-5966
-3459
-386
-3874
-6020
-2549
-1992
-4153
-2012
-140
-3253
-4182
-488
801
-1294
-1902
-1128
-908
-152
1000
814
247
1063
2480
3412
4331
5726
6025
2189
-1737
4714
15296
8733
-7097
-1623
15767
10850
-4192
900
9625
1430
-2604
6701
5854
-4655
-2815
4002
-738
-4683
1550
1642
-7861
-7866
2018
2698
-5987
-8279
-3437
-1543
-2939
-2926
-3222
-5606
-5542
-1636
-552
-3838
-4583
-2562
-3170
-3181
241
-91
-4538
-3944
340
501
-1094
-623
-1062
-2348
-860
1628
1171
-849
-553
1673
2951
3382
4169
4511
4517
3246
249
2825
12251
10723
-4122
-4615
12441
14166
-1310
-2647
7810
5075
-1813
4034
7011
-2597
-4843
3523
2473
-4672
-1151
2440
-5583
-8515
1013
3537
-5619
-9322
-4074
-872
-2063
-3586
-5125
-6123
-4278
-1422
-2016
-4777
-4680
-2844
-3161
-3140
-870
-1074
-4046
-3703
-529
110
-1136
-1372
-1692
-1895
-1
1854
794
-397
1218
3313
3750
4359
6191
6438
2469
-664
5591
14585
8936
-4279
-421
13698
10951
-923
1593
8031
2393
-901
5906
5518
-3057
-2642
2759
-406
-3856
560
591
-7185
-7628
411
1540
-5751
-8968
-5217
-1948
-2593
-4561
-5585
-5612
-4622
-2953
-2674
-4042
-4387
-3627
-3793
-3197
-974
-1046
-3733
-3829
-954
471
-247
-1347
-2422
-1817
1199
2372
-43
-719
2161
3832
3578
4669
6538
6727
3632
-211
4180
14849
11850
-3960
-3150
14017
14085
-893
-464
8695
4005
-1570
5297
6619
-2928
-3769
3002
478
-4507
-114
1398
-6865
-8833
-263
2270
-5335
-9837
-6121
-1782
-2292
-5086
-6106
-5687
-5015
-3279
-2436
-4390
-5229
-3531
-3514
-3936
-1446
-648
-3756
-4328
-1089
459
-378
-1266
-2331
-1941
1017
2313
145
-430
2251
3865
3747
4815
6828
7443
4387
-174
3693
15220
13448
-2981
-3811
13735
15332
-7
-778
8902
4911
-1610
4606
6999
-2024
-4054
2149
546
-4348
-738
1181
-6535
-9563
-1487
2307
-4980
-10722
-7085
-1908
-2665
-5943
-6367
-5553
-5489
-4142
-2781
-4288
-5255
-3736
-3790
-4295
-1467
-139
-3562
-4761
-1198
955
4
-1183
-2260
-1840
1320
2743
281
-286
2813
4338
3807
4947
7143
7992
5204
180
3163
15181
14762
-2007
-4453
13159
16210
788
-1254
8601
5467
-1497
4071
6968
-1774
-4239
1952
553
-4711
-1234
1268
-6241
-9951
-2353
1983
-4738
-10805
-7610
-2214
-2850
-6258
-6416
-5459
-5817
-4547
-2906
-4478
-5315
-3398
-3871
-4966
-1704
164
-3519
-4934
-1247
654
-720
-1360
-1456
-1557
78
1877
1155
453
2175
3858
4094
5017
7272
8475
5041
-134
4182
16114
13802
-2444
-2444
14427
14857
366
629
9535
4922
-1195
4774
6872
-1406
-3291
1855
-72
-4249
-531
943
-6689
-9433
-1986
1133
-5588
-10475
-7220
-2798
-3722
-6764
-6604
-5371
-6044
-5510
-3672
-4452
-5488
-4098
-4266
-5080
-2206
-351
-3563
-4935
-1524
469
-852
-1681
-1419
-911
280
1262
1043
1359
2896
3814
3995
5449
8063
9238
5524
124
4400
16699
14829
-1827
-2682
14586
15920
870
198
9666
5708
-1119
4225
6758
-1123
-3364
1451
-449
-4614
-867
810
-6852
-9903
-2465
729
-6066
-10559
-7032
-3384
-4647
-6647
-6134
-5797
-6509
-5302
-3648
-4717
-5312
-3855
-4498
-5204
-1887
-194
-3716
-4851
-1279
250
-1196
-1353
-945
-1276
-325
1418
1417
1196
2522
3598
3881
5409
7883
9190
6360
862
3168
15343
16406
327
-3786
12773
17118
2484
-472
9319
6940
-1115
3199
7475
123
-3865
952
344
-4526
-1667
1221
-5866
-10342
-3335
1001
-5509
-10785
-7327
-3410
-4942
-7032
-5830
-5426
-6996
-5895
-3416
-4473
-5642
-4004
-4380
-5532
-2285
-113
-3620
-5087
-1450
249
-1259
-1490
-932
-1201
-481
1109
1087
740
2246
3658
3550
4615
7071
8796
8213
3806
843
9341
18766
8937
-5138
4059
18809
10566
-1905
4237
10249
2645
-141
6260
4486
-3074
-1793
1658
-2508
-4029
712
-1826
-9891
-7552
479
-1657
-9771
-10076
-4638
-3410
-6572
-7193
-5510
-6188
-6938
-4433
-3662
-5747
-4902
-3490
-5481
-4600
-323
-1502
-5507
-3545
88
-658
-1766
-947
-1170
-1314
587
1538
430
1035
3512
4020
3537
5596
8711
9651
6322
1119
4205
16420
16443
-4
-3057
13832
17418
2728
-37
9148
6977
-116
3609
6760
-4
-3228
863
-242
-4502
-1442
725
-6700
-10525
-3041
709
-6648
-11672
-7350
-3275
-5552
-8102
-6458
-5507
-7200
-6408
-3914
-4902
-5855
-3999
-4707
-6069
-2236
63
-4170
-5505
-1129
313
-1574
-1326
-668
-1441
-479
1617
1259
411
2265
4257
3932
4534
7218
9346
8982
4881
1297
8363
18917
11640
-3894
1907
18234
13278
-815
2648
10230
4272
-187
5392
5144
-2394
-2479
1461
-1872
-4531
-202
-1354
-9576
-8790
-407
-1398
-9778
-10792
-5404
-3922
-6616
-7373
-6216
-6504
-6750
-4869
-4168
-5566
-5004
-3961
-5341
-4423
-618
-1370
-5073
-3712
-25
-105
-1417
-1124
-1065
-973
622
1561
564
831
3248
4272
3716
5243
7938
9299
8178
3624
1905
11667
19207
6948
-5116
6914
19724
8940
-1905
5656
10048
2104
956
6753
3116
-3546
-780
1511
-3490
-3719
756
-3691
-10888
-6236
698
-4219
-11488
-8988
-4073
-5292
-7712
-6430
-5898
-7629
-6618
-3833
-4783
-6343
-4507
-4186
-5889
-3395
-312
-2993
-5368
-2274
82
-1037
-1402
-942
-1377
-733
1208
1280
261
1517
3813
4052
3992
6062
8375
9574
7744
2623
3447
14851
17852
2999
-3458
11363
18466
5470
-629
7698
8430
1155
2629
6574
989
-3396
331
337
-4435
-2539
394
-5985
-10586
-4045
66
-6704
-11602
-7571
-4242
-6345
-7555
-6194
-7043
-8171
-5457
-3549
-5996
-6521
-3971
-4601
-5734
-2342
-801
-4178
-4661
-1085
-187
-1340
-1026
-866
-1327
31
1748
1016
181
2008
4132
4214
4591
6421
7959
9566
8526
2954
3224
15120
18053
2621
-3383
12104
18534
4840
-782
7914
8248
999
2883
6347
209
-3429
904
142
-5038
-2501
432
-6362
-10517
-3646
-78
-7420
-12245
-7399
-3338
-6351
-8879
-6848
-6345
-7588
-5591
-4112
-6700
-6396
-2976
-4486
-6564
-2417
-217
-4238
-4834
-647
38
-1819
-1335
-480
-840
70
1397
657
259
2473
4357
3943
4370
6544
8344
9828
8149
2567
3954
15884
17249
1995
-2316
12832
17721
4539
-84
8041
7944
1235
3062
5987
114
-3017
933
-312
-5041
-2114
202
-6860
-10354
-3475
-636
-7946
-12201
-7365
-3580
-6564
-9032
-7046
-6431
-7470
-5737
-4585
-6690
-5991
-3298
-5100
-6213
-1955
-648
-4548
-4457
-537
-175
-1768
-1121
-365
-743
196
1594
825
398
2823
4809
4095
4439
6917
8928
10043
7630
2365
5237
16903
15970
780
-908
14210
16615
3494
770
8497
7069
1063
3658
5476
-808
-2747
1149
-1166
-5314
-1673
-480
-7928
-10020
-2942
-1304
-8713
-12295
-7317
-3427
-6450
-9526
-7608
-6097
-6838
-5878
-5171
-6723
-5567
-3134
-5153
-6112
-1981
-736
-4214
-4113
-688
-142
-1285
-1041
-525
-288
652
1332
699
961
3213
4755
4091
4533
6939
9159
10177
7182
2098
5841
17215
15105
305
-150
14552
15889
3265
1266
8466
6809
1342
3794
5192
-681
-2350
981
-1462
-4896
-1225
-876
-8320
-9675
-2757
-1460
-8425
-12642
-8478
-2964
-4948
-10582
-9521
-5318
-5685
-6883
-5911
-6411
-5913
-3267
-4506
-6463
-2830
-374
-3817
-4686
-775
404
-1440
-1626
-403
47
596
1271
731
816
3334
5232
4196
4385
7108
9370
10250
7253
2167
6376
17869
14420
-426
1314
15807
14493
2389
2529
8745
5933
1706
4143
4231
-870
-1522
795
-2254
-4888
-989
-1321
-8727
-9135
-2468
-3079
-9459
-10079
-6984
-6659
-6976
-6474
-7738
-9000
-6540
-4246
-6157
-7257
-4424
-3826
-6224
-4488
-1123
-2545
-4419
-2316
-829
-1356
-676
-178
-946
-601
1016
1541
997
1408
3158
4472
4535
5348
7002
8708
10211
7528
2240
6222
17681
14531
-338
841
15573
14742
2238
2367
8913
5343
1197
5059
4603
-2021
-1779
1568
-2310
-5199
-831
-1595
-8992
-8821
-2383
-3443
-9611
-10075
-6894
-6647
-7327
-6636
-7341
-8918
-7069
-4388
-5743
-7108
-4772
-4029
-6057
-4437
-1214
-2473
-4442
-2562
-862
-1202
-760
-211
-899
-676
920
1591
1022
1417
3097
4332
4486
5383
7033
8696
10010
7384
2500
6361
17320
14481
10
687
15192
15033
2678
2128
8595
5623
1599
5051
4492
-2016
-1812
1619
-2105
-5111
-966
-1744
-8991
-8783
-2363
-2907
-8924
-11453
-8859
-4524
-3868
-8977
-11408
-6793
-3568
-5879
-7570
-6351
-4901
-4219
-4656
-4932
-3148
-1759
-3144
-3887
-1737
125
-563
-1736
-1202
265
1082
1220
805
1012
3184
5269
4681
4453
6912
9672
10513
6986
2162
6997
18249
13996
-979
1711
16578
14173
1793
3073
9066
5205
1964
5111
3623
-1778
-774
1360
-2925
-4999
-553
-1709
-9079
-8638
-2287
-3850
-9850
-9541
-6745
-7295
-7257
-6070
-7847
-9341
-6300
-4206
-6568
-7003
-4083
-4521
-6596
-3835
-1000
-3252
-4505
-1948
-1082
-1576
-388
-153
-1401
-504
1350
1246
699
1714
3209
4028
4512
5527
6947
8744
10267
7311
2375
6658
17485
14159
-103
1130
15426
14803
2579
2397
8688
5509
1766
5162
4148
-1984
-1190
1656
-2538
-4956
-669
-1828
-8879
-8413
-2394
-3761
-9685
-9789
-6591
-6737
-7588
-6638
-7351
-8823
-6722
-4474
-6260
-6922
-4260
-4391
-6504
-4154
-1134
-2987
-4576
-2293
-908
-1361
-661
-281
-1258
-563
1367
1399
431
1376
3263
4175
4567
5432
6576
8433
10495
7899
2540
5765
16604
14989
1123
441
14213
15359
3403
1896
8365
6136
1839
4687
4418
-1505
-1365
1693
-2128
-5168
-925
-1190
-8437
-9004
-2799
-2887
-8376
-10676
-9019
-5656
-3723
-7694
-11805
-7752
-2826
-5423
-8450
-6194
-4257
-4772
-4737
-4276
-3620
-2411
-2422
-3426
-2244
26
-125
-1775
-1574
471
1551
945
194
867
2904
4743
4881
4395
5639
8427
10861
8572
2703
4298
15508
16476
2572
-488
12968
15879
4383
1961
8126
6593
2434
4313
4222
-483
-769
1321
-1929
-5002
-1565
-520
-7003
-9547
-3947
-2680
-8424
-10014
-6840
-6903
-7982
-6504
-6860
-8783
-7135
-4914
-6363
-6807
-4305
-4358
-6493
-4797
-1616
-2545
-4268
-2815
-1331
-1507
-819
-220
-1178
-845
950
1221
474
1160
2469
3401
4352
5054
5679
7134
9755
9829
4833
2556
11269
18078
8045
-1889
7279
17174
9046
1010
5979
8169
3002
3232
5714
1165
-2087
891
107
-4531
-3014
45
-4870
-9697
-5767
-2342
-6475
-9785
-7942
-7077
-7708
-6539
-6483
-8592
-7940
-5324
-5722
-6737
-4929
-4203
-6101
-5437
-2112
-1842
-3812
-3358
-1665
-1323
-726
42
-881
-1279
437
1471
774
805
1894
2869
3861
4840
5474
6265
8510
10421
7044
2034
7070
17473
13059
-384
2455
15682
13197
2190
3657
8732
4723
2307
5621
3269
-2037
-249
1448
-3318
-4575
-260
-2471
-9271
-7930
-2469
-4678
-9772
-8995
-6785
-7564
-7430
-6377
-7807
-8624
-6322
-5257
-6572
-5851
-4200
-5399
-6166
-3251
-1468
-3328
-3988
-2113
-1225
-1094
-165
-422
-1359
-237
1425
1066
483
1177
2366
3631
4643
4884
5330
7170
9981
9740
4257
2415
11900
18028
7075
-1909
8160
16832
8067
1218
6460
7724
2664
3498
5513
723
-1893
1129
-300
-4737
-2506
185
-5440
-9906
-5451
-2397
-6620
-9451
-7981
-7514
-7412
-5884
-6660
-8907
-7693
-5201
-5664
-6227
-4706
-4606
-5975
-4721
-1898
-2025
-3775
-3244
-1546
-988
-470
-43
-828
-1001
669
1485
786
691
1590
2701
3933
4753
4942
5712
7799
10227
8451
2830
4263
14985
16014
2744
-443
12348
15492
4688
2091
7891
6240
2128
4600
4675
-915
-1476
1467
-1594
-4894
-1369
-889
-7686
-9441
-3867
-3288
-8128
-9400
-7929
-7831
-6823
-5746
-7803
-9244
-6917
-5087
-5958
-5987
-4778
-5158
-5789
-3898
-1755
-2610
-3957
-2850
-1269
-756
-245
-243
-1195
-652
1197
1537
647
636
1638
3138
4407
4647
4833
6088
8266
10145
7538
2546
5947
16017
13683
968
1747
14068
13498
3269
3263
8139
5225
2416
5017
3470
-1602
-550
1562
-2623
-4684
-686
-1823
-8493
-8290
-3193
-4308
-8500
-8833
-7931
-7691
-5973
-5927
-8618
-8835
-5993
-5063
-6070
-5690
-4938
-5308
-5148
-3259
-2109
-3042
-3567
-2372
-1164
-659
-233
-632
-1166
-50
1246
1060
655
1006
1809
3272
4513
4656
5056
6470
8821
10143
6283
2209
8514
17189
10343
-659
5225
15718
10483
2159
5225
8010
3744
3097
5487
1751
-2067
795
1017
-4151
-3817
32
-3789
-9426
-6501
-2561
-5589
-9900
-9646
-6660
-5077
-7127
-9625
-7940
-5557
-6048
-6681
-6125
-5786
-4696
-3917
-5229
-4608
-1814
-2129
-4087
-2411
-63
-704
-1486
-751
-81
486
923
520
174
1355
3033
3533
3466
4329
5845
7028
9132
9678
5163
2464
10239
17128
8777
-578
6458
15631
9592
2157
5814
7938
3111
2932
5802
1727
-2112
801
385
-4582
-3080
346
-4789
-9761
-5978
-3205
-6589
-8684
-7997
-8443
-7677
-5508
-6515
-8998
-8090
-5566
-5394
-5960
-5293
-4830
-5377
-4770
-2635
-2038
-3208
-3078
-1555
-968
-745
-46
-329
-833
196
1334
1082
748
1385
2462
3529
4345
4967
5714
6957
9409
9276
4250
3181
12444
16540
5637
-541
9660
15585
6949
2223
6862
6791
2776
4311
5087
-194
-1630
1697
-685
-5060
-2083
-150
-6452
-9604
-4819
-3513
-7518
-8714
-7984
-8724
-7321
-5161
-7241
-9756
-7660
-5027
-5671
-6330
-5373
-5043
-5465
-4299
-2430
-2458
-3454
-2810
-1358
-805
-534
-303
-750
-586
718
1361
885
795
1743
3065
4027
4539
5172
6157
7923
10069
7782
2717
5935
15931
13665
1389
2199
13878
13207
3703
3767
7947
5022
2792
5341
3384
-1554
-157
1766
-2742
-4614
-454
-1841
-8386
-7883
-3461
-5095
-8265
-7845
-8136
-8709
-6019
-5307
-8571
-9168
-6057
-5234
-6292
-5591
-4742
-5494
-5263
-3031
-2048
-3089
-3233
-1941
-1222
-693
-13
-539
-1156
173
1310
872
673
1314
2209
3452
4326
4471
5496
7165
8984
9064
5197
3251
10613
16455
7866
-209
7460
15275
8750
2494
5911
7214
3410
3740
5198
1003
-1714
971
103
-4136
-2775
-397
-5200
-9101
-5291
-2781
-6781
-10135
-8238
-5684
-6451
-8471
-7838
-6341
-7005
-7099
-5667
-5731
-5934
-4237
-4528
-5891
-3337
-1001
-3196
-4177
-1310
-143
-1188
-932
-259
-322
251
1040
719
528
1980
3371
3384
3688
5356
6643
7716
9414
7338
3036
6352
15244
12811
1935
2747
13108
12668
4132
4086
7916
4898
2591
5542
3858
-1560
-392
1711
-2698
-4419
-395
-2183
-8445
-7548
-3516
-5348
-8306
-7925
-7999
-8482
-6425
-5627
-8064
-9040
-6704
-5150
-5740
-5784
-5189
-5363
-5258
-3297
-2089
-3123
-3647
-2121
-938
-837
-506
-361
-729
-162
1034
1228
736
1038
2155
3301
4276
4870
5204
6175
9017
9954
5058
2283
10246
16776
7978
-493
7214
15192
8606
2541
6148
7076
3240
4181
5496
663
-1667
1646
301
-4544
-2801
172
-4732
-9180
-5750
-3369
-6372
-8226
-7886
-8507
-7521
-5234
-6481
-9149
-8097
-5424
-5274
-5935
-5426
-5105
-5402
-4431
-2564
-2446
-3347
-2854
-1661
-1124
-446
-96
-862
-814
676
1334
894
759
1456
2760
4032
4439
4729
5808
7636
9666
7838
3122
5321
14608
13774
2481
1852
12515
13188
4498
3671
7514
5284
3167
5326
3485
-1241
7
1881
-2405
-4372
-564
-1650
-7792
-7808
-3875
-4762
-7501
-7817
-8448
-8576
-5863
-5252
-8425
-9390
-6548
-5031
-5844
-6017
-5469
-5465
-5002
-3385
-2560
-3198
-3285
-2200
-1374
-886
-382
-582
-889
-122
857
1062
965
1174
2035
3347
4412
4964
5514
6527
8965
9302
4771
3484
11692
15705
6124
599
9385
14444
7061
3273
6955
6398
3324
5020
4916
-193
-947
2118
-569
-4560
-1959
-475
-5917
-8580
-5068
-4162
-6846
-7808
-8237
-9049
-6827
-4780
-7422
-9915
-7586
-5028
-5663
-6263
-5654
-5664
-5452
-3677
-2529
-3275
-3485
-2450
-1664
-1119
-318
-384
-1051
-490
726
1226
1086
933
1525
3116
4524
4751
5126
6371
8510
9366
6000
3361
9240
15638
9152
829
6484
14331
9387
3313
5894
6971
3778
4510
5514
944
-1369
1651
531
-3927
-2836
-447
-4502
-8297
-6003
-4339
-6212
-7407
-8146
-9431
-7546
-4699
-6662
-9795
-8252
-5309
-5434
-6230
-5749
-5602
-5547
-4155
-2675
-2995
-3431
-2612
-1852
-1481
-441
111
-924
-1067
506
1394
1088
964
1499
2457
4073
5141
5228
5567
7849
9981
6972
2803
7481
15700
11159
1046
4589
13944
10740
3529
5404
7287
3744
3970
6153
1870
-1970
1124
1485
-3592
-3713
-271
-3346
-8396
-6826
-4315
-5820
-7247
-8077
-9716
-8124
-4625
-6209
-9909
-8767
-5555
-5316
-6097
-5867
-5795
-5521
-4226
-2997
-3006
-3211
-2664
-2071
-1586
-544
138
-699
-1126
184
1372
1372
1057
1349
2426
3994
4977
5197
5654
7477
9932
7812
2981
6113
15382
12910
1626
3014
13565
12208
3931
4767
7696
4376
3676
6372
2898
-1914
695
2185
-2868
-4168
-283
-2352
-8090
-7403
-4170
-5232
-7129
-8104
-9621
-8358
-4718
-5706
-9778
-9385
-5838
-4939
-6017
-6145
-5808
-5493
-4483
-3057
-2743
-3317
-3008
-1980
-1378
-800
-80
-461
-1107
-185
1319
1574
904
1032
2433
3933
4702
5145
5722
7037
9529
8485
3593
5080
14237
13975
2966
2123
12365
13018
4787
4231
7603
5025
3420
6017
3783
-1444
-16
2233
-1938
-4346
-873
-1785
-7555
-7919
-4343
-4768
-7165
-8208
-9378
-8539
-5084
-5368
-9512
-9754
-5970
-4706
-6112
-6385
-5653
-5379
-4609
-3208
-2727
-3218
-2909
-2071
-1506
-810
-5
-458
-1088
-165
1204
1451
981
1123
2264
3793
4712
5115
5701
7171
9549
8305
3587
5261
14294
13823
2954
2267
12413
12935
4846
4285
7417
4963
3626
5972
3537
-1253
209
1961
-2080
-3998
-818
-2035
-7607
-7904
-4444
-4602
-7104
-8599
-9504
-8250
-5254
-5785
-9294
-9577
-6460
-4961
-5848
-6462
-6019
-5416
-4722
-3493
-2665
-3072
-3225
-2308
-1420
-841
-130
-369
-1147
-328
1286
1609
917
1078
2284
3833
4859
5165
5534
7091
9628
8226
3673
5390
13944
13468
3363
2549
11886
12712
5216
4235
7036
5124
3835
5668
3285
-1062
367
1930
-2181
-4146
-844
-1894
-7539
-8086
-4532
-4550
-6999
-8687
-9637
-8171
-4990
-5789
-9588
-9502
-6020
-4860
-6216
-6596
-5824
-5244
-4710
-3659
-2915
-2963
-2899
-2345
-1697
-832
-24
-385
-1033
-340
1101
1652
1241
1203
2382
4086
4952
5178
5830
7788
9713
7202
3158
7085
15264
11743
1667
4026
13370
11427
4259
5027
6900
4220
4372
6128
2124
-1504
1228
1589
-3153
-3528
-261
-3117
-8311
-7304
-4077
-4910
-7256
-9049
-9771
-7360
-4554
-6505
-9900
-8855
-5752
-4992
-5925
-6327
-6048
-5323
-4297
-3243
-2869
-3075
-2947
-2184
-1340
-515
-7
-619
-1028
-25
1484
1717
1070
1195
2709
4487
5105
5299
6077
8206
9428
6282
3411
8885
15414
9480
1143
6134
13935
9668
3740
5694
6552
3846
4976
5857
922
-1474
1894
1032
-3775
-2881
-192
-4412
-8730
-6180
-3633
-5658
-7855
-9010
-9221
-6513
-4467
-7455
-10214
-7809
-4874
-5255
-6407
-6157
-5536
-4931
-4076
-3166
-2960
-3080
-2677
-1880
-1214
-485
-161
-796
-788
539
1594
1262
758
1551
3327
4613
4745
5121
6432
8792
9136
5095
3371
10600
15468
7182
734
8208
13977
7711
3529
6452
5977
3431
5351
5166
-30
-962
2145
-126
-4154
-2009
-511
-5709
-8849
-5470
-3651
-6148
-8321
-9244
-8684
-5891
-4905
-8104
-9918
-7358
-4811
-5215
-6499
-6294
-5209
-4576
-4046
-3009
-2734
-3196
-2644
-1439
-984
-565
-148
-540
-623
681
1806
1457
955
1954
3713
4695
4996
5639
7035
9160
8333
3992
4865
13338
14082
3784
1848
11539
13111
5312
4137
7209
4969
3632
6198
3848
-1239
214
2443
-1742
-4172
-723
-1534
-7493
-8269
-4330
-4211
-7013
-8737
-9514
-8065
-5068
-5736
-9413
-9501
-6303
-4916
-5810
-6452
-6106
-5238
-4363
-3609
-2984
-2961
-3104
-2540
-1496
-702
-244
-597
-1035
-240
1265
1680
997
992
2371
4255
5090
5048
5430
7587
9997
7596
3034
6541
15149
12206
1948
3865
13277
11524
4327
5163
7130
4234
4271
6280
2379
-1522
1212
1989
-2804
-3627
-299
-2838
-8159
-7215
-3847
-4925
-7405
-8722
-9267
-7391
-4757
-6384
-9812
-8887
-5508
-4682
-6096
-6600
-5741
-4795
-4129
-3285
-2881
-3246
-3002
-1934
-1254
-840
-228
-517
-943
26
1507
1611
885
1222
2858
4552
5059
5179
5915
8271
9596
6025
3123
9176
15465
8691
905
6838
13967
8913
3574
6017
6416
3629
4914
5509
560
-1286
2012
675
-3840
-2666
-519
-4637
-8115
-6346
-4784
-5284
-6441
-9714
-10607
-5790
-3614
-8144
-10418
-7426
-5410
-5262
-5363
-6308
-6485
-4397
-3045
-3387
-3180
-2569
-2630
-2221
-800
15
-336
-811
-419
513
1576
1813
1128
1371
3266
4885
5069
5467
6514
8735
9011
5004
3881
11438
14866
5839
1313
9476
13415
6882
4136
6571
5135
3636
6000
4620
-822
-729
2344
-333
-3906
-1784
-1262
-6361
-8224
-4761
-3992
-6704
-8430
-9217
-8360
-5459
-5291
-8900
-9768
-6630
-4712
-5576
-6540
-6121
-5134
-4335
-3675
-2912
-2821
-3101
-2526
-1392
-662
-277
-363
-868
-376
1141
1924
1191
770
2090
4020
4832
4863
5555
7034
9333
8344
3906
4916
13439
13727
3416
2118
11755
12805
5000
4199
7142
4800
3663
6084
3429
-1463
375
2432
-1839
-4084
-785
-1932
-7604
-7790
-3939
-4372
-7329
-8700
-9142
-7758
-5002
-5854
-9580
-9419
-5841
-4577
-6044
-6718
-5901
-4945
-4201
-3436
-2939
-3100
-3010
-2078
-1174
-743
-331
-461
-877
-101
1402
1672
814
1040
2639
4200
4718
5043
5818
7451
9266
7215
3456
6661
14357
11353
1903
4011
12850
10855
3933
5034
6871
3856
3932
5973
2031
-1759
1123
1780
-2990
-3620
-405
-3235
-8415
-6937
-3461
-5126
-8001
-8806
-8828
-7179
-4896
-6540
-9971
-8829
-5040
-4466
-6511
-6826
-5388
-4491
-4111
-3266
-2744
-3027
-2707
-1626
-980
-597
-80
-458
-886
315
1877
1651
646
1321
3267
4793
4880
5027
6223
8669
8990
5154
3742
10335
14673
7066
1211
7919
13345
7734
3740
6184
5613
3490
5400
4858
-428
-861
2353
-107
-4057
-1946
-783
-5768
-8333
-5114
-3805
-6379
-8278
-9012
-8511
-5974
-5154
-8251
-9942
-7284
-4780
-5274
-6667
-6521
-5363
-4388
-3852
-3181
-2905
-3099
-2679
-1497
-708
-470
-533
-851
-482
888
1818
1197
643
1800
3894
4974
4804
5237
6978
9301
7947
3950
5367
13106
13112
3822
2556
11115
12337
5430
4324
6680
4736
3914
5963
3202
-1420
425
2379
-1755
-3962
-868
-2008
-7458
-7572
-3700
-4203
-7447
-8738
-8600
-7299
-5227
-6032
-9165
-9117
-5857
-4432
-5811
-6750
-5896
-4776
-4102
-3385
-2832
-3082
-2977
-1944
-1007
-689
-341
-529
-832
82
1540
1705
740
955
2614
4431
4859
4884
5556
7686
9336
6524
3131
7613
14733
10008
1330
5172
13240
9778
3715
5503
6465
3591
4612
5928
1014
-1747
1827
1509
-3565
-3150
-204
-4164
-8794
-5967
-2953
-5839
-8553
-8397
-8114
-7021
-5272
-6878
-9697
-8287
-4855
-4708
-6601
-6480
-5108
-4563
-4134
-2900
-2581
-3206
-2701
-1336
-817
-622
-159
-535
-718
587
1930
1411
638
1555
3433
4787
5050
5250
6216
8788
8659
4364
4028
11966
14261
4796
1344
10191
13237
5951
3829
6833
5059
3402
5959
4150
-1279
-338
2538
-999
-4116
-1311
-1594
-7114
-8079
-4033
-4012
-7399
-8751
-8603
-7849
-5836
-5749
-8763
-9499
-6532
-4654
-5677
-6548
-6009
-5194
-4371
-3443
-2863
-3059
-2976
-2239
-1311
-677
-222
-451
-891
-161
1294
1789
1115
1205
2435
4191
5197
5520
5897
7854
9246
6170
3604
9046
14795
8632
1441
6831
13435
8740
3965
6166
5955
3263
5194
5762
323
-1487
1904
621
-3613
-2356
-840
-5346
-8480
-5424
-3528
-6178
-8432
-8865
-8441
-6507
-5235
-7620
-9879
-7851
-4903
-5086
-6532
-6272
-5277
-4711
-3962
-2934
-2822
-3102
-2530
-1524
-933
-335
-48
-708
-799
787
2101
1424
778
1979
3792
4809
5173
5684
6928
9044
7691
3744
5830
13648
12296
2798
3113
11999
11698
4769
4731
6698
4006
3916
6387
2708
-1952
665
2345
-2295
-3746
-493
-2696
-8159
-7118
-3219
-4641
-7938
-8743
-8510
-7308
-5198
-6187
-9523
-9169
-5589
-4550
-6315
-6630
-5428
-4883
-4501
-3269
-2665
-3065
-2833
-1819
-1232
-700
83
-253
-1051
-38
1935
1985
856
1480
3359
4574
4948
5701
6740
8449
8026
4587
4884
11969
13476
4728
1893
10143
12841
6143
3983
6456
4896
3651
6011
3960
-1346
-368
2491
-925
-3934
-1268
-1763
-7140
-7806
-3741
-4015
-7562
-8823
-8409
-7460
-5570
-5863
-9005
-9369
-6091
-4484
-5909
-6590
-5595
-4835
-4325
-3345
-2654
-2884
-2756
-1925
-1150
-631
-95
-277
-844
-146
1505
1929
991
1175
2890
4403
4790
5290
6408
8125
8182
5082
4252
10360
13887
6622
1366
7997
13073
7618
3617
5759
5387
3635
5463
4640
-598
-1027
2167
-6
-3738
-1936
-1300
-6131
-8030
-4363
-3590
-6924
-8648
-8336
-7591
-5890
-5522
-8240
-9483
-6789
-4476
-5316
-6532
-5979
-4926
-4250
-3436
-2672
-2893
-3036
-2006
-895
-719
-374
-59
-498
-337
1291
2081
1212
1242
2795
4211
4885
5631
6358
7861
8500
5604
4045
9910
14248
7202
1296
7742
13213
7810
3791
6003
5371
3492
5762
5048
-653
-1157
2438
242
-3793
-1997
-1116
-5973
-8042
-4464
-3612
-6894
-8588
-8315
-7751
-6143
-5572
-8135
-9580
-7069
-4657
-5364
-6693
-6207
-5041
-4361
-3770
-2968
-2973
-3100
-2229
-1139
-984
-633
-52
-346
-491
778
1841
1370
1280
2419
3888
4799
5599
6207
7592
8416
5923
4011
9019
14024
8266
1562
6586
13012
8756
3790
5587
5902
3657
5080
5462
410
-1530
1748
983
-3185
-2489
-1008
-5207
-8183
-4786
-3106
-6572
-8781
-8105
-7541
-6392
-5393
-7613
-9723
-7400
-4384
-5078
-6798
-6227
-5059
-4437
-3647
-2830
-3160
-3272
-2106
-1027
-957
-709
-205
-398
-262
891
1698
1244
1235
2407
3984
4843
5367
6102
7851
8533
5679
4000
9297
13992
8025
1766
6936
12937
8632
4039
5690
5728
3872
5470
5260
100
-1196
2042
696
-3276
-2237
-1142
-5354
-7842
-4786
-3541
-6419
-8391
-8410
-7670
-5959
-5513
-8104
-9433
-7017
-4702
-5188
-6546
-6387
-5221
-4171
-3721
-3206
-3063
-3115
-2331
-1081
-696
-763
-440
-387
-183
843
1688
1210
1056
2212
3888
4861
5360
5728
7227
8713
6332
3552
8036
14082
8927
1474
6065
13022
8890
3764
5747
5970
3446
5170
5789
305
-1765
2049
1293
-3431
-2812
-839
-4924
-8166
-5037
-3343
-6614
-8502
-7918
-7671
-6627
-5441
-7505
-9586
-7376
-4458
-5033
-6782
-6342
-5002
-4248
-3781
-3099
-3065
-3098
-2093
-1027
-948
-789
-138
-180
-218
731
1616
1376
1319
2260
3682
4714
5345
5903
7315
8633
6389
3791
7806
13806
9456
1966
5543
12568
9385
4143
5594
5962
3480
4928
5890
836
-1717
1671
1312
-3058
-2743
-892
-4776
-8167
-5279
-3298
-6269
-8482
-8222
-7795
-6453
-5319
-7531
-9640
-7467
-4636
-5037
-6548
-6342
-5330
-4359
-3607
-3095
-3169
-3101
-2227
-1250
-895
-687
-327
-331
-227
644
1540
1370
1088
2001
3648
4578
4926
5723
7162
8494
6701
3933
6788
13333
10681
2421
4152
12123
10541
4277
4869
6264
3926
4530
6087
1672
-1854
1383
2159
-2539
-3284
-621
-3582
-7938
-5702
-2890
-5601
-8321
-8034
-7633
-6712
-5231
-6801
-9476
-8062
-4843
-4564
-6354
-6624
-5402
-4224
-3651
-3210
-3023
-3112
-2426
-1200
-704
-747
-359
-95
-151
506
1612
1657
1005
1668
3479
4674
4786
5429
6737
8486
7338
4159
5496
12378
12016
3454
2815
10949
11495
4889
4266
6258
4186
3972
6028
2640
-1870
477
2381
-1829
-3804
-1142
-2773
-7488
-6479
-3243
-5055
-8007
-8035
-7743
-7188
-5492
-6184
-8939
-8436
-5328
-4477
-5939
-6402
-5390
-4409
-3737
-3089
-2840
-3059
-2509
-1251
-733
-707
-308
-74
-231
421
1439
1531
881
1419
2931
4237
4479
5082
6108
7817
7811
4805
4020
9900
13101
5932
1484
8007
12250
6804
3605
5577
4854
3649
5575
4082
-992
-665
2473
-142
-3661
-1909
-1652
-6132
-6945
-3572
-4086
-7328
-7779
-7341
-7284
-5790
-5522
-8201
-8659
-5626
-4262
-5736
-6462
-5318
-4361
-3926
-3300
-2757
-2906
-2655
-1387
-706
-847
-534
73
-65
146
1105
1600
1051
1149
2362
3908
4602
4868
5455
7118
8439
5947
3472
7605
13218
8505
1786
5791
11953
8318
3851
5499
5447
3217
4875
5263
262
-1478
1974
1018
-3236
-2630
-1213
-5022
-7206
-4210
-3701
-6973
-7668
-6918
-7477
-6700
-5319
-7116
-8804
-6656
-4609
-5336
-6276
-5618
-4755
-4191
-3448
-2786
-2824
-2867
-1785
-747
-784
-812
-129
137
140
720
1414
1259
1180
2094
3518
4414
4708
5368
6638
8259
6780
3918
5950
12155
10589
3114
3800
10772
10114
4635
4655
5842
3839
4057
5411
1915
-1437
884
1734
-2070
-3176
-1378
-3743
-6887
-5066
-3438
-6107
-7661
-6911
-7143
-6959
-5496
-6387
-8456
-7248
-4837
-4942
-6085
-5712
-4700
-4201
-3633
-2841
-2600
-2728
-1927
-826
-737
-824
-82
331
121
502
1432
1480
1191
1879
3303
4296
4605
5153
6368
8128
6857
3660
5401
11929
10953
3005
3112
10508
10450
4624
4298
5717
3805
4008
5549
1965
-1677
876
1996
-2086
-3360
-1274
-3582
-6969
-5097
-3355
-6156
-7697
-6673
-7040
-7155
-5534
-6151
-8374
-7351
-4831
-4906
-5998
-5554
-4686
-4397
-3640
-2705
-2683
-2951
-2030
-850
-801
-929
-249
197
120
538
1391
1456
1263
1939
3300
4400
4804
5169
6355
8259
6929
3604
5684
12253
10659
2755
3552
10811
9966
4408
4585
5673
3479
4168
5744
1659
-1773
1173
2025
-2253
-3187
-1217
-3821
-6834
-4756
-3488
-6408
-7522
-6508
-7110
-7165
-5490
-6254
-8462
-7343
-4782
-4882
-5983
-5594
-4742
-4310
-3481
-2689
-2900
-3012
-1881
-830
-1048
-982
-84
114
-178
506
1513
1321
1163
2093
3326
4263
4994
5499
6459
7859
6288
3861
7034
12369
8892
2321
5228
11335
8650
3967
5001
5397
3368
4674
5255
541
-1587
1723
1355
-2806
-2798
-1555
-4656
-6498
-4169
-4070
-6892
-7263
-6552
-7284
-6860
-5557
-6815
-8379
-6769
-4761
-5132
-5908
-5380
-4724
-4113
-3120
-2561
-2931
-2730
-1472
-568
-710
-761
-87
479
534
704
1280
1595
1799
2515
3647
4459
4981
5926
7451
7384
4524
4299
9730
12077
5689
2126
7862
11243
6704
4015
5297
4375
3635
5481
3754
-980
-641
2030
-275
-3198
-2224
-2695
-5775
-5613
-3803
-5338
-7206
-6696
-6864
-7591
-6240
-5499
-7382
-8105
-6061
-4641
-5218
-5705
-5276
-4689
-3798
-2674
-2544
-3180
-2488
-910
-667
-1074
-366
296
20
371
1339
1509
1387
2069
3078
4024
4838
5379
6420
7616
5902
3591
6893
12069
8734
2238
4865
10993
8845
4285
4927
5252
3438
4767
5325
782
-1403
1520
1234
-2473
-2714
-2006
-4695
-6071
-4137
-4477
-6993
-7076
-6379
-7382
-7218
-5647
-6379
-8051
-7019
-5050
-5030
-5613
-5297
-4952
-4413
-3077
-2280
-2896
-3015
-1573
-609
-908
-753
57
115
208
1092
1458
1281
1927
2998
3760
4544
5323
6251
7566
6455
3655
5737
11629
10203
2987
3502
10162
9931
4880
4518
5423
3695
4329
5650
1872
-1451
1027
1764
-1947
-2917
-1643
-3990
-6184
-4520
-4128
-6548
-7012
-6424
-7454
-7343
-5443
-6038
-8069
-7265
-5109
-4975
-5523
-5161
-4957
-4583
-3126
-2139
-2754
-2915
-1656
-758
-930
-654
61
104
110
837
1362
1277
1825
2647
3346
4178
5285
6105
7221
6611
3978
4939
10749
11254
4146
2523
9119
10972
5820
4007
5383
4387
4188
5555
2862
-1085
303
2029
-1032
-3262
-2142
-3023
-5600
-5429
-4526
-5679
-6670
-6900
-7661
-7312
-5505
-5804
-7946
-7828
-5513
-4593
-5386
-5744
-5193
-4316
-3304
-2670
-2717
-2736
-1822
-946
-794
-676
-17
248
258
771
1367
1513
1872
2526
3403
4399
5188
5796
7270
7033
4112
4608
10580
11420
4272
2535
9174
10876
5652
4209
5735
4314
4032
5827
3132
-1140
407
2317
-1033
-3378
-2065
-3011
-5596
-5152
-4455
-6105
-6787
-6382
-7421
-7616
-5683
-5672
-7792
-7669
-5542
-4851
-5420
-5440
-5145
-4552
-3351
-2564
-2788
-2830
-1855
-985
-869
-691
-71
152
72
639
1373
1491
1610
2310
3388
4310
5067
5733
6957
6639
4356
4896
9939
10860
4823
2786
8357
10621
6318
4232
5206
4449
4349
5704
3270
-786
254
2207
-481
-3258
-2615
-2945
-4892
-5207
-4982
-5904
-6340
-6538
-7622
-7470
-5705
-5767
-7642
-7715
-5872
-4884
-5211
-5573
-5371
-4507
-3234
-2713
-2908
-2740
-1729
-1094
-1017
-622
48
180
50
656
1393
1744
1963
2527
3433
4455
5434
6356
7315
6036
3876
6034
11340
9931
3343
3677
9884
9986
5436
4822
5379
3852
4740
6062
2247
-1120
1127
1977
-1512
-2905
-2100
-3775
-5434
-4653
-4939
-6490
-6342
-6495
-8015
-7433
-5340
-6130
-8140
-7442
-5576
-5162
-5426
-5414
-5356
-4548
-3160
-2627
-2936
-2700
-1639
-1055
-1002
-587
63
102
69
762
1420
1766
2131
2740
3508
4518
5525
6715
7417
5290
3450
7301
12183
8434
2219
4995
10826
8983
4888
5180
5087
3808
5541
5703
987
-809
2039
1283
-2260
-2436
-2083
-4489
-5344
-4486
-5381
-6463
-6117
-7068
-8195
-6620
-5285
-6830
-8095
-6906
-5456
-5051
-5283
-5582
-5165
-3898
-2937
-2747
-2729
-2383
-1581
-691
-684
-788
-48
638
277
438
1470
2246
2472
3007
3605
4552
6084
7501
6792
4131
4163
9228
11923
6390
2022
6724
11259
7880
4323
5097
4924
4230
5655
4574
216
-207
2112
371
-2766
-2412
-2324
-4718
-5597
-4939
-5471
-6177
-6533
-7843
-7939
-5913
-5526
-7497
-8003
-6509
-5301
-5000
-5351
-5764
-4991
-3350
-2760
-2985
-2748
-1928
-1377
-1054
-573
-51
96
-5
336
1071
1811
2346
2562
3070
4184
5586
6584
7250
5824
3744
6014
11316
10097
3477
3535
9748
10193
5563
4740
5509
4063
4688
6067
2578
-886
1195
2003
-1450
-2837
-1846
-3556
-5375
-4817
-5051
-6278
-6123
-6692
-8316
-7312
-5276
-6225
-8108
-7371
-5784
-5172
-5091
-5401
-5567
-4393
-2911
-2748
-3040
-2563
-1781
-1264
-829
-455
-241
19
265
544
1018
1861
2364
2713
3494
4676
5586
6793
7295
4835
3466
8035
12231
7396
2050
6046
11120
8259
4712
5419
4853
3925
6007
5372
357
-482
2542
1051
-2611
-2521
-2046
-4257
-5286
-4892
-5498
-6106
-6217
-7543
-8086
-6376
-5589
-7162
-8004
-6832
-5483
-5064
-5432
-5724
-4975
-3633
-3015
-3019
-2883
-2328
-1590
-951
-747
-568
-166
213
365
717
1470
2229
2628
3151
4034
5187
6413
7426
5763
3389
5931
11532
9795
3019
3806
10236
9940
5255
4992
5585
3896
5042
6389
2239
-1042
1766
2355
-1650
-2903
-1562
-3290
-5344
-4815
-4888
-6023
-6075
-6718
-8125
-7141
-5314
-6356
-8155
-7428
-5698
-5083
-5249
-5628
-5543
-4287
-2971
-2802
-3107
-2799
-2050
-1147
-566
-641
-708
-166
430
672
1208
2017
2533
3111
3989
4916
5984
7308
6270
3808
5375
10650
10285
4261
3703
9132
10082
6226
5110
5321
4291
5170
6111
2599
-446
1520
2275
-1029
-2842
-2117
-2957
-4595
-5055
-5451
-5802
-5706
-6796
-8234
-7196
-5553
-6409
-7861
-7480
-6203
-5232
-4921
-5694
-5882
-4242
-2808
-2972
-3137
-2528
-1962
-1203
-494
-554
-649
13
594
669
1265
2219
2772
3109
3894
5034
6425
7429
5657
3338
6064
11492
9609
3175
4033
10020
9861
5608
4989
5329
4336
5375
5962
2107
-455
1847
2184
-1333
-2754
-1904
-3168
-4751
-4727
-5228
-5988
-5641
-6575
-8348
-7090
-5052
-6378
-8186
-7171
-5717
-5335
-5138
-5523
-5822
-4406
-2851
-2931
-3280
-2599
-1866
-1270
-727
-549
-572
-79
528
729
1269
2324
2977
3225
4011
5272
6636
7369
5368
3548
7099
11745
8385
2867
5405
10390
8721
5336
5388
5007
4133
5664
5424
1281
-184
2250
1527
-1979
-2569
-1812
-3554
-4962
-4693
-5232
-5944
-5793
-6903
-8136
-6584
-5263
-6819
-7924
-6699
-5540
-5258
-5240
-5594
-5369
-3984
-2989
-3113
-3034
-2339
-1739
-1223
-735
-537
-426
37
457
702
1562
2580
2872
3171
4349
5660
6887
6712
4174
4036
9230
11438
5719
2670
7583
10486
7233
5225
5488
4401
4653
6332
4112
177
920
2688
229
-2252
-1744
-2295
-4323
-4562
-4573
-5624
-5620
-5733
-7705
-7893
-5552
-5571
-7744
-7753
-6143
-5433
-5272
-5410
-5795
-5053
-3483
-2945
-3247
-2996
-2244
-1524
-964
-758
-755
-355
339
574
850
1892
2827
3017
3536
4825
6227
7078
5654
3452
5845
11049
9573
3395
3899
9553
9734
5839
4846
5119
4487
5403
5729
2257
-248
1661
2270
-971
-2774
-1948
-2621
-4498
-5093
-5118
-5316
-5454
-6749
-7992
-6780
-5242
-6350
-7897
-7348
-5859
-4935
-5080
-5874
-5620
-4037
-2973
-3060
-3056
-2652
-1994
-1076
-565
-804
-741
150
647
617
1367
2634
3117
3177
4036
5522
7210
6840
3839
3738
9272
11344
5475
2504
7422
10176
6977
5043
5203
4204
4620
6192
3811
-94
738
2606
140
-2803
-2237
-1846
-3666
-5132
-5283
-5150
-5094
-6004
-7655
-7472
-5670
-5413
-6958
-7688
-6625
-5066
-4566
-5449
-5749
-4516
-3183
-2893
-2922
-2821
-2351
-1281
-628
-921
-860
103
482
236
967
2418
3060
2976
3482
4830
6790
7172
4375
3021
7656
11406
6954
2352
5839
10012
7806
5057
5137
4423
4141
5938
4815
388
-4
2610
1159
-2534
-2577
-1547
-3135
-4882
-5071
-5017
-5063
-5551
-7118
-7604
-5924
-5033
-6366
-7587
-6888
-5185
-4270
-5063
-5860
-4841
-3147
-2616
-2866
-2957
-2547
-1400
-493
-866
-1156
-98
676
293
714
2246
3043
3009
3514
4715
6417
7195
4835
3093
7000
11226
7670
2876
5467
9622
8151
5536
5196
4381
4189
5852
4897
869
19
2144
1135
-2055
-2581
-1785
-3005
-4847
-5354
-5088
-4863
-5649
-7314
-7579
-5854
-5130
-6370
-7389
-6836
-5359
-4360
-4932
-5712
-4734
-3153
-2731
-2812
-2600
-2249
-1439
-605
-766
-892
-7
656
311
735
2219
3160
3110
3358
4619
6571
7016
4431
3129
7245
10800
7133
2969
5658
9350
7924
5509
4944
4252
4419
5798
4417
758
205
2018
1046
-2017
-2842
-1985
-2666
-4678
-5627
-5125
-4782
-5722
-7164
-7287
-5988
-5229
-6042
-7154
-6881
-5263
-4224
-4933
-5643
-4620
-3191
-2787
-2789
-2595
-2259
-1431
-714
-897
-885
74
511
184
877
2327
3104
3134
3426
4586
6793
7185
4070
3014
8075
11229
6329
2601
6585
9823
7254
5274
5469
4235
4107
6076
4465
171
265
2544
483
-2848
-2334
-1404
-3536
-5524
-5078
-4556
-5273
-6309
-7037
-7100
-5996
-5199
-6249
-7597
-6666
-4625
-4349
-5440
-5386
-4154
-3365
-2993
-2589
-2519
-2304
-1299
-722
-1074
-714
375
389
88
1280
2787
3071
2999
3649
5235
7063
6189
3156
4235
9633
9908
4300
3314
8078
9258
6258
5062
4956
4063
4834
5693
2842
15
1166
2033
-683
-2810
-2092
-2005
-3960
-5450
-5181
-4630
-5135
-6523
-7292
-6572
-5372
-5366
-6571
-7165
-5906
-4193
-4216
-5204
-4935
-3597
-2757
-2495
-2414
-2340
-1725
-771
-671
-912
-188
559
320
577
1993
2985
3076
3378
4333
6053
6943
4706
2917
6740
10783
7150
2482
5373
9492
7693
5090
4995
4156
3856
5702
4673
489
-68
2238
834
-2572
-2648
-1668
-3298
-5330
-5318
-4728
-4957
-5929
-7181
-7321
-5771
-4751
-6042
-7511
-6601
-4431
-3777
-4836
-5367
-4332
-2805
-2128
-2291
-2547
-1985
-815
-311
-766
-581
467
696
377
1320
2876
3267
3123
3820
5336
6876
6119
3417
4259
9328
9742
4202
3101
7773
8836
5828
4859
4510
3261
4380
5653
2394
-801
778
1893
-1270
-3424
-2173
-2291
-4951
-5966
-4890
-4881
-5915
-6555
-7113
-6990
-5461
-4899
-6666
-7395
-5429
-3822
-4363
-5007
-4558
-3687
-2710
-1944
-2013
-2246
-1480
-453
-412
-531
148
602
423
1036
2503
3307
3154
3365
4749
6768
6504
3601
3592
8443
10070
5155
2873
6815
8878
6431
4848
4571
3598
4188
5383
3025
-268
468
1881
-661
-3382
-2462
-1817
-4428
-6278
-5124
-4560
-5861
-6715
-6983
-7030
-5783
-4834
-6394
-7582
-5701
-3726
-4201
-5081
-4555
-3500
-2614
-1990
-1906
-2054
-1429
-307
-61
-468
81
925
831
1044
2522
3639
3424
3445
4754
6850
6813
3976
3492
8005
10154
5725
3058
6397
8591
6582
5171
4681
3323
3892
5614
3404
-465
103
1863
-720
-3466
-2191
-1784
-4906
-6286
-4651
-4603
-6165
-6628
-6982
-7264
-5665
-4605
-6512
-7630
-5515
-3787
-4214
-4618
-4219
-3657
-2613
-1558
-1602
-1922
-1287
-270
18
26
522
850
809
1481
2971
3775
3541
3680
5073
7008
6557
3819
4077
8562
9512
4852
3399
7145
8299
5787
4804
4535
3187
3907
5226
2475
-996
265
1625
-1607
-3965
-2217
-2251
-5595
-6348
-4649
-5206
-6692
-6665
-7145
-7550
-5667
-4800
-6994
-7638
-5118
-3820
-4509
-4540
-3917
-3433
-2421
-1399
-1620
-1874
-976
8
-33
24
763
1020
968
1848
3316
3769
3577
4103
5783
7130
5550
3389
5717
9844
8007
3449
4592
8350
7651
5091
4577
3989
3456
4728
4312
658
-830
1163
420
-3115
-3332
-1679
-3851
-6696
-5509
-4374
-6130
-7121
-6843
-7469
-6762
-4901
-5899
-7980
-6537
-4017
-4141
-4829
-4278
-3577
-2913
-1777
-1298
-1685
-1415
-303
234
93
555
1139
1015
1387
2868
3887
3740
3792
4904
6870
6909
4114
3739
8328
10021
5266
3092
6808
8474
6033
4869
4634
3160
3588
5201
2903
-946
-237
1245
-1646
-3780
-1972
-2642
-6387
-6286
-4205
-5699
-7343
-6597
-7278
-7997
-5687
-4937
-7530
-7720
-5078
-4216
-4612
-4166
-3972
-3765
-2250
-920
-1271
-1663
-748
313
485
663
1233
1269
1393
2616
3963
4202
4006
4462
6289
7781
5776
3335
6268
10450
7798
3228
4942
8493
7392
5072
4643
3732
3238
4730
4099
233
-1019
662
-555
-3071
-2542
-2609
-5581
-6289
-4716
-5522
-6915
-6638
-7468
-8254
-6108
-5034
-7183
-7837
-5901
-4771
-4399
-3975
-4393
-4350
-2518
-1018
-1276
-1691
-1124
-113
680
976
900
901
1492
2553
3586
4205
4235
4289
5773
7678
6366
3660
5538
9778
8470
3981
4476
7937
7640
5322
4676
3964
3092
4254
4253
713
-1191
378
-373
-3090
-2830
-2434
-5301
-6537
-4928
-5455
-7062
-6732
-7247
-8436
-6677
-5025
-6927
-8104
-6228
-4799
-4664
-4240
-4226
-4350
-3028
-1362
-1191
-1616
-1205
-307
385
859
1134
1093
1220
2186
3526
4324
4301
4249
5463
7454
6925
4139
4794
9181
9457
4714
3690
7640
8664
5697
4368
4564
3686
3798
4422
1964
-947
-259
132
-2144
-2840
-2415
-4740
-6505
-5016
-4790
-6750
-7188
-7170
-7955
-6840
-5190
-6554
-8071
-6584
-4739
-4408
-4350
-4381
-4328
-3012
-1311
-1098
-1635
-1301
-308
475
951
1093
932
1226
2334
3544
4270
4318
4217
5362
7524
7032
4161
4811
9110
9290
4946
4137
7440
8177
5988
4825
4189
3413
4245
4429
1353
-1025
-44
19
-2160
-2993
-3175
-4956
-5811
-5074
-5745
-7112
-6987
-7118
-7831
-6986
-5969
-6814
-7413
-6384
-5327
-4782
-4317
-4320
-4250
-3094
-1661
-1196
-1428
-1298
-459
517
967
892
854
1357
2490
3627
4189
4173
4354
5699
7466
6725
4209
5132
9203
9146
4861
4291
7669
8151
5830
4945
4393
3409
4230
4592
1516
-987
-91
101
-1841
-2927
-3481
-4880
-5406
-5118
-5950
-6918
-6870
-7193
-7622
-6846
-6180
-6814
-7188
-6403
-5366
-4660
-4457
-4573
-4192
-3005
-1920
-1545
-1535
-1358
-629
430
948
725
647
1486
2761
3809
4242
4063
4353
6326
8021
6112
3572
6086
10336
8536
3986
4888
8428
7958
5664
4875
3913
3554
5051
4267
375
-947
510
-110
-2266
-3084
-3902
-5072
-5127
-5395
-6738
-7151
-6789
-7445
-7838
-6869
-6420
-6983
-7013
-6322
-5542
-4596
-4083
-4442
-4225
-2684
-1426
-1421
-1568
-1059
-133
804
1162
835
941
2118
3461
4213
4330
4262
5129
7280
7701
5032
4145
8023
10344
6722
3853
6399
8711
7051
5258
4629
3710
4086
5049
2865
-455
-376
575
-982
-2756
-3245
-4117
-5077
-5300
-5892
-6739
-6802
-7079
-7787
-7449
-6478
-6554
-7125
-6908
-5979
-4962
-4457
-4638
-4534
-3422
-2246
-1763
-1642
-1443
-887
141
795
656
706
1566
2636
3648
4349
4182
4366
6498
8001
5705
3545
6699
10464
7999
3907
5305
8456
7784
5781
4847
3739
3694
5150
4027
326
-889
271
-237
-2048
-3078
-4106
-5137
-5176
-5358
-6501
-7140
-7086
-7504
-7653
-6857
-6494
-7060
-7160
-6293
-5213
-4522
-4534
-4712
-3977
-2588
-1729
-1610
-1625
-1244
-157
907
910
561
1202
2541
3655
4315
4329
4376
5970
7837
6557
4073
5881
9905
8990
4898
4994
7981
8179
6485
5433
4055
3499
5202
5083
1229
-1134
246
772
-1380
-3227
-3891
-4476
-4900
-5231
-6262
-7095
-6868
-6864
-7595
-7500
-6462
-6349
-7076
-6797
-5406
-4433
-4425
-4537
-4039
-2949
-1837
-1326
-1532
-1493
-360
916
981
589
1207
2539
3669
4263
4155
4315
6215
7833
5951
3788
6469
10245
8318
4312
5160
8235
8103
6173
4885
3761
3847
5275
4328
754
-827
293
238
-1689
-3294
-4022
-4583
-5151
-5717
-6294
-6761
-7148
-7482
-7506
-7112
-6652
-6719
-7145
-6835
-5512
-4501
-4576
-4754
-4126
-2935
-1810
-1332
-1632
-1567
-272
944
836
582
1486
2872
3859
4093
3976
4967
7274
7188
4268
4407
8884
10024
5811
4012
6920
8551
7219
5765
4296
3339
4813
5666
2624
-449
-27
662
-672
-2111
-3302
-4679
-4950
-4627
-5634
-6882
-6892
-6961
-7522
-7293
-6679
-6771
-7049
-6813
-6162
-5192
-4482
-4548
-4546
-3608
-2337
-1598
-1471
-1490
-944
258
989
886
1145
2277
3514
4123
4149
4514
6260
7614
5876
3953
6457
9934
8209
4565
5142
7716
7922
6671
5173
3418
3578
5488
4624
922
-702
312
230
-1295
-2607
-3849
-4824
-4785
-4835
-5909
-6707
-6772
-7128
-7406
-6752
-6227
-6753
-7162
-6472
-5307
-4487
-4335
-4547
-4185
-2928
-1709
-1361
-1592
-1450
-433
748
1001
947
1723
3063
3887
4069
4357
5676
7306
6482
4242
5460
9311
9074
5256
4604
7154
8024
7022
5648
3720
3201
5063
5135
1836
-547
-265
21
-693
-2029
-3950
-5045
-4614
-4656
-5867
-6583
-6781
-7355
-7434
-6703
-6436
-6850
-7061
-6709
-5760
-4576
-4269
-4758
-4529
-3240
-2036
-1574
-1721
-1823
-974
489
920
496
1020
2634
3757
3803
3817
4952
6893
6861
4598
4569
8168
9549
6401
4360
6181
7942
7519
5989
4034
3217
4695
5337
2726
-69
-399
107
-324
-1610
-3495
-4712
-4510
-4473
-5592
-6409
-6479
-6952
-7354
-6811
-6269
-6486
-6745
-6545
-5903
-4828
-4059
-4282
-4478
-3516
-2115
-1429
-1525
-1652
-1056
264
1036
841
1033
2362
3721
4002
3844
4711
6789
7193
4845
4176
7804
9976
6834
4153
6020
8110
7480
6107
4505
3073
4099
5687
3561
-222
-851
460
70
-1790
-3424
-4444
-4704
-4619
-5228
-6382
-6969
-6953
-6976
-7003
-6685
-6397
-6584
-6658
-5907
-4817
-4325
-4344
-4202
-3545
-2458
-1483
-1328
-1594
-1065
191
892
901
1318
2382
3375
3786
3993
4948
6686
6769
4747
4640
7942
9374
6632
4747
6186
7641
7467
6513
4568
3103
4223
5366
3320
335
-489
-69
-280
-1424
-3213
-4579
-4792
-4783
-5429
-6276
-6837
-7230
-7265
-6993
-6702
-6589
-6719
-6729
-5984
-4870
-4423
-4464
-4204
-3518
-2583
-1631
-1316
-1514
-1033
125
763
1000
1762
2792
3312
3519
4146
5649
7083
6144
4056
5283
9027
9087
5607
4674
6748
7801
7277
6018
3888
3113
4747
4997
2192
-122
-301
-191
-786
-1964
-3639
-4688
-4755
-5040
-5854
-6412
-6800
-7280
-7377
-7034
-6678
-6570
-6748
-6725
-5865
-4684
-4282
-4429
-4115
-3281
-2309
-1487
-1256
-1398
-799
418
1017
1383
2403
3317
3367
3697
5170
6873
6933
5055
4446
7343
9740
7725
4996
5676
7494
7821
7073
5143
3178
3800
5288
3877
1093
-138
-456
-644
-830
-2342
-4610
-5075
-4560
-5209
-6143
-6431
-7044
-7476
-6882
-6470
-6795
-6781
-6496
-6289
-5407
-4279
-4231
-4520
-3793
-2623
-1833
-1473
-1482
-1326
-300
828
1220
1671
2631
3245
3554
4530
5977
6637
5702
4607
5963
8834
8766
5888
5006
6920
8053
7363
5801
3906
3367
4786
4943
2137
-434
-408
294
-586
-2545
-3982
-4449
-4713
-5241
-5987
-6719
-6997
-6861
-7059
-7397
-6897
-6238
-6551
-6857
-5934
-4751
-4356
-4370
-4183
-3514
-2307
-1368
-1463
-1680
-822
447
1159
1745
2496
2860
3223
4478
6106
6689
5595
4555
6023
8849
8819
6124
5282
6964
8029
7529
6178
4246
3552
4816
4990
2425
16
-151
201
-753
-2393
-3530
-4199
-4901
-5523
-5880
-6379
-6936
-7218
-7325
-7285
-6789
-6375
-6723
-6942
-6047
-4782
-4392
-4584
-4368
-3490
-2324
-1496
-1444
-1537
-814
471
1524
2265
2563
2593
3443
5273
6617
6443
5209
4853
7053
9511
8286
5405
5697
7880
8014
6832
5807
4312
3690
4905
4613
1580
-127
452
-245
-2128
-2548
-2842
-4762
-6019
-5662
-5823
-6574
-6835
-7508
-8245
-7249
-5897
-6500
-7527
-6884
-5497
-4659
-4378
-4491
-4406
-3277
-1773
-1269
-1511
-1258
-227
1157
2327
2630
2362
3069
4902
6370
6618
5754
4989
6416
9224
9085
6166
5565
7827
8538
7087
5920
5072
4387
4643
4433
2460
823
597
-284
-1911
-2344
-2537
-4271
-6008
-6088
-5836
-6254
-6915
-7759
-8315
-7496
-6241
-6481
-7522
-7221
-5749
-4781
-4659
-4599
-4141
-3293
-2195
-1399
-1191
-1034
-239
1090
2273
2727
2623
3111
4621
6198
6739
5910
4918
6157
9009
9102
6130
5245
7500
8384
6970
5764
4885
4001
4356
4524
2382
261
282
-59
-1858
-2674
-2829
-4428
-5981
-5876
-5871
-6709
-7080
-7466
-8217
-7736
-6417
-6517
-7427
-7056
-5861
-5010
-4491
-4328
-4325
-3461
-1900
-1110
-1175
-1010
-93
1408
2723
2807
2464
3450
5323
6491
6669
5935
5142
6609
9408
9058
6040
5587
7758
8327
7102
5944
4611
3873
4647
4406
1887
219
342
-403
-2063
-2762
-3261
-4640
-5784
-6228
-6581
-6727
-6837
-7724
-8509
-7787
-6511
-6502
-7264
-7116
-5934
-4831
-4340
-4250
-4080
-3210
-1792
-919
-944
-736
510
2056
2724
2608
2957
4277
5720
6534
6455
5603
5644
7725
9289
7700
5610
6298
7962
7805
6495
5253
4201
4063
4506
3495
1156
-82
-119
-872
-2195
-3028
-3953
-5265
-5946
-6074
-6546
-7115
-7521
-8037
-8148
-7341
-6663
-6986
-7407
-6876
-5635
-4616
-4389
-4572
-4056
-2653
-1394
-974
-952
-447
1068
2711
2954
2534
3487
5355
6340
6625
6470
5827
6540
8889
9189
6800
5966
7455
8068
7317
6343
4876
3935
4571
4468
2210
473
379
-317
-1903
-2665
-3167
-4490
-5587
-5954
-6485
-6937
-6917
-7511
-8436
-8006
-6773
-6574
-7092
-7114
-6386
-5167
-4225
-4252
-4384
-3454
-2062
-1124
-747
-586
219
1939
2987
2735
3095
4593
5724
6373
6792
6071
5785
8017
9544
7454
5714
7126
8067
7003
6459
5875
4068
3602
4638
3482
703
-145
-4
-1253
-2486
-2945
-4274
-5778
-5807
-5795
-6877
-7486
-7410
-7882
-8105
-7246
-6751
-7189
-7196
-6419
-5519
-4733
-4304
-4209
-3653
-2395
-1313
-898
-644
157
1599
2673
2772
3111
4402
5545
6138
6735
6547
5877
7102
9253
8562
6184
6311
7877
7702
6633
5866
4498
3631
4425
4073
1422
-203
19
-745
-2302
-2899
-3747
-5354
-5910
-5771
-6526
-7256
-7291
-7755
-8186
-7404
-6621
-7006
-7362
-6709
-5621
-4773
-4428
-4356
-3768
-2568
-1498
-902
-583
-7
1314
2590
2748
2934
4292
5432
5799
6581
6871
5932
6561
8897
8649
6184
6198
7797
7325
6221
6009
4774
3348
3960
4022
1534
-209
-45
-753
-2343
-2981
-3744
-5242
-5814
-5750
-6556
-7337
-7270
-7517
-8033
-7592
-6817
-6860
-7053
-6575
-5750
-4946
-4322
-3972
-3537
-2650
-1553
-754
-275
373
1549
2503
2709
3312
4750
5569
5704
6480
6994
6441
6858
8524
8405
6591
6374
7569
7418
6167
5439
4824
3970
3651
3260
1695
108
-301
-746
-2155
-3348
-3886
-4722
-5776
-6238
-6472
-7010
-7443
-7607
-7795
-7718
-7106
-6731
-6946
-6807
-5818
-4849
-4435
-4092
-3451
-2608
-1651
-794
-234
507
1654
2397
2685
3612
4907
5424
5806
6738
6886
6360
7214
8569
7919
6579
6835
7345
6834
6343
5669
4171
3518
4002
3085
886
-76
-263
-1400
-2538
-3138
-4323
-5505
-5632
-5954
-7035
-7453
-7259
-7617
-7951
-7519
-7111
-7043
-6758
-6271
-5745
-4973
-4171
-3640
-3124
-2309
-1343
-496
237
1069
1977
2573
3116
4195
5218
5563
6106
7005
6920
6468
7449
8587
7744
6461
6704
7202
6707
6005
5194
4032
3463
3522
2646
775
-391
-750
-1476
-2673
-3682
-4540
-5324
-5831
-6249
-6836
-7308
-7454
-7573
-7682
-7466
-6990
-6740
-6686
-6315
-5448
-4546
-3978
-3585
-2992
-2046
-938
-59
581
1349
2152
2813
3734
4823
5266
5524
6545
7270
6714
6645
7914
8346
7210
6584
6885
6777
6366
5884
4571
3313
3438
3346
1604
-26
-491
-1182
-2288
-3020
-4026
-5318
-5746
-5819
-6630
-7357
-7375
-7565
-7870
-7534
-7145
-7231
-7060
-6424
-5876
-5313
-4516
-3892
-3442
-2665
-1639
-736
115
991
1712
2305
3233
4419
5140
5408
6124
7028
7000
6723
7505
8265
7636
6799
6841
6960
6595
6028
5124
4034
3435
3104
2332
1038
-352
-1283
-1685
-2454
-3831
-4787
-5184
-5845
-6471
-6684
-7185
-7759
-7494
-7152
-7441
-7316
-6573
-6327
-6233
-5408
-4532
-4050
-3369
-2601
-2070
-1168
159
1078
1463
1968
2975
4306
5189
5301
5723
6848
7204
6737
7140
8048
7824
7233
6908
5892
5457
6964
6913
3283
1014
2797
3953
1829
-879
-2506
-2955
-1887
-1665
-4605
-7469
-6718
-5010
-5567
-7171
-8069
-8155
-7213
-6096
-6427
-7301
-6767
-5543
-4960
-4465
-3699
-3247
-2842
-1986
-926
184
1172
1482
1525
2610
4460
5364
5107
5242
6216
6875
7066
7406
7444
6867
6810
7257
6774
5831
5641
5223
3973
3320
3152
2010
666
138
-746
-2151
-2793
-3220
-4419
-5295
-5470
-6050
-6728
-6719
-6884
-7456
-7312
-6737
-6706
-6701
-6215
-5705
-5184
-4446
-3871
-3377
-2521
-1649
-904
119
1052
1453
2122
3446
4366
4744
5560
6491
6495
6379
7287
8127
7559
6725
6873
7089
6530
6026
5580
4432
3393
3303
2880
1431
249
-442
-1505
-2409
-2788
-3772
-5185
-5711
-5802
-6353
-6740
-6879
-7469
-7723
-6982
-6512
-6806
-6673
-5995
-5473
-4820
-3952
-3521
-3135
-2092
-941
-161
635
1462
2175
3082
4027
4714
5549
6499
6699
6529
7145
8011
7856
7106
6749
6641
6353
5928
5137
3907
2948
2592
2103
942
-345
-1202
-1877
-2673
-3423
-4105
-4917
-5630
-5924
-5997
-6189
-6425
-6601
-6592
-6207
-5626
-5375
-5357
-4997
-4269
-3533
-2878
-2370
-2040
-1441
-313
752
1177
1441
2281
3373
3966
4266
4914
5500
5420
5398
6145
6613
5993
5376
5411
5258
4795
4574
3916
2579
1918
2020
1390
97
-741
-1445
-2286
-2575
-2761
-3769
-4758
-4832
-4782
-5004
-5014
-5085
-5432
-5267
-4472
-4032
-4115
-4038
-3585
-2934
-2223
-1681
-1491
-1237
-410
720
1273
1285
1808
2843
3364
3561
4217
4583
4202
4372
5298
5374
4590
4337
4460
4223
4011
3733
2749
1872
1813
1544
547
-266
-842
-1730
-2359
-2423
-2864
-3800
-4305
-4342
-4460
-4515
-4464
-4691
-4896
-4458
-3836
-3735
-3772
-3382
-2832
-2333
-1728
-1248
-987
-351
717
1308
1414
2019
2950
3323
3555
4208
4506
4186
4366
5040
5031
4490
4323
4228
3866
3759
3636
2693
1625
1419
1342
563
-431
-1193
-1923
-2396
-2531
-3028
-3934
-4409
-4340
-4358
-4497
-4507
-4615
-4713
-4326
-3721
-3502
-3518
-3228
-2620
-1958
-1418
-1014
-517
279
1057
1492
1947
2701
3350
3676
4057
4489
4562
4503
4761
4997
4702
4260
4075
3894
3574
3267
2725
1831
1195
998
567
-349
-1243
-1867
-2391
-2731
-3045
-3673
-4345
-4504
-4334
-4368
-4533
-4619
-4582
-4282
-3769
-3485
-3469
-3226
-2627
-1989
-1524
-1152
-641
126
896
1385
1841
2466
3032
3540
4109
4381
4207
4247
4713
4890
4513
4113
3829
3546
3430
3231
2449
1516
1117
867
289
-422
-1154
-1954
-2464
-2643
-3054
-3685
-4050
-4191
-4341
-4303
-4127
-4210
-4321
-3994
-3509
-3274
-3041
-2665
-2364
-1973
-1291
-632
-197
350
1027
1571
2185
2925
3340
3540
4098
4629
4451
4230
4597
4804
4385
4021
3787
3263
2968
3096
2513
1170
524
638
263
-691
-1470
-2184
-2751
-2757
-2845
-3650
-4286
-4132
-3947
-4029
-3994
-3958
-4011
-3686
-3137
-2930
-2819
-2434
-1972
-1548
-1030
-445
155
727
1168
1702
2410
2942
3278
3755
4104
3983
3940
4318
4464
4174
3823
3376
2989
3018
3013
2214
1163
676
555
251
-389
-1336
-2167
-2403
-2403
-2782
-3399
-3800
-3886
-3744
-3579
-3622
-3718
-3563
-3283
-3029
-2696
-2369
-2181
-1923
-1470
-953
-383
211
650
975
1509
2275
2871
3099
3237
3586
3871
3849
3796
3897
3802
3401
3066
2834
2559
2349
2009
1218
470
307
165
-527
-1314
-1861
-2258
-2457
-2568
-3015
-3565
-3608
-3341
-3297
-3340
-3293
-3234
-3029
-2626
-2324
-2207
-1977
-1594
-1194
-752
-244
253
726
1160
1650
2255
2757
3022
3319
3636
3633
3529
3712
3839
3509
3058
2745
2469
2291
2148
1557
649
161
98
-164
-816
-1569
-2182
-2434
-2395
-2587
-3145
-3533
-3465
-3201
-3038
-3032
-3086
-2963
-2621
-2236
-1917
-1740
-1613
-1270
-691
-236
107
608
1083
1377
1836
2459
2807
3017
3303
3281
3083
3343
3689
3362
2760
2447
2254
2142
2124
1612
587
72
243
120
-581
-1287
-1792
-2096
-2085
-2118
-2595
-3098
-3100
-2852
-2711
-2650
-2617
-2624
-2468
-2059
-1689
-1537
-1441
-1235
-906
-445
74
483
715
970
1463
2059
2438
2651
2847
2874
2776
2928
3187
3012
2501
2103
1903
1819
1794
1425
589
25
107
106
-413
-1037
-1500
-1810
-1834
-1808
-2151
-2583
-2602
-2393
-2296
-2211
-2110
-2103
-1998
-1696
-1430
-1232
-1050
-966
-851
-435
103
405
539
782
1183
1630
2016
2257
2341
2356
2370
2444
2554
2461
2102
1715
1506
1471
1418
1127
601
161
-8
-59
-232
-659
-1193
-1508
-1550
-1578
-1752
-1976
-2149
-2188
-1972
-1697
-1652
-1703
-1592
-1370
-1132
-874
-728
-697
-511
-141
174
419
715
993
1230
1528
1832
2067
2236
2252
2076
1956
2032
2088
1833
1321
867
768
919
763
129
-481
-587
-477
-614
-1041
-1519
-1808
-1770
-1647
-1816
-2135
-2180
-1964
-1797
-1721
-1621
-1478
-1301
-1077
-874
-701
-452
-170
32
230
585
973
1235
1478
1752
1971
2172
2422
2479
2274
2136
2154
2049
1781
1512
1147
722
550
514
144
-436
-752
-857
-1040
-1280
-1548
-1902
-2103
-2023
-1993
-2182
-2247
-2079
-1958
-1884
-1674
-1458
-1348
-1170
-884
-696
-553
-199
186
356
524
916
1354
1671
1887
2032
2158
2431
2669
2534
2219
2095
2073
1931
1672
1223
732
540
513
174
-395
-757
-955
-1182
-1386
-1628
-1977
-2189
-2160
-2180
-2306
-2289
-2150
-2076
-1979
-1770
-1574
-1405
-1142
-914
-800
-587
-167
200
400
626
990
1408
1789
2073
2200
2306
2554
2790
2752
2488
2279
2189
2067
1812
1399
955
671
524
256
-218
-677
-951
-1104
-1342
-1717
-2036
-2164
-2211
-2311
-2427
-2472
-2396
-2226
-2068
-2017
-1902
-1618
-1330
-1167
-1026
-790
-434
-25
283
460
741
1240
1727
1966
2046
2226
2567
2825
2743
2452
2306
2340
2233
1896
1446
1053
872
749
383
-183
-535
-663
-903
-1246
-1548
-1811
-1972
-2002
-2125
-2341
-2338
-2134
-2075
-2093
-1953
-1742
-1540
-1294
-1111
-1045
-791
-317
7
151
400
786
1197
1573
1826
1906
2079
2414
2571
2445
2278
2197
2093
1933
1704
1310
913
769
661
259
-255
-527
-654
-873
-1169
-1488
-1750
-1849
-1849
-1989
-2167
-2158
-2018
-1943
-1901
-1797
-1660
-1435
-1182
-1046
-956
-667
-221
70
190
428
867
1301
1579
1723
1875
2132
2402
2481
2313
2144
2107
2063
1843
1479
1141
905
703
418
30
-308
-511
-729
-1057
-1359
-1516
-1624
-1791
-1978
-2113
-2152
-2049
-1905
-1916
-1987
-1843
-1499
-1240
-1147
-1049
-810
-431
-37
186
316
623
1094
1453
1607
1733
1960
2210
2354
2316
2158
2081
2043
1902
1613
1283
1019
809
586
250
-156
-432
-563
-793
-1168
-1459
-1564
-1665
-1820
-1989
-2139
-2137
-1974
-1897
-1997
-1962
-1667
-1373
-1234
-1124
-947
-625
-181
139
248
458
920
1361
1570
1691
1874
2082
2258
2312
2208
2077
2023
1928
1670
1366
1173
994
695
318
23
-175
-406
-711
-1045
-1305
-1448
-1567
-1775
-2012
-2093
-2052
-2048
-2074
-2007
-1864
-1706
-1521
-1330
-1136
-836
-454
-187
-11
301
754
1126
1356
1519
1738
2028
2282
2317
2184
2128
2149
2027
1763
1498
1270
1011
705
376
77
-172
-436
-773
-1102
-1336
-1499
-1673
-1892
-2097
-2197
-2197
-2168
-2129
-2064
-1929
-1737
-1500
-1255
-961
-611
-299
-65
223
661
1090
1368
1520
1699
2001
2310
2431
2356
2255
2193
2136
2005
1713
1316
990
750
430
63
-226
-506
-859
-1150
-1320
-1485
-1664
-1819
-1987
-2114
-2115
-2052
-2007
-1952
-1868
-1722
-1467
-1137
-815
-559
-328
-37
387
786
1055
1271
1510
1723
1940
2161
2257
2188
2115
2132
2031
1791
1554
1297
964
623
319
-28
-369
-632
-913
-1263
-1493
-1569
-1691
-1867
-1960
-1980
-1990
-1927
-1809
-1720
-1611
-1422
-1209
-987
-677
-351
-102
139
454
798
1106
1331
1507
1700
1888
2026
2076
2072
2032
1974
1839
1639
1415
1225
992
620
233
-10
-203
-513
-860
-1139
-1337
-1445
-1535
-1715
-1891
-1869
-1747
-1745
-1770
-1655
-1454
-1294
-1143
-967
-749
-435
-130
48
228
553
912
1122
1267
1442
1623
1787
1895
1872
1800
1791
1771
1602
1356
1167
1012
771
458
164
-93
-292
-481
-741
-1051
-1254
-1309
-1376
-1532
-1676
-1682
-1624
-1578
-1540
-1465
-1335
-1156
-990
-838
-624
-372
-133
54
238
474
753
992
1128
1240
1407
1551
1622
1663
1652
1564
1483
1427
1283
1057
867
682
426
207
42
-176
-439
-618
-759
-914
-1039
-1121
-1253
-1353
-1342
-1327
-1363
-1367
-1248
-1140
-1078
-971
-809
-625
-429
-240
-113
40
306
577
699
782
982
1168
1271
1335
1387
1401
1399
1353
1228
1096
1036
912
637
367
258
186
-24
-302
-487
-574
-664
-782
-940
-1081
-1107
-1075
-1125
-1201
-1166
-1063
-1004
-970
-874
-740
-592
-448
-331
-221
-50
173
336
425
550
744
920
1017
1055
1121
1207
1246
1208
1123
1040
986
915
766
534
365
294
172
-55
-246
-329
-434
-585
-689
-771
-876
-917
-931
-993
-1039
-971
-893
-926
-919
-791
-658
-594
-499
-384
-277
-135
42
156
223
382
566
667
699
789
906
983
983
954
942
932
918
840
699
554
510
467
285
69
13
-17
-186
-352
-422
-477
-541
-589
-684
-786
-747
-664
-718
-825
-761
-625
-605
-611
-538
-464
-397
-261
-161
-128
-30
144
239
270
358
506
591
617
653
684
731
778
770
690
609
613
630
544
400
269
223
176
69
-45
-136
-228
-320
-355
-389
-455
-528
-541
-560
-577
-530
-503
-557
-583
-477
-388
-408
-384
-263
-205
-198
-91
47
63
110
269
341
307
389
540
543
494
561
616
553
546
593
537
422
399
381
281
218
189
54
-102
-94
-67
-212
-367
-344
-313
-393
-437
-401
-415
-456
-413
-371
-418
-425
-333
-298
-334
-280
-165
-157
-147
-21
86
85
130
248
278
258
356
452
397
358
457
516
450
402
422
419
357
312
256
191
163
123
-22
-180
-156
-68
-150
-337
-335
-219
-244
-327
-324
-280
-312
-353
-339
-315
-281
-263
-289
-322
-263
-143
-81
-96
-86
1
89
105
112
158
223
234
232
232
251
328
364
302
229
290
365
326
237
190
175
156
118
53
14
42
21
-79
-120
-54
-18
-86
-167
-166
-124
-116
-145
-194
-208
-188
-171
-152
-137
-131
-116
-82
-44
-36
-28
7
34
48
47
63
108
132
130
125
145
191
200
175
166
196
191
125
100
121
127
74
23
22
24
-2
-20
-35
-65
-87
-83
-95
-129
-144
-148
-151
-148
-147
-144
-144
-117
-82
-89
-92
-55
-23
-26
-16
24
60
42
28
86
147
149
118
131
170
189
176
174
191
191
151
116
135
159
134
57
15
50
70
15
-48
-55
-36
-69
-127
-124
-99
-121
-179
-189
-162
-155
-164
-174
-185
-174
-134
-115
-114
-98
-86
-51
-1
30
35
45
97
146
143
129
164
220
209
154
159
211
219
167
115
116
149
142
77
20
27
37
-6
-68
-80
-85
-117
-136
-138
-148
-175
-177
-161
-160
-183
-170
-124
-124
-142
-121
-64
-33
-44
-48
-2
66
95
77
72
143
204
171
131
160
215
211
148
124
162
175
111
62
71
92
55
-16
-47
-33
-20
-68
-122
-135
-113
-110
-139
-162
-151
-132
-136
-128
-113
-105
-87
-58
-50
-65
-39
26
59
19
27
99
136
124
106
123
153
157
148
119
113
132
121
59
21
63
68
-5
-44
-26
-21
-62
-82
-88
-101
-102
-104
-113
-130
-97
-62
-74
-80
-50
-7
2
18
33
33
53
84
90
36
30
77
85
32
23
86
88
27
6
37
52
29
-22
-58
-46
-44
-83
-142
-150
-128
-145
-187
-196
-160
-148
-180
-211
-188
-144
-139
-148
-134
-99
-77
-54
-22
-2
23
67
96
103
127
162
184
183
181
189
198
211
206
179
182
207
189
119
103
150
159
92
35
38
72
57
-2
-41
-35
-12
-56
-115
-114
-89
-106
-151
-168
-152
-128
-123
-149
-159
-133
-92
-94
-109
-93
-56
-34
-28
-22
-12
21
46
45
23
30
78
90
53
32
61
72
51
27
24
36
29
13
-28
-19
5
-12
-56
-59
-22
-28
-61
-69
-44
-24
-23
-30
-22
-9
8
13
2
16
33
35
32
40
55
59
67
65
56
64
87
78
50
31
40
58
29
-28
-44
-23
-31
-74
-109
-102
-100
-114
-140
-160
-147
-122
-126
-155
-152
-109
-86
-106
-109
-70
-36
-34
-33
-12
13
41
44
47
49
63
95
93
84
88
119
139
121
107
110
121
117
102
90
87
70
47
22
20
29
-4
-39
-50
-48
-45
-77
-115
-120
-111
-109
-130
-133
-119
-123
-114
-100
-84
-80
-69
-60
-60
-41
-6
-5
-28
-15
26
46
33
34
49
69
86
87
71
76
104
106
76
53
75
89
55
26
23
33
23
-1
-21
-33
-32
-39
-67
-93
-78
-67
-86
-108
-96
-83
-81
-77
-72
-66
-59
-46
-39
-30
-20
-3
-4
4
25
41
40
39
50
63
73
69
61
50
54
77
77
41
23
36
60
35
1
-3
12
11
-24
-45
-42
-31
-44
-81
-92
-74
-65
-90
-98
-85
-69
-70
-82
-84
-63
-41
-51
-62
-41
-14
-4
-3
5
11
22
46
46
36
39
57
62
44
45
53
50
42
38
35
34
40
17
-10
-12
3
-2
-40
-55
-41
-39
-49
-69
-65
-48
-50
-60
-57
-32
-33
-50
-42
-11
-10
-16
-13
1
15
16
15
17
36
44
38
37
48
56
37
32
46
41
25
23
26
17
4
3
7
-2
-17
-25
-32
-22
-32
-56
-63
-51
-39
-56
-55
-42
-40
-40
-35
-23
-19
-26
-17
-12
1
5
-1
-5
13
29
22
11
24
37
33
7
4
17
8
-9
-6
-3
-9
-12
-21
-23
-32
-31
-19
-27
-40
-38
-32
-20
-24
-41
-44
-30
-11
-17
-27
-23
-5
4
-11
-10
15
28
16
13
21
41
39
30
38
41
44
42
34
30
34
30
17
17
14
1
-11
-12
-26
-50
-55
-41
-48
-74
-86
-67
-58
-81
-84
-66
-59
-63
-84
-72
-44
-38
-46
-51
-31
6
7
-3
15
38
46
41
43
54
62
58
60
67
74
73
66
68
69
63
53
52
52
33
22
14
12
-6
-35
-32
-26
-33
-58
-67
-51
-49
-68
-80
-63
-49
-64
-79
-68
-47
-47
-53
-55
-37
-16
-14
-25
-9
15
11
-3
10
34
39
34
26
47
56
54
52
52
61
60
52
51
57
50
41
31
26
24
13
11
10
-6
-18
-16
-11
-13
-31
-39
-33
-19
-29
-46
-33
-16
-17
-36
-26
-7
-8
-23
-33
-14
-1
-16
-27
-13
10
8
-9
-6
8
19
16
10
15
25
19
11
13
23
25
14
24
31
34
23
28
35
32
22
20
27
21
12
14
21
11
10
14
25
31
11
3
24
37
26
0
-4
20
21
2
-12
7
5
-4
-20
-10
9
-7
-11
-19
-5
-3
-14
-29
-13
-3
-7
-9
-8
8
9
1
7
28
19
15
21
32
35
29
34
52
47
37
43
51
49
34
31
38
48
34
21
18
31
30
13
11
11
22
12
0
9
16
1
-10
1
7
4
-7
-10
-3
5
5
-2
1
10
8
7
18
25
19
14
23
27
27
27
30
29
19
15
25
34
28
18
15
22
20
10
8
20
12
2
-5
0
19
9
1
-3
11
18
10
4
10
22
11
7
16
29
29
25
28
35
35
39
33
35
35
37
27
29
33
30
31
22
18
10
15
27
20
-1
-8
0
17
-5
-18
-14
-1
-2
-21
-19
-9
3
-8
-12
-5
7
8
1
-2
5
14
12
19
17
17
22
23
30
33
27
36
50
37
25
36
52
46
26
25
33
36
28
18
24
33
26
11
3
26
20
-1
-4
8
17
2
-8
-2
16
10
-8
-1
8
20
8
-1
10
12
9
11
17
16
9
14
22
27
22
8
22
34
22
10
10
26
27
7
3
19
25
8
-3
10
25
7
-8
6
26
16
-4
1
15
8
-3
-8
3
21
3
-10
4
21
13
3
13
25
18
7
14
21
19
4
10
32
30
11
6
22
37
23
7
22
33
23
-5
-2
15
13
-18
-18
12
7
-14
-18
-1
10
1
-15
-8
8
4
-11
-5
13
7
-10
-2
17
22
4
-2
16
34
23
7
17
30
24
6
13
34
26
9
9
23
26
11
-3
13
27
11
-3
1
19
8
-15
-8
11
9
-9
-2
16
17
1
-5
16
21
8
-8
10
24
14
-9
2
27
22
-3
3
21
27
9
-8
7
23
15
-15
-2
17
9
-15
-7
16
14
-9
-17
3
6
-3
-15
-5
8
-4
-19
-10
16
5
-24
-7
9
11
-8
-9
3
13
1
-11
2
22
18
1
7
29
31
14
12
25
31
12
10
20
28
17
6
12
19
23
4
2
13
4
-16
-10
5
1
-13
-22
-12
-4
-6
-19
-13
7
-2
-17
-4
12
5
-12
-6
10
14
2
0
13
27
18
8
17
36
30
22
21
31
28
9
21
24
26
6
-6
1
21
2
-21
-13
-6
-9
-34
-33
-14
-16
-35
-34
-16
-19
-32
-39
-25
-14
-19
-31
-19
-3
-7
-18
-17
4
11
4
0
14
17
10
9
15
26
24
16
17
31
32
16
23
30
26
14
12
25
23
9
4
11
13
0
-8
-4
4
-4
-18
-14
-7
-7
-19
-23
-17
-9
-14
-29
-23
-2
-6
-22
-14
2
-4
-9
-8
-11
-7
-9
-4
-5
-3
5
8
13
7
9
13
13
19
14
15
14
22
20
11
4
14
13
3
3
4
9
0
0
-6
-3
-3
-6
-6
-11
-9
-1
-17
-15
-13
-15
-12
-17
-15
-12
-15
-20
-12
-11
-16
-9
-7
-15
-15
-9
-4
-10
-11
0
-6
-9
-5
-1
5
-2
-6
0
8
6
-2
4
1
5
6
-2
1
3
4
5
7
11
2
5
9
7
5
-4
-2
4
-4
-6
1
2
-1
-12
-15
1
1
-4
-12
-7
0
-10
-20
-12
-8
-9
-20
-17
-2
-3
-16
-19
-6
5
-10
-17
-10
-3
4
-5
1
10
12
0
3
11
5
1
-2
4
4
-1
0
1
8
-1
-8
0
4
-12
-18
-15
-6
-7
-20
-23
-10
-2
-18
-18
-9
1
-12
-28
-19
-1
-10
-29
-24
-11
0
-7
-21
-12
7
0
-9
2
16
3
-4
2
12
9
-1
7
14
3
-5
-3
7
8
-9
-16
-4
5
-11
-18
-15
-5
-7
-25
-10
5
-3
-15
-22
-3
8
-19
-25
-14
-4
-11
-22
-19
-8
-11
-21
-22
-12
-8
-19
-22
-10
-5
-14
-20
-12
-2
-8
-17
-9
6
-1
-11
-8
-3
1
-12
-14
-1
-2
-6
-6
0
11
-1
-15
-6
10
4
-13
-9
7
3
-15
-12
1
10
-10
-20
-9
-3
-1
-13
-8
-5
-6
-18
-16
-6
-2
-13
-16
-10
-4
-12
-24
-6
0
-1
-12
-10
2
-4
-3
-5
7
9
-1
-2
4
9
0
-6
7
10
1
-4
-3
7
4
-2
-1
12
7
0
-4
0
8
-2
-8
-3
-1
-5
-12
-18
-9
-12
-25
-23
-19
-16
-23
-26
-21
-19
-17
-16
-13
-11
-12
-11
-9
-2
-6
-13
-5
-3
-2
-3
-1
0
-1
-3
-6
11
9
-1
5
4
6
5
2
-2
2
4
-3
-9
-3
1
-10
-9
-3
-9
-14
-14
-15
-17
-15
-19
-25
-22
-21
-18
-21
-18
-22
-23
-13
-10
-10
-17
-9
-7
-9
-9
-15
-4
0
-6
-6
-5
-3
4
-2
-1
6
2
-2
-3
3
4
2
2
-3
9
5
1
3
-2
-1
-1
-3
4
-3
-12
-5
-3
-2
-9
-6
-6
-9
-11
-12
-3
-12
-15
-18
-15
-6
-12
-19
-17
-5
-9
-15
-18
-11
-9
-11
-8
-8
-11
-8
-11
-11
-7
-5
-12
-4
2
-5
-6
-3
2
3
-2
0
8
4
-2
2
-1
3
-5
-15
-9
0
-6
-9
-6
0
-2
-13
-8
-6
-1
-10
-17
-12
-6
-15
-21
-15
-4
-11
-14
-19
-13
-8
-16
-20
-11
-8
-18
-13
-11
-7
-13
-16
-11
-7
-7
-9
-7
4
-1
-8
-3
4
4
-8
-2
6
4
-10
-6
0
4
-5
-16
-5
1
-14
-22
-13
-2
-8
-20
-18
-5
-2
-15
-13
-5
-2
-3
-10
-2
5
1
-7
2
11
2
-2
-5
11
13
8
1
11
13
0
-6
5
21
4
-8
2
16
11
-3
-2
4
4
-7
-13
1
2
-10
-14
-6
2
-10
-14
-7
6
-5
-15
-10
0
-2
-13
-9
1
10
-4
-17
1
10
0
-9
5
10
-1
-11
-3
7
3
-9
-12
4
7
-8
-7
1
6
-2
-16
0
7
2
-8
1
15
10
-3
-5
10
6
-4
-10
5
16
1
-9
1
14
4
-8
3
12
10
-1
4
17
12
-4
-2
11
9
-2
-2
6
7
0
-3
7
14
7
-4
4
21
11
-4
3
17
19
7
6
18
27
15
14
24
29
16
8
18
33
21
10
16
18
19
6
7
18
22
9
5
10
18
10
-3
10
25
12
-3
7
19
11
-6
3
13
13
7
7
20
23
6
8
18
28
18
5
18
27
21
8
14
27
28
16
17
23
28
17
17
20
23
10
8
23
29
18
10
22
26
17
4
16
26
21
9
7
22
20
9
11
20
30
16
8
21
28
19
5
14
27
22
8
11
22
23
12
10
28
27
18
10
16
21
15
7
14
18
16
6
6
22
21
6
8
18
17
5
4
12
20
13
-1
12
23
12
-3
12
28
20
4
8
26
25
5
5
22
25
10
4
21
28
21
7
14
32
22
7
4
22
23
5
4
17
19
9
2
11
23
11
0
17
22
10
4
7
23
20
7
9
22
25
8
2
15
27
13
3
17
29
20
-2
8
27
26
10
5
22
20
7
0
21
29
17
7
12
22
18
9
10
23
18
6
9
14
21
12
8
25
20
11
2
11
23
12
2
2
20
19
2
4
20
21
3
1
14
24
14
0
9
27
18
3
8
26
22
3
2
23
23
9
2
9
20
7
-3
2
18
21
-3
3
21
17
-3
-1
12
19
-1
-10
6
15
5
-7
1
18
14
-9
-6
12
17
0
-6
11
24
0
-6
12
25
14
-3
9
23
19
0
3
21
21
7
-5
13
27
6
-11
8
28
14
-4
3
16
16
-2
-2
15
12
-5
-9
9
16
-2
-9
13
22
11
-13
0
20
9
-8
-11
13
17
-3
-20
5
13
-6
-16
-2
15
4
-14
-8
15
13
-11
-13
8
15
-9
-22
0
17
-3
-16
0
17
3
-14
-2
11
9
-12
-10
13
11
-11
-10
13
17
-3
-13
5
18
3
-17
-5
25
10
-11
-3
19
19
-3
-8
16
28
-2
-12
8
27
6
-11
-3
23
14
-17
-8
17
14
-9
-18
5
17
-10
-13
4
18
-2
-15
-1
18
10
-18
-10
19
17
-6
-10
9
18
0
-15
4
24
2
-14
4
27
13
-10
-2
19
18
-8
-8
11
21
6
-9
7
24
6
-11
4
19
14
-7
-5
21
18
-6
-4
12
19
-4
-7
14
21
0
-10
5
19
3
-18
-4
19
13
-5
-11
11
17
-4
-7
14
24
5
-14
0
24
7
-16
-12
14
11
-13
-11
14
19
2
-8
4
16
-3
-16
-1
19
4
-13
2
15
15
-4
-3
12
16
1
-2
14
21
3
-13
4
20
6
-10
0
18
9
-6
-7
12
17
-5
-6
3
15
-5
-18
-4
11
7
-13
-5
11
13
-1
-6
5
7
-7
-10
3
8
0
-9
-7
5
-1
-9
-6
3
-3
-16
-11
4
7
-7
-7
2
2
-4
-11
-9
11
5
-17
-8
-4
2
-15
-18
1
2
-10
-19
-5
1
-10
-22
-10
-1
5
-12
-12
0
-4
-10
-10
-5
-1
-10
-12
-7
-3
-6
-16
-9
-2
-6
-17
-10
-5
-9
-11
-16
-15
-10
-14
-19
-10
-4
-9
-14
-9
-5
-9
-14
-15
-13
-9
-11
-5
-8
-5
-11
-13
-8
-4
-7
-14
-10
-9
-7
-15
-11
-10
-13
-12
-16
-12
-9
-12
-10
-11
-9
-10
-9
-4
-4
-10
-9
-5
-3
-4
-6
-10
-9
-6
-16
-12
-6
-3
-9
-16
-7
-9
-13
-12
-15
-15
-14
-13
-17
-14
-10
-14
-14
-14
-11
-14
-17
-16
-14
-11
-15
-15
-7
-11
-9
-11
-15
-11
-11
-6
-12
-12
-10
-13
-11
-10
-9
-8
-6
-14
-13
-12
-9
-11
-6
-5
-8
-12
-5
0
-4
-3
-13
-13
-6
-11
-5
-9
-4
-9
-2
-4
-10
-5
-8
-5
-5
-3
-5
-4
5
8
3
-2
0
3
2
-3
0
6
3
1
3
3
2
1
-2
-1
1
-1
-3
1
-3
-7
-4
-2
-3
-11
-8
-2
-3
-6
-10
-12
-13
-9
-11
-9
-10
-5
-3
-13
-9
-4
-7
-10
-8
-8
-4
-8
-5
0
-1
-1
-1
-3
6
-1
-4
-3
0
2
-2
2
2
-2
-4
-5
-1
-1
-8
-5
-1
3
-6
-3
0
3
3
1
-7
-7
0
-7
-3
1
3
-2
-6
3
6
1
-2
9
10
2
-2
4
10
5
2
0
6
6
2
4
11
8
12
4
8
10
3
0
2
9
3
3
4
6
0
-1
6
4
3
4
1
6
4
6
0
4
7
5
2
0
4
4
-4
-1
8
3
1
-5
3
8
7
-4
3
5
-5
-6
-2
5
3
-4
-6
4
-2
-8
-5
-2
2
-9
-11
-1
-4
-1
-3
-5
2
0
-6
-1
2
1
-6
-5
6
-1
-9
-3
2
-1
-3
-4
-2
5
3
0
-3
2
-1
-1
-2
2
1
-6
-3
-4
-4
-2
-6
-7
-2
-4
-7
-7
2
-7
-2
-9
-6
0
-5
-7
-4
4
-2
-10
-4
1
0
-10
-7
0
5
0
-10
-2
-5
-7
-10
-11
3
-1
-8
-8
-10
-4
-13
-10
-6
-5
-9
-8
-4
-9
-5
-11
-6
-2
-2
-8
-11
-6
-5
-11
-15
-8
-3
-8
-9
-6
-3
-5
-11
-9
-6
-7
-8
-8
-10
-4
-3
-10
-2
-3
-6
-4
-5
6
-1
-4
-6
3
1
-8
-5
-6
2
-6
-7
-5
0
-6
-12
-6
-3
-4
-12
-12
-4
-2
-7
-12
-4
-4
-3
-7
-7
1
-10
-9
-3
-1
-5
-11
-10
-1
-2
0
-6
-9
1
-11
-7
-3
-3
-10
-7
-8
-8
-10
-8
-6
-8
-1
-8
-12
-9
-5
-7
-11
-7
-2
-5
-12
-6
-2
-3
-5
-6
-2
0
-2
-9
-8
-3
-4
-7
-9
1
-3
-9
-5
0
-5
-11
-10
-4
-1
-13
-13
-7
-7
-10
-11
-5
-5
-11
-10
-7
-4
-6
-11
-3
-4
-9
-8
-10
-4
-1
-6
-9
-7
-4
-3
-4
-8
-7
-6
-6
-5
-3
0
-2
-1
6
7
-2
-3
3
6
-3
-2
-4
1
2
-3
0
4
-1
-6
-5
0
3
1
1
-2
-2
-1
-2
-1
-3
-9
-4
-7
-7
-3
-7
-12
-9
-6
-14
-6
-5
-7
-1
-9
-13
-11
-8
-10
-10
-7
-10
-14
-11
-12
-10
-11
-10
-14
-14
-13
-17
-7
-10
-8
-5
-9
-1
-9
-9
-11
-10
-10
-16
-6
-10
-9
-7
-7
-7
-9
-8
-7
-8
-9
-12
-10
-8
-4
0
-4
-2
0
-1
-2
-8
-8
-1
0
-7
-11
-4
-5
-7
-6
-10
-14
-8
-1
-10
-14
-7
-4
-7
-14
-11
-4
-6
-7
-12
-7
-8
-9
-13
-3
-2
-4
0
-1
1
-4
-11
-9
1
-2
-8
-5
-6
0
-1
-2
2
8
3
4
3
2
-3
-3
1
-6
0
-4
-6
-3
2
-3
-6
-2
1
3
3
0
7
5
-3
3
1
2
-5
2
0
1
-2
-1
4
8
7
2
0
1
5
1
-3
-3
1
3
0
5
6
1
-4
3
5
0
-3
-5
1
0
0
3
3
7
1
-1
5
9
-1
-5
1
4
3
-7
-1
4
2
1
1
3
7
-2
-5
-4
3
1
-10
3
5
0
-3
-2
6
4
-6
1
5
5
0
-4
2
7
4
-4
3
7
3
-1
-2
3
7
0
-3
4
1
-2
1
8
14
5
-3
8
9
5
6
1
9
12
0
-1
9
11
-3
-5
9
10
2
-1
6
11
4
-5
-2
8
11
-2
-5
8
11
3
1
1
9
0
-1
4
5
6
-6
0
11
14
-1
-3
6
7
-3
-7
5
11
5
-5
5
18
12
-3
2
15
18
7
0
8
15
4
-5
5
14
6
-2
0
15
10
-3
0
12
17
0
-4
10
16
7
-6
2
18
1
-11
-5
12
4
-13
-8
10
12
-12
-11
5
14
-2
-5
2
11
9
-9
-2
15
7
-9
-5
4
9
-2
-9
4
12
-2
-9
10
20
3
-11
1
14
10
-6
-2
12
18
2
-10
8
18
6
-6
0
21
11
-7
-2
20
13
-6
-1
13
17
-1
-4
14
24
4
-5
7
21
6
-11
3
15
8
-10
-1
16
13
-7
-6
13
17
-5
-8
11
16
5
-14
7
29
12
-7
4
24
19
0
-1
19
29
8
-2
13
23
9
-1
8
21
16
-4
6
27
20
1
4
28
25
-1
-4
15
27
5
-4
10
24
9
-5
8
24
20
-3
6
25
23
2
-1
21
21
5
-1
12
26
12
-10
4
26
13
-4
0
20
21
1
3
21
19
2
-2
20
26
5
-8
7
25
13
-9
-2
23
11
-7
-6
19
20
0
-11
12
19
-3
-8
4
22
11
-12
-3
11
7
-6
-6
13
12
-4
-6
9
17
-9
-11
7
14
6
-12
-1
23
9
-15
-5
13
10
-13
-14
11
19
-1
-15
0
17
4
-20
-4
19
5
-13
-4
13
17
-7
-10
8
15
-2
-17
4
19
7
-8
-3
14
8
-6
-6
16
12
-13
-5
16
23
1
-10
2
16
-2
-16
2
20
8
-18
-9
14
9
-13
-15
12
23
-4
-18
-3
14
10
-13
-3
9
11
-13
-14
12
13
-3
-11
4
8
-3
-13
4
13
3
-5
2
15
1
-7
-1
11
12
-3
-2
10
10
-4
-7
1
10
-6
-14
2
16
5
-11
-5
6
8
-10
-11
5
4
-7
-16
-1
5
-2
-13
-9
2
-1
-11
-12
6
2
-7
-4
2
6
-1
-3
7
5
-4
-4
3
16
-1
-2
4
10
5
-7
8
16
12
-8
-1
7
9
1
-8
5
5
-5
-11
6
8
0
-9
-3
9
-1
-9
-7
3
-3
-7
-8
1
-3
-13
-1
1
3
-9
-14
0
6
-7
-12
-4
6
-4
-18
-8
5
0
-8
-7
7
0
-14
-13
4
12
-5
-9
0
12
-2
-13
-9
10
-1
-11
-14
3
5
-10
-14
4
8
-11
-11
2
9
-5
-15
6
20
4
-17
-3
13
5
-8
-6
16
5
-4
-10
6
18
-4
-11
7
19
1
-10
0
19
8
-10
-2
17
13
-5
-8
15
17
-4
-11
5
21
-2
-12
3
17
8
-10
6
21
15
-9
-3
19
16
-9
-10
8
10
-6
-15
3
13
-1
-14
-1
17
6
-16
-6
17
12
-14
-7
13
15
-8
-16
7
15
1
-17
2
17
5
-13
5
23
15
-14
-5
20
17
-2
-10
14
22
4
-16
4
14
2
-9
0
20
13
-6
-1
21
11
-6
-4
14
15
-3
-8
7
16
-1
-10
8
18
5
-7
3
15
11
-12
-1
20
13
-6
-10
11
17
-4
-16
6
11
2
-11
3
21
6
-9
4
17
8
-11
-9
13
5
-6
-8
7
15
-5
-7
8
13
-2
-12
1
7
1
-10
-1
15
0
-13
-8
10
9
-15
-12
7
7
-2
-13
1
12
0
-19
-5
10
0
-15
-14
5
3
-11
-11
3
2
-11
-17
-2
5
-3
-16
-3
8
-6
-12
-4
13
6
-7
-1
20
11
-13
-6
11
15
-8
-7
7
22
-1
-13
9
18
7
-12
1
19
5
-13
-9
4
5
-14
-14
-2
8
-4
-13
3
7
-4
-16
-2
5
-1
-14
-14
11
10
-16
-13
6
11
-7
-18
3
11
-1
-20
0
13
-3
-19
-7
10
3
-15
-15
7
2
-9
-15
0
10
-3
-17
-9
11
1
-18
-12
2
1
-12
-15
9
11
-5
-10
4
12
-2
-19
-2
12
0
-17
-8
13
4
-20
-17
1
8
-16
-21
0
11
-7
-26
-6
14
-3
-26
-13
10
7
-20
-17
2
0
-19
-26
1
10
-6
-19
-6
7
-3
-20
-13
1
8
-14
-19
1
6
-9
-24
-3
4
-10
-30
-12
14
-1
-26
-15
8
3
-24
-28
1
7
-24
-30
-1
9
-17
-36
-15
14
0
-37
-20
7
4
-23
-24
1
9
-15
-31
-10
9
-5
-27
-16
9
3
-28
-29
-1
6
-23
-29
2
11
-15
-36
-13
7
-6
-34
-20
15
2
-32
-25
14
5
-30
-31
7
16
-24
-40
-4
17
-10
-42
-23
18
2
-31
-20
8
8
-25
-32
2
16
-13
-31
-9
15
-1
-36
-20
19
2
-29
-29
12
16
-26
-41
-5
22
-16
-45
-13
22
-8
-44
-27
16
1
-36
-31
13
18
-28
-33
4
20
-12
-38
-7
27
-1
-34
-18
18
7
-32
-28
14
17
-19
-32
0
23
-16
-38
-5
25
-5
-38
-20
22
4
-37
-36
11
21
-32
-40
-4
24
-15
-45
-8
27
0
-41
-20
20
7
-38
-34
14
23
-24
-35
7
26
-10
-42
-6
24
5
-31
-20
23
15
-27
-30
8
14
-20
-33
1
22
-8
-29
-10
20
5
-33
-17
22
6
-31
-30
8
17
-17
-33
0
23
-5
-35
-12
16
0
-27
-26
10
12
-28
-29
1
17
-18
-36
-4
19
-6
-38
-17
12
-3
-22
-20
10
10
-19
-24
-4
8
-10
-30
-12
16
-5
-27
-15
13
11
-18
-21
6
11
-14
-25
-8
14
-6
-31
-13
12
4
-27
-14
10
9
-18
-21
1
1
-12
-17
3
10
-3
-22
-9
13
1
-13
-11
10
7
-10
-16
1
19
2
-13
-8
14
6
-17
-9
6
9
-10
-18
5
8
-9
-17
2
14
1
-19
-9
13
7
-13
-14
11
11
-18
-22
8
12
-8
-17
-2
18
0
-15
-5
14
8
-16
-13
6
14
-8
-14
6
22
5
-12
-8
18
9
-12
-7
18
17
-7
-11
9
23
5
-14
6
25
4
-11
1
25
8
-14
-6
19
20
-8
-11
13
22
-3
-14
3
22
4
-15
-6
15
5
-14
-10
16
18
-8
-18
9
20
0
-19
3
28
13
-21
-14
18
14
-13
-15
15
21
-6
-23
7
27
2
-21
2
24
7
-30
-14
19
10
-19
-14
10
17
-12
-22
10
26
3
-17
-4
21
10
-25
-6
24
15
-11
-16
17
28
-2
-24
-7
14
6
-26
-10
17
8
-13
-16
12
21
-13
-22
9
26
1
-22
7
26
7
-19
-6
27
14
-13
-7
20
15
-14
-16
13
31
4
-13
9
24
7
-17
-2
30
17
-6
-8
21
30
3
-13
12
31
6
-11
5
32
21
-6
3
34
29
2
-4
22
28
1
-7
12
30
12
-7
11
35
15
-12
1
28
24
0
-5
23
36
-1
-6
16
33
13
-12
1
29
15
-6
-3
19
21
3
-3
13
29
10
-13
1
21
15
-4
2
25
13
-9
-9
23
30
7
-9
11
27
9
-8
1
23
15
-8
0
26
22
-1
-7
15
23
0
-11
9
24
10
-12
1
20
14
-2
-9
17
23
2
-11
6
21
6
-9
3
28
20
-6
2
19
18
-5
-8
15
23
-1
-6
15
30
13
-11
13
26
15
-8
-5
22
21
-4
-2
17
29
8
-11
8
30
13
-6
5
25
20
-5
-1
24
25
-4
-8
17
29
2
-15
1
25
9
-13
-2
25
16
-16
-2
25
22
-7
-7
16
20
2
-14
6
27
7
-15
7
30
19
-8
-5
26
24
-7
-4
19
22
5
-12
10
32
16
-2
5
29
21
-11
2
28
23
-1
-3
17
22
-1
-16
7
30
5
-14
3
25
14
-14
-2
24
22
-5
-6
18
24
-9
-13
13
20
2
-15
1
26
13
-9
-4
18
14
-6
-11
15
16
-6
-8
8
21
1
-10
3
18
8
-14
2
19
11
-7
-6
15
8
-8
-9
6
12
-6
-18
3
16
3
-10
3
17
6
-11
-7
15
3
-14
-15
4
7
-6
-6
6
11
-4
-11
-1
4
-1
-7
2
10
3
-2
1
4
-1
-4
-3
10
8
-2
-5
6
1
-4
-8
-3
0
-9
-12
-8
-1
-2
-10
-12
3
-2
-7
-2
4
0
-8
-7
2
-2
-8
-9
3
10
-5
-5
8
17
-2
-12
5
10
-1
-12
1
12
-1
-16
-5
11
6
-12
-3
14
10
-3
-13
8
14
-3
-18
-3
9
-3
-17
-9
8
4
-16
-18
3
9
-13
-21
7
13
-8
-26
-13
9
-6
-28
-9
18
8
-15
-12
13
9
-13
-14
11
16
-8
-14
3
15
-5
-19
-2
19
6
-20
-10
18
18
-12
-11
16
25
-2
-17
6
25
8
-16
1
24
12
-18
-7
24
24
-3
-11
20
27
3
-14
16
33
9
-18
-1
33
17
-16
-6
22
21
-8
-11
21
25
-1
-10
14
32
8
-13
5
27
17
-14
-6
27
24
-16
-21
11
19
-2
-19
3
24
7
-18
-2
25
12
-21
-10
20
18
-9
-13
17
22
-8
-17
7
24
1
-21
-3
26
8
-14
-12
13
12
-17
-11
12
21
-10
-22
4
27
0
-20
-6
24
16
-19
-6
11
15
-10
-17
10
16
-6
-18
8
27
1
-18
3
28
11
-17
-6
21
18
-14
-12
16
23
-4
-17
10
19
-6
-18
1
24
5
-14
-4
24
16
-10
-10
19
26
0
-11
15
33
11
-12
9
34
22
-4
1
24
21
-5
-6
20
22
-2
-18
14
32
7
-13
1
26
14
-11
-5
26
25
-7
-8
22
25
3
-14
13
31
10
-9
9
30
10
-13
-6
25
20
-2
-4
20
27
1
-11
5
26
6
-8
10
25
12
-14
-11
21
24
-7
-10
13
25
-3
-19
6
29
4
-20
-4
29
15
-14
-2
24
20
-13
-14
18
26
-6
-16
9
27
8
-15
10
33
14
-14
-8
20
17
-4
-11
10
24
-3
-16
4
23
10
-10
1
26
18
-10
-13
16
20
-12
-16
13
28
-2
-18
7
34
13
-14
-1
23
18
-16
-5
26
22
-13
-9
24
28
1
-12
13
31
6
-14
5
26
12
-18
2
21
12
-12
-6
22
16
0
-14
4
20
-2
-13
2
26
16
-15
-10
20
12
-10
-10
14
26
-5
-18
6
26
0
-19
10
33
5
-17
2
33
18
-14
-1
30
22
-6
-8
10
19
2
-7
11
26
0
-15
-1
20
12
-13
-10
16
21
-7
-11
13
21
3
-13
3
27
12
-11
-2
21
20
-15
-5
26
25
4
-13
15
33
-4
-13
11
28
5
-18
6
23
8
-14
-6
23
21
-9
-6
17
21
-4
-9
6
23
-3
-12
7
23
20
-10
-6
23
23
-10
-13
14
28
-1
-19
8
27
10
-8
-2
29
17
-20
-8
20
19
-11
-16
16
29
-1
-13
17
30
9
-13
5
31
14
-16
-4
25
26
-6
-7
25
33
4
-12
9
30
7
-13
4
28
21
-8
-9
20
25
-8
-9
24
32
4
-7
4
29
14
-9
4
28
19
-15
-7
20
19
-7
-13
16
26
0
-12
6
29
14
-9
-1
28
21
-8
-7
22
29
-3
-9
13
32
8
-3
10
34
23
-5
7
28
25
-3
-8
20
28
-1
-8
16
28
4
-15
6
23
15
-14
-6
23
13
-12
-9
18
17
0
-6
10
29
9
-8
5
20
9
-7
-1
15
15
-3
-5
14
23
6
-1
11
20
14
-2
9
21
14
5
3
18
19
6
-2
9
15
2
-5
6
19
10
-3
4
22
10
-2
-1
5
12
4
-1
4
9
5
1
6
13
3
0
6
10
8
-1
0
4
8
-1
-3
1
6
3
-5
2
5
7
-1
-3
7
6
1
0
3
4
5
1
2
7
11
4
3
6
2
-1
2
4
1
4
2
0
2
5
6
-1
6
6
1
-5
-3
7
1
-2
-4
5
10
0
2
11
8
4
-5
1
8
6
0
4
3
-1
-3
-1
3
1
-7
-8
1
4
-1
-6
-5
8
1
-4
4
7
4
-6
2
7
5
7
1
4
13
6
0
4
6
4
0
-2
2
7
0
-3
0
7
-6
-5
-5
-3
1
-8
0
0
3
-7
-3
0
-3
-2
-3
-2
-5
-3
-8
-3
-2
-7
-12
-8
-2
-1
-13
-4
3
-2
-5
-4
-1
1
-4
-8
0
0
-6
-12
-8
0
-1
-8
-6
-1
-4
-6
-7
0
4
-3
-11
-2
4
-6
-10
-6
3
-9
-17
-12
-3
-8
-11
-9
-4
-1
-9
-14
-14
-5
-11
-20
-15
-4
-9
-22
-14
-3
-4
-9
-17
2
0
-17
-20
-13
1
-8
-19
-16
-2
-9
-17
-7
0
-1
-12
-8
0
-1
-12
-11
1
-1
-13
-14
-5
1
-3
-16
-5
7
-3
-13
-9
0
6
-6
-18
-8
1
-12
-18
-9
2
-2
-19
-10
-2
-11
-15
-14
-1
-2
-14
-17
-4
1
-16
-21
-7
-3
-11
-18
-9
3
-4
-15
-18
0
-4
-16
-19
-6
-3
-19
-30
-17
1
-7
-19
-16
1
-4
-19
-25
-4
1
-12
-21
-11
3
-11
-20
-9
-2
-5
-22
-17
-2
-2
-17
-21
-6
0
-14
-25
-5
-1
-13
-24
-13
4
-10
-20
-10
3
-2
-25
-19
-8
-3
-16
-25
-6
-3
-16
-22
-16
1
-5
-24
-16
-4
-4
-20
-15
-1
1
-14
