-3
-2
-8
-3
-1
1
-1
-1
6
2
-3
0
4
1
1
4
2
-2
4
3
-3
-2
-3
-4
-4
-6
-4
-3
-5
-6
-2
-4
-6
0
-3
-2
1
1
-4
-1
1
-4
-5
-3
-1
-4
-1
0
-2
-6
-2
-1
-2
0
1
1
1
3
2
0
-3
0
-1
-1
0
-2
-5
0
-2
-2
-2
-5
-6
-7
-2
-4
0
2
0
5
6
-1
5
1
4
5
3
4
3
4
6
5
-1
5
2
-1
5
-2
1
3
0
2
1
0
4
7
4
4
10
6
1
6
5
1
6
2
3
0
7
7
4
1
-5
-2
-3
-2
-3
0
5
4
3
2
1
-1
-2
1
7
8
2
0
2
3
0
-1
0
-5
-3
-7
-4
0
-6
-6
-5
-2
-3
1
-3
-4
-3
-1
-3
-3
-7
-2
-1
-4
1
-3
-1
1
-2
4
-2
0
4
1
1
0
2
4
5
2
0
3
1
1
0
-3
1
6
2
-1
-3
2
-2
-5
-2
-4
1
-1
-1
1
-2
0
-1
-7
-8
0
-6
-3
-1
3
1
2
2
1
-2
2
4
2
1
-3
2
-2
-3
-3
-1
-8
0
2
-5
0
-2
-1
1
-1
-5
-2
-5
-2
-10
-5
-5
-7
-8
-7
-4
-4
-7
0
-3
-5
-6
-6
-4
-3
-4
-8
-6
-5
1
-9
-6
-6
-4
-8
-5
-8
-9
-5
-4
-7
-10
-6
-13
-8
-9
-11
-10
-15
-14
-8
-11
-6
-6
-9
-3
-5
-2
-4
-8
-11
-16
-6
-4
-8
-5
-8
-6
-5
-4
-9
-11
-4
-10
-9
-10
-10
-10
-11
-11
-12
-19
-13
-5
-12
-6
-11
-13
-9
-9
-10
-12
-6
-6
-10
-5
-6
-7
-12
-14
-13
-14
-12
-17
-13
-13
-16
-8
-8
-10
-6
-16
-14
-6
-7
-5
-3
-6
-12
-10
-11
-13
-15
-9
-16
-13
-13
-15
-7
-15
-11
-11
-10
-9
-13
-14
-9
-6
-9
-6
-3
-11
-13
-11
-14
-14
-9
-12
-12
-11
-16
-13
-14
-17
-15
-13
-15
-15
-19
-15
-18
-20
-17
-18
-18
-17
-17
-15
-13
-17
-9
-10
-17
-13
-16
-15
-18
-16
-15
-13
-16
-13
-8
-16
-10
-10
-11
-14
-16
-14
-17
-20
-18
-13
-16
-18
-20
-20
-27
-19
-18
-21
-18
-18
-13
-25
-21
-24
-26
-26
-25
-24
-23
-22
-24
-16
-22
-25
-26
-22
-24
-22
-23
-22
-18
-21
-25
-24
-22
-24
-25
-27
-26
-28
-28
-23
-23
-23
-25
-21
-23
-20
-24
-19
-20
-22
-14
-16
-17
-19
-17
-18
-21
-20
-19
-21
-15
-15
-17
-17
-19
-10
-19
-18
-15
-18
-15
-14
-13
-13
-12
-11
-10
-11
-9
-15
-15
-11
-15
-15
-16
-12
-11
-15
-17
-12
-14
-13
-17
-13
-15
-19
-13
-12
-12
-17
-17
-15
-16
-16
-19
-12
-13
-18
-14
-10
-12
-12
-12
-24
-15
-7
-8
-12
-14
-12
-18
-14
-15
-15
-17
-14
-13
-9
-8
-12
-13
-11
-12
-13
-10
-11
-16
-14
-10
-8
-12
-19
-9
-11
-11
-7
-11
-13
-8
-7
-10
-7
-12
-10
-13
-10
-11
-15
-8
-10
-13
-10
-12
-13
-13
-10
-8
-10
-8
-4
-8
-11
-10
-10
-14
-7
0
-5
-8
-10
-8
-10
-6
-4
-5
-7
-9
-2
-1
-3
-4
1
-6
-10
-6
-3
-7
-4
-5
0
-2
-4
-2
-6
-4
-5
-3
-6
-3
-2
-5
-4
-8
-3
1
-7
-3
-5
-8
0
-6
-7
-1
1
-2
2
-6
-9
-9
-7
-7
-9
-1
-8
-7
-10
-3
-3
-9
-5
-2
-6
-5
-6
-7
-2
-2
-4
-2
-4
-6
-3
-6
-2
-2
4
5
0
-2
-3
-2
-2
0
-1
-8
-4
-5
-10
-8
-9
-3
-8
-9
-9
-5
-5
-5
1
-8
-7
-4
-5
-5
-7
-4
-5
-4
-2
-1
4
0
1
-2
-7
-8
-8
-8
-7
-1
1
2
-1
-3
-5
4
-1
-3
1
2
4
-1
2
-6
-5
-5
-4
-2
-2
-3
-8
-2
-2
-7
-12
-5
-3
-4
-7
-5
-1
-5
-3
-4
0
1
-3
2
-1
-3
-3
-2
-4
-11
-10
-3
-4
-3
-10
-10
-5
-10
-9
-6
-8
-6
-2
-9
-4
-10
-11
-7
-10
-6
-14
-6
-8
-8
-5
-3
0
-5
-1
-4
-6
-8
-8
-7
-5
-8
-6
-7
-9
-3
-3
-6
-4
-4
-4
-6
-8
-8
-7
-4
0
-12
-8
-10
-10
-8
-11
-3
-4
-6
-8
-3
-7
-2
-2
-4
-5
-2
-1
-5
-4
1
-2
-1
-6
-12
-5
-9
-8
-3
-8
-7
-5
-6
-6
-6
-5
-10
-3
-8
-11
-1
-7
-7
-8
-9
-2
-7
-8
-8
-9
-9
-10
-10
-9
-7
-8
-10
-2
-7
-10
-4
-5
-2
0
-6
-7
-4
-10
-1
-4
-2
0
0
-2
-4
-4
-7
-7
-4
2
1
-2
1
2
0
0
-2
3
2
2
2
-2
2
-1
2
-1
1
2
-1
0
-1
-4
-2
-1
-2
0
6
2
-1
0
5
4
-1
0
-2
-2
-6
-4
-6
-2
2
-2
1
6
0
2
2
0
3
3
3
2
5
0
2
2
3
0
-1
2
-4
6
5
3
0
-3
-2
3
3
1
1
5
1
-1
1
-2
-6
-3
-4
-1
-2
-5
-1
2
-2
-1
4
-1
1
-7
0
1
0
1
3
7
0
3
5
1
0
4
0
-3
0
0
0
-1
5
6
-1
4
11
9
6
3
4
6
9
7
6
4
8
11
7
4
2
4
9
6
4
10
2
5
4
5
2
3
7
2
7
3
1
0
5
3
3
8
6
8
9
7
8
9
13
8
12
12
8
9
12
5
1
10
7
4
6
8
10
9
6
7
6
10
-2
4
4
4
12
5
4
5
3
3
8
6
5
4
12
4
3
4
4
3
4
5
6
8
5
8
7
10
12
13
14
13
12
10
11
8
5
4
0
3
1
5
2
3
0
-1
10
2
6
4
5
4
2
11
10
12
11
8
9
9
7
13
10
9
2
8
5
0
1
1
4
6
8
1
2
2
-3
-5
-1
2
2
2
3
5
3
4
5
1
6
0
2
8
1
-1
-2
1
8
11
11
8
9
13
14
9
8
10
4
6
6
4
8
4
2
2
4
6
6
5
6
9
5
6
6
6
2
1
1
4
6
4
5
1
8
7
3
7
8
3
5
7
-3
-1
5
4
7
0
8
9
9
4
2
5
1
3
3
0
0
2
0
3
3
4
6
2
5
3
4
7
6
7
5
6
3
1
6
2
8
4
5
4
4
5
1
3
-1
1
1
3
5
1
5
2
5
3
6
5
6
5
3
8
5
5
1
-3
-2
1
2
3
0
3
6
2
1
1
6
5
2
0
3
8
4
3
4
4
5
10
14
3
7
7
6
0
4
2
3
5
0
0
-3
3
2
5
4
2
3
0
3
4
5
5
-2
0
0
-2
1
1
0
5
0
0
-1
-2
-2
-2
-2
1
4
2
7
-1
-1
2
-2
-6
2
3
1
4
1
1
1
5
5
1
2
7
8
0
7
8
3
7
5
3
4
5
-2
5
6
6
4
5
1
-1
1
2
4
-2
2
-2
-3
0
-1
-2
-1
-1
-4
2
-2
-4
-1
-6
-5
-2
-7
2
-2
-6
-1
-1
2
-3
2
2
-1
-4
-10
-4
-5
0
-2
-3
-1
-4
-4
-3
-4
4
5
-3
2
1
0
-5
-3
-2
3
2
2
2
0
2
-2
3
0
-1
6
-1
1
3
-4
-3
1
1
-2
-2
3
4
-4
1
2
1
-1
-9
-3
-3
-2
0
-2
-3
3
-2
-1
-5
-6
-3
-1
-1
-2
-1
0
1
1
0
-4
-1
0
-4
-4
-8
1
-2
-8
-5
0
0
1
4
-1
1
2
3
-1
3
5
1
2
3
-1
-2
0
-3
-4
-3
-3
-2
-4
-2
1
0
-2
-2
-4
-4
-1
-2
-4
-7
-4
0
-1
-2
-5
-4
-1
-2
-5
-3
4
-3
-4
-3
2
4
2
0
-5
-2
-1
-1
3
0
1
4
-2
2
2
-2
-6
-3
-1
1
-1
0
3
3
8
1
1
-2
1
-3
1
4
6
1
-2
4
0
-2
2
0
5
0
-1
-4
-5
0
-3
-3
-3
0
-5
0
-1
0
1
-1
9
-1
3
6
2
4
1
6
1
5
9
4
5
4
5
4
6
5
5
1
4
3
3
6
7
5
2
0
5
4
2
5
4
8
1
5
5
5
4
6
5
9
11
10
8
6
8
9
11
8
10
6
5
4
9
7
10
10
9
7
7
10
11
8
8
9
5
9
1
5
4
1
6
6
2
6
9
2
5
6
9
4
3
9
4
7
7
11
11
12
13
8
2
2
2
6
7
8
12
9
4
12
9
13
18
10
10
13
12
13
15
16
18
13
17
15
18
19
15
14
11
12
11
12
14
11
14
15
11
19
23
17
11
11
14
16
14
14
13
11
13
17
15
12
19
18
18
15
15
16
19
20
16
15
16
17
18
16
7
10
14
18
19
11
12
11
15
10
6
7
14
11
4
4
5
7
6
10
1
6
5
11
11
4
3
6
14
10
10
11
10
12
12
18
12
11
11
14
13
9
7
6
10
8
8
5
4
7
8
6
7
9
12
8
10
10
4
8
9
7
2
7
5
13
8
6
6
12
14
12
9
6
13
12
13
9
11
9
8
11
14
13
11
11
10
10
6
10
10
9
4
9
10
14
13
7
5
3
10
7
7
9
6
10
12
5
5
1
6
7
3
4
3
9
8
4
4
-1
6
6
7
8
1
4
3
5
6
11
9
11
11
14
4
5
10
6
10
3
9
6
9
8
9
8
9
13
6
11
8
4
6
10
12
15
15
13
12
11
8
11
11
9
8
7
11
8
9
11
9
8
15
9
7
6
5
7
4
0
4
1
0
4
1
8
2
2
1
0
2
-1
2
3
3
-1
2
4
1
-1
-2
-3
-6
-3
1
0
-1
-6
-7
-1
-1
-6
-7
-6
-9
-7
-7
-2
-1
-3
-5
-8
-2
-5
-4
-7
-3
2
3
-2
-1
3
-5
-5
-1
2
3
3
-2
0
1
3
4
4
6
0
1
2
2
7
-2
-2
-2
-6
-1
-4
-3
1
-2
4
6
-3
-2
0
2
2
4
-2
-5
-1
-8
-3
-1
4
-1
-3
-1
2
1
-3
-5
-5
-1
-4
-1
-5
-3
-5
-3
-8
-2
1
-7
-6
-3
-3
-1
-3
-8
-5
-3
-1
0
0
3
3
-1
-5
-2
-3
-5
-1
-3
3
-1
-2
2
-2
-1
0
6
1
4
5
1
4
1
3
3
-1
3
2
2
5
3
3
6
2
7
1
2
-3
-3
2
2
3
7
0
3
6
1
8
3
6
6
4
1
1
-3
0
3
5
7
5
7
2
-2
-2
6
3
6
3
7
3
4
7
1
5
0
0
8
3
3
7
4
5
2
6
7
0
5
9
7
13
7
8
8
8
3
3
8
12
9
3
5
4
2
6
0
5
10
5
9
9
9
9
6
3
8
4
3
4
4
2
3
10
8
2
7
4
2
4
-4
1
3
1
5
0
0
-3
-2
0
3
-3
2
-1
2
5
-4
-4
-6
-2
-6
0
-1
-2
0
-3
0
-3
-6
-5
1
0
-1
-1
-3
4
-1
-1
-9
-9
-3
-6
-3
0
-4
-4
1
0
0
-10
-5
3
-3
-2
-4
-2
-3
-5
-4
-9
-6
-8
-7
-8
-14
-10
-5
-4
-8
-3
-6
-10
-7
-5
-4
-5
-2
-3
-5
-9
-6
-8
-6
-9
-12
-8
-5
0
-1
0
-5
-6
-2
-5
-2
-7
-6
-4
-9
-8
-8
-5
-5
-3
-6
-4
-8
-9
-5
-11
-8
-11
-11
-5
-11
-8
-10
-10
-9
-9
-9
-8
-6
-3
-3
-8
-6
-4
-8
-9
-10
-9
-5
-13
-8
-8
-7
-6
-8
-8
-5
-9
-10
-10
-6
-7
-9
-2
-3
-4
-9
-11
-14
-14
-11
-11
-7
-5
-7
-5
-7
-10
-6
-10
-2
-5
-7
-8
-7
-7
-14
-13
-10
-7
-7
-12
-17
-18
-15
-14
-16
-14
-11
-16
-10
-11
-9
-5
-13
-10
-9
-13
-16
-8
-12
-16
-12
-16
-14
-16
-12
-10
-12
-11
-9
-12
-15
-11
-8
-3
-6
-8
-5
-6
-5
-6
-7
-5
-8
-12
-8
-6
-9
-12
-11
-9
-12
-9
-10
-5
-3
-5
1
-9
-4
-3
-6
-3
-9
-8
-7
-11
-11
-11
-12
-5
-8
-10
-10
-13
-13
-9
-10
-7
-10
-11
-12
-12
-7
-6
-9
-7
-6
-10
-3
-5
-9
-2
-9
-9
-9
-7
-8
-7
-2
-8
-7
-9
-12
-5
-9
-9
-5
-5
-5
-6
-4
-6
-4
-2
-7
-3
-1
-7
-2
-2
0
-6
-4
0
-3
1
-5
-6
-6
-5
-1
3
1
1
0
1
2
7
3
3
0
-6
2
-5
1
3
-1
1
-1
1
1
-2
-1
-2
-6
-3
-4
0
0
-3
0
2
1
2
3
0
5
-1
-3
1
4
6
2
8
4
3
-3
-2
-3
-4
0
6
0
0
1
-2
2
-2
5
6
6
4
8
5
7
3
3
4
1
7
5
5
10
8
6
5
6
2
4
7
6
8
9
9
4
9
6
6
7
4
3
9
11
10
12
11
6
13
7
10
12
2
7
6
2
8
6
-1
3
8
6
6
7
9
7
9
13
16
13
12
14
11
8
17
16
10
17
13
10
14
14
15
11
13
14
11
14
14
15
15
11
11
14
14
15
14
20
13
14
16
14
17
17
17
21
21
20
21
17
22
21
23
20
23
23
20
23
18
21
25
19
17
17
17
14
16
15
12
20
15
16
15
16
19
16
17
15
17
24
15
21
16
18
18
13
17
14
12
16
14
10
14
14
12
15
15
9
5
7
12
14
10
11
13
14
10
11
8
11
14
10
11
10
10
15
12
9
7
4
5
7
8
5
13
6
7
5
2
3
2
10
3
8
4
7
9
11
11
8
13
8
11
12
10
7
8
7
8
8
7
1
7
4
6
10
8
7
1
6
1
4
3
5
9
13
8
9
2
6
4
-2
-1
3
0
3
9
0
5
4
6
6
7
6
7
4
8
4
6
8
1
2
1
7
3
1
4
4
10
11
8
3
5
13
11
5
9
4
7
12
5
10
7
9
7
3
5
3
3
2
2
5
6
6
6
-1
1
6
4
2
-1
2
2
-1
3
1
1
1
3
4
4
1
6
1
4
1
1
0
0
0
6
7
5
2
4
10
4
6
7
10
2
0
3
2
3
-5
1
0
1
2
4
6
4
2
9
9
7
2
2
6
4
3
1
2
3
2
0
2
0
2
2
2
5
-1
4
6
5
6
7
7
7
5
7
6
2
8
5
2
7
5
5
4
5
8
9
3
7
7
10
11
7
8
3
0
2
2
5
9
2
-1
1
4
3
1
2
-2
3
6
6
5
1
5
6
6
7
8
7
7
15
4
5
11
6
2
2
0
6
5
3
6
2
7
7
11
6
5
4
2
4
0
2
3
4
3
3
2
3
0
-3
5
3
-2
5
1
5
-1
-4
-2
-4
4
-2
-6
0
2
-2
-2
5
3
0
0
-3
-1
3
5
6
2
4
3
3
0
0
3
-2
-5
1
1
2
-5
0
-4
-7
3
2
3
2
3
-1
0
5
2
2
1
4
5
4
2
2
1
4
6
9
10
2
3
8
8
4
8
9
2
3
4
3
6
8
8
7
7
8
8
8
6
5
11
4
3
1
-2
-1
2
0
0
1
-1
4
8
5
2
1
4
2
1
2
1
3
2
0
0
7
11
3
2
4
3
5
7
3
4
4
4
2
5
3
0
6
-2
0
1
1
0
0
3
-6
-2
-1
1
-1
-1
1
2
4
-1
3
-1
0
0
-5
-4
-6
-4
-3
-7
1
-1
-3
1
-3
-2
-1
2
-2
1
-2
0
1
-2
-2
-5
-3
-4
-3
-4
-1
-6
-2
-5
-3
-4
-6
0
0
7
2
-2
-2
5
-1
-4
0
-3
-2
-4
-6
-6
-1
-8
-4
5
4
5
6
7
7
3
7
5
6
8
3
3
4
4
-6
1
3
-4
2
2
-2
-3
2
2
-1
-1
0
1
-4
-2
-1
-1
-1
-3
-3
-1
-8
-5
-3
-2
-1
-2
0
-2
-9
-6
-2
-1
-2
-2
-4
-4
-6
-2
-1
3
1
-4
-2
0
-3
-5
-7
-7
-7
-8
-4
-3
-6
-5
-4
-4
-2
-8
-9
-8
-8
-4
-7
-6
-5
-3
1
-4
-4
-5
-4
-5
-6
-7
-7
-5
-4
-9
-4
-8
-9
-4
-9
-11
-10
-9
-8
-4
-6
-4
-8
-3
-3
-3
-4
-6
-5
-4
-5
-9
-5
-6
-8
-9
-7
-5
-5
-10
0
-4
-5
-3
-7
-6
-10
-8
-9
-8
-6
-7
-10
-10
-8
-8
-8
-8
-8
-3
-9
-8
-6
-4
-5
-7
-12
-5
-3
-9
-12
-6
-8
-5
-7
-9
-5
-6
-9
-2
0
-2
-1
-5
-5
-5
-6
-5
-3
-6
-4
-4
-4
-2
-1
1
-1
1
-3
-3
-2
-4
0
-4
1
4
0
-6
-4
-2
-4
0
-7
-5
-3
-4
-4
-2
-3
-4
-4
-5
-7
-12
-7
-7
-8
-8
-8
-12
-13
-13
-9
-14
-9
-9
-12
-12
-9
-8
-18
-14
-16
-8
-12
-14
-15
-19
-14
-11
-14
-10
-9
-13
-13
-14
-12
-12
-11
-18
-14
-14
-12
-10
-15
-14
-12
-12
-15
-11
-12
-9
-9
-14
-14
-14
-12
-13
-11
-9
-10
-7
-11
-9
-7
-5
-3
-2
1
-1
-3
-3
-7
-6
-9
-10
-10
-8
-7
-6
-9
-10
-12
-11
-10
-9
-2
-7
-7
-6
-5
0
0
-3
-4
-5
-11
-7
-12
-10
-10
-9
-5
-4
-5
-7
-5
-10
-7
-10
-12
-7
-6
-9
-8
-9
-7
-3
-4
-7
-11
-10
-5
-8
-8
-12
-10
-15
-14
-8
-13
-11
-11
-16
-10
-5
-10
-6
-6
-4
-7
-11
-7
-9
-2
-4
-11
-6
-8
-10
-9
-10
-7
-7
-7
-8
-12
-10
-6
-10
-13
-14
-12
-11
-11
-15
-17
-16
-16
-16
-12
-12
-18
-13
-15
-11
-8
-13
-8
-9
-7
-7
-13
-12
-12
-7
-10
-13
-16
-15
-13
-13
-17
-15
-10
-13
-9
-10
-10
-11
-9
-1
-6
-10
-9
-13
-9
-11
-13
-10
-10
-14
-8
-10
-10
-11
-10
-8
-9
-7
-8
-2
-5
-11
-8
-5
-7
-11
-11
-10
-12
-8
-8
-12
-6
-9
-5
-4
-8
-10
-8
-6
-7
-5
-12
-10
-4
-8
-6
-5
-5
-7
-2
-5
-1
-3
-8
-2
-7
-7
-6
0
-4
-5
-1
-4
-4
-6
-9
-8
-11
-7
-6
-9
-6
-8
-3
-9
-9
-5
-9
-9
-7
-9
-3
-13
-12
-12
-13
-11
-10
-7
-15
-9
-8
-11
-7
-10
-10
-9
-7
-5
0
-1
-3
-3
-3
-1
1
4
-2
5
7
-2
0
-2
-3
-6
-5
-2
-4
-3
0
-4
-4
-4
-5
4
2
-1
3
2
2
-2
1
-1
-2
-1
-5
-5
-4
-2
-3
0
-2
-7
-11
-8
-10
-8
-3
-1
-6
-4
-9
-9
-6
-8
-8
-1
-9
-7
-2
-8
-7
-13
-13
-8
-8
-8
-10
-7
-6
-6
-1
-4
-3
-4
-4
-9
-2
1
-2
-2
-2
-7
-5
3
-6
-5
1
-6
-3
-8
0
4
-2
-2
-5
3
-3
-1
0
0
1
0
-5
-3
-8
-5
-6
-8
-8
-6
-3
-4
-4
-9
-5
-8
-2
-4
-8
-6
-10
-14
-15
-13
-15
-15
-21
-9
-10
-1
-7
-11
-8
-15
-10
-12
-12
-15
-12
-15
-14
-9
-7
-14
-11
-11
-13
-9
-10
-10
-10
-7
-6
-2
-9
-3
-5
-8
-5
-5
-5
-7
-9
-12
-11
-7
-8
-15
-9
-9
-4
-8
-7
-4
-6
-8
-13
-7
-9
-9
-7
-8
-11
-12
-7
-10
-13
-11
-5
-11
-12
-14
-11
-5
-4
-6
-8
-5
-7
-5
-10
-10
-5
-7
-9
-5
-7
-4
-4
-10
-6
-9
-13
-12
-13
-11
-7
-6
-7
-14
-9
-4
-8
-5
-5
-7
-5
-6
-8
-8
-6
-2
-2
-4
-4
3
-2
-4
-2
-2
-3
-6
-4
-8
-7
-9
-10
-7
-7
-4
-4
-5
-9
-6
-2
-6
-6
-7
-8
-7
-10
-14
-6
-15
-11
-5
-4
-4
-7
-7
-9
-3
-4
-2
-4
-7
-11
-11
-12
-5
-8
-10
-5
-4
-3
-9
-9
-2
-4
-3
-4
-2
-3
-9
-3
-4
0
-1
-1
-4
-1
0
-3
2
-2
-3
-5
-4
-6
-1
-8
-12
-10
-8
-4
-9
-14
-9
-6
-8
-1
0
-4
-2
-2
-6
-5
0
-3
-3
-4
-2
2
-2
-6
-6
-2
-1
-1
0
1
-1
-1
-3
-6
-7
-3
-7
-4
-4
-4
-8
-7
-7
-3
1
-8
-3
-4
-4
-4
-3
3
0
3
-1
-5
-1
1
0
2
2
-5
-6
-8
-5
-8
-7
-6
-2
1
-8
2
-3
-5
2
3
1
-3
0
-3
-4
-7
-2
3
2
1
2
3
5
0
2
4
4
5
5
4
2
4
4
7
0
3
3
1
2
3
3
6
5
2
2
4
-4
4
8
6
8
6
5
1
-1
7
3
4
7
8
6
5
8
3
0
0
-3
-2
1
1
-1
2
4
2
2
2
-1
0
3
3
1
2
1
5
5
-2
-3
0
0
4
1
2
0
-3
-1
2
-1
2
5
2
5
-2
0
3
-1
2
2
-1
-1
5
5
3
6
7
7
4
5
-3
-2
2
-3
1
5
8
1
-2
-3
3
5
0
4
7
3
4
2
1
-2
2
5
3
4
8
5
4
4
1
1
2
-2
-1
-2
2
3
-2
0
0
9
1
3
5
6
6
9
12
5
2
6
8
4
2
7
8
3
3
3
4
3
6
6
7
5
9
10
8
10
8
9
5
10
4
1
1
-1
0
-4
0
-6
-8
0
4
4
1
2
2
-1
4
0
1
3
7
6
5
-1
-2
1
0
-4
-1
-5
-11
-3
-4
0
-3
0
4
2
-4
-5
-4
2
-1
-1
-1
-1
-5
-5
1
-5
-7
1
0
-2
-2
0
0
1
2
3
3
4
4
3
2
10
11
7
3
9
7
3
4
-3
-1
-1
-1
1
1
10
6
0
2
0
4
4
6
10
3
1
-2
5
7
3
0
-3
-1
1
-3
-1
5
0
-1
1
-1
-1
5
6
4
2
0
1
-4
2
0
-1
0
-5
-4
1
-1
0
1
0
-2
1
2
4
3
-2
1
2
5
2
-3
-5
-4
-3
-1
-5
-4
5
1
3
4
1
2
-1
0
-1
4
8
3
4
2
4
1
7
6
2
3
1
1
0
0
2
-2
-1
3
2
4
0
1
1
1
-2
3
3
8
4
3
4
-2
-2
2
-2
3
2
-3
2
4
3
1
4
0
-2
-2
2
2
-3
2
0
-5
-2
-6
-1
0
3
-3
-1
4
6
4
5
9
4
10
3
4
1
2
2
1
2
-3
-3
-4
-2
-1
-2
2
1
-7
-2
-5
-6
-7
-8
-4
-4
-3
1
-1
-3
0
-9
-8
-4
-2
-6
-1
-3
-4
1
-4
0
1
-5
-6
2
-2
0
-1
-5
-7
-4
-10
-9
-4
-9
-7
-7
-9
-7
-13
-8
-4
-6
-2
-4
-7
-5
-5
-3
-1
-9
-5
-6
-6
-3
-7
-5
-10
-9
-5
-4
-6
-7
-1
2
0
-5
-4
-5
-7
-8
-6
-1
-5
-6
-1
-3
-6
-7
-7
-2
-4
-2
4
1
-2
-1
-2
-5
-3
0
-7
-7
-5
-10
-6
-8
-7
-7
-11
-9
-7
-10
-10
-6
-8
-8
-8
-3
-6
-5
-5
-5
-6
-6
-4
-9
-16
-17
-12
-13
-13
-4
-9
-11
-8
-14
-8
-8
-7
-7
-8
-10
-10
-9
-9
-10
-9
-10
-10
-13
-10
-4
-9
-16
-10
-6
-5
-4
-6
-9
-4
1
-2
-2
-4
-3
-9
-9
-6
-6
-8
-6
-8
-6
-8
-7
-4
-7
-8
-10
-11
-11
-13
-11
-7
-8
-8
-12
-11
-12
-4
-5
-8
-1
-3
-4
-8
-8
-4
-3
-6
-3
-6
-2
2
0
2
-3
-1
-3
-6
-3
-5
-6
-5
-8
-3
-6
-3
-6
-11
-1
-2
-3
-1
0
-2
-2
0
1
-3
4
-1
3
2
4
2
0
-3
-1
4
-2
-4
-7
2
-3
-2
-5
-1
3
5
-3
1
-1
-3
3
-1
-3
0
1
0
2
-6
-4
-5
-3
-2
0
3
-1
-4
-1
1
-4
-5
-3
0
0
-3
-2
-4
-4
-3
-7
0
-3
-1
-4
-5
-2
-3
-1
-2
1
-6
0
-2
-3
-1
-2
0
-2
2
-3
-5
-2
-3
-8
-9
-4
-6
-4
-6
-8
-2
-1
-5
-7
-2
-3
-9
-6
-4
-7
-7
-6
-4
-13
-15
-10
-5
-7
-6
-6
-5
-2
-2
-9
-5
-3
-11
-8
-7
-9
-1
1
-3
-7
-5
-2
-4
-3
-10
-9
-6
1
-1
-5
-6
-4
-2
-9
-5
0
-2
-4
-6
-6
-2
1
-7
-6
-8
-9
-7
-4
-8
-4
-2
-8
-1
-3
-2
-7
-1
-8
-5
7
4
2
-1
2
0
-1
-3
2
-1
-3
-1
-3
-2
0
1
4
0
-5
7
2
-2
-1
-3
3
4
-3
3
9
1
0
-1
-6
-3
3
3
3
-2
2
-2
-1
0
-3
-2
-1
-4
-3
-1
-1
0
-3
0
-4
-1
-4
-6
-1
-1
-5
-3
-1
0
-3
-2
-2
8
4
-1
3
2
4
7
1
-2
5
2
6
0
-1
2
1
2
2
5
8
8
10
7
0
2
7
5
6
7
5
2
0
2
-4
0
3
2
9
6
4
4
7
5
12
13
9
7
10
11
2
3
8
4
8
5
7
7
6
12
9
7
10
18
12
7
7
7
5
4
1
2
3
6
8
8
9
8
4
5
5
4
8
7
9
7
10
8
6
8
7
9
11
14
15
15
12
8
13
7
10
8
8
11
13
8
5
12
9
8
8
10
11
11
7
7
3
5
9
7
5
12
8
5
8
10
9
9
14
7
12
7
6
8
5
10
8
9
5
8
16
16
11
7
8
9
9
11
8
3
5
8
13
12
7
10
11
15
10
4
9
4
9
8
7
7
8
17
12
10
6
7
3
7
6
6
9
7
7
7
5
8
4
5
9
5
8
6
4
6
6
4
4
8
10
8
9
6
12
13
12
7
8
6
8
6
2
4
1
3
3
5
7
10
11
12
7
6
4
6
9
9
9
5
9
9
4
4
-4
1
6
7
9
11
5
8
9
11
10
7
14
9
11
11
8
5
4
8
7
9
10
15
18
14
9
7
11
8
10
4
6
8
10
13
13
11
7
15
14
8
8
10
6
13
11
7
2
3
3
10
12
8
7
7
13
12
9
8
10
11
15
9
5
5
7
7
6
4
4
8
11
8
5
4
4
14
15
14
15
12
15
13
10
14
14
8
9
14
11
9
12
16
13
9
8
13
15
15
15
13
10
11
11
18
17
14
12
13
15
14
20
17
13
14
13
17
17
15
15
16
16
13
17
13
7
6
10
14
10
14
13
9
13
15
14
19
12
12
13
15
15
16
13
13
16
13
12
11
17
9
13
12
9
14
14
12
9
10
14
16
19
16
19
16
16
18
14
9
16
12
12
10
2
8
9
10
10
9
13
11
11
13
12
18
11
17
18
12
16
11
11
13
14
12
9
9
9
12
7
6
15
10
8
4
6
12
20
14
15
13
10
16
15
8
13
15
15
14
12
18
19
14
13
15
12
14
14
18
16
18
20
20
21
18
21
18
19
19
21
16
16
20
17
17
24
20
19
21
23
26
22
19
22
19
12
16
12
18
16
16
14
13
18
18
14
12
7
8
19
17
16
17
11
12
12
13
19
16
14
10
11
15
14
10
9
10
11
15
14
11
12
10
13
6
16
20
16
11
9
13
10
11
7
13
18
19
17
13
16
13
15
17
16
20
17
16
15
12
16
21
17
14
13
15
21
19
18
21
19
18
17
25
19
16
16
15
14
14
12
14
16
16
15
13
15
16
17
15
12
12
16
18
17
13
11
11
7
10
11
11
15
9
8
10
8
11
9
18
13
15
15
16
14
8
6
4
7
3
7
7
7
5
4
2
1
4
8
3
2
5
2
3
3
0
0
-5
2
0
-1
2
-2
0
0
-4
-3
2
-1
-4
3
-2
-5
1
2
3
5
-2
-1
-8
-4
0
-1
-3
-7
-1
-6
-4
3
-8
-8
-5
3
2
-3
-1
0
1
0
4
5
2
-3
4
6
2
-1
-1
1
3
0
1
1
-3
2
4
-1
1
6
5
3
2
3
2
2
-1
2
4
0
3
3
3
0
1
4
0
-1
2
6
4
3
2
-2
1
4
6
4
1
0
-4
1
-2
-8
-2
-3
1
-9
-10
-7
3
-5
-8
-4
-4
2
0
-3
0
2
-5
-2
-3
-3
0
1
-1
-3
2
0
-2
-1
-3
4
3
-3
-3
3
6
1
2
-1
-4
-5
-5
-4
2
-2
-6
-2
-3
1
-3
-4
5
5
1
4
2
0
1
-1
-2
-2
0
-1
4
-1
0
-6
-6
1
-5
-7
-6
-3
-2
-2
-1
-2
-4
2
-6
-1
1
5
3
-4
-3
-1
1
-3
3
2
3
3
-1
6
8
8
4
7
8
6
4
4
5
7
6
4
7
5
7
8
7
10
9
7
9
5
7
5
9
8
6
8
5
6
5
4
3
7
8
1
1
-1
2
8
-1
3
1
0
2
5
3
2
7
1
2
1
2
0
-1
-2
5
2
-1
9
5
2
-2
3
9
6
4
6
8
3
5
3
2
-2
-4
3
6
4
2
4
1
2
4
-1
-5
-3
3
-2
2
3
2
4
5
4
2
-1
5
5
1
6
2
1
6
-1
-5
-2
-2
1
3
6
-2
-1
2
1
2
5
0
6
7
6
7
6
2
4
4
3
6
5
6
6
0
1
5
2
4
6
7
1
7
7
8
9
9
4
3
9
7
1
3
5
-3
-5
-2
-2
2
1
1
2
4
1
5
8
-3
-3
4
1
-1
-2
1
-2
-5
1
-6
-8
-1
-4
-2
-2
0
1
0
4
1
5
8
2
0
0
1
-3
-5
0
-3
-6
-1
-5
-8
-8
-5
-7
-10
-9
-9
-7
-8
-6
-3
-3
-5
-9
-6
-1
-8
-12
-5
-3
-6
-7
-4
-2
-6
-9
-7
-3
-1
1
4
3
7
-4
-9
-9
-10
-7
-5
-5
-6
-4
-4
-6
-8
-10
-10
-8
-7
-5
-9
-6
-5
-4
-1
-3
0
-1
-6
-2
3
-2
-2
-9
-8
-7
-6
-5
-8
-6
-4
-5
-7
-6
-11
-3
0
-1
-4
0
-4
-5
-5
-9
-6
-9
-4
-5
-11
-5
-7
-3
-2
1
1
-7
-1
-1
1
-5
-8
-4
-7
-12
-11
-9
-10
-12
-11
-9
-8
-9
-8
-8
-10
-6
-8
-5
-3
-4
0
-4
-4
-5
-6
-2
-2
-6
-8
0
0
-1
0
-6
-5
-2
-7
-1
-5
-9
-3
-2
-1
-5
-4
-2
-3
-6
-12
-5
-1
-3
-6
-5
-7
-6
-8
-8
-4
-3
-4
-8
-2
-2
-6
0
-4
-3
-5
-4
-8
-6
-4
-4
-10
-12
-7
-9
-6
-7
-9
-14
-7
-8
-10
-10
-7
-7
-8
-8
-12
-10
-13
-12
-10
-9
-13
-9
-8
-12
-9
-10
-13
-8
-13
-16
-5
-4
-9
-8
0
1
0
-4
-9
-6
-4
-3
-9
-9
-8
-9
-8
-6
-12
-10
-2
0
0
-6
-7
-10
-9
-7
-9
-8
-6
-7
-7
-6
-11
-5
-9
-6
-3
-8
-11
-9
-9
-3
-6
-7
-3
-8
-5
-4
-6
-1
-1
-4
-2
-5
0
2
-2
-1
0
-3
-9
-3
-6
-6
-1
-7
-2
-6
-8
-2
0
-1
-9
-11
-8
-7
-7
-8
-10
-7
-8
-7
-6
-3
-8
-9
-10
-9
-3
-4
-8
-6
-2
-2
-3
-1
-1
-7
4
2
-8
-5
-4
-10
-9
-4
-7
-7
-9
-9
-6
-8
-11
-9
-7
-11
-8
-9
-8
-4
-6
-8
-3
-7
-9
-6
-8
-13
-11
-10
-11
-8
-13
-12
-12
-9
-9
-6
-7
-10
-7
-10
-10
-6
-15
-12
-7
-4
-10
-11
-5
-7
-9
-10
-4
-9
-7
-5
-10
-14
-3
-7
-6
-7
-4
-6
-13
-10
-9
-8
-7
-12
-12
-6
-8
-8
-11
-14
-10
-9
-10
-10
-11
-10
-8
-10
-12
-4
-2
-10
-14
-13
-12
-9
-7
-8
-13
-4
0
-5
-13
-8
-5
-5
-4
-11
-3
-2
-1
-5
-2
-2
-2
-2
-6
-8
-12
-5
-7
-2
-5
-6
-4
-5
-6
-6
-4
-4
-8
-2
-6
-8
-9
-12
-7
-11
-11
-5
-7
-8
-4
-5
-4
-7
-10
-2
-6
-7
-7
-3
-3
-5
-4
-6
-4
-3
-7
-9
-4
-7
-6
-9
-5
-6
-5
-2
-3
1
-2
-3
-4
0
5
-3
-4
-5
-1
0
-4
-9
-10
-5
-7
-10
-11
-10
-6
-4
-1
-3
-2
-4
-8
-5
-4
-4
-2
-2
-4
-10
-7
-3
-6
-9
-3
0
-1
-2
-3
1
6
-4
1
3
0
3
-2
5
1
0
1
1
-6
-2
-3
-2
-2
-3
-5
-2
2
4
1
3
3
-3
1
2
-2
-2
4
-2
1
2
1
-4
-6
-4
0
-1
-2
-1
0
0
1
0
-3
3
4
6
3
-1
-5
-1
4
-1
3
3
1
-1
4
1
-7
-2
-3
-1
-3
-5
6
5
3
2
4
10
7
1
6
4
0
4
2
4
0
-8
-1
3
2
-2
3
5
6
9
6
3
3
3
2
2
-2
-3
-5
1
0
-6
-8
-5
-4
-7
-10
-10
-8
-8
-10
-8
-7
-6
-3
-9
-3
-4
-5
-9
-7
-8
-13
-8
-7
-12
-10
-10
-9
-5
0
1
-5
-3
-6
-3
-1
0
-3
-4
-3
-7
0
-2
-2
-1
-2
-2
-5
-2
-3
-10
1
-3
-4
-1
-6
-4
-5
-5
0
-3
-8
-2
0
-4
-8
-4
-3
-1
-2
0
-3
-9
-10
-9
-10
-5
-7
-6
-3
-6
-1
-6
-1
-4
-5
0
1
-6
-3
-3
-6
-2
-7
-3
0
1
-7
-3
3
0
2
3
-4
1
4
4
3
3
1
6
5
2
4
1
7
0
2
4
3
7
2
6
7
6
4
3
4
0
-3
-1
2
-3
-5
1
1
-2
-5
-1
-2
-10
0
-4
-7
-2
-5
-1
-1
-4
-7
-1
0
-6
-7
-7
-4
-7
-2
-4
-6
-7
-6
-5
-7
-13
-12
-3
-2
-4
-5
-1
-1
-4
-3
-4
-3
-5
-2
-2
-1
7
-2
-1
-1
-1
1
-2
5
4
-3
-7
-5
1
0
1
6
6
1
5
0
0
-1
-3
-1
-1
3
-5
-3
3
-1
-2
-2
-2
-6
0
4
0
0
-2
4
4
4
5
6
7
4
4
4
0
4
2
-3
6
3
5
2
6
4
3
-2
1
8
5
6
7
4
8
10
10
3
2
7
4
2
1
2
2
3
9
11
3
5
8
8
7
4
6
4
1
5
4
3
2
7
10
4
2
2
4
4
3
3
4
6
8
3
1
1
1
1
2
8
6
5
6
7
-2
4
0
-3
5
-2
1
5
0
0
-3
-2
-5
0
3
0
2
-4
3
1
-1
1
-2
-3
-3
4
1
-1
2
3
2
-5
0
1
4
-5
-4
1
1
0
-2
-1
-7
-2
4
-2
-1
-6
-4
0
1
-1
-2
-1
-2
4
2
-4
0
4
0
2
-1
-1
1
0
1
-1
-5
-8
2
0
1
4
-3
-2
3
6
-2
0
2
2
2
2
-3
4
14
3
3
7
5
8
2
3
7
9
4
8
6
8
8
6
11
11
12
14
16
15
13
6
5
1
-4
1
3
4
3
5
10
9
10
0
3
1
1
9
9
14
20
16
11
9
-5
-6
-6
-12
-9
5
1
2
13
17
10
5
9
5
4
7
-3
0
4
1
3
7
10
8
10
11
7
14
10
6
8
-1
-1
2
2
9
13
9
7
11
12
6
12
5
4
7
-4
-17
-14
-20
-22
-16
-18
1
16
14
11
25
14
4
16
11
3
11
3
-11
-9
-16
-20
-16
-13
-10
19
24
22
46
57
47
33
17
-19
-31
-30
-38
-23
-10
-6
15
14
13
28
31
21
29
46
34
18
10
-19
-48
-56
-57
-42
-37
-27
20
65
66
56
72
83
64
1
-44
-19
-24
-102
-116
-35
-6
-39
4
72
77
75
61
20
17
19
-18
-36
-23
-32
-52
-58
-62
-45
-11
29
53
62
83
125
102
26
25
38
-35
-69
-62
-96
-119
-83
-37
-12
27
79
130
133
96
120
113
16
-34
-44
-107
-134
-94
-134
-128
6
55
32
122
168
145
188
184
54
-24
-27
-78
-139
-157
-137
-108
-104
-62
53
98
117
208
260
230
205
114
-7
-73
-160
-237
-222
-234
-211
-44
71
115
243
291
272
356
328
120
-5
-92
-222
-271
-363
-394
-221
-190
-196
76
261
351
662
670
493
571
-288
-1745
-1597
-868
-1213
-756
596
788
831
1305
603
-157
141
-347
-1030
-205
260
-289
-84
142
-438
-515
-295
-634
-697
-246
189
659
773
544
640
503
-121
-280
-270
-689
-649
-213
-202
-63
252
101
48
316
206
150
541
617
551
856
893
467
125
-130
-352
-304
-182
67
726
1405
1798
2121
1998
940
-350
-1155
-1838
-2517
-2540
-1971
-1363
-561
351
757
793
781
487
98
60
51
-94
-66
-86
-368
-769
-1283
-1792
-1961
-1913
-1742
-1219
-504
208
879
1266
1389
1468
1272
912
700
274
-193
-136
-277
-833
-632
200
1048
2443
4265
6025
6985
4845
-96
-3536
-5005
-7087
-7853
-5242
-1732
1202
3935
5470
5586
4635
2077
-624
-1398
-1353
-1506
-879
156
481
378
13
-1113
-2785
-3877
-3364
-1804
-469
916
2706
3573
3048
2202
1091
-613
-2102
-2705
-2447
-1536
-486
418
1048
978
287
-380
-951
-1451
-1363
-584
454
1266
1598
1625
1367
467
-629
-1176
-1347
-1374
-964
-195
507
887
845
611
384
-12
-413
-424
-210
51
544
1016
945
550
235
-187
-780
-1066
-931
-662
-282
231
584
710
718
524
233
-12
-284
-533
-592
-486
-377
-345
-346
-285
-381
-564
-396
-178
-189
62
179
-464
-772
-485
-892
-1357
-941
-830
-1046
-639
-541
-988
-825
-509
-556
-167
415
640
987
1291
1185
1039
872
645
535
355
394
1116
2114
3284
5134
7641
9542
8034
2416
-3194
-6467
-9473
-11258
-9102
-4932
-785
3818
7359
8409
7810
5178
1068
-1399
-2049
-2702
-2637
-1522
-783
-505
-581
-1638
-3195
-4307
-4214
-2468
-233
1456
3331
4849
4497
3066
1497
-790
-3128
-4146
-4029
-3076
-1348
196
1073
1636
1544
657
-206
-835
-1394
-1149
51
945
1088
1145
960
-24
-1201
-1831
-2302
-2872
-2746
-1556
-262
464
988
1251
817
118
-443
-1087
-1528
-1411
-1129
-814
-288
81
94
131
322
619
1010
1508
2038
2097
1691
1448
1016
170
25
574
1191
2794
5242
7526
9829
9711
4440
-1690
-4815
-8069
-11364
-10547
-7212
-3939
634
5041
6803
7207
6151
2754
-77
-987
-1961
-2841
-2633
-2134
-1575
-1128
-1695
-2886
-3803
-3991
-2838
-1048
137
1518
3301
3716
2788
1826
276
-1982
-3315
-3400
-2996
-1916
-624
-422
-835
-948
-1477
-2408
-2471
-2080
-1801
-448
1444
1880
1507
1556
937
-190
112
1419
2204
2889
3930
4753
5597
6655
7608
9295
10368
6241
-1943
-7255
-9571
-12810
-13754
-9550
-4492
-203
5080
8964
9721
8929
6050
1629
-821
-1650
-3174
-4005
-3369
-2893
-2574
-2175
-2712
-3764
-3900
-2782
-870
923
2314
3887
4929
4214
2620
1182
-704
-2851
-3858
-3491
-2593
-1559
-610
81
475
374
-259
-900
-1205
-1202
-434
934
1635
1325
520
-1082
-3012
-3952
-4212
-4115
-2871
-1191
123
1748
2741
2008
1142
667
-343
-746
-111
193
711
1946
2554
2602
2727
2248
1687
2150
3395
5349
7840
9844
10357
7783
2036
-3554
-7565
-11119
-12485
-10360
-6867
-2371
3062
6574
7608
7551
5516
2073
-272
-1705
-2939
-3189
-2781
-2317
-1790
-1985
-2973
-3881
-4408
-3972
-2286
-543
930
2648
3648
3181
2054
455
-1685
-3372
-3976
-3640
-2458
-1066
-532
-619
-708
-1424
-2744
-3383
-3244
-2784
-1281
886
2037
2238
2311
1912
1686
2591
3296
3185
3762
5028
6171
7812
10050
12748
14290
9510
-1168
-9111
-12747
-16993
-18754
-14005
-7004
-297
7016
12307
13963
12933
8523
2473
-1172
-2894
-4734
-5634
-4951
-3652
-2503
-2340
-3355
-4659
-5303
-4262
-1599
861
2618
4671
5980
5029
2917
850
-1800
-4766
-6199
-5505
-3865
-2198
-574
898
1858
1951
1146
-188
-1460
-2019
-1841
-1796
-2389
-3001
-3153
-3104
-2936
-2414
-1488
-55
1521
2724
3823
4453
3894
3320
3393
2585
1249
1032
1303
2031
4528
7802
10867
13585
12203
4838
-2792
-7460
-12120
-15339
-13355
-8700
-3813
2417
7857
9847
9671
7560
3157
-599
-2211
-3316
-4043
-3655
-2704
-1744
-1492
-2587
-4074
-4857
-4713
-3387
-1393
412
2220
3791
4030
3028
1331
-960
-3262
-4841
-5114
-3949
-2346
-938
429
1000
390
-564
-1862
-3468
-4318
-4304
-3595
-2077
-822
-9
1249
1884
1539
1884
3119
4547
5714
6013
6200
6646
6276
6343
8390
11406
13718
10796
914
-7411
-10613
-15472
-19306
-15136
-8629
-3452
4594
11863
13797
13540
10574
4006
-483
-2192
-5074
-7171
-6469
-5062
-3454
-2189
-2699
-3827
-4462
-4484
-2910
-597
1023
3225
5554
5463
3944
2554
-240
-4145
-6400
-6496
-5517
-3748
-1638
238
1664
2127
1263
-435
-2551
-4856
-5934
-4927
-3418
-2439
-906
903
1439
1371
1874
1999
1886
3494
5904
6497
6278
6517
5715
4883
6338
8864
11996
14370
9703
-891
-7714
-11003
-16361
-18877
-14593
-8558
-2269
5614
11694
14045
13466
9319
3656
72
-2496
-5536
-7307
-6952
-5232
-3182
-2405
-3074
-3798
-4097
-3647
-2003
-251
1116
3165
4936
4673
3370
1794
-1180
-4655
-6345
-6188
-5197
-3492
-1405
305
1230
1080
-271
-2134
-3658
-4790
-5246
-4316
-2843
-1875
-407
1485
2021
1834
2241
2886
4358
6289
6406
5854
6379
6185
5818
7314
9651
13317
16294
10864
-430
-7202
-11543
-18051
-20386
-16361
-10509
-2804
5817
11843
15567
15733
10457
4267
440
-3049
-6294
-8012
-8021
-5748
-2954
-2375
-3018
-3582
-4259
-3861
-2173
-655
1192
3660
5137
5152
4094
1743
-1526
-4843
-7137
-7003
-5085
-3505
-2132
-13
1457
1049
-68
-1411
-3867
-6128
-5858
-4058
-2776
-1445
330
1379
1929
2659
2854
3144
5012
6639
6392
6594
7367
6133
5081
7033
10144
13771
16031
10512
-552
-7519
-11720
-18136
-21040
-16862
-10548
-3278
5737
12838
16082
15719
11121
5055
1070
-2280
-6296
-8713
-8280
-5962
-3551
-2743
-3152
-3553
-3938
-3604
-2012
-640
503
2764
4825
4981
4028
2315
-726
-4318
-6810
-7063
-5717
-4408
-2705
118
1911
1431
7
-1898
-3889
-5187
-6124
-5781
-3670
-2066
-628
1958
2808
1789
2242
3105
3801
6259
7531
6279
6372
6616
5204
5776
8073
10503
14837
15609
7157
-2567
-7918
-13788
-19085
-18758
-14577
-8417
-334
7108
12892
16182
13968
8210
3675
-56
-4128
-7109
-8577
-7908
-5066
-3089
-3051
-3013
-3357
-4197
-3374
-1507
-343
1284
3719
4931
4498
3258
1032
-2266
-5668
-7338
-6514
-5053
-3962
-1847
542
879
-38
-1231
-3646
-5819
-5876
-5090
-3856
-1513
367
1274
2462
3054
2246
2008
3694
5709
6316
6737
8018
8060
7237
8464
10636
13171
16695
14326
3480
-5371
-9811
-16791
-21793
-19008
-14056
-8334
1135
9692
14320
16806
14794
8514
3660
279
-4487
-8355
-9278
-8215
-6039
-4187
-3716
-3706
-3674
-3547
-2461
-826
413
2027
4099
4978
4400
3190
727
-3042
-5988
-6958
-6706
-5659
-3889
-1687
584
1914
1310
-576
-2388
-4163
-6080
-6804
-5797
-4328
-2700
-304
1706
2514
3111
3625
4369
6186
7407
6961
6869
6883
5857
6157
7811
9564
14129
17815
11909
1211
-5268
-11566
-19137
-20785
-17389
-12827
-4903
4626
11532
16246
17079
12148
6198
2027
-2405
-6703
-9277
-9524
-7141
-4348
-3366
-2973
-2915
-3881
-3777
-2166
-1015
447
3015
4660
4743
4208
2517
-701
-4190
-6518
-7053
-6334
-4941
-2950
-1017
344
807
-699
-3560
-5319
-6103
-6558
-4790
-1700
0
1481
3282
3125
1860
1696
2402
4106
6090
6653
7211
8166
7624
7358
9058
11466
15145
17363
11693
1598
-5466
-11948
-18994
-20972
-18083
-13482
-5772
3645
10797
15631
16919
12801
7256
3425
-954
-5974
-8961
-9416
-7906
-5479
-4064
-3739
-3633
-3720
-3405
-2330
-1134
281
2331
4145
4981
4724
3127
259
-3192
-6014
-7182
-6811
-5759
-4237
-1798
719
1626
1205
-19
-3153
-6557
-7062
-6304
-5754
-3330
-359
818
1946
3208
2882
2718
4220
5712
6438
7087
7665
7299
6281
6926
9423
12255
16259
18207
11358
194
-6562
-12597
-20205
-21790
-17463
-12538
-4665
5702
12620
16035
16515
11827
5664
1911
-2271
-7351
-9650
-8772
-6654
-4522
-3321
-2896
-3015
-3777
-3707
-2450
-1606
-425
2159
4126
4588
4600
3036
-730
-4291
-6405
-7381
-6851
-5237
-3255
-596
1665
1813
492
-1680
-4840
-7161
-7278
-6176
-4333
-1749
616
2423
3609
3575
3001
3219
4534
5916
6229
6532
7444
7319
7178
9095
11472
14466
17887
14680
4256
-3964
-9564
-17058
-21317
-19199
-15017
-8553
986
9131
14300
16588
13994
8634
4464
507
-4491
-8407
-9484
-8103
-6032
-4752
-3901
-3420
-3767
-3678
-2480
-1438
-524
1288
3239
4142
4018
2953
572
-2837
-5779
-6942
-6613
-5664
-4263
-2163
95
1259
956
-497
-3181
-6080
-7217
-6797
-5649
-3314
-807
862
2663
3959
3646
3634
5009
6097
6478
7045
7493
7056
6574
7655
9948
13245
17732
18031
9723
-454
-7074
-14172
-20774
-21298
-17795
-12495
-3402
6593
13243
16753
16317
11478
6064
2000
-2564
-7426
-10004
-9205
-6826
-5092
-3890
-3041
-3495
-4045
-3217
-2325
-1646
111
2177
3722
4730
4118
1897
-1003
-4379
-6747
-7126
-7008
-6282
-3845
-1159
504
1098
-36
-2165
-3614
-4707
-5746
-5807
-4628
-2742
-674
1194
2658
3283
3387
4612
6819
7702
7292
7375
7362
6866
7638
9532
11944
16063
18161
12320
2569
-4592
-11647
-19358
-21891
-18730
-13613
-6278
3063
11111
16065
16933
13245
7828
3249
-1462
-6701
-9924
-9570
-7553
-5877
-4381
-3052
-2908
-3526
-3461
-2736
-1818
-447
1516
3556
4632
4277
2886
206
-3608
-6372
-7100
-7141
-6421
-4198
-1522
617
1730
1278
-437
-2862
-4998
-5539
-5466
-5832
-4676
-2121
-673
641
2601
3215
3495
5399
7093
7464
7731
7708
6796
6375
7435
8991
11124
15378
18331
13334
3152
-4316
-10724
-18652
-21913
-18906
-14402
-7467
2600
10757
15544
17269
13612
7483
3375
-1065
-6760
-9809
-9709
-8204
-5685
-3683
-2988
-2662
-3169
-3807
-2781
-1541
-1015
790
3210
3952
3677
2771
120
-3363
-5901
-6959
-6692
-5803
-4394
-2031
79
648
210
-1283
-3993
-6003
-6307
-5702
-3980
-1442
377
1638
3011
3510
2992
3338
5227
6782
7063
7741
8977
9029
8977
10513
12840
15714
16994
11574
1632
-5616
-11261
-17988
-20919
-18260
-13633
-6775
2386
9989
14679
16279
13361
8197
4075
-205
-5463
-9170
-9867
-8414
-6395
-5017
-4146
-3509
-3437
-3214
-2128
-1106
-362
1243
3231
4096
3847
2798
306
-3188
-5788
-6871
-7007
-6261
-4763
-2744
-330
1105
611
-547
-2030
-4066
-4873
-4580
-5220
-4925
-2350
-661
58
1995
3325
4050
7031
9747
9410
8962
8903
7080
5911
6903
8028
10946
16210
17077
10560
2146
-5255
-12879
-19179
-21362
-19015
-13071
-4872
4233
12637
17426
16554
11971
6899
1972
-3404
-8363
-10920
-10168
-7448
-4941
-3187
-1923
-1941
-3033
-3297
-2625
-2233
-1344
827
2916
4115
4471
3089
-22
-3418
-6129
-7602
-7691
-6918
-5211
-2374
155
841
-57
-1664
-3568
-5172
-5417
-4241
-2968
-1796
-8
1529
2149
2506
2720
3760
6587
8501
8427
9333
10212
9070
9307
11651
13563
15866
15626
7911
-1697
-7516
-13595
-19767
-20639
-17307
-11789
-3193
5694
12174
16225
15945
11615
7123
2741
-2850
-7785
-10521
-10493
-7891
-5675
-5019
-3722
-2551
-2995
-2786
-1551
-1261
-566
1638
3336
4020
4000
2187
-881
-3732
-6201
-7379
-6853
-6030
-4553
-1714
233
420
-47
-1787
-3944
-4447
-5021
-6177
-4777
-2047
-892
516
2639
3266
3759
5732
7595
8370
8414
7979
7387
6770
6714
8034
10745
14950
17868
13981
4842
-2991
-9908
-17459
-21042
-19325
-15256
-8318
1145
9368
14871
16797
13799
8631
4259
-595
-6088
-9644
-10269
-8709
-6233
-4212
-2880
-2286
-2798
-3348
-2880
-2208
-1468
188
2205
3554
3971
3062
682
-2529
-5473
-6941
-6979
-6478
-5082
-2600
-556
328
167
-1542
-3864
-5182
-5928
-5961
-4113
-1692
-295
1247
3069
3384
2843
3685
5654
6764
7020
7885
8830
8741
8967
10513
12854
16197
17830
12784
3473
-3978
-10715
-17998
-21027
-19220
-15689
-8831
990
8875
14021
16603
14281
9387
5594
944
-4900
-8523
-9685
-9221
-7032
-5184
-4598
-3781
-3279
-3476
-2757
-1758
-1297
299
2590
3722
4110
3586
1050
-2181
-4693
-6522
-7146
-6685
-5687
-3567
-1101
12
142
-488
-2132
-3347
-4037
-5518
-6123
-4410
-2331
-723
1191
2618
3092
4042
6276
8269
8509
8351
8858
8424
7716
8828
10518
13099
17308
16871
8646
-236
-6958
-14590
-20160
-20770
-18669
-13143
-3624
5314
12006
16933
16804
12049
7745
3642
-2464
-7775
-10308
-10713
-8680
-5825
-4624
-3917
-2975
-3138
-3230
-2201
-1551
-900
1053
3116
4182
4183
2584
-298
-3351
-5861
-7112
-7148
-6672
-5314
-2848
-560
343
-306
-1902
-3559
-4802
-5175
-4378
-3140
-1866
-180
1534
2625
3018
3104
4409
6908
7849
7682
8867
9693
9232
10034
12180
15156
18229
15650
6345
-1846
-7878
-15683
-21044
-20911
-18298
-12278
-2776
5535
12299
17152
15942
11357
8415
4250
-2407
-7265
-9547
-9987
-8023
-6035
-5498
-4475
-3463
-3619
-3198
-2160
-1678
-437
1840
3559
4636
4605
2434
-665
-3472
-6005
-7193
-7035
-6569
-4721
-1646
408
1287
763
-1762
-3647
-4532
-6789
-7592
-5158
-3381
-1637
2033
3839
3649
4661
5420
5866
7506
7689
6584
7261
8262
8812
10669
13705
17720
19436
13238
2933
-4493
-11738
-19709
-22659
-20487
-15793
-7757
1595
9528
15866
17686
13797
9107
5414
126
-5728
-9291
-9907
-8227
-6180
-5062
-3949
-3174
-3818
-4201
-3367
-2731
-1932
153
2362
3906
4846
4023
1378
-1679
-4655
-6820
-7332
-6994
-5881
-3159
-350
938
1184
-31
-2621
-4537
-5752
-6733
-5843
-3605
-1965
-126
1999
2943
3388
4057
5024
6937
8187
7760
8032
8678
8176
8778
10960
13652
17301
17015
8694
-362
-6002
-13331
-20167
-20884
-18204
-13330
-4436
4576
11025
15847
16174
11721
7804
4343
-1524
-6921
-9290
-9515
-8015
-6101
-5184
-4180
-3203
-3435
-3341
-2310
-1940
-1283
853
2755
3733
4084
2685
-116
-2688
-4990
-6563
-6658
-6292
-5484
-3289
-1298
-1060
-1767
-2815
-3909
-4423
-4489
-4083
-2733
-1114
125
1367
2504
3150
3968
5900
8167
9145
9211
9643
10031
10073
10877
13344
16911
17585
11068
1056
-5832
-11502
-18944
-22974
-20372
-14759
-7529
1615
10049
15690
17263
14126
9575
6097
1089
-5626
-9697
-9973
-8894
-7712
-6317
-4632
-3380
-3157
-2901
-2080
-1853
-1707
4
2271
3422
3650
3080
1262
-1562
-4274
-5797
-6310
-6525
-5718
-3261
-817
61
-123
-875
-2418
-4030
-5014
-5980
-6545
-5144
-2587
-522
1570
3328
3770
4239
5600
6894
7647
7607
7199
7534
8201
8857
10287
12783
16426
18377
13131
2808
-4976
-10934
-18053
-21621
-19317
-14705
-7993
1178
9484
15060
16804
13561
8654
5082
481
-5664
-9582
-10113
-8888
-6868
-4948
-3667
-2968
-3090
-3386
-2787
-2099
-1835
-501
1905
3556
4032
3455
1339
-1657
-4276
-6042
-6673
-6413
-5747
-3867
-1131
204
-159
-1188
-3002
-4952
-5652
-5505
-4978
-3403
-1111
967
2616
3594
3579
3425
4609
6526
7079
7024
8254
9293
9330
10513
12880
15712
18536
16419
7252
-2034
-8318
-15450
-21394
-21652
-18074
-12162
-3328
5647
12496
16685
15942
11413
7650
4015
-1947
-7567
-9872
-9495
-7838
-6120
-4885
-3752
-3321
-3669
-3346
-2539
-2246
-1384
723
2739
3944
4244
3008
356
-2740
-5268
-6572
-6908
-6542
-4829
-2087
-11
920
793
-935
-3204
-4904
-6773
-7581
-5770
-3577
-1776
1185
3579
4104
4698
5875
6980
7681
7546
7624
8362
8521
9220
11377
13939
17582
18896
11810
1228
-5807
-13145
-20998
-22847
-20263
-16040
-7300
3171
10658
16284
18196
14033
9039
5532
-158
-6468
-9611
-10194
-8903
-6387
-4754
-3875
-3272
-3846
-4246
-3462
-3133
-2379
317
2838
4223
5280
4558
1547
-1653
-4379
-6652
-7624
-7438
-6322
-3771
-894
353
20
-963
-2631
-4555
-5451
-5241
-4617
-3069
-716
1037
2249
3247
3041
2926
5126
7197
7062
7845
9753
9828
10072
12035
13469
15896
18421
13603
3115
-4441
-10580
-18109
-21569
-19893
-16441
-9761
-266
7831
13900
17024
14793
10306
7052
2753
-3433
-8086
-9629
-9120
-7659
-6178
-5029
-4172
-3949
-3801
-2923
-2107
-1696
-319
1917
3384
4085
3946
1763
-1516
-3807
-5322
-6490
-6588
-5894
-4619
-2336
-570
-1043
-2464
-3377
-4357
-5151
-4606
-3275
-2226
-1207
231
1680
2408
2343
2855
5222
7925
8800
8980
9734
9859
9956
11477
13453
16038
18084
13796
3909
-3900
-10165
-18124
-22637
-21282
-17627
-10851
-832
7694
13717
17448
16105
11448
7593
3053
-3474
-8525
-10150
-9683
-8361
-6809
-5351
-4184
-3693
-3480
-2830
-2232
-1788
-428
1568
3100
4149
4279
2476
-460
-3012
-5058
-6531
-6906
-6307
-4812
-2351
-181
194
-1089
-2722
-4005
-5208
-5799
-4892
-3423
-2114
-97
1896
2450
2537
2923
3811
6299
8560
8333
8285
9527
9481
9328
10934
13040
15945
17431
11921
2408
-4703
-11601
-18872
-21353
-19580
-15829
-8271
1165
8725
14605
16969
13842
9399
6022
1027
-4969
-8762
-9982
-9190
-7138
-5542
-4635
-3754
-3489
-3625
-3054
-2310
-1692
-88
2142
3663
4383
3870
1467
-1739
-4387
-6171
-7046
-7179
-6410
-4115
-1414
-198
-479
-1601
-3231
-4552
-5169
-5199
-4144
-2325
-837
656
2447
3132
2745
3800
6593
8138
8012
8735
9755
9700
10388
12004
13713
16950
18044
11332
1910
-4476
-11768
-19530
-21855
-20320
-16827
-8729
1050
8504
14770
17573
14451
10390
7451
1841
-5029
-8866
-9951
-9481
-7768
-6205
-5144
-4069
-3684
-3727
-3120
-2541
-2115
-413
2055
3610
4271
3909
1735
-1300
-3744
-5555
-6688
-6827
-5985
-4213
-2174
-745
-146
-768
-2145
-2989
-4051
-5455
-5090
-3770
-3099
-1237
1348
2251
2958
4584
6214
8027
8880
8369
8828
9350
8761
9770
12037
14507
18328
17594
8150
-1018
-6511
-14651
-21843
-22191
-19497
-14283
-4588
4788
11827
17167
16840
12133
8871
4990
-1838
-7463
-10087
-10158
-7761
-6025
-5623
-3951
-3112
-4265
-3756
-2600
-3209
-2150
1026
2883
4105
4896
3183
325
-2212
-4940
-6734
-7501
-7846
-5925
-2640
-1271
-1092
-1185
-2606
-3899
-4220
-4812
-4456
-2552
-1186
-73
1991
3283
3122
3970
6574
8159
7863
8386
9738
10105
10995
13149
15393
18579
19173
11566
1263
-5399
-12999
-21525
-23990
-21586
-17251
-8836
1411
9587
15901
18078
14808
10987
7699
1581
-5090
-8543
-9604
-9269
-7822
-6442
-5349
-4568
-4465
-4028
-3084
-2830
-2177
243
2838
4272
4945
4317
1808
-1341
-4008
-6103
-7293
-7268
-6160
-4065
-1667
-530
-1037
-1994
-3063
-4411
-5135
-4787
-3977
-2779
-1113
547
1930
2851
3414
4846
7378
9010
9142
9313
9662
9698
10286
11673
14124
17662
17498
9954
493
-6238
-13232
-20362
-23055
-20982
-15503
-6914
2341
10375
16284
17207
13713
10168
6402
250
-5943
-9389
-10052
-8716
-7064
-5970
-4660
-3748
-3757
-3237
-2431
-2569
-2028
246
2392
3656
4338
3472
1079
-1605
-4224
-6181
-6856
-6916
-5954
-3138
-527
158
93
-940
-3716
-5908
-6435
-6739
-5961
-3223
-369
1951
4055
4868
4523
4991
6464
7135
7033
7849
8992
9425
10700
13036
15506
18577
18297
9985
-492
-7190
-14252
-21698
-23369
-20282
-15198
-6589
3158
10659
16134
17057
12814
9170
6470
321
-6172
-8552
-8694
-8036
-6444
-5445
-5048
-4467
-4549
-4487
-3270
-2591
-2080
354
3115
4269
4674
3851
958
-2121
-4274
-6110
-7211
-7021
-5680
-3316
-1072
-423
-898
-1641
-3143
-5123
-5837
-4978
-3990
-2942
-851
1620
3181
3904
4509
5893
7907
8491
7931
8757
9812
9486
10110
12740
16069
18140
14834
5876
-2693
-9525
-17067
-21934
-21446
-18254
-12481
-3308
6047
13022
16610
15706
12154
8530
4000
-1892
-6851
-9144
-8987
-7657
-6178
-4910
-4434
-4558
-3990
-3174
-3114
-2662
-933
1111
2865
4215
4457
3031
206
-2719
-4747
-6281
-7226
-6648
-4992
-3035
-1037
-265
-926
-1680
-2965
-5021
-5645
-4764
-4343
-3372
-855
1308
2642
4018
5048
6518
8770
9485
8994
9477
9719
9324
10492
13137
16169
17171
11858
2673
-4327
-10885
-18517
-22031
-20591
-16769
-9435
-7
7979
14308
16985
14503
11169
8084
2225
-4116
-7613
-9170
-8954
-7244
-6108
-5237
-4056
-3885
-3858
-2772
-2138
-1964
-380
1872
3152
3797
3733
1897
-1054
-3444
-5195
-6691
-7112
-6001
-3845
-1371
261
456
-144
-1644
-4187
-6026
-6401
-6314
-5398
-3097
-489
1796
3667
4478
4909
6572
8414
8619
8490
9100
9024
8948
10393
12243
14942
17759
14380
4613
-3547
-9516
-16856
-21633
-21080
-17637
-10955
-1647
6619
13313
17167
15352
11103
8036
3493
-3040
-7768
-9396
-8845
-7275
-6054
-4919
-3706
-3611
-3790
-2855
-2293
-2437
-1210
1134
2995
4083
3977
2237
-387
-3089
-5261
-6417
-6961
-6618
-4445
-1618
48
534
-111
-1935
-3807
-5181
-6021
-5565
-4288
-2921
-711
1977
3689
4406
4798
5935
8155
9188
8679
9190
9986
9857
11103
13782
16079
16536
11231
989
-6483
-11371
-18557
-23045
-20352
-14763
-7803
1235
9154
14435
16562
13993
9806
6750
1738
-4891
-8405
-8646
-7879
-6581
-5490
-4653
-3686
-3660
-3954
-3084
-2550
-2642
-838
2026
3406
3941
3850
1843
-1099
-3409
-5191
-6480
-6930
-6117
-3730
-1074
139
329
-250
-2189
-4199
-5337
-6171
-5878
-4136
-2336
-305
2195
3539
3825
4579
6073
7750
8518
8480
9031
9747
10080
11316
13392
15649
16404
10945
618
-6730
-11656
-18403
-22132
-19557
-14590
-7785
1171
8941
14443
16720
13954
9713
6783
1924
-4636
-8505
-9278
-8460
-6753
-5510
-4630
-3524
-3391
-3549
-2492
-2001
-2262
-503
2128
3112
3677
3783
1607
-1451
-3616
-5286
-6377
-6699
-6117
-3866
-1281
-319
-412
-1107
-2669
-4193
-5322
-5810
-4591
-2807
-1683
315
2774
3637
3778
4601
6208
8051
8680
8631
9619
10411
10774
12493
14885
16410
14447
6433
-2967
-8852
-14581
-20243
-20824
-17491
-12139
-3541
4963
10741
15150
15515
11316
8100
5098
-1111
-6301
-7946
-8533
-7590
-5430
-4849
-4658
-3637
-3502
-3542
-2759
-2396
-1644
655
2694
3566
3868
2810
265
-2244
-4271
-5886
-6677
-6505
-4972
-2306
-402
75
240
-139
-2020
-4396
-5785
-6252
-5974
-4404
-1872
362
2109
3676
4470
4842
6393
8147
8177
8177
9263
9434
9445
11094
13008
15138
15888
9812
-135
-6234
-11384
-18381
-20814
-17923
-13865
-6908
2242
8994
13743
15816
12692
8623
6115
1027
-5353
-8128
-8330
-7835
-6209
-4725
-4002
-3345
-3268
-3211
-2447
-2415
-2482
-533
1793
2722
3309
3116
1039
-1442
-3412
-5385
-6711
-6720
-5763
-3770
-1151
271
-77
-1047
-2328
-4119
-5465
-5608
-4998
-3929
-1974
723
2812
3745
4210
4784
6146
8056
8624
8270
9038
9953
10331
11918
14701
16737
15139
7924
-1101
-7663
-13730
-19592
-21200
-18345
-12985
-5214
3275
10281
14884
15359
12320
9144
5610
1
-5388
-8094
-8506
-7493
-6084
-5019
-4081
-3620
-3679
-3167
-2454
-2487
-2020
-101
2027
3375
3736
2817
752
-1814
-4020
-5485
-6598
-6916
-5443
-2903
-769
572
948
193
-1382
-3310
-4961
-5990
-6405
-5593
-3282
-688
1361
3132
4542
5458
6710
8203
8495
8074
8334
8641
8893
10205
12266
14929
16505
12184
2989
-4457
-10293
-17022
-20873
-19788
-15747
-8851
-283
7293
13295
15815
13480
10002
7102
2231
-3642
-7368
-8629
-7910
-6126
-4885
-3946
-3080
-3278
-3500
-2764
-2694
-2874
-1143
1311
2704
3558
3522
1892
-412
-2793
-4948
-6210
-6849
-6614
-4436
-1615
-243
50
-327
-1855
-3531
-4566
-5421
-5422
-4084
-2323
-156
2343
3744
3911
4122
5235
7070
8075
7937
8413
9298
9986
11788
14110
15873
16220
11342
1979
-5312
-10955
-17917
-21396
-19262
-15114
-8483
441
7704
12932
15717
13676
9810
7010
2314
-3866
-7354
-8322
-8240
-6909
-5364
-4286
-3408
-3289
-3296
-2643
-2528
-2519
-884
1312
2719
3683
3516
1624
-812
-3122
-5255
-6597
-6941
-6178
-4006
-1496
-159
100
-323
-1673
-3547
-5050
-5710
-5376
-4387
-2797
-377
1867
3026
3679
4337
5550
7530
8500
8315
9069
9988
10261
11472
13303
15414
16786
12108
2050
-5531
-11022
-17963
-21647
-19987
-16120
-9188
43
7555
13362
16525
14242
10101
7341
2748
-3690
-7832
-8948
-8330
-6748
-5366
-4185
-3207
-3369
-3623
-2886
-2626
-2784
-1406
922
2683
3813
3789
2171
-171
-2670
-4957
-6319
-6891
-6641
-4745
-2008
-202
676
902
-398
-2714
-4409
-5488
-6234
-5906
-4319
-1768
1229
3517
4617
5423
6765
8155
8341
7876
8228
8514
8446
9926
12548
15114
16915
14023
5535
-2933
-9523
-16217
-20745
-20859
-17545
-10944
-2105
6101
12543
15911
14648
11105
7659
3044
-2774
-7307
-9206
-8551
-6459
-4814
-3863
-3054
-2988
-3489
-3497
-3418
-3446
-2325
17
2303
3817
4106
2824
533
-2048
-4562
-6369
-7137
-6974
-5329
-2532
-390
461
287
-1051
-2886
-4303
-5435
-5945
-5222
-3634
-1370
1306
3424
4552
5194
6500
8539
9041
8013
8157
8834
8955
10455
13120
15737
17319
13633
4440
-3825
-10136
-17229
-21956
-21402
-17270
-10448
-1705
6829
13660
16638
15078
11764
7956
2570
-3420
-7902
-9767
-8868
-6878
-5419
-3905
-2562
-2682
-3104
-2807
-3070
-3446
-2088
319
2218
3656
4261
2955
382
-2151
-4500
-6418
-7464
-7392
-5393
-2125
-57
797
1293
79
-2077
-3530
-5728
-7385
-6184
-4599
-2788
929
3414
4052
5760
7293
7821
8570
8190
7387
8286
9266
10039
12389
15543
17507
14894
6237
-2944
-9492
-16228
-21247
-21182
-17807
-11636
-2663
5765
12425
16572
15307
11137
8147
3809
-2663
-7127
-8896
-8933
-6930
-4884
-4014
-2980
-2692
-3584
-3513
-3054
-3453
-2561
75
2367
3931
4413
2987
505
-2136
-4818
-6667
-7300
-7104
-5525
-2624
-370
160
-567
-2093
-3631
-4547
-5028
-5003
-4133
-2517
-245
2205
3840
4442
5045
6649
8355
8669
8553
9265
9968
10895
13073
15822
17882
15943
7592
-1929
-8076
-14519
-21340
-22819
-19304
-13796
-5565
3740
10871
15554
16593
13568
10039
6563
458
-6058
-8971
-9092
-8502
-7358
-5726
-4153
-3286
-3156
-2835
-2450
-2702
-2249
-173
1935
3191
3783
3015
994
-1122
-3386
-5691
-6891
-6997
-6215
-4071
-1782
-771
-560
-981
-2171
-3399
-4577
-5376
-4919
-3921
-2401
430
2736
3554
4733
6567
8302
9314
8764
8176
9053
9824
10514
12930
16249
17541
13531
4734
-3491
-9861
-16964
-21955
-21556
-17834
-11559
-2544
6206
12893
16673
15758
12288
9194
4401
-2519
-7562
-9449
-9500
-8105
-6250
-4755
-3494
-2989
-2831
-2170
-2049
-2542
-1706
405
2308
3661
3970
2553
88
-2459
-4728
-6397
-7302
-7205
-5503
-2650
-419
310
-80
-1187
-2724
-4374
-5598
-5701
-4996
-3733
-1253
1585
3325
4411
5362
6497
8215
8915
8077
8046
8943
9632
11149
13815
16725
17398
12088
2919
-4652
-11510
-18766
-22344
-21258
-17155
-9595
-312
7704
14088
17113
15244
11731
8337
2839
-3753
-7983
-9557
-9497
-8190
-6407
-4667
-3318
-2783
-2544
-2193
-2220
-2307
-1412
455
2318
3334
3277
2228
134
-2535
-4677
-6171
-7332
-7071
-4905
-2679
-1397
-575
-606
-1495
-2524
-3842
-4880
-4752
-4296
-3256
-729
1707
3106
4467
5899
7931
10069
9629
8142
8727
9346
9334
11398
15060
17717
16108
8603
-249
-7157
-14647
-21270
-22925
-20496
-14856
-5988
3160
11102
16756
17019
13791
11023
6567
-522
-6183
-9147
-10153
-8923
-7036
-5578
-3843
-2911
-3019
-2398
-1948
-2719
-2525
-662
1300
2939
3819
3042
1266
-781
-3247
-5459
-6742
-7298
-6552
-4109
-1680
-536
-275
-1022
-2491
-3431
-4262
-5293
-5032
-3643
-2018
359
2720
3896
4920
6600
8321
9314
9178
8671
8707
9377
10738
12840
15876
17772
13565
4066
-3962
-10221
-17772
-22765
-22090
-18113
-11225
-1709
7025
13662
17468
16253
12239
8873
4095
-2934
-8041
-9598
-9355
-8236
-6689
-4902
-3233
-2749
-2696
-1827
-1617
-2313
-1510
485
1880
3037
3528
2216
155
-1863
-4218
-6120
-6917
-6900
-5522
-2962
-1221
-840
-860
-1460
-2680
-3741
-4669
-5235
-4722
-3396
-1381
1317
3392
4409
5822
8066
9638
9697
9229
8929
8919
9948
12059
14892
17790
16476
8512
-553
-7357
-14867
-21545
-23283
-21044
-15383
-5991
3565
11161
16849
17820
14224
10601
6522
-412
-6798
-9605
-10099
-9038
-7011
-5378
-3877
-2589
-2496
-2485
-1900
-2094
-2321
-785
1604
3269
3895
3299
1498
-911
-3373
-5492
-6937
-7457
-6586
-4291
-1739
-182
84
-831
-2306
-3567
-4744
-5542
-5117
-3910
-2259
235
2738
4304
5481
7015
8650
9279
8862
8874
9356
9697
10922
13629
16917
17680
12179
2802
-5004
-11920
-19104
-22705
-21687
-17783
-10108
-50
8391
14529
17551
15752
11991
8584
2971
-4197
-8461
-9615
-9547
-7995
-5795
-4447
-3467
-2634
-2240
-1913
-2004
-2368
-1494
458
2046
3074
3134
1637
-395
-2279
-4282
-5785
-6473
-6426
-4919
-2419
-700
-117
-505
-1922
-3432
-4521
-5434
-5639
-4946
-3590
-1218
1601
3774
5408
7040
8941
10279
9921
9079
9011
8943
9496
11906
15192
16952
13921
5764
-2495
-8534
-15142
-21279
-22758
-19443
-12974
-4176
4844
12084
16310
16401
13691
10413
5635
-1352
-7391
-9744
-9406
-8321
-7082
-5542
-3858
-2717
-2171
-1701
-1572
-2096
-2176
-640
1568
2595
2412
1828
553
-1489
-3365
-4813
-6216
-6906
-5794
-3638
-2020
-1316
-1501
-2408
-3124
-3467
-4152
-4767
-4223
-2780
-882
1703
4044
5221
6694
9208
10625
10207
9758
9746
9689
10372
12579
15769
16389
11050
3266
-3037
-10152
-17536
-21090
-21265
-18348
-10855
-1904
5999
13485
17018
15071
12910
10427
3739
-3480
-7357
-9486
-9897
-8325
-6764
-5070
-3200
-2790
-2429
-1186
-1440
-2375
-1481
107
1375
2513
2501
1420
226
-1658
-3900
-5073
-5861
-6532
-5370
-3058
-1691
-1171
-1388
-2568
-3669
-4443
-5130
-4980
-4170
-3190
-1112
1813
3886
5060
6499
8478
9992
10090
9716
9861
9930
10211
11837
14707
16329
12622
4233
-3168
-8764
-15460
-20743
-20966
-17656
-12020
-3558
5311
11921
15425
15136
12583
9770
5348
-1206
-6581
-8656
-8680
-7958
-6719
-5082
-3668
-3201
-2869
-1808
-1447
-2071
-1554
410
2029
2687
2780
1935
-52
-2216
-3920
-5344
-6435
-6489
-5035
-3077
-1654
-717
-696
-1897
-3244
-4247
-5175
-5432
-4794
-3698
-1719
1178
3594
4983
6575
8960
10505
10169
9950
10536
10273
10223
12185
14984
15934
12208
4305
-3201
-9063
-15424
-20296
-20799
-17972
-12164
-3571
4817
11540
15772
15350
12487
10129
5621
-1461
-6545
-8687
-9543
-8653
-6805
-5433
-3865
-2639
-2322
-1467
-832
-1484
-1297
358
1654
2348
2472
1258
-488
-2150
-4209
-5608
-5857
-5977
-5007
-2596
-1199
-1461
-2021
-2801
-3959
-4883
-5377
-5379
-4543
-2829
-429
2239
4307
5471
6690
8787
10417
10100
9371
9465
9739
10764
12851
15245
16305
12422
3985
-3559
-9679
-16640
-21153
-20824
-17712
-11495
-2271
6047
12188
15966
15423
12459
9518
4445
-2370
-6959
-8880
-9299
-8113
-6441
-4934
-3312
-2598
-2306
-1351
-1307
-1883
-920
735
1906
2759
2544
1120
-531
-2448
-4449
-5673
-6459
-6539
-4770
-2487
-1215
-373
-381
-1897
-3556
-4723
-5880
-6194
-5198
-3954
-2244
558
2911
4221
6300
9266
10680
10173
10083
10318
9546
9418
10872
12957
15327
14791
8082
-450
-6422
-12627
-18929
-20765
-18943
-15103
-7356
2058
9293
14408
16177
13685
10607
7454
1247
-5228
-8252
-9387
-9066
-6922
-5287
-4180
-2561
-2020
-2215
-1512
-1493
-2317
-1192
1126
2191
2651
2519
836
-1148
-2926
-5032
-6439
-6741
-6259
-4451
-2159
-1193
-1331
-1871
-3105
-4359
-4982
-5417
-5193
-3712
-1605
815
3417
5370
6909
8948
10329
9959
9335
9230
9258
10119
12056
15030
17525
14850
6650
-1492
-8252
-15637
-21066
-21967
-19577
-13820
-4932
4137
11729
16377
16239
13439
10415
5605
-1182
-6734
-9357
-9606
-8307
-6510
-4565
-2722
-2156
-2213
-1540
-1525
-2564
-2408
-660
1191
2549
3082
2368
748
-1534
-4063
-5746
-6814
-7423
-6117
-3568
-1783
-757
-668
-1882
-3144
-4164
-5523
-6162
-5547
-4468
-2532
456
3238
5208
7063
9508
11207
10837
10222
10191
9697
10033
12059
14603
16280
13840
6315
-1760
-8310
-15060
-20348
-21579
-19313
-13586
-4741
4193
11319
15903
16508
14080
10824
6125
-609
-6619
-9557
-10122
-9236
-7435
-5440
-3490
-2061
-1371
-886
-899
-1528
-1526
-349
1156
2296
2584
1766
490
-1105
-3497
-5687
-6804
-7056
-6044
-4199
-2863
-2170
-1946
-2327
-2906
-3599
-4463
-4807
-4383
-3432
-1609
782
2849
4742
7042
9544
11071
11049
10490
10114
10208
11335
13197
15463
16232
11547
2956
-4147
-10303
-17325
-21764
-21607
-17907
-10511
-1268
6626
13056
16839
15858
12625
9261
3705
-3448
-8197
-9619
-9338
-8070
-6383
-4563
-2532
-1427
-1425
-1156
-1110
-1901
-1812
-146
1553
2480
2576
1703
307
-1473
-3796
-5745
-6802
-6976
-5662
-3680
-2578
-2187
-2102
-2726
-3596
-4133
-4709
-5005
-4228
-2766
-925
1582
3764
5183
7527
10391
11179
10531
10387
10054
9917
11361
13547
15796
15877
10329
2025
-4646
-11371
-18181
-21394
-20845
-17007
-9147
-58
7709
14019
16557
14857
12282
8633
2270
-4173
-8301
-10114
-9519
-7670
-5962
-3929
-2119
-1572
-1131
-629
-1237
-1946
-1388
60
1683
2659
2437
1390
-73
-1944
-4023
-5907
-7022
-6846
-5393
-3243
-1608
-1218
-1401
-1976
-3559
-5248
-6107
-6561
-5904
-3754
-1482
928
3736
5721
7676
10369
11066
9846
9584
9373
8953
10278
12220
14527
17012
14164
5530
-2015
-8301
-15952
-21096
-21774
-19392
-12763
-3447
4825
12269
17267
16539
13134
10031
4760
-2349
-7687
-10301
-10357
-8501
-6632
-4619
-2039
-922
-1152
-738
-722
-1886
-2083
-832
484
1620
2196
1641
545
-1031
-3346
-5239
-6129
-6565
-6010
-4365
-3195
-3057
-3001
-2929
-3483
-4219
-4500
-4559
-4143
-2756
-863
1227
3359
5322
7886
10493
11010
10391
10580
10770
11064
12697
15203
17232
15557
7977
-786
-7037
-13846
-20725
-23177
-21181
-15744
-6988
2241
10178
16256
17647
15077
12319
7910
456
-6022
-9444
-10614
-9594
-7804
-6125
-3573
-1634
-1420
-813
-207
-1270
-1795
-538
726
1772
2473
1788
576
-570
-2545
-4607
-5810
-6526
-6129
-4309
-2544
-1591
-1171
-1216
-1722
-3496
-6026
-7029
-6943
-6473
-4036
-696
1662
4119
6572
8526
10809
11442
9655
8973
9489
9313
10252
12871
15529
16296
11830
3198
-4200
-10672
-18013
-22175
-21176
-17300
-10417
-931
7751
14204
17367
15805
12167
8561
2785
-4440
-9054
-10379
-9867
-8111
-5808
-3543
-1721
-1161
-1231
-823
-956
-1778
-1549
-168
1236
2206
2267
1321
-70
-1915
-4018
-5351
-6021
-6255
-5078
-3050
-1952
-1892
-2281
-3127
-4267
-5336
-5908
-5561
-4345
-2615
-277
2461
4480
5868
7904
9741
9861
9446
9633
9934
10866
12680
15152
18034
16860
8521
-776
-6868
-13695
-20749
-23274
-21312
-15878
-6925
2640
10538
16344
17776
14996
11765
7708
637
-6489
-10067
-10371
-9147
-7627
-5800
-3344
-1663
-1361
-819
-285
-1158
-1893
-815
1027
2334
2654
1956
859
-421
-2398
-4570
-5962
-6657
-6319
-4443
-2452
-1563
-1352
-1723
-2666
-3699
-4762
-5681
-5813
-4910
-3371
-1338
1207
3357
4970
7476
10369
11425
11174
11185
11028
11074
12324
14417
16458
15215
8085
-776
-7323
-13568
-19884
-22666
-20798
-15624
-7535
2062
10147
15366
17394
15832
12260
8074
1981
-5364
-9793
-10341
-9886
-8950
-6761
-4489
-2819
-1412
-386
73
-280
-1039
-508
1214
1934
1755
1706
700
-1207
-2650
-4183
-5920
-6501
-5743
-4266
-2664
-1912
-2326
-2961
-3368
-4134
-5108
-5555
-5328
-4291
-2404
29
2546
4405
5957
8362
10559
10697
9877
9764
10128
10928
12665
15543
17674
14597
6621
-1096
-8335
-16211
-21453
-22927
-21113
-14369
-4679
3973
11772
17342
17347
14558
11808
6371
-1225
-6916
-9970
-10690
-9154
-7117
-5284
-3202
-1819
-1258
-569
-742
-1768
-1519
-104
1244
2520
2898
1846
611
-783
-3015
-4880
-5909
-6659
-5916
-3755
-2215
-1162
-528
-1332
-2593
-4153
-6510
-7603
-6945
-5981
-3687
-100
2453
4276
6381
8152
9478
9640
8647
8590
9279
9670
11076
13691
16511
17566
12716
3137
-4561
-10770
-18743
-23466
-21881
-17831
-10947
-590
8415
14541
18022
16548
12403
8864
3112
-4840
-9489
-10302
-9914
-8141
-5706
-3694
-1791
-1071
-1440
-968
-822
-2126
-2057
107
1664
2255
2543
1760
243
-1531
-3770
-5567
-6429
-6630
-5616
-3648
-2368
-2395
-2932
-3463
-4057
-4678
-5211
-5129
-3871
-1993
96
2404
4039
4919
6583
8742
9572
9545
9610
9739
11096
13654
16214
18418
16763
8568
-729
-7216
-14316
-21462
-23867
-21625
-15921
-6529
3183
10590
16167
17910
15331
11957
7656
396
-6640
-9745
-9906
-9032
-7692
-5935
-3569
-1666
-1244
-1011
-567
-1148
-1840
-831
1144
2377
2545
2042
1193
-115
-2305
-4712
-6070
-6514
-6156
-4566
-2888
-2446
-2616
-2789
-3388
-4114
-4695
-5495
-5395
-3586
-1651
129
2422
4029
5325
7985
10186
10252
10046
10044
9902
11076
13062
15013
16818
14395
6257
-1726
-7782
-15032
-21143
-22409
-19716
-13734
-5016
3859
11456
16283
16601
14242
11081
6010
-708
-6633
-9759
-9743
-8512
-7591
-5744
-3095
-2045
-1886
-741
-277
-1232
-1367
-105
1452
2507
2372
1475
782
-582
-2985
-4847
-5941
-6703
-5931
-3743
-2194
-1844
-2082
-2600
-3182
-4103
-5479
-6214
-5612
-4174
-2226
157
2405
3994
5424
7642
9812
10134
9248
8784
8976
9840
11401
13991
17282
16913
10013
1669
-4631
-11967
-19420
-22635
-21744
-17107
-8285
1145
8725
14945
17474
15480
12508
8599
1462
-5793
-9253
-9910
-9409
-7853
-5771
-3644
-1772
-817
-601
-638
-1249
-1798
-985
652
1842
2270
1996
1232
38
-1959
-4165
-5606
-6564
-6761
-5227
-3001
-1687
-1072
-830
-1389
-2887
-4817
-6216
-6653
-6209
-4586
-2092
444
2922
5162
7251
9713
10976
9910
9015
9363
9379
9729
11876
15092
17148
14320
6225
-2027
-8781
-16139
-21684
-22669
-20108
-13649
-3985
5177
12614
17362
17017
13947
10927
5499
-2071
-7662
-10419
-10830
-8881
-6571
-4745
-2499
-1077
-977
-551
-491
-1683
-2023
-717
866
2276
2881
2101
834
-728
-2911
-4851
-6245
-7137
-6336
-4210
-2832
-2142
-1655
-2262
-3291
-3759
-4480
-5184
-4678
-3454
-1789
542
2432
3794
5978
8564
10113
10427
10113
9975
10304
10792
12398
15599
16608
11950
4471
-2485
-9630
-16375
-20509
-21588
-18702
-11526
-2935
5237
12571
16447
15824
13521
10420
4836
-2115
-7263
-9471
-9671
-8707
-6819
-4684
-2970
-1701
-827
-406
-617
-1426
-1661
-402
1258
2058
2009
1403
299
-1292
-3167
-4835
-5950
-6348
-5565
-3802
-2344
-1857
-1939
-2271
-3032
-4232
-5263
-5547
-5233
-4263
-2414
-341
1554
3378
4896
6841
9357
10174
9511
9873
10345
10114
11060
13259
15551
15630
10156
1521
-5386
-11578
-17904
-21277
-20579
-16281
-8701
-74
7899
14373
16641
14798
12276
8707
2445
-4077
-8442
-10241
-9566
-8004
-6482
-4034
-1767
-1225
-733
109
-612
-1806
-1352
145
1565
2234
1816
1098
107
-1936
-4164
-5596
-6667
-6893
-5392
-3218
-1844
-1408
-1565
-2086
-2871
-4040
-5198
-5633
-5189
-3862
-1824
433
2605
4292
5744
8190
10443
10379
9725
10098
10283
10790
12878
15700
16900
13204
5052
-2675
-9000
-15928
-21205
-22094
-19023
-12397
-3465
5126
12293
16579
16314
13818
11063
5844
-1578
-7309
-9751
-9906
-8758
-7087
-5059
-2770
-1302
-765
-221
-292
-1503
-2061
-750
1064
1883
1808
1456
627
-1068
-3041
-4537
-5684
-6292
-5462
-3556
-2170
-1721
-1763
-2522
-3622
-4220
-5010
-6054
-5653
-3915
-2164
-190
2088
3684
4784
6914
9510
10103
9342
9466
9679
9606
10818
13165
15564
15583
10122
1827
-4789
-11099
-17727
-20960
-20017
-16003
-8505
306
7634
13457
16245
14683
11711
8427
2623
-4197
-8200
-9256
-9028
-7788
-5676
-3491
-1952
-1079
-512
-491
-1291
-2008
-1602
-174
1317
1983
1878
1430
356
-1510
-3497
-5224
-6449
-6530
-5380
-3693
-2443
-2256
-2452
-2582
-3359
-4396
-4823
-4940
-4556
-3073
-1166
652
2459
3662
4920
7653
9878
9721
9399
9861
10047
10880
12531
14480
16563
14635
6691
-1621
-7808
-14584
-20078
-21192
-18862
-13252
-4645
3878
10734
15440
16138
13606
10446
6129
-261
-6157
-8965
-9067
-8155
-6830
-4745
-2629
-1542
-1074
-804
-1181
-2017
-2277
-1179
761
2116
2437
2211
1386
-347
-2566
-4481
-5772
-6343
-5918
-4358
-2439
-1667
-2174
-2601
-2877
-3777
-4674
-4989
-5014
-4347
-2650
-707
1024
2592
3726
5247
8152
10232
9748
9192
9591
9484
9889
11755
14111
15719
13196
5569
-1977
-7785
-14599
-19950
-20621
-18150
-12736
-4366
3766
10501
15355
15671
12976
10489
6077
-814
-6148
-8672
-9391
-8461
-6831
-4944
-2607
-1366
-1388
-888
-739
-1903
-2169
-803
623
1878
2544
1888
957
-314
-2848
-5020
-5892
-6471
-6015
-4118
-2488
-1626
-1161
-1437
-2329
-3629
-5185
-6083
-6008
-5296
-3461
-818
1317
3262
5459
7319
9269
10576
9656
8531
8799
8686
8889
11133
14064
15672
13362
6141
-1721
-7754
-14246
-19624
-20494
-17963
-12582
-4012
4567
11138
15575
15915
13024
9978
5497
-1237
-6680
-9103
-9410
-8190
-6397
-4486
-2437
-1472
-1450
-1027
-1204
-2519
-2734
-1040
965
2413
3030
2496
1187
-559
-2857
-5187
-6714
-7043
-6294
-4692
-2586
-1363
-1817
-2426
-2570
-3359
-4422
-4954
-5015
-4074
-1966
89
1738
3266
4357
5894
8588
10150
9546
9110
9431
9864
11295
13495
15423
15675
11112
2626
-4683
-10586
-16940
-20938
-20514
-16721
-9706
-875
6866
12871
16199
15366
12556
9477
4124
-2782
-7402
-9085
-9168
-8148
-6634
-4828
-2984
-2022
-1548
-850
-945
-1785
-1473
273
1972
2724
2402
1420
188
-1671
-3911
-5614
-6649
-6678
-5407
-3722
-2227
-1381
-1724
-2287
-2567
-3595
-4819
-5064
-4796
-3848
-1763
241
1731
3329
4546
6023
8713
10124
9279
9130
9644
9458
10392
12579
14473
15014
11232
3196
-4158
-9943
-15856
-19712
-19746
-16446
-9817
-1489
6168
12629
16072
15110
12512
9463
4107
-2361
-7104
-9338
-9198
-7754
-6274
-4512
-2703
-1823
-1295
-703
-980
-1785
-1732
-335
1625
2670
2399
1569
335
-1374
-3281
-5239
-6669
-6886
-5947
-4110
-1985
-744
-535
-648
-1342
-2792
-4333
-5657
-6224
-5342
-3382
-1019
1276
3054
4513
6197
8140
9388
8957
7870
7678
7962
8289
9556
11970
14825
15577
10858
2582
-4602
-11018
-17309
-20235
-19193
-15589
-8551
730
8770
14451
16754
14761
11264
7707
1995
-4564
-8376
-9442
-9021
-7294
-5162
-3468
-2277
-1697
-1475
-1341
-1843
-2521
-1838
-3
1691
2657
2539
1446
-50
-2056
-4318
-5967
-6941
-6924
-5204
-2805
-1238
-632
-987
-1947
-2892
-4258
-5567
-5466
-4466
-3077
-641
1848
3093
3832
4605
5610
7339
8256
7540
7566
8646
9351
10712
13210
15706
16305
11800
3339
-3811
-9765
-16410
-20090
-19251
-16130
-9645
-445
7152
12748
16075
14681
11343
8759
3640
-3294
-7090
-8246
-8626
-7450
-5762
-4601
-3267
-2516
-2337
-1623
-1621
-2351
-1437
638
2050
2911
2799
1426
39
-1770
-4376
-6012
-6582
-6724
-5289
-2974
-1694
-1059
-895
-1735
-2757
-3726
-4941
-5300
-4502
-3373
-1508
807
2170
2973
3889
4721
6196
7828
8056
8119
9199
9998
10841
12675
14622
15816
13618
5937
-2654
-8317
-13929
-19241
-19925
-16663
-11415
-3473
4950
11111
15063
15562
12613
9507
5850
-523
-6393
-8644
-8855
-8314
-7036
-5522
-3821
-2607
-2435
-1873
-1084
-1678
-1960
-214
1546
2153
2372
1842
440
-1325
-3514
-5389
-6254
-6616
-5994
-3865
-1889
-991
-484
-563
-1388
-2481
-3902
-4996
-4952
-4430
-3312
-1077
826
1703
2684
3893
5058
6519
7446
7486
8018
8789
9154
10345
12018
13604
15655
14375
6708
-1916
-7677
-13476
-18362
-18992
-16593
-11561
-3284
4889
10812
14782
15012
11845
8762
5329
-481
-6162
-8814
-8941
-7844
-6467
-5127
-3394
-2130
-2036
-1716
-1165
-1832
-2368
-899
1134
2161
2413
1704
196
-1301
-3054
-4984
-6190
-6384
-5476
-3614
-1730
-651
-898
-2217
-3049
-3251
-4254
-4955
-4026
-3003
-1855
466
2080
2358
2964
3658
4618
6647
7752
7579
8642
10143
10934
12687
14890
16230
15299
9004
-235
-6703
-12243
-18390
-20231
-17651
-13346
-5664
3357
9488
13908
15851
13232
9938
7009
1005
-5331
-7990
-8734
-8616
-7137
-5728
-4403
-2793
-2355
-2280
-1545
-1951
-2610
-995
1199
2120
2665
2475
1055
-415
-2311
-4973
-6426
-6564
-6533
-5172
-2643
-1119
-602
-374
-944
-1988
-2942
-4158
-4804
-4088
-2923
-1524
223
1383
2008
2684
3238
4484
6618
7725
8097
9503
10682
11055
12242
13746
14912
14529
8727
-674
-7273
-11966
-17070
-18791
-16292
-12008
-4963
3571
9807
13915
15301
12445
8836
5962
691
-5359
-8397
-9156
-8547
-6717
-5352
-4175
-2570
-2210
-2259
-1199
-1165
-2053
-999
1043
2022
2433
2027
462
-1008
-2609
-4800
-6064
-6140
-5848
-4542
-2310
-658
-9
-5
-532
-1475
-2997
-4503
-4659
-4091
-3693
-2327
-277
816
1697
3054
3929
5292
7617
8520
8404
9367
9695
9005
9936
11795
13260
13905
10186
2232
-4258
-8930
-14043
-16819
-16075
-13249
-7194
864
7198
11740
13987
12204
9101
6458
1660
-4338
-7935
-9118
-8577
-6626
-5067
-3948
-2526
-2116
-2197
-1534
-1748
-2758
-2085
-135
1397
2425
2452
1311
95
-1434
-3705
-5400
-6248
-6684
-5559
-3223
-1610
-720
-143
-359
-849
-1510
-3091
-4259
-3991
-3647
-3106
-1588
-265
648
1962
3265
4908
7380
8751
8771
9536
10358
10256
10730
11906
13494
14340
10199
1843
-4445
-8694
-13946
-17143
-16088
-12833
-7276
386
7009
11454
13459
12017
9037
6407
2273
-3495
-7435
-8273
-7744
-6964
-5851
-4350
-3113
-2727
-2270
-1372
-1302
-1867
-1332
328
1569
1820
1444
533
-871
-2492
-4155
-5550
-6053
-5409
-4090
-2446
-740
82
-299
-913
-1517
-2721
-4067
-4622
-4513
-4032
-2804
-1096
299
1453
2704
3808
5125
7186
8760
9028
9259
9696
9762
10269
11863
14029
14549
10342
2643
-4014
-9235
-14364
-17314
-16880
-13856
-7722
131
6749
11733
14010
12201
9279
6983
2459
-3725
-7592
-8836
-8714
-7394
-6042
-4913
-3440
-2656
-2391
-1476
-1196
-2041
-1662
264
1733
2235
1894
713
-549
-2033
-4051
-5367
-5765
-5731
-4314
-1866
-322
259
456
-52
-737
-1736
-3885
-5405
-5224
-5043
-4369
-2100
-165
1126
3247
5011
5969
7664
8862
8540
8852
9412
8760
8930
10731
12860
14444
12242
4896
-2230
-6800
-12114
-16566
-16680
-14133
-9618
-2323
4928
9995
12937
12493
9593
7135
3664
-2320
-7253
-8850
-8685
-7770
-6322
-4685
-3146
-2445
-2252
-1539
-1334
-2374
-2466
-691
1071
1995
2252
1404
33
-1312
-3139
-4823
-5476
-5465
-4616
-2753
-1205
-567
-464
-965
-1566
-2100
-3210
-3965
-3695
-3447
-2763
-1073
19
544
1924
3431
4952
7353
9025
9314
9981
10543
10301
10782
12243
13842
13755
9021
1336
-4666
-9562
-14539
-16634
-15540
-12745
-6778
957
6746
10831
12842
11130
8463
6377
1811
-4177
-7412
-8353
-8517
-7299
-5646
-4596
-3552
-2621
-1886
-1213
-1470
-2050
-1224
352
1446
2118
1782
451
-654
-1940
-3685
-4672
-5032
-5000
-3623
-1561
-403
-128
-415
-1304
-2276
-3116
-4011
-4607
-4538
-3690
-1997
-221
882
1764
2759
3478
4372
6124
7578
7919
8423
9398
10003
10795
12242
13724
14314
11647
4661
-2970
-8220
-12555
-16175
-16727
-13745
-8190
-1309
5026
9832
12317
11501
8843
6176
2499
-2433
-6335
-7955
-7718
-6589
-5733
-4978
-3682
-2806
-2632
-2195
-1915
-2194
-1827
-390
1172
2115
2098
1315
283
-1113
-2950
-4425
-5172
-5280
-4350
-2575
-1084
-545
-635
-1015
-1844
-2912
-3747
-4304
-4398
-3688
-2450
-989
485
1462
1978
2778
4023
5485
7092
8185
8649
9324
10117
10697
11499
12902
14473
13400
7308
-584
-6341
-11155
-15644
-17197
-15429
-11095
-4218
2708
7800
11718
12831
10277
7464
4924
89
-5208
-7634
-7999
-7671
-6621
-5462
-4246
-3033
-2659
-2460
-1799
-1702
-1837
-779
956
2135
2466
1908
826
-454
-2312
-4185
-4968
-5079
-4746
-3468
-1888
-855
-454
-620
-1205
-1924
-2950
-4091
-4421
-4157
-3757
-2504
-712
594
1820
3163
4072
5136
6884
8009
8067
8437
8959
9052
9820
11457
13507
14925
12062
4330
-2952
-7956
-13248
-17146
-16994
-14098
-8717
-1208
5287
9931
12676
11583
8352
6008
2586
-2930
-6945
-8043
-7768
-6727
-5583
-4524
-3165
-2642
-2852
-2201
-1733
-2260
-1745
203
1812
2657
2761
1652
105
-1329
-3275
-4988
-5372
-5104
-4182
-2094
-519
-451
-443
-498
-1655
-2875
-3597
-4532
-4765
-3831
-2684
-1158
511
1235
1754
2840
3643
4622
6513
8037
8843
9711
10084
10090
10343
10670
12047
12971
8937
1571
-3844
-8156
-12658
-14512
-13781
-11708
-6752
-336
4678
8792
10859
9243
6984
5542
2205
-2654
-5999
-7254
-7338
-6837
-6008
-4830
-3933
-3578
-2574
-1260
-1127
-1292
-543
583
1770
2438
1755
603
-283
-1732
-3358
-4056
-4538
-4953
-4015
-2198
-1203
-958
-781
-1079
-1830
-2435
-3170
-4005
-4135
-3679
-2745
-1154
202
824
1658
2898
3842
4948
6633
7839
8248
8735
9224
9471
10028
11087
12696
13632
10420
2922
-3798
-7976
-12343
-15788
-15378
-12351
-7789
-1350
4798
8858
11076
10511
7692
5345
2515
-2505
-6603
-7585
-7376
-6964
-5959
-4709
-3548
-2874
-2556
-1779
-1214
-1556
-1175
565
1934
2407
2331
1417
174
-1091
-2841
-4283
-4737
-4735
-4009
-2335
-1100
-949
-979
-974
-1422
-2413
-3526
-4107
-4001
-3358
-2150
-745
377
1305
2161
2790
3213
3898
5261
6813
7934
8723
9318
9818
10484
11400
12965
14072
10766
3005
-3733
-8154
-12646
-15454
-14939
-12629
-8067
-1354
4371
8387
10813
9742
6878
5269
2603
-2355
-5963
-6949
-6941
-6181
-4948
-4044
-3474
-3253
-3002
-2145
-1616
-1802
-1256
281
1769
2664
2584
1587
329
-1156
-2807
-3962
-4638
-5028
-4412
-2727
-1257
-717
-713
-834
-1216
-2022
-2881
-3355
-3458
-3237
-2389
-1071
-58
531
1139
1676
2146
3083
4520
6196
7816
8728
8956
9195
9348
9229
9922
11793
12382
8705
1823
-4102
-8067
-11871
-14445
-13891
-11262
-7019
-964
4633
8139
9796
8910
6350
4457
1843
-2822
-6187
-6634
-6315
-5631
-4253
-3333
-2996
-2687
-2412
-1963
-1643
-1890
-1450
308
1896
2586
2637
1692
75
-1356
-2809
-4218
-4890
-4880
-4199
-2459
-671
-187
-344
-347
-885
-1955
-2631
-3014
-3374
-3182
-2392
-1408
-401
191
527
1358
2372
3270
4742
6620
8037
9061
9504
9245
9176
9327
9563
10918
11432
7201
250
-4813
-8649
-12537
-14213
-13210
-10761
-6160
-147
4696
8127
9785
8365
5988
4602
1833
-2649
-5424
-5916
-5859
-5268
-4331
-3867
-3646
-3427
-3073
-2172
-1491
-1485
-714
1179
2596
2887
2365
1077
-411
-1722
-3179
-4307
-4611
-4491
-3651
-1820
-341
-174
-368
-386
-970
-2033
-2824
-3303
-3477
-2988
-1949
-915
-73
632
1124
1757
2683
3533
4639
6600
8603
9462
9355
9012
8658
8457
9192
10836
10377
5354
-1162
-5522
-8986
-12487
-13994
-12961
-9883
-4618
1188
5607
8695
9511
7445
5327
3958
747
-3523
-5658
-5700
-5283
-4796
-4241
-3746
-3478
-3409
-2875
-1969
-1647
-1376
-186
1413
2688
3173
2379
945
-410
-2036
-3663
-4573
-5013
-4812
-3277
-1278
-89
229
-96
-687
-1255
-1993
-2705
-3021
-3199
-2908
-1715
-645
-203
401
1132
1718
2553
3471
4525
6299
8002
8765
9249
9182
8043
7380
8260
9562
9061
4960
-831
-4689
-7518
-11164
-12943
-11533
-9044
-5138
427
4886
7491
8578
7333
5488
4351
1402
-2974
-5030
-5182
-5610
-5437
-4462
-3911
-3512
-2987
-2413
-1531
-1015
-998
-66
1634
2499
2527
2056
715
-799
-2054
-3472
-4381
-4412
-4147
-3200
-1545
-629
-661
-719
-1175
-2039
-2337
-2441
-2749
-2444
-1643
-933
-100
592
778
1083
1677
2081
3006
5064
7005
8085
8750
8821
8352
8121
8316
9118
10028
8152
2556
-2878
-6403
-10105
-13066
-13012
-10783
-7052
-1778
3173
6680
8869
8632
6464
4762
2828
-834
-4190
-5398
-5434
-5243
-4811
-4171
-3499
-3040
-2634
-1875
-1237
-1090
-608
636
1868
2497
2392
1518
215
-1219
-2840
-4290
-4942
-4842
-4138
-2749
-1308
-779
-913
-1011
-1264
-1735
-1988
-2118
-2198
-1871
-1276
-855
-440
97
453
924
1754
2540
3571
5364
7072
7997
8465
8499
8127
7953
8321
9218
9430
6408
637
-4219
-7402
-10265
-11902
-11336
-9010
-5004
-226
3732
6763
8274
7259
5477
4271
1941
-1590
-4134
-5104
-5082
-4503
-4057
-3586
-2795
-2434
-2290
-1520
-970
-977
-272
943
1681
2013
1667
485
-704
-1873
-3275
-4123
-4288
-4283
-3561
-2032
-911
-576
-460
-590
-1142
-1786
-2199
-2399
-2442
-2170
-1577
-906
-267
173
329
781
1671
2291
2964
4523
6108
6923
7497
7780
7544
7414
7620
8297
9189
7855
3195
-1752
-5236
-8508
-10866
-10869
-9387
-6709
-2481
1770
5050
7330
7402
5594
4142
2656
-198
-2889
-4034
-4377
-4150
-3263
-2573
-2410
-2388
-2455
-2319
-1885
-1636
-1151
79
1218
1818
2187
1651
71
-1416
-2687
-3902
-4215
-3876
-3558
-2426
-704
-23
-19
159
-426
-1617
-2116
-2459
-2987
-2725
-1957
-1225
-99
823
871
921
1209
1239
1637
3017
4775
6333
7425
8006
8194
7862
7314
7530
8429
8106
4978
202
-3651
-6347
-8974
-10421
-9389
-7096
-4239
-302
3518
5923
6920
6094
4333
3320
1744
-1413
-3543
-3781
-4077
-4164
-3281
-2716
-2637
-2297
-2060
-1849
-1433
-1389
-1203
-192
622
819
925
409
-862
-1908
-2687
-3406
-3515
-3167
-2695
-1653
-520
-350
-639
-777
-1522
-2474
-2523
-2349
-2493
-2137
-1308
-628
42
613
854
1075
1367
1825
3108
4938
6295
6973
7188
7154
7188
7086
6982
7932
8798
6580
2052
-1643
-4753
-8204
-10073
-9766
-8364
-5422
-1439
1843
4728
6906
6380
4617
3909
2465
-569
-2655
-3310
-3756
-3614
-2943
-2621
-2511
-2604
-2950
-2726
-2225
-2181
-1626
-233
902
1568
1739
1007
-112
-1292
-2744
-3572
-3428
-3362
-3127
-1937
-834
-609
-674
-1043
-1798
-2220
-2308
-2413
-2182
-1685
-1262
-686
17
492
732
833
980
1639
2960
4611
6046
6849
7231
7434
7272
7021
7340
8168
8635
7174
3109
-1376
-4595
-7699
-10285
-10321
-8500
-5902
-2003
2064
4930
6900
7105
5359
3993
2779
-98
-2749
-3495
-3805
-3850
-3142
-2781
-2796
-2645
-2930
-3035
-2306
-1961
-1696
-244
1115
1471
1707
1332
-65
-1323
-2450
-3670
-3942
-3572
-3387
-2518
-1118
-575
-502
-340
-795
-1538
-1847
-2164
-2533
-2456
-2097
-1526
-742
-282
-38
511
1089
1555
2472
3987
5535
6599
7143
7346
7218
6910
6820
7449
8738
8778
5597
784
-2765
-5716
-8918
-10357
-9588
-7783
-4502
-181
3264
5795
7171
6227
4574
3682
1733
-1286
-2934
-3393
-3778
-3539
-3068
-3164
-3246
-3179
-3188
-2795
-2363
-2149
-1203
158
824
1185
1365
633
-487
-1472
-2583
-3272
-3310
-3434
-3166
-1946
-1003
-795
-463
-355
-986
-1629
-2107
-2614
-2682
-2393
-2062
-1366
-528
-111
409
1255
1800
2478
4028
5698
6679
7164
7245
6981
6747
6564
6693
7888
8805
6848
2810
-734
-3910
-7327
-9502
-9623
-8287
-5633
-1980
1748
5090
7138
6927
5628
4499
2663
-164
-2441
-3554
-4082
-4036
-3544
-3170
-2990
-2934
-2831
-2424
-2107
-2056
-1482
-377
403
932
1318
884
-184
-1203
-2291
-3168
-3502
-3777
-3570
-2304
-1225
-937
-454
-219
-1028
-1837
-2251
-2894
-3171
-2802
-2389
-1615
-553
-86
255
1004
1325
1374
2191
3565
4963
6191
6857
7068
7091
6802
6695
7456
8581
8634
6337
2211
-1666
-4676
-7512
-9335
-9200
-7668
-4984
-1342
2078
4687
6141
5848
4665
3649
2064
-284
-2153
-3193
-3483
-3141
-3027
-3194
-3033
-3012
-3170
-2757
-2409
-2409
-1555
-293
271
920
1524
833
-299
-978
-1972
-2948
-3109
-3100
-2839
-1747
-907
-877
-810
-1036
-1855
-2285
-2423
-2798
-2791
-2340
-1906
-1250
-674
-530
11
881
1288
2103
3976
5652
6533
7152
7370
7061
6605
6094
6010
7208
8646
7784
4374
733
-2277
-5677
-8628
-9374
-8619
-7087
-3888
146
3383
5854
6866
5755
4484
3593
1054
-2002
-3174
-3696
-4282
-3662
-2880
-3082
-3136
-2942
-3066
-2840
-2487
-2337
-1392
-28
693
1321
1596
654
-484
-1347
-2539
-3333
-3382
-3385
-2785
-1470
-772
-671
-610
-1214
-2103
-2452
-2748
-3049
-2811
-2202
-1425
-616
-44
554
1183
1367
1681
2865
4339
5558
6425
6805
6981
6949
6385
5956
6380
7435
8007
6349
2703
-442
-3051
-6378
-8472
-8227
-7431
-5616
-2000
1237
3663
5724
5653
4292
3987
2845
-122
-1949
-2501
-3449
-3648
-3012
-3101
-3345
-3158
-3092
-2800
-2421
-2484
-2033
-831
-37
493
1081
936
265
-413
-1386
-2278
-2752
-3213
-3235
-2378
-1651
-1625
-1705
-1791
-2087
-2337
-2383
-2283
-1964
-1484
-924
-410
-53
225
468
750
1294
2146
3270
4669
5933
6675
6990
6930
6517
6138
6079
6639
7666
7257
4378
1085
-1430
-4315
-7164
-8365
-8077
-6641
-3848
-741
2020
4641
5807
5094
4425
3648
1264
-1329
-2494
-3140
-3576
-3284
-3028
-3067
-2845
-2763
-2916
-2763
-2644
-2525
-1631
-470
169
671
1005
714
114
-708
-1796
-2568
-3038
-3416
-3087
-2217
-1778
-1624
-1414
-1485
-1715
-1927
-2283
-2356
-1982
-1694
-1306
-570
78
508
952
1435
2106
3042
4024
5062
5932
6255
6268
6098
5651
5572
6218
7198
7899
6992
4070
883
-1849
-5006
-7601
-8279
-7688
-5946
-2807
449
3094
5124
5612
4831
4018
2485
-50
-1892
-2785
-3481
-3457
-2885
-2755
-2734
-2551
-2632
-2672
-2596
-2735
-2454
-1431
-550
30
691
956
521
-270
-1232
-2204
-2943
-3427
-3481
-2976
-2255
-1744
-1581
-1580
-1566
-1752
-2149
-2216
-1929
-1736
-1381
-734
-187
280
820
1305
1811
2459
3291
4396
5293
5661
5974
6219
6053
6033
6498
7215
8076
7714
4852
1337
-1318
-4352
-7215
-7998
-7422
-6198
-3546
-426
2108
4370
5351
4570
3784
2921
830
-1083
-1967
-2816
-3257
-2839
-2622
-2711
-2653
-2896
-3095
-2803
-2647
-2396
-1519
-656
45
885
1162
685
-5
-999
-2118
-2735
-3093
-3332
-2960
-2270
-1802
-1498
-1403
-1584
-1781
-1925
-2052
-2079
-2002
-1694
-1101
-437
202
719
1036
1529
2214
2727
3517
4713
5402
5531
5712
5665
5417
5598
6187
7106
7927
7045
4119
993
-1668
-4506
-6911
-7827
-7244
-5543
-3031
-169
2484
4218
4593
4055
3194
1970
263
-1416
-2374
-2635
-2658
-2465
-2164
-2278
-2726
-2949
-2999
-3094
-3003
-2659
-2018
-933
103
617
848
655
-168
-1077
-1823
-2598
-3057
-2995
-2662
-2102
-1620
-1609
-1688
-1679
-1896
-2032
-1850
-1707
-1454
-889
-385
56
461
550
708
1332
2041
3025
4565
5659
5978
6303
6383
5829
5513
5721
6142
6934
7092
5264
2475
-53
-2902
-5609
-6823
-6958
-6400
-4390
-1491
1097
3260
4554
4499
3946
3089
1275
-691
-1921
-2870
-3383
-2948
-2394
-2303
-2272
-2310
-2495
-2664
-2974
-3162
-2615
-1708
-890
101
910
901
410
-283
-1350
-2369
-2941
-3280
-3242
-2674
-2144
-1853
-1542
-1423
-1581
-1590
-1556
-1836
-1993
-1666
-1255
-815
-102
543
991
1589
2283
3051
4148
5011
5153
5270
5482
5151
4769
4990
5562
6488
7429
6966
4851
2229
-706
-3773
-5804
-6711
-6987
-5802
-3118
-471
1760
3771
4650
4310
3678
2460
508
-993
-1931
-2846
-2933
-2209
-2076
-2359
-2205
-2358
-2970
-3127
-3195
-3294
-2490
-1235
-436
439
1185
853
136
-480
-1661
-2763
-2977
-3054
-2951
-2123
-1566
-1608
-1409
-1407
-1968
-2148
-2088
-2397
-2246
-1422
-773
-118
788
1222
1341
1887
2390
2668
3449
4235
4286
4445
4934
4936
4863
5397
6100
6924
7574
6492
3847
1400
-1054
-3862
-5603
-6086
-6000
-4677
-2359
-263
1893
3700
3827
3307
3086
1842
-59
-1066
-1794
-2441
-2136
-1757
-1991
-1995
-2148
-2887
-3095
-2992
-3366
-3092
-1880
-979
-267
592
779
362
-128
-1010
-1973
-2484
-2940
-3158
-2610
-2092
-2075
-1893
-1717
-1951
-2063
-2015
-2135
-1919
-1303
-848
-207
711
1101
1245
1807
2204
2401
3220
4121
4379
4683
5095
5030
5012
5380
5844
6779
7697
6886
4604
2255
-358
-3330
-5453
-6318
-6202
-4967
-2925
-676
1642
3427
4012
3835
3291
2088
471
-810
-1626
-2147
-2283
-2011
-1785
-1971
-2347
-2674
-3031
-3338
-3375
-3096
-2353
-1265
-369
273
723
571
-174
-912
-1599
-2346
-2749
-2729
-2472
-1994
-1654
-1679
-1739
-1837
-2138
-2302
-2216
-2035
-1513
-805
-331
154
752
1040
1130
1380
1726
2346
3318
4045
4415
4834
4946
4492
4152
4237
4561
5308
6161
6107
4948
3197
1007
-1358
-3371
-4826
-5510
-4959
-3363
-1452
612
2603
3781
3898
3414
2436
898
-680
-1822
-2554
-2786
-2447
-2117
-2052
-1907
-1840
-2125
-2374
-2485
-2673
-2456
-1656
-962
-516
-43
43
-369
-816
-1413
-2218
-2711
-2859
-2866
-2556
-2190
-2057
-1821
-1462
-1415
-1555
-1526
-1391
-1230
-1032
-713
-221
245
502
855
1493
2266
3112
3878
4410
4752
4835
4671
4579
4586
4679
5376
6510
6797
5650
3714
1587
-607
-2855
-4801
-5606
-5003
-3615
-1876
149
2085
3382
3765
3394
2582
1304
-297
-1530
-2156
-2523
-2540
-2108
-1751
-1654
-1693
-2010
-2448
-2742
-3040
-3082
-2401
-1488
-823
-198
237
89
-383
-958
-1730
-2422
-2799
-2925
-2713
-2354
-2216
-2072
-1729
-1509
-1469
-1424
-1399
-1322
-1101
-896
-644
-229
74
399
1094
1892
2597
3499
4268
4466
4606
4833
4599
4298
4529
4945
5612
6464
6157
4523
2946
1146
-1452
-3452
-4339
-4877
-4325
-2518
-939
694
2779
3640
3244
2984
2040
192
-896
-1565
-2542
-2501
-1685
-1617
-1565
-1180
-1600
-2222
-2351
-2911
-3418
-2796
-2014
-1509
-564
114
-17
-152
-432
-1320
-2016
-2317
-2705
-2742
-2392
-2345
-2319
-1931
-1728
-1680
-1417
-1385
-1554
-1323
-1054
-1025
-637
-53
249
802
1585
2115
2851
3763
3978
3967
4347
4225
3726
3842
4109
4451
5606
6444
5835
4758
3354
1031
-1141
-2692
-4185
-4628
-3603
-2545
-1287
840
2365
2767
3050
2799
1708
743
-316
-1659
-2107
-1843
-1898
-1802
-1413
-1536
-1865
-2011
-2488
-2983
-2957
-2708
-2197
-1376
-795
-474
-166
-279
-841
-1425
-2055
-2694
-3013
-3064
-2896
-2425
-2007
-1778
-1428
-1085
-1067
-1198
-1272
-1313
-1252
-944
-462
92
687
1338
2117
2910
3458
3591
3530
3640
3849
3912
4048
4548
5273
6056
6597
6242
4833
3016
1088
-1011
-2829
-3923
-4177
-3460
-2088
-709
740
2291
3043
2819
2353
1661
557
-529
-1382
-1928
-1831
-1481
-1509
-1574
-1497
-1802
-2304
-2584
-2877
-3082
-2717
-2080
-1511
-967
-626
-562
-546
-803
-1426
-1930
-2183
-2407
-2528
-2458
-2313
-2113
-1910
-1773
-1611
-1476
-1454
-1349
-1173
-1069
-926
-581
-142
308
816
1443
2294
3102
3527
3751
4012
4064
3833
3690
3747
4037
4685
5421
5751
5396
4313
2761
1032
-894
-2777
-3745
-3565
-2926
-1983
-458
1287
2631
3307
3257
2663
1735
468
-952
-1910
-2310
-2498
-2353
-1901
-1676
-1718
-1680
-1834
-2297
-2626
-2680
-2508
-2041
-1544
-1214
-763
-356
-504
-966
-1409
-2005
-2628
-2949
-3062
-3057
-2812
-2384
-1903
-1425
-1185
-1151
-998
-887
-996
-988
-705
-362
26
642
1555
2613
3338
3544
3691
3838
3597
3288
3342
3552
3945
4668
5427
5942
5720
4378
2736
1344
-527
-2488
-3225
-3080
-2598
-1359
125
1333
2633
3342
2880
2318
1550
-162
-1471
-1839
-2449
-2729
-2063
-1771
-1822
-1431
-1510
-2071
-2114
-2370
-2934
-2489
-1751
-1667
-1266
-607
-621
-749
-836
-1547
-2230
-2439
-2841
-3150
-2873
-2636
-2447
-1860
-1395
-1263
-1096
-1004
-1095
-1088
-996
-864
-497
29
600
1386
2320
3016
3348
3500
3537
3392
3211
3244
3465
3812
4321
4846
5283
5387
4639
3222
1900
560
-1032
-2135
-2436
-2245
-1418
-243
652
1642
2605
2643
2128
1622
581
-644
-1273
-1857
-2404
-2212
-1954
-2064
-1836
-1677
-2032
-2098
-2016
-2424
-2447
-1886
-1676
-1531
-1087
-1013
-1158
-1134
-1535
-2226
-2532
-2822
-3188
-3031
-2672
-2480
-2010
-1427
-1220
-1089
-924
-983
-1007
-835
-673
-379
190
768
1424
2291
2889
3074
3252
3379
3155
2884
2996
3373
3855
4384
4831
5251
5432
4698
3198
1827
605
-832
-1935
-2245
-1995
-1228
-145
734
1543
2308
2390
1901
1331
403
-723
-1325
-1686
-2101
-2057
-1716
-1599
-1469
-1423
-1746
-1933
-1950
-2317
-2534
-2158
-1844
-1701
-1359
-1164
-1193
-1177
-1440
-2028
-2390
-2635
-3012
-3069
-2779
-2523
-2117
-1557
-1265
-1113
-875
-843
-983
-933
-775
-562
-85
589
1349
2219
2878
3162
3388
3484
3249
3007
2987
3126
3435
3864
4331
4847
5049
4500
3521
2446
1108
-323
-1367
-1870
-1792
-1203
-421
468
1458
2139
2283
2122
1607
692
-257
-1056
-1723
-2139
-2251
-2148
-1919
-1721
-1676
-1669
-1672
-1817
-2047
-2146
-2057
-1892
-1762
-1661
-1527
-1413
-1460
-1658
-1974
-2354
-2684
-2930
-3035
-2967
-2682
-2243
-1774
-1374
-1076
-852
-741
-739
-731
-601
-351
17
560
1296
2065
2637
2986
3228
3318
3180
3002
2987
3123
3353
3692
4153
4624
4777
4366
3581
2628
1443
81
-1038
-1510
-1413
-1037
-464
375
1336
2011
2156
1915
1483
822
-128
-1081
-1680
-1948
-2081
-2051
-1844
-1629
-1502
-1445
-1559
-1793
-1972
-2137
-2234
-2073
-1877
-1812
-1590
-1332
-1473
-1813
-2071
-2447
-2801
-2937
-3042
-2954
-2399
-1882
-1624
-1215
-854
-849
-823
-733
-805
-667
-187
282
874
1701
2277
2616
2970
3017
2750
2617
2616
2686
3010
3413
3781
4293
4720
4660
4148
3343
2335
1265
141
-852
-1281
-1104
-688
-155
489
1182
1812
2006
1650
1171
655
-120
-925
-1513
-1951
-2055
-1904
-1878
-1806
-1532
-1443
-1535
-1582
-1792
-2059
-2042
-1983
-2021
-1857
-1623
-1581
-1566
-1681
-2077
-2383
-2554
-2830
-2986
-2835
-2583
-2181
-1690
-1382
-1130
-806
-679
-693
-591
-401
-106
369
921
1484
2065
2444
2642
2820
2818
2695
2754
2914
3070
3389
3721
3981
4259
4241
3765
3197
2433
1269
324
-190
-649
-798
-399
78
611
1221
1453
1513
1680
1293
400
-136
-585
-1341
-1807
-1934
-2041
-1836
-1559
-1619
-1490
-1156
-1373
-1747
-1741
-1864
-2135
-2112
-2084
-2156
-2052
-2101
-2394
-2454
-2481
-2720
-2780
-2576
-2470
-2309
-1910
-1572
-1304
-1026
-830
-720
-585
-448
-239
211
803
1290
1682
2136
2544
2670
2578
2543
2644
2850
3033
3147
3470
4032
4304
4127
3835
3430
2728
1761
717
-51
-295
-361
-434
-179
355
811
1076
1151
1114
1081
800
189
-327
-724
-1214
-1568
-1738
-1889
-1838
-1684
-1714
-1637
-1426
-1532
-1698
-1627
-1723
-1929
-1929
-2019
-2219
-2222
-2324
-2561
-2503
-2401
-2517
-2392
-2138
-2127
-1995
-1723
-1631
-1465
-1149
-1000
-779
-319
24
384
1059
1617
1881
2148
2351
2402
2426
2396
2379
2665
3070
3288
3527
3912
4194
4147
3765
3142
2446
1672
765
-14
-371
-327
-74
217
570
1028
1361
1378
1205
913
494
37
-484
-1017
-1321
-1468
-1627
-1643
-1550
-1561
-1538
-1466
-1546
-1695
-1769
-1877
-1970
-1996
-2119
-2206
-2151
-2192
-2370
-2448
-2415
-2403
-2414
-2407
-2319
-2115
-1929
-1836
-1680
-1387
-1079
-840
-578
-173
325
766
1158
1468
1659
1836
1936
1882
1897
2135
2414
2709
3042
3346
3710
4068
4059
3777
3518
3080
2295
1464
785
299
52
-90
-125
154
523
634
687
839
870
723
510
236
-30
-289
-664
-1010
-1177
-1352
-1625
-1746
-1751
-1823
-1858
-1794
-1715
-1671
-1709
-1798
-1818
-1814
-1983
-2210
-2269
-2303
-2429
-2513
-2476
-2364
-2216
-2103
-1975
-1742
-1513
-1383
-1199
-869
-519
-180
269
778
1200
1480
1680
1824
1889
1876
1872
2034
2334
2594
2802
3138
3543
3753
3764
3673
3413
2947
2291
1529
900
499
160
-43
88
338
453
580
750
810
761
611
388
219
25
-383
-732
-866
-1063
-1391
-1641
-1777
-1851
-1901
-2009
-2037
-1845
-1712
-1790
-1847
-1803
-1853
-2016
-2229
-2402
-2430
-2456
-2587
-2593
-2390
-2215
-2105
-1945
-1756
-1542
-1304
-1093
-798
-339
131
550
954
1234
1386
1502
1541
1518
1591
1817
2127
2475
2780
3042
3361
3583
3554
3389
3215
2976
2566
2017
1499
1182
972
675
407
391
548
568
436
413
567
653
528
308
182
148
-60
-491
-822
-933
-1123
-1447
-1678
-1800
-1852
-1855
-1932
-1968
-1828
-1748
-1849
-1902
-1914
-2039
-2147
-2227
-2352
-2354
-2239
-2181
-2089
-1906
-1804
-1728
-1537
-1393
-1285
-1010
-639
-259
194
637
963
1230
1402
1408
1421
1522
1616
1746
2008
2305
2565
2834
3013
3071
3065
2975
2769
2529
2272
1963
1670
1444
1181
839
456
12
-362
-580
-702
-660
-348
114
550
898
1125
1185
1032
617
-9
-659
-1288
-1915
-2406
-2645
-2643
-2466
-2227
-1960
-1622
-1315
-1205
-1227
-1272
-1365
-1522
-1731
-1924
-2014
-2033
-2091
-2131
-2017
-1844
-1699
-1477
-1160
-802
-391
-14
279
524
733
802
806
829
854
950
1175
1441
1693
2010
2366
2614
2714
2722
2638
2483
2203
1815
1498
1332
1187
1008
950
1027
1094
1066
966
885
842
768
608
483
463
411
262
112
-3
-130
-285
-474
-671
-830
-977
-1152
-1286
-1359
-1433
-1519
-1605
-1701
-1774
-1784
-1767
-1751
-1699
-1636
-1588
-1567
-1580
-1603
-1587
-1556
-1523
-1450
-1283
-1030
-756
-453
-158
67
214
286
309
311
339
426
598
813
1019
1226
1468
1683
1794
1850
1902
1914
1839
1708
1581
1518
1423
1252
1098
1004
920
796
673
628
652
629
570
569
592
559
464
365
268
163
5
-166
-264
-363
-513
-644
-720
-817
-928
-1037
-1114
-1160
-1230
-1356
-1435
-1444
-1465
-1483
-1438
-1385
-1347
-1318
-1308
-1270
-1179
-1115
-1051
-914
-744
-586
-394
-175
12
182
273
276
268
274
239
249
392
549
695
891
1076
1239
1376
1425
1406
1405
1371
1224
1098
1042
972
885
803
729
699
687
605
515
519
519
444
347
282
233
166
66
-29
-46
-32
-77
-129
-130
-111
-156
-286
-403
-464
-548
-689
-836
-901
-919
-975
-1086
-1136
-1090
-1061
-1084
-1088
-1030
-943
-892
-880
-818
-669
-556
-525
-454
-337
-238
-155
-74
9
107
151
141
166
206
200
232
350
464
557
659
776
914
992
965
948
966
892
712
571
499
399
287
192
177
241
260
229
281
370
357
277
225
211
153
33
-76
-81
-62
-118
-160
-125
-75
-99
-150
-159
-146
-210
-321
-393
-407
-447
-553
-587
-541
-526
-570
-580
-514
-458
-462
-485
-450
-389
-385
-428
-401
-322
-261
-219
-141
-19
91
160
200
256
296
280
262
286
308
312
341
375
411
454
495
540
580
598
559
504
435
327
209
112
24
-47
-74
-88
-97
-83
-54
-24
18
43
46
38
40
19
-15
-29
-64
-116
-150
-196
-249
-266
-275
-285
-256
-199
-171
-142
-114
-136
-158
-159
-184
-217
-231
-248
-247
-235
-253
-299
-280
-223
-189
-131
-45
23
94
148
145
154
172
155
108
80
55
40
52
82
139
244
324
354
384
404
392
357
318
254
187
124
50
-15
-67
-117
-147
-146
-140
-153
-140
-136
-149
-150
-136
-132
-117
-92
-85
-73
-70
-83
-113
-137
-165
-181
-167
-131
-91
-43
25
77
104
112
105
65
27
-31
-105
-135
-133
-142
-154
-133
-85
-35
5
54
120
213
276
275
273
292
275
209
143
104
59
22
-10
-19
26
80
134
199
258
276
272
255
223
167
107
32
-44
-111
-175
-224
-220
-189
-147
-103
-45
-3
0
-39
-107
-152
-185
-233
-248
-224
-203
-179
-138
-101
-81
-52
-30
-11
13
16
-7
19
36
17
13
12
-15
-53
-89
-135
-115
-56
-32
2
86
132
103
82
79
74
94
93
56
72
96
71
74
115
142
145
159
153
125
106
77
52
70
83
61
55
47
10
-19
-36
-73
-103
-125
-158
-177
-160
-153
-147
-103
-63
-44
-32
-54
-120
-162
-198
-237
-241
-204
-183
-149
-85
-52
-38
-21
-9
10
44
26
6
25
40
26
6
7
4
4
8
30
90
153
187
208
247
251
218
169
134
111
86
70
78
103
117
120
122
143
144
116
97
104
104
73
34
19
35
31
-9
-41
-51
-68
-119
-167
-194
-214
-225
-250
-244
-208
-180
-156
-122
-92
-61
-53
-83
-128
-163
-193
-236
-252
-245
-196
-132
-82
-47
0
32
18
24
36
40
39
27
13
3
-12
-42
-45
-14
33
77
117
142
151
172
192
203
197
194
183
153
114
70
47
62
76
74
76
95
95
75
83
114
144
135
78
3
-47
-104
-200
-249
-233
-207
-190
-185
-167
-130
-111
-103
-82
-44
-44
-79
-94
-119
-138
-153
-169
-178
-171
-186
-200
-180
-140
-94
-12
74
118
143
142
124
103
71
4
-27
-34
-62
-80
-41
0
42
107
154
200
223
181
122
110
102
57
33
36
26
35
40
26
52
84
78
89
92
64
28
12
-15
-31
-49
-88
-125
-139
-164
-177
-156
-131
-99
-69
-49
-55
-62
-77
-104
-120
-112
-125
-134
-141
-135
-122
-115
-102
-87
-62
-51
-52
-44
-29
-22
-7
19
56
76
84
97
102
101
91
68
37
25
17
23
45
71
84
105
128
140
138
128
112
108
105
69
48
37
25
22
41
44
29
31
16
-12
-17
-35
-49
-32
-39
-57
-64
-79
-104
-120
-117
-116
-107
-97
-104
-99
-78
-81
-86
-84
-91
-105
-120
-134
-150
-138
-125
-113
-72
-35
-22
-12
1
-3
-4
-11
-22
-20
-9
-5
4
25
53
78
99
106
107
106
104
98
110
111
108
99
70
56
46
43
43
50
73
90
109
116
110
108
97
59
15
-23
-63
-93
-110
-109
-102
-87
-69
-53
-36
-28
-37
-49
-58
-78
-101
-120
-135
-132
-125
-120
-125
-110
-87
-92
-98
-95
-89
-90
-84
-83
-82
-79
-82
-87
-67
-46
-37
-25
-10
0
2
15
33
57
80
101
111
110
91
65
65
63
54
49
57
77
90
92
98
104
106
92
74
66
61
46
29
29
33
35
24
16
9
-2
-20
-37
-53
-66
-72
-92
-89
-95
-97
-93
-83
-68
-71
-67
-61
-42
-48
-49
-50
-54
-54
-77
-82
-79
-73
-81
-75
-67
-53
-41
-40
-31
-19
-3
8
13
22
18
9
10
12
16
31
59
74
83
79
85
84
76
82
82
83
97
105
107
102
95
73
66
67
41
24
19
15
21
25
18
23
27
9
-27
-51
-64
-92
-106
-106
-98
-79
-67
-63
-61
-45
-46
-58
-69
-79
-83
-92
-99
-101
-87
-82
-78
-65
-53
-42
-31
-23
-17
-17
-28
-37
-36
-37
-44
-47
-45
-35
-32
-14
5
23
33
49
57
65
76
78
92
106
107
93
86
90
84
78
71
71
76
69
57
54
49
42
33
24
28
23
12
-6
-15
-19
-36
-46
-53
-48
-48
-63
-58
-54
-46
-52
-61
-59
-68
-75
-76
-74
-73
-67
-69
-73
-66
-67
-61
-54
-47
-41
-35
-23
-15
-10
-16
-22
-23
-26
-37
-40
-32
-27
-18
-4
3
21
35
36
42
60
66
67
72
79
75
69
61
48
38
31
16
18
40
46
53
67
76
75
75
66
62
45
26
6
-15
-30
-47
-57
-56
-48
-46
-29
-22
-17
-3
-10
-16
-14
-18
-30
-47
-53
-66
-74
-81
-88
-71
-52
-49
-37
-30
-14
-2
5
8
3
-4
-22
-36
-46
-47
-43
-36
-26
-21
-3
15
22
25
36
52
57
57
55
43
46
37
23
20
25
32
25
33
36
42
47
51
51
49
44
33
21
15
6
-2
-2
-6
-3
-5
-4
-11
-6
-7
-6
2
-6
-19
-28
-34
-47
-54
-50
-47
-50
-44
-40
-37
-38
-38
-38
-35
-32
-40
-40
-38
-30
-26
-25
-14
-5
-7
-13
-16
-13
-11
-5
2
12
12
14
13
13
24
19
24
34
39
36
32
34
28
28
20
26
27
41
48
40
44
37
28
24
20
6
-4
-8
-16
-13
-9
-12
-2
10
8
10
12
3
-3
-12
-22
-32
-36
-42
-46
-36
-31
-36
-26
-21
-13
-10
-15
-12
-9
-13
-18
-13
-11
-18
-15
-15
-17
-18
-14
-16
-14
-1
-8
-4
1
-1
-5
-5
-3
4
-1
-6
0
3
11
11
17
20
17
20
23
17
12
15
7
-4
0
-4
-5
-5
0
2
17
22
4
1
8
13
9
8
9
9
17
14
12
12
6
1
-1
1
-5
-1
2
5
6
0
-9
-4
-4
-12
-19
-17
-20
-12
-10
-9
-3
0
-10
-20
-18
-25
-24
-27
-22
-23
-14
-3
-7
3
11
6
8
7
3
-3
-1
-3
-3
4
-3
-5
5
8
9
18
19
18
20
25
22
20
23
14
20
25
20
5
6
3
-3
-9
0
6
-2
6
5
6
8
8
9
9
1
-5
-13
-18
-19
-22
-19
-15
-17
-12
-11
-20
-29
-31
-28
-28
-32
-30
-27
-22
-13
-9
-9
-10
-9
-4
0
-3
-1
3
6
12
10
10
9
6
4
10
10
18
19
17
26
27
29
29
25
20
16
11
11
10
15
24
27
42
50
43
39
36
27
9
2
2
-4
-12
-6
-4
0
7
8
1
8
3
-1
-3
-1
-1
-5
-11
-20
-16
-11
-17
-19
-11
-18
-17
-5
-5
-9
-5
-14
-11
-5
-11
-23
-29
-24
-12
-10
-16
-13
-10
-4
-5
1
2
4
1
9
19
16
22
27
32
35
36
36
39
31
28
32
35
34
32
31
35
41
45
41
42
43
39
39
34
30
34
31
33
46
39
39
35
29
25
18
22
16
17
14
13
8
-1
-6
-14
-12
-4
-11
-14
-13
-27
-29
-25
-28
-28
-26
-27
-29
-28
-26
-28
-25
-20
-20
-21
-19
-18
-24
-17
-7
-9
-9
-8
-2
-3
-1
11
17
13
10
14
11
15
12
5
10
18
20
27
33
35
55
56
55
51
49
46
46
44
44
44
46
51
58
55
58
55
48
43
36
44
33
37
37
30
32
24
23
13
12
10
-1
-12
-16
-17
-21
-16
-16
-12
-13
-13
-14
-23
-19
-25
-31
-26
-27
-28
-25
-19
-21
-18
-16
-19
-19
-15
-12
-5
5
7
2
4
1
-1
-3
0
0
5
12
12
16
22
26
29
32
35
34
34
29
26
29
32
32
41
41
42
42
41
38
30
28
26
29
17
14
13
12
12
13
7
3
0
-5
-15
-20
-21
-25
-25
-33
-31
-38
-34
-31
-28
-24
-27
-16
-22
-24
-19
-25
-23
-24
-24
-25
-19
-15
-16
-8
3
3
8
9
13
15
17
20
22
30
29
27
28
26
26
33
26
26
39
39
36
40
39
33
38
38
34
32
30
34
27
22
20
15
13
10
7
5
2
5
3
8
8
5
2
3
-1
-12
-11
-6
-10
-10
-8
-9
-7
-5
-9
-14
-11
-19
-15
-6
-8
-2
4
4
1
6
5
7
8
13
19
17
28
20
16
19
21
23
18
24
30
26
28
41
38
37
39
35
37
37
40
28
31
31
33
38
31
28
34
38
24
31
26
24
18
17
16
5
7
9
1
4
1
-5
0
9
7
-1
-1
-4
-7
-15
-11
-8
-5
-4
-8
-8
2
0
-8
-3
-2
-4
-9
-6
-6
-13
-8
-6
-14
-7
-3
3
3
3
6
3
5
7
10
16
12
16
24
25
29
31
30
27
32
30
28
31
37
36
36
33
32
38
35
36
39
36
32
21
26
25
15
15
17
19
19
16
13
16
16
8
6
4
0
-2
-3
-8
-15
-17
-20
-19
-17
-19
-22
-16
-17
-16
-21
-21
-21
-26
-25
-28
-25
-20
-11
-15
-12
-6
-4
-5
-2
-2
-5
4
7
5
11
15
19
16
24
26
29
33
26
18
28
28
24
29
28
23
27
33
34
35
31
25
27
24
16
20
21
21
18
23
21
21
17
11
11
6
8
4
7
1
2
-3
-12
-5
-6
-11
-14
-17
-16
-18
-14
-22
-20
-20
-25
-21
-18
-17
-15
-13
-13
-4
-4
-1
0
1
4
3
2
2
8
5
5
9
12
17
20
23
26
28
26
26
24
26
23
18
16
13
23
26
32
33
29
28
27
26
20
11
18
21
18
17
9
15
12
13
2
4
3
-2
-6
-5
-1
-5
-3
2
2
1
0
-3
0
-1
-1
-1
-3
-4
-1
-3
-2
-1
-3
-1
-1
0
3
4
12
9
8
14
18
12
12
10
10
8
7
12
13
15
15
20
22
28
23
21
26
22
20
21
24
26
24
22
28
29
27
25
28
21
16
9
8
10
4
5
5
6
0
2
6
6
-1
-2
-2
-7
-7
-9
-5
-10
-1
0
-4
-4
-7
-4
-6
-3
-1
-2
0
2
5
5
2
1
1
2
5
3
4
5
0
4
6
7
5
1
4
11
13
16
21
27
30
31
32
27
25
21
21
22
21
20
19
18
19
20
21
20
27
23
16
19
20
18
11
5
4
2
3
-5
-2
2
-4
-4
-1
-1
-7
-11
-5
-11
-8
-8
-14
-11
-13
-15
-11
2
-2
-6
-5
-11
-8
-10
-8
-10
-5
-1
0
2
2
11
10
9
6
6
14
10
7
8
12
14
11
12
22
21
18
27
24
25
22
22
21
15
14
21
17
15
16
13
18
20
17
15
12
11
11
7
8
4
4
-3
-6
-10
0
-8
-12
-10
-11
-2
1
-11
-18
-14
-17
-11
-11
-18
-19
-12
-18
-19
-17
-12
-11
-6
-5
4
6
2
4
8
12
6
4
15
11
13
10
12
7
13
15
14
13
17
18
20
28
23
21
17
19
14
21
15
16
8
6
15
9
17
11
13
14
7
6
0
1
-2
0
-10
-7
-4
-2
-3
-5
-2
-5
-1
-6
-6
-7
-6
-8
-12
-6
-6
-2
4
-4
-3
0
0
-1
-3
-2
0
1
0
1
1
-4
2
6
7
10
10
3
8
14
12
11
17
17
18
19
16
14
12
12
9
14
18
8
10
4
-1
6
2
2
6
8
1
4
6
2
2
-4
-1
-5
-4
5
1
3
3
0
0
1
6
1
4
0
-1
-2
-3
-2
-2
-3
-3
-1
-3
0
0
1
4
-1
-1
3
0
2
-5
2
0
-3
-2
-6
-6
-3
-5
-4
-3
-2
-2
-2
1
5
2
0
8
8
9
11
12
8
5
1
-2
-4
2
-2
-5
-3
-2
6
5
8
12
6
9
4
-2
-2
-3
-2
-2
-2
-4
-3
-4
-4
-8
-5
-4
-5
-2
-6
-2
-1
0
-5
-3
0
-7
-2
-8
-1
-7
-2
-2
-9
-3
-5
-4
-3
0
0
0
2
0
-6
-6
-2
-1
0
8
1
1
1
4
-1
2
5
5
7
3
7
6
6
5
4
-1
-3
-5
1
-1
2
0
3
5
1
4
4
5
-2
2
-2
-4
-10
-5
0
-4
-3
-5
-3
5
3
3
1
2
4
-3
0
2
2
-5
-2
-1
0
-4
-3
-4
-3
-3
2
3
-1
0
-7
-2
-11
-9
-13
-14
-12
-6
0
0
5
2
8
8
5
4
-3
-2
-1
-1
3
-2
-3
1
0
0
2
9
6
3
1
4
3
3
0
-7
-6
-4
-5
-3
-3
-3
-9
-9
-4
-8
-2
-2
-5
-5
-6
-5
-9
-3
-1
-8
-3
-2
-4
-5
-2
5
4
2
-3
1
4
1
4
-3
-5
2
-3
0
2
1
-1
1
3
-2
1
-4
0
7
7
9
4
3
0
3
8
3
3
5
4
2
2
0
2
-4
-2
-6
-1
-1
-1
4
1
-2
0
0
-6
-2
0
-2
-2
-2
-2
1
3
1
1
0
2
-3
5
1
1
-1
-1
0
-1
2
1
2
-3
-3
-6
-1
0
-3
-3
-6
-4
-3
-4
0
-4
-9
-2
-11
-8
-4
-9
-3
-11
-7
-4
-9
-11
-2
-5
-5
-8
-11
-9
-8
-2
-2
-1
-9
-5
-6
-13
-7
-10
-9
-9
-8
-6
-7
-4
-1
-3
-6
-6
0
-1
-4
1
1
-2
4
-1
2
7
9
3
8
2
0
2
-2
5
-2
-3
-3
-1
-3
-5
-4
-4
-4
0
-4
-3
0
-7
-7
-10
-9
-5
-2
-9
-12
-7
-12
-9
-11
-10
-9
-10
-8
-9
-1
-1
0
-2
-1
-1
0
-5
-5
0
1
4
2
0
-4
1
2
1
8
7
7
9
1
1
3
1
1
8
6
5
10
12
5
3
0
2
7
-1
-2
-1
7
1
1
0
5
7
5
-1
4
6
0
3
-1
3
2
-1
2
-1
2
4
3
2
4
8
2
5
7
3
4
0
0
-2
1
2
4
7
6
-1
4
3
-1
4
4
3
5
9
5
4
8
8
7
2
10
12
13
11
12
15
13
8
5
10
8
6
4
-1
5
-6
-2
-1
-1
2
2
5
0
6
5
2
3
0
4
7
8
10
7
4
3
4
3
-1
0
-6
0
-2
-5
-5
-1
-5
-4
0
-3
0
-4
-4
1
-9
-7
1
-1
-1
4
-1
-4
1
1
4
4
2
1
3
3
1
0
5
2
-2
-1
1
6
5
-2
-4
-1
4
-1
-5
0
1
-1
-6
-1
2
1
-4
-2
-4
-7
-8
-9
-9
-8
-7
-6
-7
-6
-1
-2
-3
-4
-3
-6
1
-3
-5
-6
-1
1
-4
2
3
0
-5
-3
4
4
2
6
8
8
5
5
-1
1
6
0
2
2
10
5
2
10
7
4
9
8
8
7
6
7
3
7
5
2
5
5
8
6
8
12
6
4
5
7
8
6
6
7
11
9
5
8
7
6
2
1
5
7
11
9
7
5
6
6
7
1
4
6
2
0
-3
1
2
5
2
0
1
-2
3
-4
-3
-9
-10
-4
-6
-1
1
-2
0
6
8
5
5
8
3
7
5
5
10
3
10
8
5
7
9
2
6
3
6
15
10
8
1
11
10
8
5
0
7
5
3
8
6
9
10
7
6
3
3
2
3
4
4
3
1
-1
0
1
-3
-3
0
2
-2
0
-4
-4
-5
-5
-2
-3
-7
-4
-4
-9
-7
-2
-2
-2
0
-3
-6
-5
-4
-9
-6
-3
0
-2
2
2
-5
-1
-3
-1
2
4
0
5
6
6
6
4
15
6
6
4
0
0
3
4
3
4
4
9
11
8
9
8
8
10
8
9
8
2
6
2
-1
-1
-3
-4
-4
3
-6
-3
0
3
-3
-2
-5
-2
0
-7
-3
-1
-6
-9
-2
-9
-7
-5
-6
-4
-3
2
0
8
5
8
1
2
3
-1
0
-3
-4
3
-3
-3
-4
-4
1
-2
4
1
3
-2
6
6
3
6
4
3
2
-3
-3
0
-2
2
-1
0
-6
-3
-6
0
3
-1
3
-3
-3
3
-1
1
5
2
3
-5
-5
-1
-2
-3
-8
-6
-4
-10
-7
-1
-8
-6
-6
-5
-5
-4
-1
-5
-6
0
3
2
-3
-3
-2
-5
2
-1
-1
-1
0
0
1
-1
3
2
-3
0
-7
-4
-1
-1
-3
3
4
6
3
0
-2
-2
-8
-8
-10
-6
0
-3
2
-8
-6
-5
-4
-2
0
-11
-9
-1
-1
4
1
1
-1
3
-8
-11
-4
-3
-3
-2
-3
3
-1
-1
0
2
-1
-5
-6
-6
-1
0
1
3
4
-2
1
5
-4
-4
0
3
-2
-2
-2
-2
3
7
4
2
0
2
2
1
4
0
4
-3
4
1
2
0
0
1
1
-5
-1
-2
-11
-6
-7
2
-8
-2
-6
-7
-9
-10
-6
-9
0
-10
-6
-4
-6
-8
-5
-7
0
-3
-4
-6
-9
-5
2
0
-7
-2
-2
-1
-5
2
-5
-5
-4
-4
-5
-2
-2
-2
-2
-5
-2
-2
-4
-6
-2
-5
-4
2
-5
-1
6
0
-1
6
1
-1
2
5
4
8
2
0
4
4
-5
-4
-7
-5
2
-1
-2
-8
1
-3
-2
-2
-7
-4
0
-6
-2
-2
-7
-7
-8
-3
-5
-4
-6
-4
-1
-7
-8
-2
4
-5
2
-1
-2
-3
-5
-10
-5
-2
-9
-6
-9
-6
-1
-10
-5
1
-5
-3
-7
-3
-9
-6
-7
-6
-7
-4
-6
-4
0
-4
0
-5
-3
-4
-1
-13
-9
-11
-10
-9
-10
-9
-9
-7
-11
-9
-8
-1
-5
0
-5
-3
-3
-7
-3
-2
-5
-10
-8
-5
-3
0
-2
-6
-1
-2
-9
-1
-2
-5
-3
-2
-3
1
-4
-9
-5
-4
-7
-8
-4
-9
-5
-9
-4
-6
-2
0
0
-6
-7
-3
-3
-2
-1
-4
-7
-2
-1
-1
-5
-1
-4
-3
0
-7
-4
-1
-2
-1
2
-6
-3
-5
-6
-7
-5
-6
-5
-6
-10
-9
-8
-11
-12
-7
-5
-2
-6
-9
-9
-8
-6
-3
-10
-8
-8
-8
-9
-9
-4
-8
-14
-17
-8
-9
-10
-9
-12
-11
-5
-4
-4
-8
-8
-7
-5
-4
-5
-7
-5
-5
-7
4
-7
-5
3
-4
-4
-5
1
-7
-9
-2
-12
-4
-4
-7
-8
-7
-4
0
-3
-5
-6
-3
-1
4
1
3
4
-2
0
-6
0
5
0
-2
0
1
4
5
0
6
7
5
10
5
4
6
8
6
5
3
5
1
3
10
0
1
2
6
6
1
2
6
3
2
1
1
4
-1
-3
-10
-5
-3
-6
-8
-4
-2
-8
-7
-7
-6
-1
-6
-1
-2
-7
-2
-8
-9
-9
-10
-9
-3
-5
-7
0
-12
-2
-5
-7
-2
-7
-4
-7
-2
0
0
-1
0
0
-5
-1
-7
-3
-2
0
0
-6
1
0
-3
-6
-9
-3
-7
-1
1
-1
0
-3
-5
-7
-3
2
1
0
-4
-5
0
-2
-1
-2
2
2
1
3
-1
1
4
0
3
5
3
5
1
6
6
11
10
9
5
5
8
0
5
1
5
1
4
7
5
7
3
5
4
6
7
8
9
10
3
-1
9
7
5
6
11
7
10
13
9
13
10
9
9
12
10
3
7
0
3
4
7
4
2
2
1
9
6
2
3
2
1
3
5
7
0
6
-1
-2
4
0
3
4
1
2
4
8
4
0
7
1
0
2
3
5
1
4
0
1
2
-1
0
0
0
-1
0
-1
0
6
3
-1
10
5
0
5
11
7
2
3
3
5
0
0
2
-2
1
3
5
3
-1
-1
3
0
0
0
0
1
4
0
1
5
3
3
-1
3
6
-3
-2
-6
1
6
5
1
0
6
2
-1
2
4
9
7
5
0
1
3
7
3
3
3
4
8
1
-2
0
2
0
1
-1
3
-2
5
-3
-3
0
-1
3
-1
6
2
4
5
4
7
2
1
1
-6
-3
0
0
0
1
6
-1
3
7
5
3
7
7
3
5
3
6
1
-1
2
-4
-2
-2
2
3
4
-1
-5
-3
4
2
4
3
-3
4
0
-4
4
6
2
3
4
-2
-1
7
1
2
4
2
-3
4
0
3
1
-1
4
3
-2
-4
1
0
-1
4
1
-3
-1
0
2
-2
-4
-3
-2
-1
-1
-8
-6
0
-2
-3
-4
3
2
-2
5
3
3
1
-1
5
8
6
2
7
5
9
1
8
3
1
7
4
1
-1
7
5
6
8
7
10
8
5
8
5
7
5
0
7
1
6
8
5
4
-2
1
0
1
2
0
2
-2
4
3
4
-1
2
2
-4
4
6
3
1
6
3
-3
-6
0
3
3
5
2
0
-2
7
2
-4
-2
-2
-2
-5
-3
-4
-5
-7
-4
-2
0
-3
-4
-5
0
-5
-5
-6
-6
-2
-3
0
-4
-2
0
-4
-5
0
2
2
3
2
-1
10
2
-1
-7
-6
-7
-6
-12
-10
-6
-6
-6
-10
-6
-7
-6
-7
-5
-4
-4
-4
-6
-1
1
-7
-9
-8
-7
-13
-9
-8
-8
-10
-12
-9
-6
-8
-5
-8
-9
-7
-7
-7
-6
-14
-5
-10
-10
-7
-18
-10
-13
-10
-9
-8
-5
-2
-5
-1
-1
-10
-3
-10
-6
-4
-7
-3
-5
-6
-5
-2
-3
0
-5
0
4
4
0
-2
-3
1
5
0
-3
-4
4
0
5
6
6
3
-2
-3
-6
0
-2
-5
-2
-3
-4
-5
-1
-7
-2
-8
-1
-6
-8
1
0
7
-2
1
-2
-3
-4
1
-2
-4
0
0
-1
-5
-1
-5
-3
-1
-1
-3
0
-1
-4
0
-5
0
3
2
-3
1
-3
5
4
5
1
2
3
0
6
1
8
5
4
2
5
-2
3
-6
2
-2
-3
3
-4
-1
-4
-5
-3
0
-1
-1
-4
-3
-7
-7
-3
-4
-3
-3
-1
4
0
-2
5
3
-2
-5
-6
1
-4
-5
-3
-1
-3
-5
0
-9
-3
0
-3
-3
-4
-1
0
-1
0
-4
1
-1
-2
3
0
-2
-1
2
-4
-9
-4
-2
-5
-7
-3
-2
-3
-1
-9
-11
-8
-8
0
0
-1
4
-2
-8
-3
-5
-2
-4
-7
-8
-9
-6
-11
-6
-3
-6
-8
-11
-6
-8
-9
-8
-13
-9
-7
-7
-6
-9
-3
-5
-6
-8
-12
-9
-9
-8
-14
-9
-11
-10
-8
-6
-14
-13
-14
-18
-13
-11
-15
-17
-4
-10
-12
-10
-11
-12
-8
-13
-14
-12
-11
-8
-12
-12
-12
-9
-11
-16
-14
-7
-13
-17
-8
-3
-8
-7
-7
-9
-13
-12
-12
-12
-16
-19
-17
-18
-14
-18
-25
-17
-14
-10
-12
-10
-10
-11
-9
-14
-10
-12
-13
-13
-19
-16
-15
-14
-17
-20
-19
-20
-19
-16
-12
-18
-17
-11
-16
-15
-13
-20
-13
-16
-20
-14
-18
-15
-14
-12
-14
-10
-14
-17
-12
-15
-7
-14
-15
-15
-7
-13
-14
-10
-14
-11
-14
-8
-11
-7
-7
-7
-7
-12
-11
-12
-10
-9
-10
-11
-10
-14
-17
-12
-11
-11
-12
-8
-6
-11
-10
-9
-5
-9
-10
-7
-13
-11
-7
-7
-6
-4
-4
-9
-8
-8
-8
-11
-8
-8
-5
-4
-5
-4
1
-4
-5
-4
0
3
1
2
0
-2
-1
2
1
-2
-1
0
-3
-5
1
-1
-1
1
-2
-2
-3
-3
0
-1
0
-1
1
2
5
3
2
3
1
6
4
-4
4
6
1
-1
4
-2
-1
-4
-7
2
2
4
-3
5
6
8
5
6
2
3
4
4
11
2
5
7
5
1
-4
10
6
6
6
0
9
13
6
9
10
8
9
10
9
11
4
4
4
8
4
5
8
4
9
10
12
6
8
0
0
7
2
-1
4
1
3
7
6
3
1
8
7
5
6
10
5
9
7
-1
4
6
1
5
8
8
6
9
9
5
4
8
9
7
8
7
2
5
7
1
7
0
1
2
0
8
2
4
2
5
4
3
3
6
7
5
7
5
5
2
2
7
2
6
8
6
5
7
7
6
11
0
2
3
5
7
7
2
0
3
2
3
1
0
0
1
2
7
7
7
7
4
3
2
4
4
3
7
4
1
1
4
1
1
0
0
4
2
5
2
3
4
5
5
5
-2
2
0
-3
6
3
9
7
-2
5
7
9
3
2
8
7
3
3
3
5
9
6
3
4
12
5
5
4
7
9
8
15
14
16
15
11
17
19
12
15
13
12
12
14
12
13
21
15
15
11
16
13
14
20
16
15
15
14
12
15
12
11
17
15
15
10
10
14
10
12
15
14
18
15
15
14
13
16
15
14
13
13
11
13
11
12
13
18
14
13
14
19
18
24
17
13
22
15
22
13
16
21
19
15
17
19
21
22
16
20
16
23
17
18
21
16
14
19
15
15
15
17
18
18
30
24
21
24
22
23
20
14
19
23
20
21
21
23
21
19
17
17
18
18
17
17
19
18
16
19
13
11
16
15
13
18
25
21
19
23
20
24
25
25
21
19
27
23
26
25
22
20
23
24
18
19
21
21
22
19
14
15
18
19
14
18
17
21
22
16
17
13
16
19
16
13
19
22
13
17
13
17
17
18
17
16
12
19
19
11
17
12
16
13
19
18
17
13
14
11
11
15
17
17
12
15
16
19
11
11
9
10
9
12
14
11
15
10
15
14
7
10
14
10
10
13
17
17
13
19
12
11
13
17
18
9
4
9
12
9
9
10
9
9
14
10
10
8
12
6
8
10
8
7
8
8
10
11
14
10
10
15
7
9
12
14
12
9
14
7
12
8
9
5
5
10
8
5
1
9
1
9
4
6
2
5
7
6
5
2
7
2
6
10
10
7
4
7
9
7
11
10
14
13
17
9
6
9
7
15
9
11
9
9
7
12
8
9
8
5
8
10
6
-1
0
5
13
7
7
8
9
6
5
7
9
7
4
9
6
9
7
8
11
6
4
11
8
9
11
9
10
0
3
3
8
9
5
7
6
8
5
4
6
6
7
5
3
-1
3
-1
1
-2
-1
3
-3
-1
-2
1
2
3
6
-2
0
1
1
2
6
8
11
6
10
8
3
4
2
10
13
9
0
6
4
4
5
2
-2
-1
-2
3
2
-1
0
-1
0
-3
3
1
-4
1
1
-3
-1
-3
-2
-3
-4
-7
-3
-5
-5
-5
-3
-8
-7
-5
-2
-4
-6
0
-2
-5
0
3
-3
-5
-6
-3
-3
-4
-7
-3
-7
-5
-9
-2
0
-7
-6
-2
-1
0
4
-4
-7
-4
4
-3
-6
-5
-6
-5
-3
4
-6
-6
-5
-3
3
0
-4
-1
-4
-6
-4
0
-4
-6
-6
-6
-2
-11
-8
3
-1
-2
-2
-5
-4
-6
2
3
-2
-3
1
-7
-7
-5
-9
-4
-10
-9
-9
-6
-10
-2
-5
-9
-6
-9
-8
-4
-4
-11
-7
-7
-7
-6
-15
-12
-9
-10
-8
-4
-6
-8
-5
-9
-11
-7
-7
-13
-9
-7
-8
-10
-8
-6
-9
-8
-8
-7
-7
-9
-5
-7
-9
-13
-12
-6
-8
-10
-12
-12
-12
-7
-10
-14
-12
-15
-12
-13
-10
-10
-6
-7
-8
-9
-11
-8
-5
-8
-10
-12
-11
-5
-12
-10
-11
-11
-6
-13
-9
-6
-11
-8
-7
-12
-12
-13
-6
-11
-11
-12
-15
-10
-11
-11
-12
-11
-17
-14
-13
-16
-9
-13
-22
-15
-12
-13
-9
-13
-12
-13
-12
-12
-17
-9
-12
-7
-11
-7
-6
-7
-9
-17
-17
-17
-5
-12
-11
-4
-10
-9
-10
-10
-10
-12
-11
-13
-13
-12
-11
-10
-9
-17
-12
-9
-11
-11
-15
-13
-17
-10
-9
-12
-12
-10
-6
-10
-11
-10
-10
-4
-11
-10
-7
-7
-6
-12
-12
-11
-8
-8
-10
-8
-8
-7
-6
-9
-5
-4
-8
-6
-6
-8
-6
-8
-6
-8
-9
-5
-11
-5
-4
-2
1
-2
-3
-3
-2
-3
-6
-3
-4
-2
-5
-4
0
-4
2
1
3
1
0
7
5
3
6
4
3
5
5
6
0
-4
-4
2
-4
-4
-1
-1
1
-2
-2
2
0
-3
-1
-4
-7
-7
-5
-5
-6
-8
-5
-1
-5
-9
-3
-3
0
-3
-1
-2
-1
4
2
3
-4
-4
-3
0
-4
-2
3
-5
-3
1
-1
2
3
3
3
1
-1
-7
-8
-1
-3
0
-1
-1
-4
3
4
0
2
0
1
0
-3
-2
5
-1
-3
-4
-3
1
-4
0
7
-3
-2
1
4
7
4
0
-2
0
3
-2
4
0
-4
6
3
0
-2
-4
2
-5
-1
3
2
5
0
3
-1
-1
2
9
0
1
4
7
5
4
7
4
5
2
6
-1
6
7
6
10
7
6
7
7
6
4
4
10
10
11
11
8
6
11
10
8
5
1
7
4
5
1
1
-1
4
4
-2
1
0
1
1
3
1
1
4
5
6
7
5
7
5
4
4
1
1
3
1
2
4
2
1
0
4
3
3
1
0
3
-1
1
3
6
7
7
-1
-7
-2
0
-2
-3
0
-2
-2
4
3
-2
0
-1
-5
-4
-4
-5
0
0
2
-3
-2
-3
-1
-2
-4
-4
-4
0
-3
-3
-1
1
1
0
-1
4
0
-4
0
-4
-2
2
2
-3
-6
-2
-4
-4
-1
2
4
1
-1
4
-4
-1
0
-2
3
-4
0
2
5
5
7
1
6
11
-1
4
0
5
2
0
1
2
1
-1
3
7
3
1
6
3
3
1
3
3
-1
6
4
2
5
1
1
2
2
-3
0
4
1
-3
1
4
2
3
3
6
8
7
11
4
1
6
7
1
-2
8
3
5
3
0
-3
0
4
7
6
5
4
4
7
6
3
7
8
1
2
3
4
0
5
6
2
-5
-6
0
-1
-2
0
-2
4
1
0
0
0
-3
1
-3
-2
-1
-1
1
-2
0
3
3
2
-2
-7
0
-1
4
1
0
3
0
-1
1
0
-3
0
0
5
2
1
-1
0
4
0
2
2
0
-4
-7
-5
-5
1
-4
-5
-5
1
3
-1
0
0
1
2
-3
-7
0
-2
2
0
2
0
1
6
2
6
4
5
5
0
2
5
4
1
3
0
-3
-1
-2
-6
-2
-3
3
0
-3
-4
0
7
-1
2
1
3
6
1
-1
-1
-5
-3
-5
-5
-1
-5
-2
-1
-5
2
6
-3
1
2
-3
7
0
2
3
-4
-1
-2
-2
-4
1
-2
0
3
-2
-5
-1
-1
-1
1
2
3
-1
-3
2
2
5
-6
-4
1
-1
0
-2
2
-3
-2
-3
-1
-2
2
5
-1
-2
3
3
4
-2
0
2
5
4
6
4
2
9
3
4
5
1
5
6
2
2
1
2
6
-5
-4
-2
4
3
2
2
-2
4
5
3
-1
-1
4
-2
0
2
-2
-1
-3
0
1
0
-6
-3
1
0
-1
-3
-2
1
0
-1
2
-3
-2
1
-5
-2
0
2
4
-1
-2
-3
-1
1
-1
1
0
-2
1
4
3
4
1
1
7
5
-2
2
1
2
3
1
4
4
7
4
3
6
3
1
1
5
5
6
4
4
6
7
5
10
8
5
6
1
1
2
2
5
2
-5
-1
-5
-8
1
-1
-1
0
-3
0
1
7
4
-3
1
-2
0
0
-3
4
5
3
0
-1
0
1
4
0
1
2
7
3
6
3
-1
1
0
-2
2
-2
3
3
-2
4
-4
-3
2
-3
0
-1
1
8
3
5
2
8
9
-1
-3
2
0
0
4
3
-3
1
7
4
7
6
9
10
4
4
3
2
9
6
5
2
5
5
5
6
3
6
11
8
7
-1
4
4
10
3
3
1
1
8
3
5
8
11
11
6
1
3
2
7
1
7
2
4
11
7
10
6
7
3
9
7
5
6
5
7
8
7
5
4
0
2
5
6
7
5
3
1
1
0
-1
5
-1
-1
