-19
-18
-20
-23
-22
-23
-17
-14
-21
-20
-17
-17
-22
-28
-24
-24
-19
-16
-17
-12
-21
-26
-27
-27
-31
-29
-28
-25
-26
-29
-19
-20
-17
-26
-28
-25
-27
-27
-30
-26
-20
-25
-22
-23
-22
-25
-28
-28
-31
-28
-29
-24
-21
-17
-19
-20
-22
-19
-17
-20
-27
-24
-21
-22
-21
-24
-20
-17
-20
-28
-23
-19
-19
-23
-23
-22
-20
-25
-16
-12
-14
-17
-24
-16
-23
-29
-29
-29
-33
-26
-20
-23
-20
-21
-20
-16
-19
-29
-28
-29
-27
-21
-21
-22
-25
-21
-17
-20
-23
-26
-28
-24
-23
-22
-20
-24
-25
-24
-25
-28
-22
-25
-23
-23
-21
-16
-23
-20
-21
-16
-18
-15
-18
-17
-16
-24
-15
-13
-12
-9
-13
-13
-13
-11
-12
-11
-16
-11
-13
-22
-16
-6
-9
-14
-13
-22
-20
-23
-20
-19
-18
-17
-18
-16
-16
-19
-25
-23
-21
-23
-14
-8
-9
-10
-11
-9
-14
-26
-28
-34
-28
-25
-23
-12
-7
-6
-7
-11
-14
-18
-23
-23
-27
-24
-22
-19
-11
-7
-9
-9
-18
-22
-32
-27
-29
-23
-13
-17
-5
-4
-3
-10
-16
-20
-23
-29
-31
-22
-25
-15
-5
-1
5
1
-11
-16
-20
-27
-34
-35
-31
-19
-15
-5
-3
-1
2
-7
-11
-14
-24
-26
-31
-21
-14
-10
-4
-1
2
1
0
-6
-17
-19
-22
-26
-19
-16
-7
-3
-3
-3
2
-1
-13
-13
-20
-20
-23
-24
-16
-13
-4
-1
0
-2
-4
-12
-14
-15
-17
-18
-20
-7
-6
0
4
4
-1
-4
-14
-24
-20
-18
-17
-13
2
6
5
5
0
-6
-18
-22
-22
-21
-17
-12
-10
-4
4
7
10
3
-9
-8
-17
-19
-14
-16
-11
-9
-5
-5
-5
-1
-2
-6
-6
-8
-5
-4
-7
-6
-11
-11
-6
-14
-8
-6
-10
-8
-7
-7
-8
-9
-14
-19
-20
-17
-9
-8
-7
-4
-8
-10
-6
-13
-16
-23
-13
-9
-8
-4
-2
-1
1
2
-3
-12
-14
-9
-9
0
1
3
6
0
-1
-8
-8
-7
-15
-16
-4
-3
-7
-7
-2
1
0
-3
-5
-4
-9
-4
-7
-10
-8
-11
-11
-12
-11
-14
-4
-1
-1
6
-3
1
-5
-10
-13
-15
-12
-3
3
5
5
9
9
3
-2
-12
-4
-9
-3
2
0
2
2
1
-6
-16
-19
-16
-14
-9
-4
5
7
11
0
-13
-17
-14
-20
-15
-12
-8
-1
-1
0
0
-10
-6
-7
-12
-16
-11
-7
-8
-12
-11
-8
-9
0
1
-1
1
4
5
1
5
0
-12
-15
-13
-7
-3
-1
7
4
11
12
8
1
-9
-5
-1
2
-2
6
8
14
12
5
4
5
3
6
0
4
10
13
11
3
0
0
5
3
6
2
13
18
9
3
7
6
2
7
1
-1
6
12
11
1
-6
-3
2
-2
-3
6
11
14
20
20
13
8
-1
-6
-8
-12
-1
8
6
14
20
19
13
9
-5
-11
-14
-9
-1
-2
10
15
13
13
6
8
3
1
7
9
12
11
12
8
1
-10
-12
-9
-13
-2
16
21
23
25
21
6
-6
-17
-20
-20
-12
1
11
25
28
30
20
9
0
-10
-17
-11
-4
-1
5
9
12
8
-1
-11
-12
-10
-13
-7
6
9
11
3
5
1
-8
-13
-16
-11
-6
-4
-1
6
7
6
2
-6
-9
-11
-9
-3
0
8
7
9
10
1
3
1
-4
-5
-1
6
3
6
1
-6
-11
-12
-16
-19
-9
-1
6
13
18
22
14
1
-12
-15
-23
-24
-19
-11
4
15
24
21
23
18
-4
-18
-26
-33
-27
-22
-9
3
18
24
20
19
11
5
-4
-14
-22
-22
-14
-10
-4
5
12
17
17
14
5
-7
-13
-20
-23
-19
-14
-14
-5
9
10
12
8
0
-8
-15
-18
-16
-4
-1
0
0
7
5
2
-2
-7
-6
-7
-1
4
-2
3
3
-7
-10
-10
-9
-3
-2
-2
5
5
3
-4
-9
-20
-22
-18
-20
-15
2
14
19
23
15
2
-9
-24
-28
-27
-15
-6
11
29
33
40
38
21
5
-10
-20
-28
-23
-14
3
17
26
35
30
27
11
-1
-12
-23
-17
-8
8
16
30
34
43
28
15
3
-9
-11
-13
-8
1
9
20
32
23
17
6
-6
-5
-6
-4
13
18
29
29
29
26
9
-2
-15
-20
-13
-5
10
23
29
37
27
18
10
-1
-8
-7
-12
1
24
32
48
43
27
18
2
-5
-5
-5
-2
17
24
35
39
40
31
17
13
-2
-4
-1
13
24
34
42
44
40
26
16
0
-5
-13
-5
13
22
34
39
42
41
29
16
7
-13
-19
-13
-3
7
27
46
47
48
42
31
18
0
-6
-8
-7
3
11
20
20
23
20
15
8
11
13
20
22
26
25
24
14
10
5
0
2
5
16
21
24
30
32
26
18
6
2
-3
4
10
13
23
25
29
26
28
21
18
12
3
6
6
13
21
24
31
34
27
24
15
14
6
4
5
12
18
16
19
22
23
18
17
14
10
11
11
14
18
20
22
20
18
9
4
2
3
4
4
12
16
22
21
22
16
16
16
17
19
15
22
24
21
12
7
5
1
1
4
15
23
24
31
35
32
26
23
8
6
-2
-4
6
11
26
35
34
36
36
26
17
6
-3
-11
-11
-3
9
18
23
30
37
37
33
23
12
4
-2
-4
3
6
19
26
25
29
32
24
23
13
14
17
12
14
9
11
8
4
1
0
1
2
12
24
31
34
34
27
12
0
-15
-24
-22
-14
-3
5
25
40
50
48
34
17
3
-3
-9
-11
-14
0
15
30
35
31
27
17
4
-4
-7
-6
3
3
13
25
28
31
32
26
19
15
16
18
15
11
11
13
10
7
11
9
5
13
17
21
20
19
17
14
7
4
0
-4
-4
3
13
15
25
23
17
14
10
0
-4
-4
-4
5
15
21
23
20
21
17
8
0
-3
-3
2
1
7
20
19
16
16
12
8
7
8
13
12
19
19
15
12
9
11
8
5
9
10
15
15
12
10
6
4
0
-4
-2
4
11
15
18
20
21
11
11
0
-8
-4
-7
-2
-3
11
16
22
23
16
13
7
2
-7
-8
-9
-9
4
14
15
20
27
30
21
18
13
7
3
-3
0
-1
8
10
17
17
18
22
23
20
18
7
0
-9
-12
-5
0
6
13
16
22
31
31
23
16
-2
-10
-16
-20
-19
-8
-3
10
23
27
33
35
20
8
-4
-7
-11
-13
-9
-3
14
17
28
24
21
16
11
6
-5
-7
-10
-18
-7
1
3
19
23
27
25
21
22
8
2
-7
-9
-10
-8
-4
4
15
17
21
26
19
9
1
-7
-12
-15
-11
-3
6
11
20
26
22
15
12
7
1
-6
-13
-7
-2
7
5
11
19
17
15
9
7
3
0
-3
-5
-1
3
4
8
6
1
5
3
-3
2
1
3
4
8
8
6
1
-1
-5
-10
-5
-5
-2
7
5
5
11
16
10
9
2
-11
-9
-15
-10
-4
2
3
8
9
14
13
6
5
-3
-3
-7
-12
-12
-9
-5
3
10
11
17
16
11
1
-6
-13
-13
-13
-9
-3
3
13
13
16
15
13
13
4
-2
-5
-3
-1
3
5
10
20
20
18
18
12
8
2
-4
-10
-11
-4
0
-7
5
8
10
13
15
7
4
-7
-12
-11
-14
-10
-6
2
6
14
17
12
10
8
7
2
-3
-8
-6
-3
4
6
14
20
14
10
9
3
-5
-7
-8
-7
-8
-2
5
12
17
18
21
12
15
4
1
-2
1
4
-4
-4
-6
0
3
-3
7
9
7
4
5
6
-2
-5
-10
-6
-2
-5
-2
10
10
16
17
11
3
5
-6
-12
-8
-12
-9
0
10
21
32
27
20
17
0
-13
-19
-23
-19
-12
1
6
20
31
37
28
19
2
-9
-16
-23
-22
-19
-4
1
18
21
25
18
9
3
-9
-9
-21
-22
-17
-11
-3
6
9
16
25
16
9
8
5
-3
-12
-17
-13
-10
-5
-1
10
13
16
21
20
18
8
2
-5
-10
-11
-14
-13
-3
4
11
16
18
13
8
1
-3
-5
-7
-11
-4
6
10
11
12
12
10
9
2
-2
-5
-5
-2
-1
0
1
-1
-2
-10
-14
-13
-13
-14
-11
-6
3
6
8
7
0
-2
-14
-20
-24
-16
-9
-2
1
6
8
8
9
4
-7
-9
-12
-19
-16
-10
-7
-1
2
3
8
4
7
2
-3
-4
-12
-15
-16
-14
-18
-13
-13
-9
-3
-2
6
-1
-1
-2
-11
-18
-18
-24
-29
-22
-26
-21
-12
-11
1
1
-2
-14
-22
-27
-29
-26
-22
-23
-19
-14
-4
-1
-6
-2
-9
-9
-10
-19
-15
-20
-22
-17
-13
-9
-9
-8
-7
-6
-6
-7
-7
-6
-11
-8
-6
-7
-3
-9
-9
-7
-6
-2
-2
-1
-4
-6
-4
-3
-6
-6
-8
-7
-11
-15
-12
-9
-10
-10
-7
-10
-12
-13
-15
-15
-20
-16
-15
-18
-18
-13
-9
-12
-12
-9
-15
-10
-10
-12
-12
-18
-17
-19
-25
-23
-19
-19
-17
-17
-11
-15
-7
-5
-7
-11
-11
-12
-16
-13
-15
-14
-11
-10
-10
-5
2
-2
-2
-10
-7
-15
-17
-19
-25
-28
-24
-25
-23
-16
-14
-7
-5
-4
-7
-14
-18
-20
-28
-25
-27
-23
-24
-16
-8
0
1
1
4
2
-5
-15
-16
-15
-17
-16
-20
-15
-9
-8
-2
0
-3
1
0
-9
-17
-18
-18
-17
-13
-11
-7
0
5
1
9
4
-7
-13
-16
-16
-22
-17
-8
-6
0
-8
-4
-1
-4
-3
-13
-11
-13
-15
-10
-16
-11
-7
-6
-3
0
1
1
-1
-1
-3
-7
-1
-8
-12
-10
-9
-5
-4
-1
3
2
-3
4
-2
0
0
1
-1
-10
-4
-6
0
-3
-2
0
1
4
4
11
4
5
-2
-8
-1
-4
-6
-3
-4
3
6
4
8
14
9
0
-5
-10
-11
-13
-10
-8
-7
2
10
11
13
11
11
5
2
-2
-5
-7
-8
-6
-2
4
4
4
8
10
2
0
2
-7
-3
-4
-2
0
-4
-5
2
3
-1
7
12
3
2
0
-1
-2
-4
-3
-4
1
-2
6
-1
1
-1
-5
-1
-3
-4
-4
-2
2
-2
2
11
4
1
1
1
2
-7
-4
-3
-5
6
3
6
8
9
4
6
5
-5
-3
-5
-3
-5
-3
4
5
5
12
5
6
5
8
1
-1
-1
-1
-2
0
5
1
1
2
-3
-2
3
4
6
6
2
4
6
-2
6
-3
-4
-2
-4
-2
1
3
0
4
3
5
-3
-3
-5
-5
-8
-11
-5
-11
0
5
10
13
12
14
12
1
-4
-1
-5
-8
-7
-5
-3
10
10
15
18
13
16
8
0
0
-7
-7
-11
-3
-3
3
2
3
11
7
13
4
-4
-1
-5
-7
-7
-3
-4
0
-4
1
8
5
7
5
9
2
-3
-3
-2
-7
-17
-7
-6
-1
1
1
1
1
6
4
3
2
-3
-2
-5
-4
0
-10
-9
-6
0
5
4
9
5
1
5
3
1
-2
-5
-3
-4
-3
3
5
9
8
10
11
12
3
-1
-5
-5
-9
-7
-2
-1
5
5
10
8
16
12
9
2
-2
-2
-5
-14
-13
-5
-4
1
2
8
8
9
10
7
6
2
-10
-11
-10
-10
-2
3
4
10
10
8
10
6
0
3
-4
-4
-1
0
9
-2
5
9
7
10
9
10
6
3
1
2
-3
-1
3
2
2
0
5
4
6
5
0
-1
-3
-1
-5
-6
-2
2
-6
-7
0
-7
-3
1
1
-4
-3
-2
0
0
-1
-2
-5
-4
-9
-5
-7
-5
-7
-1
5
4
7
5
3
9
9
5
-1
1
2
-3
2
1
6
10
10
15
11
16
14
10
6
10
11
6
14
12
14
17
15
17
13
12
11
8
4
6
4
-2
6
9
10
7
10
14
15
11
8
6
3
-1
-4
-3
-2
4
1
1
6
6
4
4
5
4
1
2
4
1
-6
-3
-2
1
-2
-1
-2
-3
-2
2
-1
1
6
3
5
2
1
-1
-3
3
-3
4
1
2
8
10
4
9
5
-2
5
-4
2
2
6
14
14
9
10
8
7
3
-3
-3
-3
-8
-1
0
1
-1
-1
9
7
4
8
7
-2
6
0
0
-2
-5
-3
1
2
1
7
2
12
8
6
10
2
1
-1
-3
-7
0
4
3
3
-1
7
7
8
7
8
2
3
-1
-6
-2
-2
5
3
3
6
6
9
12
4
5
7
9
2
5
5
3
4
4
7
6
6
4
6
8
6
0
1
2
-1
-4
-1
4
4
5
4
1
6
7
11
11
9
4
8
3
1
3
2
3
3
6
5
8
9
9
9
6
4
3
-5
1
-3
-4
0
-5
-3
-1
-4
-4
-1
0
-2
-1
3
5
5
-2
1
4
0
4
6
0
0
0
1
4
2
5
5
1
1
7
0
5
3
-4
-5
-4
4
-1
4
1
3
9
6
4
5
3
6
2
-4
-2
-5
1
2
5
-1
-2
2
4
6
2
-2
-14
-4
-12
-13
-3
-7
-12
-6
-11
-10
-9
-7
-7
-11
-5
-10
-8
-11
-7
-8
-9
-5
-8
-6
-8
-3
1
-1
-2
1
4
0
-6
-11
-9
-8
-9
-6
-4
-4
-3
-6
0
4
3
-2
-1
-3
-5
2
-3
0
-2
0
-4
-6
-11
-11
-3
-2
-3
-3
-1
-2
-5
-6
-7
-6
-8
-10
-13
-6
-5
-6
-9
-4
-9
-16
-11
-14
-14
-11
-8
-13
-10
-10
-7
0
-4
-8
-6
-9
-9
-4
-3
-2
-1
-4
0
4
1
2
5
-5
-2
-2
-3
-5
-6
-3
-2
-1
0
-6
1
5
0
0
-4
1
1
-2
-4
-3
3
2
5
-3
2
-4
0
1
0
0
1
5
4
4
2
8
2
0
-2
1
-3
-3
-5
-7
-2
-5
-6
-2
-8
-8
-1
-1
1
4
8
1
3
0
-4
-1
-3
-3
-9
-6
-1
-3
-5
-4
-4
-1
0
-2
-2
2
1
6
-7
-5
-3
-5
-2
-3
-1
5
4
2
6
4
-4
3
3
1
1
0
-1
0
2
0
4
-2
-1
-4
-7
-2
-5
-4
-3
-1
-3
-1
0
1
4
4
4
1
4
-8
-5
-2
-5
-5
-2
-1
2
5
-3
0
-6
-5
-9
-5
-5
-5
-7
-8
-3
2
1
3
2
1
8
0
-6
-3
-5
-10
-9
-7
-7
-6
-4
-8
-4
-2
-2
1
-5
-10
-11
-11
-10
-6
-12
-10
-10
-11
0
-4
1
1
-1
0
0
-4
-9
-3
-6
-3
-6
-3
2
4
6
-1
3
3
6
-3
0
0
-1
0
3
2
-1
0
-3
-5
-5
0
-2
-8
-7
-3
-2
-5
-8
-16
-12
-5
-5
-8
-9
-8
-9
-6
-8
-6
-7
-7
-8
-7
-7
-4
-10
-7
-11
-9
-7
-12
-6
-7
-10
-6
-7
-11
-6
-5
-6
-6
-7
-1
-3
-11
-13
-12
-7
-9
-8
-8
-4
-1
0
-3
-1
-1
-5
-16
-13
-6
-11
0
-11
-15
-5
-6
-3
-11
-14
-6
-4
-4
-6
-10
-3
-3
-2
-4
1
1
2
-2
-2
-1
-5
-4
-5
1
7
5
1
4
2
-1
0
-3
-2
6
4
4
5
3
6
7
4
6
5
0
2
-1
0
1
1
0
1
9
6
0
1
2
1
2
7
6
8
9
4
9
12
8
7
11
8
10
5
12
5
2
5
3
7
7
5
6
4
2
6
1
2
3
6
-3
6
9
3
7
7
11
7
2
4
2
3
7
-1
-3
-2
0
2
-3
-5
-1
-7
-6
-5
3
1
1
2
-5
1
0
-6
-7
-1
1
-1
-2
-5
3
0
4
2
0
-5
-8
1
-3
1
-2
-2
1
-3
-3
2
-4
-5
-2
-8
-3
-1
-3
-6
-4
-3
-2
1
-9
-3
-4
-4
-5
-8
-4
-5
-3
-7
-3
-3
-7
-3
-1
-1
-3
-5
-5
-6
0
-3
-2
-4
-4
4
-2
-2
0
2
0
-5
-4
-4
0
3
0
0
-2
0
-1
-4
-5
-3
0
-5
-2
-7
-5
-1
1
2
1
2
0
-5
-3
-1
-2
-3
-3
-8
-5
3
0
-1
7
7
0
7
3
1
-2
-4
-4
-2
-3
4
3
0
2
-2
0
2
-1
2
2
2
2
1
-5
-5
-2
-3
-3
2
1
4
-4
1
3
-4
4
-2
-3
0
1
-1
1
-1
0
-1
-6
0
-6
-7
-3
-4
-4
1
1
-1
3
0
1
2
0
-3
-3
-9
-6
0
-8
-6
-2
-3
-3
-1
1
1
-1
-5
0
-2
-4
-4
-6
-3
-5
-7
-4
-4
-11
-7
-4
-7
2
6
5
8
-1
1
7
-3
-2
0
0
3
6
1
0
7
3
2
8
3
3
3
7
11
6
2
9
5
4
8
5
5
5
7
7
9
4
1
4
-2
6
1
3
8
-2
3
9
4
7
6
2
3
2
5
4
8
3
5
8
2
3
6
10
5
-1
2
3
5
2
5
5
4
5
10
8
6
8
10
8
12
7
5
10
6
10
13
12
5
8
9
13
9
10
15
9
12
7
9
15
15
15
11
9
13
16
13
8
8
11
12
7
8
9
5
6
-2
3
3
3
0
2
5
6
7
1
2
-3
1
-1
0
-2
-2
2
-2
0
-6
-4
5
1
0
1
-3
-5
-3
-5
-1
-6
-6
-1
-3
-6
-5
-3
-5
-5
-6
-4
1
1
-2
-6
-5
2
-3
1
0
4
1
4
6
1
1
-4
2
2
3
5
1
-5
-2
-3
0
-6
-3
-1
-5
-2
-2
-3
-3
-5
-7
-7
-2
-1
-5
-4
-5
-6
-7
-4
-9
-5
-3
-5
-2
-1
-5
1
1
-4
-2
-1
-4
1
-6
-7
-6
-10
-5
-9
-12
-4
-2
-5
-3
-3
-3
-6
-9
-7
-3
1
2
0
1
4
-2
0
-3
-5
-5
-3
1
1
-1
0
-1
4
-2
-4
-2
-1
-2
0
4
3
-1
-10
-6
-9
-5
-8
-9
-7
-7
-1
-1
0
-1
4
3
0
2
-3
-3
-2
-2
-2
-3
0
-6
-8
-1
-6
-3
-1
-1
-2
-2
-6
-8
-1
-7
-6
-9
-6
-6
-2
-1
-5
-6
-2
-1
-2
-4
-3
0
-1
1
-2
-1
-4
-2
-2
0
2
0
0
0
2
-1
2
0
3
0
5
7
3
3
0
0
3
3
0
2
3
3
1
3
1
4
2
6
7
8
8
6
4
4
8
5
9
2
6
8
4
2
2
5
7
9
9
11
9
9
1
0
5
10
8
3
5
6
3
4
5
4
6
7
7
4
-2
3
6
5
4
8
13
10
10
8
5
2
5
4
5
0
-1
3
7
4
2
4
4
5
5
6
4
4
3
1
2
0
5
4
5
6
4
6
2
7
5
6
1
7
2
1
4
0
-3
2
3
0
5
3
7
-1
-3
1
3
2
-3
1
5
0
2
4
-1
3
1
3
3
-1
3
6
3
4
8
2
-1
3
-1
3
1
-2
1
2
-1
0
3
-1
-1
0
2
-1
-2
-6
-4
-3
-2
-2
-7
-3
3
4
1
2
-6
-1
1
-4
-3
-2
-3
0
-3
-1
0
2
4
2
0
-6
-6
-3
3
3
-5
-2
0
1
-3
-7
-8
-3
-1
-4
-5
-5
-6
0
-11
-7
1
-2
-3
-3
-3
2
3
0
2
1
-1
1
-1
-4
1
-1
3
1
0
2
-3
-4
0
-6
1
1
0
0
0
3
0
0
0
0
3
2
1
7
1
1
4
0
7
7
4
4
6
0
0
4
2
8
5
3
1
3
1
5
2
2
-4
0
-2
2
1
-1
-2
-9
3
1
-1
4
3
9
2
1
2
1
-2
-1
2
1
-7
-1
5
0
0
-2
2
0
1
-2
2
-2
0
0
-6
2
4
0
7
4
0
-1
0
-4
-6
1
0
-1
-3
-3
-1
-2
-1
0
-2
2
0
2
1
2
1
3
-3
1
5
3
0
-1
2
2
-1
-3
-2
-2
0
0
-2
-4
-1
-2
0
2
2
-2
-4
-1
3
5
4
6
8
11
4
2
8
3
0
0
-2
2
1
-1
0
-3
-5
-1
-6
-4
1
-4
-5
4
2
-5
-5
2
7
0
-6
0
0
-8
-6
1
-1
-3
0
-1
0
1
0
5
-1
-4
4
4
-2
-1
-1
-1
-3
2
-4
-9
-9
-6
-1
2
0
2
5
3
1
4
7
3
-2
3
6
2
3
-1
3
1
1
0
-3
-1
7
5
4
0
5
3
1
4
0
7
6
0
3
2
1
3
1
2
5
8
0
-1
1
3
0
4
3
5
8
6
2
8
6
2
5
0
4
7
10
-1
-2
0
-5
-5
-4
0
3
-3
-5
0
4
1
1
2
7
3
1
-2
0
4
6
6
5
3
5
3
3
1
9
6
2
9
8
10
11
12
9
11
6
12
11
7
7
6
10
10
6
11
9
10
14
7
6
6
7
6
4
4
7
7
9
8
3
3
9
9
9
9
7
8
11
12
6
12
8
4
9
10
4
6
7
8
1
-1
0
-4
8
5
6
1
8
10
6
4
4
10
7
9
3
4
1
4
1
-3
3
6
2
2
-1
0
3
-2
-3
-2
-1
-3
-6
-1
-1
-1
-4
-5
-7
0
4
-1
5
-2
1
-1
-1
-2
-2
3
2
1
3
5
-1
5
5
5
6
11
4
5
5
1
7
0
4
3
2
2
2
0
-3
-4
-3
-6
-1
-4
-1
-1
0
4
-1
-2
-3
0
2
1
-9
-4
2
-3
-1
-4
-7
-4
-5
-1
-2
-8
-4
-2
-6
-6
-4
-1
5
-4
-3
1
-3
-5
-2
3
-5
-3
-5
-6
0
-1
-1
0
3
-6
-2
-3
-8
0
-1
-2
1
0
3
1
7
5
-1
2
-4
-3
-5
-7
-2
-1
1
-4
-8
-7
-8
-2
-1
-2
-8
-5
-4
-3
-5
-4
-4
-1
0
1
-2
-7
0
-2
-1
-6
-5
-1
-4
0
-2
1
5
4
8
9
2
1
0
3
1
1
2
2
5
4
4
3
1
4
-1
4
6
-1
5
5
7
5
-2
6
1
4
4
2
1
1
1
3
-2
0
2
0
-2
4
7
0
1
0
5
5
9
12
10
6
1
0
2
2
-1
-3
0
-2
-4
-9
-2
-5
-1
4
-3
-5
1
4
-1
0
-2
2
-1
0
1
0
-4
-5
-2
-7
-4
-5
-2
-3
-5
-2
-4
-3
1
-4
-4
-4
0
-1
-6
1
-1
-3
-4
-5
-1
-4
1
-2
-4
5
3
0
-1
1
-3
1
2
-2
-6
-4
2
1
-3
-8
-5
-5
-4
-3
2
0
1
0
-1
2
1
-1
-7
0
1
-2
0
-8
-8
-9
-7
-9
-7
-9
-7
-3
1
0
1
2
-2
0
-1
-2
-1
-1
-5
-3
2
-5
-12
-4
-6
-3
-8
-5
-4
-6
-7
-6
-6
-7
-6
-5
-3
-3
-5
-8
-7
-10
-6
-4
-9
-7
-4
-3
-7
-6
-6
-8
-4
-8
-15
-9
-11
-16
-9
-9
-11
-11
-8
-8
-7
-6
-13
-13
-9
-9
-9
-7
-5
-13
-12
-8
-8
-8
-15
-15
-10
-13
-16
-21
-20
-14
-16
-11
-15
-18
-20
-20
-13
-16
-18
-21
-18
-17
-14
-12
-18
-18
-17
-17
-17
-19
-16
-17
-16
-18
-17
-21
-17
-20
-14
-12
-18
-16
-16
-15
-20
-18
-16
-19
-10
-12
-13
-11
-12
-13
-18
-14
-18
-17
-17
-15
-10
-13
-14
-15
-12
-12
-13
-14
-9
-10
-10
-10
-11
-14
-13
-6
-10
-15
-11
-11
-9
-12
-15
-12
-12
-18
-12
-16
-16
-18
-15
-10
-16
-13
-16
-14
-19
-19
-17
-17
-14
-13
-17
-15
-12
-19
-16
-14
-9
-18
-15
-13
-15
-14
-18
-18
-21
-13
-16
-19
-15
-10
-14
-13
-12
-13
-18
-15
-17
-17
-16
-21
-18
-16
-17
-8
-13
-20
-17
-22
-21
-19
-20
-23
-22
-26
-22
-27
-24
-25
-24
-19
-27
-26
-21
-20
-28
-27
-29
-24
-28
-26
-27
-23
-21
-23
-20
-25
-22
-21
-16
-21
-22
-23
-18
-20
-20
-16
-17
-19
-17
-18
-17
-19
-20
-20
-21
-22
-17
-14
-14
-17
-22
-20
-16
-13
-14
-12
-19
-15
-18
-14
-15
-16
-12
-11
-13
-12
-16
-14
-14
-12
-17
-13
-10
-10
-11
-15
-7
-11
-14
-12
-8
-9
-9
-17
-12
-10
-7
-5
-10
-9
-11
-7
-9
-11
-7
-5
-9
-10
-11
-4
-8
-9
-10
-9
-11
-15
-11
-13
-10
-11
-9
-15
-9
-7
-9
-6
-11
-10
-10
-10
-13
-16
-14
-13
-13
-11
-13
-10
-11
-12
-6
-10
-6
-4
-16
-15
-14
-8
-4
-6
-4
-4
-8
-8
-8
-6
-6
-8
-8
-13
-8
-12
-9
-14
-11
-7
-7
-11
-15
-6
-9
-9
-9
-11
-14
-6
-9
-11
-12
-9
-13
-14
-9
-13
-11
-12
-5
-4
-4
-10
-9
-8
-8
-15
-8
-8
-9
-9
-12
-7
-12
-10
-11
-12
-11
-10
-13
-18
-12
-12
-10
-8
-9
-6
-1
-7
-6
-7
-8
-3
-3
-5
-5
-6
3
-7
2
2
-1
6
-1
-3
-3
4
-3
0
0
-4
-6
1
1
0
3
9
8
4
6
0
5
0
3
13
8
7
0
3
3
1
0
1
2
6
2
0
-7
-7
0
-2
-4
-3
-2
-4
-5
0
-2
0
6
3
5
5
4
9
2
-4
1
-1
1
5
-1
6
1
1
5
-4
-2
-4
-1
3
-2
1
-1
1
3
-2
1
0
1
0
0
3
1
6
5
0
1
1
6
-1
-3
-4
-3
-1
0
-5
-10
-7
-6
-11
-7
0
-4
-9
-10
-6
-7
-3
-7
-8
-3
-2
1
-5
-6
-2
-6
-3
-3
-3
-4
-2
-2
-2
-2
-3
-4
-3
0
-5
-7
-6
-6
-4
-3
-4
-3
-2
-1
-2
-7
-2
-1
-1
-1
-7
6
3
4
0
1
8
3
3
-2
-1
1
2
2
5
-5
-3
-4
-3
1
-1
0
1
1
0
-2
0
-2
-2
-2
2
3
5
6
5
1
-2
1
-2
2
1
-2
2
-2
-8
-3
-4
-6
-8
-8
-8
-6
-8
-8
-3
-4
-6
-3
-4
-4
-4
-4
-3
-1
0
0
-3
0
0
0
4
2
2
-6
-1
-1
1
1
-2
1
5
5
3
2
4
9
4
6
6
3
3
4
8
7
3
6
1
2
3
4
2
-2
0
0
2
-1
0
0
-1
1
1
5
4
2
-1
3
2
1
1
0
4
1
6
4
-2
-1
0
2
3
1
1
4
6
10
8
8
5
1
6
7
2
6
3
0
6
4
6
7
11
8
3
4
11
6
8
8
5
8
8
5
8
8
6
9
10
14
12
6
9
5
6
3
3
-2
-1
4
0
9
2
1
-2
6
5
4
3
-1
3
0
0
3
5
3
4
3
-1
-2
2
2
-2
-3
-5
-7
-6
-2
-2
-2
3
-3
-1
-1
0
0
0
9
4
5
4
7
7
4
6
10
6
5
9
2
3
4
2
4
1
0
1
7
5
-3
4
-1
7
11
4
3
1
4
1
0
-2
4
-1
-7
-6
0
-4
-1
-2
-1
1
2
4
4
11
2
5
6
6
2
7
6
7
5
5
4
4
7
6
9
6
6
7
10
7
12
10
10
10
6
4
5
0
1
3
5
2
-2
1
4
8
10
14
8
2
3
1
0
6
-3
2
4
4
-1
-2
1
5
2
-4
6
1
3
3
1
-1
0
-1
3
1
-3
-4
-5
-2
1
4
2
-1
4
5
7
8
3
7
4
6
3
7
7
3
3
2
7
9
13
9
9
8
5
0
8
7
6
10
8
8
10
9
3
5
6
4
9
6
6
8
5
3
8
6
7
4
2
2
1
4
4
4
-1
1
2
3
2
8
6
6
7
13
4
8
7
6
9
0
6
6
6
7
9
2
0
7
5
0
4
3
6
8
3
5
5
0
1
9
9
6
7
7
2
0
7
5
4
1
6
-1
4
7
1
8
4
4
-1
5
-2
-4
-1
1
1
0
-3
2
1
6
8
5
11
4
6
3
4
2
-2
-1
6
-2
3
4
6
4
-1
1
4
5
9
6
1
2
4
5
5
8
3
4
4
1
3
1
2
5
6
2
0
1
5
2
2
2
-1
2
1
2
5
5
1
2
-3
2
1
1
1
1
7
2
-3
3
5
2
2
4
3
1
2
8
0
4
5
3
6
2
4
6
3
2
0
1
3
2
3
1
2
-3
-5
-3
4
7
8
4
4
4
6
6
0
4
2
3
-1
-2
3
4
9
9
7
5
12
7
6
5
3
7
3
2
9
4
2
10
6
2
7
13
8
6
6
13
7
1
5
3
8
8
4
3
3
6
5
2
4
8
1
5
5
5
5
2
2
6
7
4
10
4
8
8
0
0
4
1
0
5
2
8
8
2
3
5
3
6
3
11
6
4
4
8
11
8
2
5
5
-2
4
2
1
6
8
5
9
2
7
7
6
8
7
14
14
7
4
6
8
3
3
5
2
4
6
7
8
6
6
4
9
9
2
9
7
5
4
6
2
2
8
6
8
6
5
6
7
0
2
6
8
8
4
3
4
2
4
2
3
6
12
13
6
9
9
9
11
21
11
7
9
8
10
6
13
10
12
17
15
9
8
10
9
11
11
8
14
13
10
7
8
6
9
9
4
7
8
4
0
6
0
4
9
8
6
-1
0
1
-1
0
0
-4
-4
4
3
4
1
-1
1
3
4
6
8
8
7
5
3
1
0
1
7
9
10
8
5
5
7
8
6
3
7
12
10
11
8
5
13
9
2
5
11
9
11
7
6
8
8
3
3
8
10
-1
1
11
7
14
9
6
0
7
5
7
9
7
14
9
9
4
5
4
4
2
7
11
5
9
10
3
8
-1
0
7
13
9
12
15
11
13
10
10
13
12
12
13
12
14
13
14
10
3
4
9
14
14
12
8
7
10
7
13
14
14
14
15
15
15
13
12
13
9
12
11
7
5
3
5
1
7
6
5
5
4
9
-1
3
7
5
5
7
7
5
3
3
7
8
5
8
9
8
12
8
7
8
6
10
15
16
19
18
15
15
13
12
19
11
16
19
13
13
16
10
13
13
5
7
12
16
11
6
1
12
10
14
14
14
19
17
12
10
16
5
5
5
4
15
5
1
4
2
6
4
8
5
2
2
1
-1
6
8
3
6
3
12
10
9
9
10
12
11
12
4
10
10
10
7
5
5
3
6
9
10
2
11
1
1
5
9
7
7
11
10
10
3
11
9
6
11
11
6
11
-1
3
-1
-5
4
-4
0
-5
-7
-4
-3
-1
5
1
5
0
6
8
2
4
7
8
6
5
-3
2
0
1
3
2
-2
1
6
5
2
6
7
7
13
12
15
10
12
9
3
8
9
5
2
4
3
1
-3
2
-4
-7
-1
-3
-6
-8
-17
-29
-20
-15
-34
-38
-25
-19
-31
-10
15
2
8
32
44
18
39
60
30
20
36
15
-9
0
2
-33
-39
-16
-34
-36
-12
-2
-6
8
35
30
35
57
47
38
48
41
15
7
-4
-26
-40
-40
-57
-71
-61
-53
-56
-46
-20
-8
-1
21
40
40
44
61
61
50
60
52
34
28
25
11
5
6
4
-6
-3
-1
-12
-14
-7
-12
-14
-13
-26
-41
-33
-37
-53
-53
-40
-41
-35
-12
-1
9
26
46
61
70
83
83
77
71
61
39
21
3
-9
-33
-47
-44
-49
-46
-33
-19
-7
15
31
51
64
73
76
74
69
50
25
12
-15
-49
-72
-89
-101
-105
-104
-95
-77
-58
-28
-8
19
55
77
95
114
109
119
118
96
83
72
49
28
25
13
-6
-11
3
-6
-17
4
8
-13
-17
-1
-25
-51
-54
-68
-105
-122
-114
-133
-145
-125
-110
-99
-69
-32
0
35
82
112
133
149
163
150
140
124
87
47
18
-25
-67
-81
-96
-118
-110
-74
-59
-39
12
61
77
111
154
143
128
131
112
61
21
-9
-68
-115
-137
-166
-193
-190
-173
-168
-144
-95
-70
-30
23
60
85
132
164
153
174
199
174
147
168
164
91
77
96
42
-15
12
16
-49
-42
-3
-40
-83
-32
-20
-90
-94
-50
-87
-135
-110
-100
-148
-143
-86
-86
-94
-35
13
25
52
94
100
91
108
103
71
37
14
-18
-44
-56
-85
-101
-76
-62
-60
-27
5
12
28
85
94
68
79
109
92
59
85
91
51
63
113
102
68
92
118
82
56
77
47
-15
-9
-6
-66
-107
-90
-87
-119
-108
-77
-90
-85
-35
-7
-26
-25
4
20
10
5
5
-13
-19
3
14
10
10
37
78
101
107
103
122
143
139
128
118
99
60
65
90
48
-11
5
66
51
15
44
52
-6
-32
-4
-85
-311
-418
-435
-674
-1022
-1170
-1298
-1667
-1897
-1825
-1943
-2209
-2008
-1520
-1378
-1159
-337
406
772
1553
2676
3119
3261
4011
4604
4225
3869
4063
3582
2435
1986
1775
592
-532
-509
-732
-1795
-2032
-1495
-1790
-2272
-1632
-1125
-1671
-1727
-978
-1017
-1619
-1445
-1148
-1635
-1908
-1477
-1412
-1743
-1485
-834
-557
-331
307
930
1321
1785
2325
2663
2731
2753
2780
2676
2257
1682
1269
832
151
-455
-760
-1217
-1799
-1913
-1782
-2069
-2326
-2048
-1874
-2116
-2082
-1833
-2092
-2411
-2252
-2242
-2633
-2703
-2447
-2358
-2132
-1492
-842
-192
830
2000
3031
4095
5129
5842
6439
6982
6996
6538
6119
5514
4379
3242
2355
1148
-225
-979
-1457
-2339
-2993
-2928
-2941
-3277
-3103
-2617
-2716
-2887
-2449
-2197
-2584
-2714
-2461
-2632
-2961
-2778
-2594
-2783
-2660
-2038
-1614
-1344
-723
41
587
1131
1765
2151
2284
2390
2369
2095
1667
1081
449
16
-370
-876
-1024
-674
-414
-36
1075
2118
2481
3274
4583
4837
4351
4633
4645
3221
2116
1937
604
-1437
-1911
-2002
-3436
-4215
-3414
-3324
-3882
-2931
-1596
-1646
-1428
-31
584
198
532
1049
468
-177
-101
-505
-1542
-1984
-1990
-2404
-2741
-2522
-2276
-2117
-1601
-930
-494
-90
365
642
757
774
508
91
-115
-303
-669
-742
-359
-18
425
1528
2720
3341
4168
5499
6194
6070
6267
6471
5559
4360
3841
2812
771
-582
-1113
-2463
-4001
-4188
-4218
-5010
-4974
-3935
-3685
-3774
-2782
-1821
-1879
-1716
-1048
-1144
-1661
-1600
-1635
-2292
-2658
-2517
-2617
-2708
-2316
-1854
-1475
-780
23
593
1155
1742
2072
2193
2325
2307
2047
1838
1910
2020
1997
2276
3017
3526
3744
4462
5295
5211
4927
5313
5141
3845
3043
2784
1340
-525
-1112
-1764
-3590
-4619
-4389
-4964
-5868
-5314
-4524
-4725
-4361
-3059
-2494
-2433
-1664
-945
-1026
-1001
-675
-816
-1163
-1180
-1248
-1476
-1469
-1348
-1266
-961
-536
-253
135
651
918
1022
1212
1231
1046
955
910
870
1030
1359
1780
2521
3381
3921
4540
5485
5952
5720
5758
5857
4969
3782
3284
2345
438
-804
-1254
-2571
-4118
-4339
-4389
-5232
-5366
-4497
-4245
-4403
-3610
-2604
-2498
-2431
-1779
-1469
-1771
-1800
-1570
-1800
-2224
-2161
-1922
-2009
-2032
-1564
-1050
-772
-305
374
756
941
1289
1476
1295
1138
1092
926
878
1149
1462
1882
2773
3824
4529
5240
6258
6940
6912
6854
6898
6168
4844
3949
3023
1148
-672
-1529
-2641
-4346
-5180
-5194
-5746
-6216
-5560
-4872
-4875
-4424
-3285
-2714
-2691
-2227
-1661
-1762
-1993
-1788
-1795
-2282
-2435
-2105
-2063
-2205
-1784
-1108
-794
-358
460
956
1116
1527
1807
1575
1385
1370
1097
910
1191
1456
1731
2617
3763
4461
5189
6360
7206
7279
7320
7493
6931
5673
4640
3698
1891
-223
-1457
-2517
-4318
-5735
-5931
-6196
-6926
-6712
-5685
-5398
-5332
-4126
-2916
-2965
-2844
-1791
-1514
-2182
-2009
-1504
-2184
-2735
-2043
-1834
-2486
-2078
-1007
-900
-764
352
984
853
1340
1954
1631
1313
1550
1432
1138
1483
1924
2144
3027
4276
4908
5526
6761
7558
7436
7481
7698
6904
5526
4733
3739
1605
-329
-1218
-2611
-4637
-5546
-5703
-6587
-7143
-6374
-5864
-6114
-5399
-4002
-3669
-3652
-2715
-2083
-2467
-2367
-1766
-2104
-2726
-2318
-1923
-2355
-2294
-1463
-1128
-1018
-170
600
663
989
1657
1644
1318
1454
1455
1090
1245
1781
1991
2484
3791
4954
5558
6542
7833
8342
8253
8407
8285
7171
5821
4877
3415
1156
-645
-1815
-3477
-5256
-6015
-6447
-7259
-7403
-6680
-6384
-6332
-5397
-4309
-4049
-3741
-2901
-2584
-2814
-2557
-2218
-2596
-2859
-2429
-2215
-2386
-2017
-1295
-941
-504
347
917
1132
1614
2026
1877
1725
1761
1505
1236
1483
1790
1960
2720
4057
5088
5863
7051
8298
8832
8938
9116
8835
7700
6404
5299
3577
1206
-682
-2101
-3968
-5763
-6617
-7259
-8052
-8043
-7374
-7132
-6875
-5789
-4741
-4367
-3831
-3009
-2753
-2811
-2492
-2303
-2666
-2821
-2489
-2364
-2413
-2032
-1441
-1040
-483
310
862
1200
1689
2046
2001
1871
1776
1518
1299
1408
1607
1846
2528
3732
4860
5740
6821
8080
8833
8968
9090
8989
7975
6584
5515
3962
1544
-493
-1871
-3714
-5657
-6600
-7231
-8137
-8282
-7615
-7354
-7164
-6107
-5027
-4604
-3999
-3131
-2844
-2821
-2442
-2275
-2607
-2701
-2452
-2440
-2445
-2060
-1599
-1226
-601
119
614
1071
1569
1835
1838
1789
1664
1404
1269
1396
1606
1954
2726
3947
5196
6221
7363
8685
9581
9814
9925
9840
8911
7508
6319
4746
2330
129
-1411
-3253
-5286
-6458
-7173
-8090
-8421
-7934
-7668
-7566
-6734
-5714
-5272
-4803
-4011
-3654
-3651
-3332
-3063
-3282
-3390
-3074
-2868
-2801
-2387
-1741
-1210
-571
245
915
1411
1920
2285
2343
2222
2078
1854
1635
1630
1813
2118
2741
3878
5152
6181
7263
8581
9595
9940
10056
10027
9247
7863
6581
5061
2720
309
-1444
-3247
-5357
-6814
-7598
-8448
-8908
-8516
-8073
-7847
-7088
-5986
-5295
-4729
-3947
-3460
-3334
-3052
-2807
-2978
-3126
-2966
-2839
-2772
-2458
-1975
-1471
-835
-93
539
1071
1574
1917
2028
1970
1779
1538
1332
1266
1405
1720
2280
3289
4662
5877
6948
8300
9604
10182
10365
10560
10098
8770
7484
6206
4005
1445
-406
-2175
-4432
-6179
-7105
-8119
-8938
-8778
-8382
-8302
-7738
-6639
-5889
-5352
-4545
-3958
-3810
-3545
-3227
-3340
-3545
-3404
-3253
-3194
-2891
-2416
-1903
-1206
-388
313
961
1598
2058
2297
2371
2224
1964
1783
1670
1669
1897
2359
3151
4403
5707
6749
7946
9352
10196
10413
10642
10481
9367
8017
6862
4967
2345
261
-1440
-3649
-5716
-6874
-7881
-8915
-9078
-8671
-8566
-8223
-7172
-6237
-5674
-4880
-4090
-3812
-3556
-3094
-3039
-3288
-3200
-2964
-2948
-2776
-2325
-1906
-1372
-579
146
701
1322
1900
2210
2342
2344
2159
1957
1874
1858
1969
2329
2964
3978
5249
6344
7353
8632
9765
10176
10308
10390
9736
8411
7221
5792
3447
1048
-692
-2613
-4878
-6454
-7439
-8520
-9165
-8944
-8687
-8559
-7840
-6781
-6080
-5451
-4633
-4116
-3873
-3471
-3203
-3334
-3373
-3166
-3041
-2922
-2589
-2178
-1689
-969
-240
347
971
1573
1948
2182
2280
2115
1878
1783
1728
1734
2002
2518
3318
4548
5828
6844
7988
9345
10147
10308
10464
10260
9151
7840
6658
4749
2224
219
-1483
-3672
-5666
-6819
-7837
-8840
-9006
-8650
-8587
-8270
-7272
-6382
-5863
-5131
-4370
-4080
-3808
-3359
-3280
-3473
-3355
-3099
-3058
-2877
-2412
-1978
-1459
-670
74
635
1239
1830
2173
2311
2322
2169
1965
1838
1834
1978
2290
2900
3932
5211
6312
7349
8663
9808
10239
10392
10497
9885
8615
7432
6045
3789
1440
-304
-2203
-4461
-6062
-7060
-8201
-8923
-8747
-8553
-8540
-7881
-6845
-6241
-5690
-4848
-4306
-4099
-3674
-3319
-3424
-3459
-3173
-3028
-2965
-2600
-2131
-1730
-1091
-280
321
828
1441
1920
2106
2177
2141
1964
1795
1788
1948
2219
2697
3577
4874
6122
7135
8336
9659
10374
10519
10690
10448
9284
7945
6765
4866
2349
338
-1384
-3595
-5550
-6671
-7743
-8766
-8884
-8574
-8602
-8284
-7283
-6521
-6096
-5346
-4622
-4400
-4128
-3637
-3568
-3743
-3534
-3246
-3179
-2918
-2378
-1923
-1388
-515
263
784
1393
2000
2279
2358
2356
2131
1817
1666
1651
1725
2021
2650
3709
5030
6194
7293
8656
9851
10300
10489
10657
10040
8668
7470
6123
3808
1349
-424
-2341
-4660
-6292
-7281
-8435
-9180
-8991
-8775
-8745
-8066
-7015
-6395
-5828
-4957
-4393
-4190
-3759
-3402
-3513
-3545
-3285
-3153
-3069
-2690
-2243
-1809
-1080
-265
337
961
1654
2089
2322
2493
2403
2153
2037
2013
2034
2267
2749
3548
4769
5988
6951
8124
9461
10131
10253
10512
10326
9131
7844
6804
4895
2335
429
-1240
-3549
-5553
-6620
-7755
-8880
-8992
-8699
-8828
-8502
-7433
-6702
-6273
-5414
-4631
-4412
-4052
-3460
-3385
-3535
-3238
-2934
-2918
-2640
-2108
-1737
-1239
-403
248
682
1321
1878
2092
2235
2329
2152
1949
1969
2084
2272
2677
3424
4583
5854
6863
7947
9279
10197
10403
10583
10607
9678
8306
7248
5696
3195
1012
-608
-2739
-4989
-6312
-7359
-8633
-9108
-8824
-8868
-8829
-7949
-7053
-6627
-5930
-5037
-4680
-4435
-3838
-3543
-3691
-3545
-3154
-3055
-2885
-2361
-1902
-1476
-698
96
610
1215
1863
2193
2350
2484
2355
2076
1976
1970
2024
2290
2836
3744
4978
6096
7068
8322
9538
10003
10131
10376
9957
8667
7522
6380
4210
1743
38
-1776
-4182
-5955
-6938
-8184
-9157
-9072
-8893
-9028
-8467
-7390
-6796
-6275
-5324
-4645
-4425
-3951
-3426
-3455
-3513
-3147
-2926
-2910
-2557
-2037
-1675
-1099
-276
316
819
1504
2015
2225
2416
2496
2339
2210
2292
2434
2636
3078
3929
5096
6145
7042
8187
9372
9924
10052
10260
10015
8892
7711
6673
4806
2377
543
-1114
-3390
-5344
-6423
-7582
-8731
-8887
-8668
-8842
-8545
-7530
-6847
-6436
-5567
-4762
-4531
-4161
-3546
-3436
-3585
-3286
-2931
-2932
-2700
-2130
-1729
-1299
-499
211
669
1279
1890
2153
2288
2412
2323
2139
2136
2291
2485
2831
3583
4737
5859
6773
7882
9163
9916
10111
10358
10333
9388
8128
7114
5500
3060
1007
-608
-2802
-4988
-6222
-7321
-8639
-9079
-8842
-8999
-8945
-8025
-7190
-6826
-6051
-5080
-4730
-4456
-3787
-3486
-3674
-3484
-3064
-3037
-2937
-2386
-1926
-1557
-783
42
555
1181
1928
2325
2511
2714
2710
2494
2434
2539
2645
2861
3446
4434
5496
6359
7333
8557
9420
9690
9909
10031
9325
8120
7163
5830
3538
1378
-158
-2172
-4476
-5887
-6914
-8307
-9022
-8809
-8905
-9083
-8311
-7349
-6959
-6304
-5280
-4776
-4538
-3876
-3421
-3554
-3455
-3012
-2903
-2843
-2368
-1918
-1603
-919
-98
392
927
1651
2079
2263
2496
2542
2359
2335
2484
2633
2896
3442
4373
5508
6441
7320
8487
9488
9796
9927
10129
9590
8348
7344
6192
4030
1732
173
-1653
-4025
-5628
-6595
-7966
-8923
-8781
-8760
-9060
-8490
-7456
-6996
-6472
-5475
-4868
-4640
-4053
-3508
-3574
-3576
-3168
-2991
-2984
-2589
-2115
-1819
-1200
-338
225
758
1523
2048
2278
2559
2667
2482
2419
2538
2651
2859
3346
4153
5241
6247
7097
8185
9308
9801
9922
10185
9914
8774
7670
6677
4768
2345
623
-1032
-3378
-5281
-6296
-7547
-8764
-8886
-8758
-9085
-8795
-7808
-7240
-6836
-5900
-5148
-4884
-4364
-3708
-3626
-3651
-3250
-2977
-2962
-2648
-2167
-1894
-1373
-548
13
487
1255
1829
2050
2362
2583
2420
2333
2518
2670
2863
3349
4165
5233
6289
7188
8229
9353
9927
10019
10202
10020
8940
7716
6707
4956
2519
667
-919
-3183
-5216
-6287
-7435
-8713
-8965
-8776
-9071
-8891
-7915
-7284
-6953
-6079
-5260
-5030
-4600
-3931
-3797
-3896
-3515
-3159
-3150
-2868
-2306
-1973
-1500
-647
-23
422
1166
1833
2046
2289
2555
2443
2280
2427
2621
2781
3216
4028
5129
6242
7184
8246
9457
10166
10294
10484
10415
9422
8134
7115
5466
2999
987
-608
-2826
-5018
-6230
-7335
-8665
-9090
-8895
-9131
-9072
-8126
-7397
-7099
-6292
-5368
-5085
-4755
-4067
-3838
-3969
-3656
-3226
-3183
-2980
-2402
-1973
-1521
-699
40
528
1221
1956
2286
2495
2720
2667
2485
2485
2586
2712
3021
3662
4692
5864
6807
7816
9116
10083
10312
10499
10656
9882
8549
7539
6131
3683
1421
-160
-2246
-4627
-6058
-7086
-8455
-9146
-8957
-9072
-9197
-8396
-7490
-7158
-6497
-5491
-5061
-4825
-4159
-3781
-3938
-3757
-3303
-3216
-3113
-2584
-2121
-1752
-993
-209
283
908
1664
2081
2294
2542
2557
2375
2364
2471
2566
2841
3433
4374
5538
6589
7533
8725
9859
10262
10390
10627
10160
8868
7776
6630
4412
1946
246
-1642
-4107
-5884
-6932
-8290
-9309
-9296
-9276
-9496
-8949
-7956
-7450
-6896
-5880
-5230
-4977
-4372
-3820
-3854
-3793
-3342
-3140
-3084
-2638
-2134
-1784
-1125
-296
228
772
1510
1983
2210
2447
2502
2339
2299
2407
2519
2788
3337
4195
5376
6522
7438
8559
9790
10385
10479
10714
10509
9316
8084
7091
5173
2592
718
-970
-3368
-5398
-6503
-7751
-8998
-9204
-9069
-9328
-9069
-8131
-7513
-7069
-6158
-5392
-5109
-4611
-3965
-3872
-3874
-3456
-3162
-3111
-2698
-2157
-1847
-1256
-395
161
657
1405
1941
2147
2390
2498
2295
2166
2213
2256
2441
2899
3634
4754
6009
7012
8079
9425
10330
10539
10772
10839
9915
8574
7567
5948
3361
1187
-459
-2744
-5072
-6370
-7528
-8910
-9389
-9201
-9385
-9335
-8456
-7688
-7262
-6443
-5562
-5217
-4821
-4165
-3957
-4047
-3765
-3441
-3411
-3128
-2588
-2250
-1756
-862
-186
308
1105
1809
2093
2388
2647
2495
2316
2368
2377
2438
2842
3498
4425
5697
6861
7844
9094
10292
10732
10845
11061
10567
9238
8078
6810
4475
1953
208
-1802
-4333
-6071
-7154
-8543
-9484
-9427
-9445
-9619
-9010
-8077
-7567
-6939
-5979
-5408
-5088
-4463
-4006
-4055
-3911
-3489
-3332
-3176
-2651
-2167
-1754
-959
-119
403
1057
1849
2278
2506
2785
2789
2561
2512
2514
2519
2781
3300
4062
5238
6441
7394
8542
9856
10538
10660
10910
10756
9595
8310
7236
5281
2644
673
-1065
-3536
-5654
-6784
-8012
-9254
-9460
-9272
-9490
-9204
-8214
-7542
-7099
-6223
-5421
-5114
-4674
-4068
-3927
-3961
-3603
-3240
-3134
-2793
-2195
-1729
-1133
-254
451
1001
1717
2323
2604
2789
2844
2683
2518
2412
2357
2529
2892
3455
4513
5809
6799
7854
9291
10323
10593
10874
11067
10256
8897
7847
6316
3762
1453
-243
-2485
-4928
-6380
-7498
-8901
-9540
-9368
-9471
-9459
-8622
-7766
-7300
-6531
-5628
-5179
-4805
-4193
-3910
-3974
-3760
-3424
-3359
-3161
-2650
-2250
-1786
-939
-183
319
1053
1823
2177
2426
2681
2611
2432
2421
2392
2457
2799
3301
4135
5403
6518
7412
8700
9987
10462
10607
10956
10592
9282
8141
7014
4803
2233
477
-1432
-4009
-5861
-6911
-8327
-9431
-9394
-9340
-9580
-9023
-7996
-7480
-6915
-5885
-5231
-4962
-4361
-3804
-3818
-3763
-3316
-3132
-3095
-2617
-2101
-1792
-1095
-192
327
867
1705
2219
2383
2655
2764
2538
2439
2496
2520
2712
3181
3912
5027
6258
7223
8308
9669
10527
10708
10962
10988
9997
8655
7638
5939
3286
1159
-498
-2885
-5192
-6424
-7621
-9038
-9425
-9188
-9415
-9306
-8329
-7574
-7192
-6324
-5414
-5128
-4755
-4062
-3854
-3971
-3642
-3262
-3240
-2945
-2332
-1950
-1447
-506
239
726
1511
2227
2493
2730
2936
2754
2526
2536
2522
2568
2920
3521
4462
5736
6849
7821
9136
10355
10767
10930
11185
10614
9213
8085
6779
4325
1782
46
-2045
-4635
-6313
-7400
-8883
-9811
-9668
-9699
-9895
-9191
-8187
-7730
-7084
-6010
-5428
-5183
-4534
-4003
-4057
-3957
-3496
-3325
-3226
-2714
-2174
-1781
-1062
-185
393
990
1741
2215
2417
2618
2615
2400
2300
2323
2403
2656
3150
4012
5263
6427
7400
8626
9933
10554
10738
11027
10751
9535
8311
7181
5098
2484
536
-1343
-3841
-5858
-7028
-8376
-9568
-9697
-9579
-9803
-9401
-8385
-7773
-7247
-6238
-5471
-5210
-4678
-4054
-3990
-4003
-3590
-3308
-3240
-2794
-2172
-1769
-1127
-162
509
1057
1859
2453
2646
2867
2973
2699
2472
2473
2443
2506
2921
3617
4651
5884
6941
8020
9358
10346
10651
10898
10986
10147
8822
7763
6159
3583
1309
-410
-2708
-5128
-6550
-7723
-9147
-9744
-9555
-9678
-9655
-8764
-7895
-7444
-6648
-5661
-5234
-4896
-4234
-3892
-3958
-3749
-3329
-3205
-2986
-2412
-1907
-1430
-624
193
757
1422
2117
2480
2681
2846
2759
2561
2495
2501
2608
2932
3494
4445
5701
6776
7771
9063
10202
10633
10825
11024
10460
9161
8032
6720
4394
1923
145
-1873
-4364
-6105
-7227
-8621
-9561
-9498
-9484
-9637
-9002
-8032
-7501
-6852
-5861
-5280
-4974
-4350
-3863
-3869
-3755
-3337
-3140
-2984
-2458
-1929
-1516
-765
107
662
1266
2022
2441
2627
2851
2831
2560
2461
2459
2448
2681
3201
3967
5127
6407
7415
8547
9910
10718
10904
11150
11065
10000
8685
7603
5731
3062
965
-792
-3232
-5492
-6741
-7973
-9302
-9590
-9348
-9513
-9274
-8246
-7451
-6962
-6059
-5228
-4916
-4481
-3865
-3748
-3834
-3519
-3219
-3148
-2772
-2169
-1757
-1136
-188
526
1081
1887
2518
2754
3022
3182
2928
2716
2737
2634
2653
3071
3680
4568
5852
6991
7957
9259
10456
10852
10996
11230
10666
9309
8183
6850
4394
1870
139
-1952
-4561
-6261
-7345
-8804
-9711
-9567
-9574
-9739
-9022
-7998
-7511
-6838
-5810
-5265
-4974
-4330
-3909
-4022
-3900
-3512
-3426
-3312
-2769
-2305
-1925
-1125
-257
269
939
1746
2133
2356
2658
2611
2316
2273
2244
2128
2372
2926
3620
4750
6057
7083
8201
9597
10418
10588
10850
10796
9720
8408
7338
5434
2752
696
-1056
-3547
-5776
-6975
-8231
-9556
-9835
-9637
-9850
-9610
-8601
-7875
-7405
-6496
-5668
-5357
-4932
-4343
-4220
-4302
-4019
-3734
-3678
-3345
-2755
-2307
-1708
-795
-40
569
1347
1972
2283
2555
2662
2437
2243
2167
2010
2037
2412
2963
3855
5164
6355
7413
8782
10070
10631
10893
11185
10748
9516
8398
7065
4730
2210
339
-1776
-4339
-6169
-7371
-8796
-9785
-9784
-9776
-9898
-9299
-8299
-7711
-7067
-6056
-5377
-5080
-4532
-4013
-4010
-3980
-3610
-3398
-3306
-2853
-2273
-1821
-1139
-252
452
1106
1845
2379
2681
2896
2880
2669
2516
2377
2263
2437
2848
3446
4520
5838
6916
8025
9462
10536
10877
11183
11351
10553
9249
8199
6574
3983
1703
-65
-2424
-4858
-6298
-7510
-8962
-9573
-9394
-9529
-9524
-8646
-7758
-7336
-6550
-5543
-5139
-4872
-4203
-3863
-4007
-3805
-3395
-3353
-3170
-2546
-2075
-1658
-816
60
645
1346
2106
2514
2754
2958
2850
2554
2409
2251
2115
2337
2808
3465
4623
5982
7045
8218
9706
10672
10942
11281
11335
10316
9006
7927
6038
3352
1194
-656
-3163
-5460
-6770
-8054
-9432
-9809
-9602
-9740
-9540
-8542
-7721
-7244
-6360
-5464
-5150
-4822
-4232
-4062
-4173
-3915
-3632
-3592
-3242
-2620
-2186
-1622
-680
148
773
1564
2276
2615
2866
3005
2790
2489
2320
2106
2003
2275
2748
3470
4741
6114
7172
8447
9974
10860
11130
11515
11453
10341
9067
7942
5912
3212
1110
-816
-3385
-5611
-6911
-8272
-9591
-9898
-9723
-9859
-9549
-8516
-7702
-7139
-6201
-5340
-4993
-4576
-4016
-3895
-3945
-3681
-3493
-3430
-3011
-2460
-2088
-1435
-456
285
914
1771
2424
2696
2985
3104
2797
2482
2329
2049
1910
2213
2655
3340
4680
6065
7069
8384
10005
10841
11052
11523
11468
10237
8973
7932
5811
3026
1008
-904
-3573
-5771
-6975
-8366
-9715
-9891
-9658
-9866
-9515
-8384
-7625
-7122
-6127
-5287
-5043
-4601
-3991
-3959
-4050
-3727
-3535
-3524
-3053
-2459
-2131
-1455
-397
328
900
1784
2461
2696
2941
3067
2742
2373
2217
1936
1752
2022
2479
3170
4503
5924
6938
8285
9963
10837
11073
11580
11592
10381
9138
8136
6053
3233
1190
-698
-3389
-5654
-6862
-8225
-9614
-9822
-9565
-9762
-9460
-8312
-7515
-7040
-6060
-5173
-4912
-4502
-3895
-3840
-3981
-3698
-3484
-3485
-3104
-2521
-2138
-1512
-501
290
898
1744
2474
2794
3029
3155
2893
2549
2330
2045
1865
2068
2483
3171
4445
5802
6850
8161
9775
10708
10992
11451
11518
10456
9162
8133
6201
3414
1224
-620
-3211
-5628
-6936
-8188
-9629
-10054
-9769
-9888
-9740
-8694
-7774
-7312
-6446
-5441
-5056
-4737
-4108
-3879
-4009
-3775
-3427
-3368
-3088
-2433
-1929
-1393
-453
436
1047
1783
2539
2899
3035
3083
2852
2427
2068
1737
1506
1586
1960
2623
3807
5190
6331
7642
9275
10395
10806
11291
11536
10660
9367
8395
6656
3896
1601
-201
-2742
-5293
-6700
-7939
-9476
-10081
-9845
-9959
-9912
-8941
-7982
-7506
-6658
-5599
-5151
-4812
-4172
-3908
-4023
-3776
-3454
-3458
-3185
-2556
-2121
-1628
-701
146
742
1506
2270
2637
2832
2957
2752
2349
2044
1748
1505
1599
1982
2591
3711
5142
6315
7531
9131
10326
10748
11182
11466
10673
9375
8383
6732
4055
1722
-87
-2542
-5087
-6581
-7794
-9301
-9986
-9779
-9849
-9828
-8916
-7938
-7430
-6623
-5595
-5119
-4806
-4209
-3951
-4040
-3823
-3523
-3469
-3157
-2544
-2100
-1548
-622
218
849
1608
2334
2704
2913
3025
2801
2378
2069
1769
1486
1569
1968
2539
3619
5107
6327
7501
9100
10416
10890
11250
11573
10940
9612
8486
6967
4389
1874
-1
-2323
-4951
-6637
-7797
-9264
-10102
-9947
-9893
-9901
-9068
-7975
-7383
-6643
-5566
-4955
-4683
-4139
-3774
-3865
-3792
-3469
-3353
-3190
-2668
-2143
-1648
-849
47
738
1420
2163
2667
2884
2967
2831
2430
2033
1701
1410
1373
1657
2176
3175
4588
5816
7008
8612
10023
10635
11055
11515
11106
9861
8770
7451
5015
2410
519
-1697
-4413
-6275
-7466
-8984
-10008
-9953
-9917
-9995
-9247
-8155
-7524
-6757
-5634
-4969
-4651
-4046
-3611
-3690
-3603
-3259
-3184
-3059
-2529
-2057
-1668
-892
-9
609
1290
2058
2527
2777
2951
2830
2459
2142
1847
1572
1607
1926
2413
3420
4886
6111
7235
8821
10241
10784
11153
11618
11155
9823
8735
7434
4973
2363
500
-1688
-4375
-6203
-7369
-8872
-9886
-9821
-9776
-9865
-9165
-8123
-7523
-6807
-5751
-5149
-4885
-4310
-3899
-3975
-3873
-3498
-3391
-3209
-2601
-2084
-1668
-838
98
718
1388
2163
2588
2785
2958
2805
2364
2004
1702
1396
1375
1680
2163
3116
4583
5903
7050
8603
10147
10840
11200
11699
11409
10133
8962
7754
5418
2704
737
-1360
-4089
-6130
-7300
-8732
-9931
-9966
-9753
-9864
-9291
-8119
-7371
-6740
-5680
-4874
-4593
-4133
-3622
-3609
-3645
-3364
-3210
-3123
-2677
-2164
-1762
-1064
-169
521
1178
1921
2430
2695
2895
2797
2411
2055
1742
1402
1308
1571
1951
2749
4177
5538
6609
8082
9751
10591
10929
11524
11504
10310
9124
8112
5991
3203
1198
-747
-3528
-5787
-6964
-8394
-9860
-10055
-9784
-10008
-9638
-8431
-7647
-7144
-6053
-5102
-4854
-4433
-3766
-3682
-3811
-3497
-3252
-3254
-2874
-2256
-1876
-1311
-366
420
1010
1752
2394
2698
2878
2903
2612
2232
1935
1654
1535
1730
2114
2849
4175
5579
6680
8040
9694
10681
11014
11517
11634
10576
9301
8296
6407
3636
1472
-379
-3017
-5421
-6713
-8037
-9549
-9959
-9694
-9854
-9667
-8585
-7745
-7247
-6268
-5295
-4968
-4584
-3904
-3711
-3784
-3490
-3206
-3129
-2745
-2150
-1765
-1210
-295
434
1009
1728
2295
2570
2791
2815
2478
2122
1869
1535
1391
1611
1967
2626
3941
5403
6501
7829
9525
10624
11004
11490
11681
10718
9398
8366
6582
3841
1537
-325
-2852
-5334
-6750
-8022
-9514
-10049
-9794
-9855
-9715
-8711
-7789
-7264
-6346
-5362
-4981
-4663
-4032
-3788
-3896
-3671
-3405
-3350
-2997
-2405
-2011
-1462
-530
233
827
1606
2225
2494
2738
2836
2492
2073
1826
1474
1206
1369
1735
2291
3486
5048
6274
7543
9291
10669
11184
11664
12055
11360
9993
8934
7389
4717
2172
291
-2101
-4777
-6444
-7667
-9238
-10082
-9863
-9846
-9887
-9004
-7920
-7403
-6590
-5445
-4963
-4752
-4092
-3711
-3876
-3734
-3396
-3407
-3212
-2580
-2158
-1741
-837
33
599
1371
2146
2455
2664
2896
2688
2196
1930
1638
1266
1296
1672
2105
3058
4620
5959
7125
8772
10345
11045
11476
11995
11616
10298
9164
7875
5432
2705
725
-1452
-4204
-6175
-7378
-8914
-10072
-10007
-9857
-10007
-9350
-8184
-7562
-6885
-5706
-5013
-4829
-4256
-3713
-3805
-3784
-3424
-3387
-3330
-2774
-2278
-1946
-1179
-236
382
1101
1949
2408
2630
2918
2877
2424
2091
1823
1413
1282
1564
1922
2614
3997
5471
6611
8035
9743
10795
11239
11770
11860
10817
9512
8435
6507
3699
1419
-484
-3084
-5502
-6836
-8144
-9613
-9983
-9669
-9798
-9575
-8443
-7574
-7084
-6077
-5118
-4838
-4466
-3818
-3698
-3805
-3519
-3335
-3361
-2987
-2439
-2114
-1530
-606
100
751
1601
2190
2467
2787
2871
2511
2143
1860
1425
1172
1325
1579
2063
3216
4697
5875
7148
8846
10221
10836
11374
11819
11249
9990
8944
7503
4933
2365
460
-1854
-4537
-6282
-7490
-9031
-9935
-9758
-9713
-9764
-8919
-7841
-7284
-6508
-5405
-4859
-4592
-4005
-3652
-3745
-3625
-3389
-3402
-3216
-2732
-2376
-1915
-1092
-333
322
1165
1863
2217
2581
2797
2543
2165
1896
1471
1061
1066
1282
1569
2407
3831
5141
6305
7873
9537
10492
11013
11650
11652
10599
9448
8380
6321
3574
1451
-536
-3210
-5485
-6765
-8173
-9546
-9781
-9557
-9699
-9309
-8184
-7407
-6818
-5768
-4915
-4610
-4165
-3639
-3594
-3622
-3419
-3372
-3336
-2948
-2546
-2201
-1516
-685
-3
791
1629
2135
2510
2899
2911
2567
2283
1987
1540
1348
1514
1746
2253
3408
4856
6056
7336
8978
10342
10977
11460
11859
11320
10030
8945
7507
4967
2405
519
-1755
-4438
-6172
-7328
-8854
-9791
-9624
-9557
-9632
-8841
-7759
-7211
-6478
-5405
-4852
-4608
-4070
-3718
-3797
-3711
-3510
-3487
-3288
-2816
-2435
-1980
-1184
-401
302
1117
1791
2204
2592
2831
2636
2281
2003
1635
1271
1263
1492
1827
2632
4029
5404
6550
7991
9629
10623
11051
11563
11604
10558
9287
8219
6246
3473
1299
-597
-3221
-5558
-6832
-8160
-9596
-9920
-9649
-9787
-9494
-8397
-7586
-7036
-6014
-5118
-4803
-4385
-3826
-3709
-3733
-3512
-3398
-3323
-2922
-2494
-2152
-1511
-691
-5
757
1533
2036
2436
2831
2840
2494
2219
1906
1470
1271
1420
1622
2103
3244
4649
5788
7014
8604
9932
10548
11020
11423
10908
9672
8636
7268
4801
2315
503
-1707
-4315
-6000
-7141
-8644
-9566
-9421
-9385
-9456
-8705
-7687
-7139
-6385
-5352
-4835
-4548
-3977
-3649
-3710
-3570
-3371
-3362
-3118
-2638
-2320
-1873
-1066
-311
345
1136
1814
2213
2603
2856
2671
2330
2085
1759
1423
1424
1674
2036
2817
4156
5517
6650
8026
9600
10592
10987
11446
11497
10478
9203
8131
6217
3493
1344
-498
-3054
-5359
-6584
-7865
-9292
-9632
-9360
-9520
-9307
-8261
-7483
-7004
-6062
-5199
-4919
-4530
-3984
-3882
-3910
-3676
-3538
-3447
-3033
-2554
-2154
-1488
-634
86
822
1599
2136
2501
2815
2826
2527
2202
1875
1468
1234
1319
1584
2077
3089
4486
5739
6953
8482
9896
10614
11032
11444
11083
9865
8749
7466
5124
2561
700
-1408
-4027
-5837
-6969
-8436
-9489
-9439
-9353
-9488
-8877
-7859
-7263
-6598
-5616
-4997
-4693
-4216
-3863
-3845
-3769
-3618
-3556
-3324
-2926
-2571
-2034
-1277
-574
137
978
1604
2014
2471
2718
2543
2313
2128
1739
1394
1433
1636
1900
2642
3937
5223
6353
7746
9281
10295
10770
11255
11365
10471
9260
8236
6472
3863
1711
-94
-2567
-4906
-6218
-7495
-8969
-9453
-9252
-9404
-9300
-8385
-7579
-7091
-6241
-5371
-4983
-4610
-4110
-3931
-3895
-3729
-3613
-3467
-3075
-2669
-2236
-1536
-781
-106
701
1477
1927
2335
2751
2760
2481
2289
2013
1547
1347
1503
1688
2093
3102
4462
5645
6840
8371
9748
10461
10925
11368
11047
9889
8815
7610
5370
2847
1001
-1058
-3678
-5545
-6676
-8170
-9332
-9353
-9271
-9483
-8969
-7947
-7365
-6770
-5755
-5076
-4794
-4286
-3843
-3808
-3717
-3487
-3413
-3212
-2767
-2384
-1918
-1176
-462
188
990
1650
2020
2417
2731
2607
2325
2167
1848
1431
1402
1658
1868
2425
3663
4982
6015
7289
8858
9894
10335
10864
11081
10260
9098
8179
6576
4077
1967
239
-2158
-4493
-5827
-7096
-8613
-9198
-9042
-9229
-9192
-8331
-7555
-7105
-6262
-5362
-4983
-4617
-4054
-3856
-3851
-3615
-3480
-3436
-3070
-2614
-2259
-1655
-881
-239
483
1288
1783
2133
2564
2671
2411
2206
1992
1537
1246
1366
1543
1824
2664
3979
5192
6327
7780
9248
10153
10668
11187
11193
10287
9217
8222
6402
3927
1968
146
-2350
-4524
-5765
-7156
-8627
-9023
-8928
-9231
-9080
-8171
-7551
-7120
-6222
-5413
-5116
-4702
-4147
-4013
-3985
-3706
-3566
-3494
-3088
-2631
-2253
-1624
-849
-203
532
1279
1754
2142
2521
2562
2329
2152
1898
1493
1293
1415
1592
1974
2892
4164
5329
6484
7934
9304
10097
10584
11053
10915
9934
8912
7857
5897
3501
1681
-228
-2756
-4703
-5878
-7368
-8686
-8913
-8932
-9229
-8892
-8028
-7538
-7032
-6085
-5421
-5115
-4594
-4117
-4023
-3856
-3570
-3497
-3285
-2817
-2459
-2033
-1287
-603
-11
808
1488
1805
2222
2612
2488
2201
2082
1777
1304
1169
1306
1446
1888
2864
4109
5282
6508
7979
9344
10155
10662
11132
10979
9999
8969
7874
5859
3460
1626
-360
-2895
-4820
-6024
-7537
-8808
-9015
-9042
-9299
-8926
-8056
-7534
-6978
-6035
-5361
-5025
-4509
-4047
-3952
-3792
-3537
-3449
-3248
-2821
-2449
-1987
-1263
-575
75
884
1536
1926
2372
2685
2547
2291
2135
1778
1307
1120
1188
1322
1746
2655
3863
5053
6288
7744
9135
10018
10553
11035
10950
10050
9031
7944
6040
3700
1822
-127
-2577
-4528
-5806
-7283
-8577
-8897
-8958
-9214
-8906
-8106
-7563
-7045
-6154
-5443
-5099
-4633
-4157
-4006
-3890
-3646
-3504
-3334
-2959
-2528
-2031
-1357
-628
124
930
1621
2146
2630
2890
2831
2658
2381
1921
1458
1159
996
1055
1430
2119
3179
4476
5740
7079
8597
9764
10371
10907
11152
10494
9432
8462
6856
4520
2471
609
-1785
-3989
-5436
-6873
-8338
-8944
-9018
-9260
-9147
-8423
-7789
-7287
-6427
-5591
-5146
-4703
-4156
-3871
-3761
-3538
-3362
-3237
-2969
-2572
-2125
-1590
-932
-206
575
1277
1856
2365
2697
2796
2718
2479
2072
1664
1337
1102
1089
1359
1863
2746
4026
5274
6479
7962
9318
10064
10627
11104
10765
9779
8880
7620
5469
3288
1479
-715
-3077
-4739
-6115
-7661
-8622
-8822
-9024
-9156
-8678
-8024
-7542
-6844
-5990
-5446
-5029
-4491
-4079
-3887
-3681
-3498
-3358
-3080
-2707
-2309
-1777
-1129
-476
298
1123
1718
2156
2615
2857
2767
2551
2219
1720
1257
975
806
827
1178
1854
2904
4187
5444
6767
8251
9456
10152
10747
10997
10422
9474
8516
6949
4717
2650
755
-1544
-3743
-5262
-6673
-8098
-8830
-8945
-9109
-9086
-8504
-7817
-7238
-6488
-5682
-5156
-4752
-4282
-3915
-3767
-3679
-3526
-3331
-3084
-2731
-2240
-1681
-1079
-314
546
1265
1824
2344
2734
2844
2753
2501
2051
1553
1166
873
744
893
1292
2043
3248
4558
5754
7155
8675
9699
10327
10921
10945
10116
9151
8098
6238
3907
1948
-58
-2459
-4457
-5864
-7344
-8624
-9042
-9120
-9279
-8998
-8262
-7621
-6948
-6031
-5295
-4837
-4326
-3827
-3576
-3410
-3250
-3158
-2974
-2641
-2286
-1876
-1300
-637
73
901
1610
2107
2553
2904
2954
2771
2442
1914
1380
960
624
448
568
967
1732
2949
4229
5443
6929
8474
9503
10225
10878
10867
10095
9265
8191
6261
4055
2187
118
-2247
-4085
-5482
-7003
-8137
-8477
-8623
-8750
-8398
-7733
-7152
-6464
-5645
-5049
-4639
-4175
-3808
-3647
-3516
-3429
-3409
-3237
-2918
-2631
-2244
-1627
-964
-252
587
1335
1852
2316
2710
2811
2637
2327
1889
1388
982
688
551
659
1058
1826
2986
4245
5462
6875
8372
9460
10161
10727
10770
10070
9182
8105
6288
4066
2106
103
-2195
-4150
-5616
-7050
-8228
-8674
-8788
-8905
-8620
-7929
-7282
-6641
-5824
-5129
-4702
-4276
-3850
-3650
-3587
-3501
-3402
-3251
-3008
-2649
-2188
-1637
-965
-145
694
1375
1957
2483
2813
2877
2772
2446
1919
1441
1053
667
441
562
921
1584
2711
3958
5113
6508
8047
9157
9850
10481
10612
9967
9141
8165
6429
4251
2365
434
-1851
-3800
-5226
-6677
-7899
-8360
-8471
-8620
-8392
-7734
-7108
-6464
-5671
-4988
-4547
-4116
-3709
-3485
-3391
-3349
-3303
-3155
-2921
-2646
-2230
-1673
-1054
-293
574
1270
1814
2363
2730
2780
2684
2395
1828
1265
863
417
74
138
472
1018
2047
3386
4618
5960
7551
8885
9740
10440
10774
10390
9615
8690
7180
5113
3089
1125
-1034
-3088
-4717
-6169
-7420
-8104
-8318
-8415
-8295
-7802
-7139
-6480
-5790
-5117
-4597
-4227
-3903
-3630
-3538
-3573
-3550
-3410
-3243
-3005
-2567
-2036
-1453
-680
229
993
1610
2221
2660
2807
2772
2544
2012
1385
861
357
-97
-267
-131
283
1121
2338
3641
4993
6565
8103
9274
10126
10692
10701
10151
9295
8073
6290
4196
2179
150
-1954
-3837
-5332
-6617
-7601
-8059
-8143
-8079
-7791
-7187
-6491
-5830
-5178
-4580
-4167
-3901
-3650
-3490
-3495
-3574
-3548
-3417
-3231
-2918
-2433
-1861
-1205
-356
553
1303
1906
2438
2779
2862
2733
2355
1749
1109
552
58
-310
-408
-179
399
1373
2656
4024
5470
7017
8473
9582
10336
10720
10578
9927
8958
7633
5804
3733
1743
-263
-2302
-4047
-5471
-6716
-7594
-7911
-7965
-7931
-7585
-6979
-6356
-5732
-5091
-4579
-4248
-3955
-3678
-3541
-3555
-3582
-3489
-3300
-3049
-2646
-2127
-1551
-814
87
911
1552
2139
2608
2804
2822
2674
2180
1509
975
501
-36
-344
-292
-20
584
1651
2951
4201
5580
7133
8495
9443
10114
10450
10213
9519
8608
7262
5358
3365
1502
-477
-2463
-4078
-5446
-6677
-7415
-7641
-7773
-7759
-7345
-6773
-6233
-5574
-4934
-4535
-4206
-3827
-3589
-3509
-3455
-3428
-3342
-3091
-2768
-2398
-1894
-1281
-580
245
1010
1585
2078
2494
2674
2645
2452
1989
1379
887
456
3
-239
-138
187
812
1878
3109
4306
5660
7166
8409
9258
9902
10184
9872
9182
8291
6906
5041
3178
1394
-556
-2441
-3951
-5295
-6487
-7166
-7434
-7630
-7608
-7211
-6705
-6194
-5564
-4972
-4567
-4187
-3801
-3545
-3407
-3309
-3228
-3082
-2828
-2530
-2162
-1689
-1149
-500
260
933
1450
1937
2324
2472
2472
2312
1870
1340
917
497
57
-137
-40
250
869
1883
3042
4228
5573
7012
8224
9097
9724
9992
9735
9078
8181
6862
5089
3218
1444
-418
-2303
-3875
-5166
-6329
-7105
-7388
-7487
-7502
-7175
-6562
-5992
-5442
-4798
-4248
-3921
-3592
-3229
-3069
-3090
-3012
-2837
-2723
-2524
-2146
-1757
-1345
-717
11
590
1117
1658
2023
2178
2252
2120
1682
1179
741
246
-231
-459
-431
-212
349
1347
2530
3718
5083
6619
7915
8830
9592
10026
9801
9187
8452
7214
5383
3582
1898
-73
-2030
-3517
-4852
-6179
-6935
-7145
-7368
-7424
-6974
-6399
-5938
-5300
-4586
-4180
-3894
-3478
-3204
-3208
-3186
-3118
-3133
-3077
-2809
-2522
-2241
-1742
-1063
-387
282
974
1545
1949
2266
2443
2314
1938
1482
989
467
-12
-314
-393
-223
300
1213
2356
3545
4865
6362
7703
8668
9420
9881
9751
9185
8461
7279
5504
3668
1962
5
-2003
-3553
-4916
-6260
-7086
-7325
-7526
-7587
-7133
-6501
-5995
-5321
-4542
-4069
-3749
-3306
-3006
-3007
-3011
-2977
-3036
-3040
-2842
-2606
-2351
-1895
-1248
-551
156
864
1499
1986
2332
2528
2469
2120
1611
1086
527
-54
-488
-627
-543
-199
600
1742
2898
4148
5691
7148
8171
9012
9690
9738
9232
8630
7667
5990
4149
2519
644
-1404
-3004
-4316
-5699
-6646
-6921
-7105
-7244
-6875
-6236
-5752
-5148
-4366
-3873
-3629
-3251
-2960
-3014
-3103
-3109
-3226
-3345
-3203
-2957
-2755
-2368
-1708
-994
-297
466
1165
1675
2062
2324
2316
2013
1538
992
423
-128
-596
-834
-777
-456
221
1307
2552
3795
5240
6813
8039
8901
9622
9916
9564
8927
8111
6690
4840
3123
1407
-589
-2379
-3729
-5051
-6176
-6658
-6802
-6968
-6818
-6245
-5714
-5230
-4565
-3994
-3742
-3512
-3220
-3192
-3337
-3409
-3493
-3618
-3538
-3286
-3046
-2660
-2001
-1258
-503
312
1045
1611
2096
2420
2450
2253
1865
1300
708
190
-332
-709
-728
-475
16
971
2238
3429
4749
6359
7734
8606
9358
9882
9687
9057
8379
7186
5348
3582
1980
54
-1874
-3274
-4500
-5727
-6417
-6558
-6692
-6699
-6227
-5619
-5180
-4622
-3994
-3657
-3490
-3237
-3126
-3274
-3383
-3425
-3528
-3535
-3312
-3025
-2687
-2119
-1408
-676
95
832
1447
1918
2278
2386
2245
1958
1448
791
235
-250
-764
-1007
-820
-451
152
1270
2588
3766
5156
6754
7933
8672
9402
9746
9336
8679
7958
6585
4733
3143
1571
-395
-2133
-3322
-4555
-5722
-6176
-6283
-6548
-6482
-5929
-5507
-5209
-4617
-4075
-3932
-3767
-3459
-3421
-3565
-3544
-3530
-3606
-3483
-3161
-2879
-2498
-1858
-1178
-521
220
894
1370
1791
2104
2107
1917
1648
1166
582
156
-232
-612
-659
-359
67
805
1986
3183
4298
5697
7126
8036
8688
9319
9404
8840
8222
7400
5868
4134
2709
1085
-834
-2307
-3401
-4654
-5631
-5924
-6120
-6425
-6228
-5721
-5488
-5192
-4572
-4183
-4122
-3838
-3512
-3573
-3636
-3457
-3420
-3486
-3218
-2827
-2591
-2170
-1488
-872
-309
394
1009
1385
1717
1946
1889
1686
1405
923
405
39
-308
-583
-474
-113
330
1170
2396
3522
4623
6035
7307
8046
8677
9243
9125
8481
7919
7026
5425
3829
2520
842
-985
-2222
-3283
-4577
-5408
-5605
-5939
-6257
-5976
-5586
-5502
-5156
-4533
-4303
-4239
-3855
-3602
-3697
-3616
-3400
-3442
-3421
-3061
-2751
-2538
-2038
-1403
-896
-282
428
915
1279
1699
1885
1783
1666
1400
883
447
169
-224
-489
-295
48
460
1360
2568
3579
4684
6131
7302
7941
8599
9140
8934
8323
7821
6871
5235
3741
2472
754
-1052
-2243
-3341
-4651
-5415
-5622
-6001
-6312
-5987
-5611
-5519
-5135
-4531
-4310
-4195
-3782
-3544
-3640
-3554
-3360
-3400
-3375
-3068
-2814
-2598
-2111
-1503
-980
-379
326
854
1272
1692
1889
1836
1714
1453
969
505
157
-248
-541
-436
-114
279
1059
2219
3304
4373
5753
7022
7765
8408
9034
9032
8462
7954
7171
5658
4080
2826
1204
-694
-2005
-3054
-4407
-5378
-5624
-5996
-6437
-6206
-5754
-5699
-5405
-4715
-4401
-4335
-3886
-3531
-3648
-3591
-3301
-3345
-3434
-3106
-2819
-2709
-2249
-1576
-1105
-558
239
816
1189
1682
2004
1961
1872
1758
1321
818
515
169
-210
-223
83
409
999
2058
3153
4116
5344
6662
7502
8077
8723
8929
8452
7904
7270
5977
4373
3068
1602
-277
-1757
-2799
-4117
-5254
-5648
-5971
-6470
-6391
-5918
-5806
-5580
-4851
-4402
-4330
-3883
-3400
-3475
-3464
-3108
-3121
-3298
-3008
-2678
-2635
-2284
-1621
-1186
-739
28
637
964
1430
1829
1826
1740
1694
1329
812
509
204
-203
-320
-74
229
715
1674
2797
3775
4916
6277
7322
7961
8603
9033
8790
8213
7679
6674
5075
3634
2334
568
-1177
-2318
-3500
-4846
-5521
-5749
-6268
-6505
-6089
-5824
-5756
-5207
-4581
-4464
-4208
-3650
-3518
-3617
-3334
-3157
-3336
-3185
-2784
-2683
-2482
-1856
-1342
-951
-255
433
824
1263
1758
1894
1827
1814
1581
1100
740
445
36
-209
-92
186
574
1333
2403
3443
4498
5781
6973
7713
8306
8860
8862
8314
7764
6981
5512
3948
2701
1102
-785
-2078
-3111
-4493
-5436
-5653
-6088
-6543
-6218
-5799
-5814
-5417
-4656
-4428
-4305
-3704
-3396
-3565
-3350
-3009
-3182
-3207
-2770
-2611
-2573
-2023
-1429
-1142
-574
221
658
1013
1575
1882
1837
1859
1800
1383
957
670
285
-93
-173
-16
242
747
1611
2645
3651
4767
6022
7053
7738
8347
8749
8549
8004
7455
6464
4928
3533
2236
488
-1189
-2290
-3492
-4810
-5437
-5688
-6226
-6430
-5980
-5762
-5701
-5084
-4469
-4383
-4069
-3474
-3393
-3479
-3135
-2990
-3214
-3028
-2649
-2630
-2451
-1829
-1384
-1071
-367
328
679
1148
1718
1899
1888
1971
1820
1384
1030
714
279
-59
-131
-9
264
798
1636
2625
3657
4773
5979
6972
7652
8228
8582
8396
7859
7277
6266
4779
3403
2058
321
-1318
-2478
-3715
-4980
-5614
-5948
-6451
-6566
-6176
-5946
-5741
-5124
-4561
-4334
-3927
-3415
-3288
-3233
-2961
-2868
-2939
-2770
-2537
-2465
-2209
-1710
-1315
-896
-256
334
775
1289
1745
1958
2053
2061
1872
1542
1157
724
318
-6
-195
-138
136
578
1309
2320
3344
4391
5600
6671
7387
8004
8482
8386
7902
7393
6494
5062
3681
2356
650
-1044
-2271
-3488
-4784
-5547
-5907
-6371
-6581
-6249
-5955
-5776
-5247
-4618
-4320
-4006
-3510
-3274
-3266
-3076
-2893
-2941
-2909
-2657
-2477
-2304
-1877
-1382
-956
-413
235
778
1233
1686
2003
2097
2070
1951
1648
1203
790
428
67
-148
-78
186
590
1305
2312
3323
4349
5553
6655
7370
7969
8449
8396
7885
7325
6469
5070
3607
2277
655
-1071
-2358
-3510
-4766
-5606
-5970
-6360
-6600
-6342
-5995
-5793
-5327
-4695
-4354
-4063
-3588
-3301
-3275
-3085
-2859
-2887
-2840
-2561
-2350
-2192
-1768
-1236
-815
-315
346
890
1283
1704
2026
2092
2010
1877
1567
1099
662
288
-82
-318
-271
-22
390
1091
2078
3113
4165
5355
6492
7290
7923
8423
8462
8045
7503
6716
5394
3939
2603
1030
-704
-2064
-3225
-4493
-5431
-5845
-6239
-6546
-6364
-6010
-5810
-5413
-4783
-4391
-4128
-3672
-3332
-3276
-3132
-2885
-2867
-2862
-2599
-2369
-2222
-1843
-1313
-898
-394
273
823
1239
1701
2063
2157
2136
2034
1730
1289
867
434
30
-232
-315
-193
164
746
1552
2560
3611
4686
5806
6777
7469
7983
8265
8086
7581
6931
5920
4534
3152
1756
138
-1377
-2596
-3777
-4874
-5523
-5904
-6277
-6357
-6087
-5850
-5595
-5071
-4582
-4318
-3943
-3510
-3342
-3228
-2971
-2836
-2832
-2647
-2386
-2247
-1974
-1500
-1091
-667
-66
477
888
1336
1726
1892
1934
1934
1733
1398
1079
712
333
82
-24
9
277
763
1404
2267
3269
4248
5265
6275
7034
7544
7916
7962
7554
6967
6173
4965
3591
2278
824
-753
-2066
-3179
-4308
-5174
-5619
-5991
-6261
-6133
-5872
-5689
-5311
-4788
-4444
-4131
-3677
-3360
-3213
-2967
-2713
-2634
-2500
-2216
-2020
-1828
-1427
-995
-644
-158
400
809
1183
1603
1849
1892
1923
1850
1559
1231
927
542
171
1
-47
-1
315
854
1506
2332
3322
4290
5209
6113
6819
7252
7503
7464
7038
6385
5548
4406
3072
1776
407
-1028
-2265
-3305
-4293
-5075
-5504
-5804
-6011
-5934
-5683
-5464
-5150
-4700
-4319
-4024
-3656
-3319
-3133
-2935
-2692
-2538
-2407
-2160
-1899
-1649
-1303
-877
-464
-25
469
912
1293
1634
1890
2010
2032
1955
1754
1475
1161
846
568
377
289
383
670
1090
1692
2486
3318
4150
5037
5844
6410
6802
7047
6935
6508
5926
5089
3955
2723
1495
133
-1223
-2371
-3419
-4395
-5093
-5523
-5875
-6038
-5900
-5699
-5477
-5052
-4579
-4243
-3853
-3396
-3104
-2881
-2582
-2355
-2234
-2019
-1757
-1570
-1334
-961
-611
-290
143
592
929
1264
1600
1795
1871
1906
1836
1625
1385
1124
829
602
470
435
571
884
1322
1938
2692
3460
4238
5050
5724
6173
6503
6607
6383
5926
5305
4419
3299
2154
968
-323
-1545
-2588
-3569
-4432
-5006
-5385
-5677
-5746
-5599
-5407
-5129
-4724
-4324
-3978
-3604
-3237
-2956
-2718
-2492
-2292
-2115
-1930
-1709
-1475
-1209
-880
-512
-114
316
737
1144
1515
1821
2029
2128
2118
1990
1772
1486
1139
781
495
281
182
258
508
902
1472
2212
2991
3772
4590
5330
5857
6204
6404
6296
5865
5286
4518
3435
2257
1115
-143
-1434
-2504
-3419
-4307
-4943
-5280
-5533
-5635
-5458
-5197
-4934
-4551
-4094
-3727
-3391
-3012
-2727
-2547
-2324
-2131
-2031
-1870
-1649
-1456
-1226
-871
-494
-112
360
829
1233
1629
1970
2151
2229
2243
2076
1763
1447
1055
575
209
-35
-233
-282
-51
317
784
1500
2343
3134
3948
4810
5445
5857
6158
6205
5879
5378
4721
3749
2623
1523
341
-912
-1990
-2907
-3788
-4464
-4839
-5113
-5282
-5193
-4970
-4774
-4475
-4046
-3724
-3456
-3109
-2826
-2679
-2493
-2282
-2173
-2045
-1801
-1566
-1335
-981
-564
-164
285
781
1198
1560
1906
2128
2196
2193
2078
1803
1466
1107
688
293
15
-178
-258
-126
186
611
1207
1976
2746
3506
4300
4973
5436
5753
5890
5713
5295
4741
3960
2953
1916
854
-296
-1385
-2299
-3143
-3902
-4404
-4713
-4957
-5035
-4910
-4739
-4533
-4207
-3852
-3571
-3272
-2942
-2703
-2508
-2275
-2066
-1901
-1679
-1418
-1169
-879
-514
-138
226
646
1045
1363
1654
1880
1985
1991
1914
1711
1416
1087
729
359
65
-135
-253
-202
37
390
880
1547
2273
2981
3725
4430
4949
5306
5548
5536
5247
4817
4213
3358
2402
1446
396
-684
-1624
-2462
-3271
-3888
-4290
-4613
-4803
-4781
-4654
-4509
-4246
-3898
-3595
-3292
-2933
-2634
-2409
-2159
-1912
-1757
-1577
-1344
-1146
-940
-649
-331
-44
303
679
999
1288
1574
1762
1820
1846
1775
1547
1277
998
629
256
-3
-196
-343
-304
-71
232
680
1337
2023
2680
3415
4128
4629
4995
5274
5291
5013
4629
4092
3266
2353
1460
451
-605
-1497
-2296
-3085
-3667
-4018
-4313
-4475
-4407
-4267
-4106
-3800
-3431
-3147
-2838
-2489
-2246
-2074
-1848
-1689
-1618
-1504
-1341
-1239
-1097
-849
-604
-347
16
388
694
1044
1380
1585
1714
1821
1765
1571
1369
1077
666
291
-5
-308
-531
-540
-426
-226
183
765
1391
2060
2806
3520
4101
4584
4938
5059
4970
4706
4244
3578
2777
1899
946
-24
-941
-1790
-2551
-3188
-3637
-3947
-4145
-4189
-4101
-3923
-3688
-3389
-3066
-2779
-2501
-2230
-2020
-1860
-1719
-1599
-1515
-1415
-1285
-1139
-960
-732
-445
-121
212
554
901
1216
1471
1637
1725
1709
1575
1351
1074
712
324
-22
-323
-549
-645
-586
-403
-55
462
1088
1757
2476
3199
3855
4378
4765
4977
4964
4749
4359
3779
3022
2175
1281
338
-589
-1415
-2151
-2798
-3276
-3581
-3784
-3864
-3797
-3645
-3457
-3223
-2947
-2701
-2492
-2286
-2112
-2001
-1908
-1801
-1716
-1635
-1500
-1316
-1116
-869
-550
-200
148
509
878
1178
1410
1589
1665
1625
1495
1280
957
589
210
-179
-527
-776
-924
-943
-799
-498
-66
501
1186
1899
2629
3340
3970
4459
4790
4959
4911
4669
4248
3668
2940
2127
1270
396
-448
-1210
-1882
-2451
-2861
-3141
-3315
-3366
-3313
-3198
-3040
-2845
-2642
-2477
-2323
-2192
-2097
-2029
-1974
-1927
-1874
-1792
-1669
-1503
-1290
-1021
-705
-359
2
371
709
996
1227
1377
1433
1384
1244
1008
694
343
-29
-389
-684
-893
-1004
-985
-808
-475
-24
555
1243
1958
2664
3358
3966
4426
4752
4919
4866
4621
4244
3703
3010
2241
1458
624
-177
-883
-1534
-2092
-2504
-2790
-2996
-3090
-3068
-3008
-2912
-2758
-2604
-2486
-2369
-2243
-2168
-2116
-2037
-1979
-1924
-1823
-1690
-1543
-1345
-1093
-809
-506
-175
153
452
714
935
1066
1119
1104
979
772
519
210
-128
-446
-707
-907
-1009
-975
-815
-519
-78
475
1102
1798
2511
3186
3801
4308
4668
4857
4885
4722
4376
3897
3274
2538
1761
987
197
-548
-1183
-1734
-2201
-2518
-2724
-2858
-2909
-2860
-2785
-2705
-2580
-2461
-2384
-2320
-2235
-2205
-2201
-2158
-2095
-2046
-1939
-1765
-1570
-1329
-1025
-684
-357
-6
340
624
856
1031
1111
1082
972
787
515
185
-148
-484
-785
-990
-1100
-1098
-950
-649
-218
332
990
1717
2443
3144
3802
4347
4729
4964
5022
4858
4533
4077
3447
2711
1941
1151
336
-401
-1032
-1604
-2066
-2364
-2566
-2699
-2718
-2653
-2584
-2500
-2367
-2276
-2243
-2194
-2165
-2201
-2229
-2223
-2236
-2220
-2120
-1979
-1812
-1567
-1252
-925
-575
-210
127
412
647
807
864
837
726
524
274
-1
-305
-578
-778
-907
-938
-824
-579
-219
283
881
1538
2248
2953
3597
4172
4638
4934
5061
5024
4786
4383
3850
3194
2420
1610
826
41
-706
-1327
-1838
-2278
-2565
-2725
-2822
-2847
-2765
-2667
-2579
-2466
-2356
-2301
-2256
-2198
-2193
-2187
-2144
-2079
-2006
-1853
-1630
-1400
-1112
-759
-409
-59
287
576
787
931
990
938
788
568
275
-75
-420
-765
-1067
-1285
-1393
-1387
-1246
-976
-575
-58
544
1204
1886
2568
3178
3716
4138
4419
4554
4526
4351
4029
3591
3067
2460
1827
1217
631
78
-393
-774
-1093
-1335
-1492
-1615
-1712
-1763
-1816
-1900
-1972
-2060
-2181
-2301
-2414
-2524
-2606
-2628
-2598
-2528
-2372
-2144
-1864
-1542
-1177
-800
-445
-103
204
424
567
647
632
541
379
162
-89
-341
-568
-764
-897
-950
-909
-761
-515
-177
242
740
1264
1808
2366
2858
3289
3641
3881
3992
3972
3843
3591
3231
2812
2332
1813
1303
814
347
-72
-420
-720
-977
-1166
-1311
-1455
-1572
-1672
-1782
-1911
-2020
-2147
-2284
-2393
-2477
-2538
-2561
-2506
-2402
-2253
-2025
-1752
-1455
-1127
-788
-462
-169
85
280
407
467
469
397
265
89
-111
-322
-526
-695
-826
-892
-886
-803
-628
-376
-57
332
766
1221
1685
2137
2545
2895
3163
3348
3435
3422
3318
3126
2858
2525
2168
1781
1381
1000
650
316
13
-238
-470
-681
-863
-1038
-1218
-1388
-1552
-1725
-1900
-2052
-2186
-2304
-2382
-2399
-2378
-2306
-2166
-1974
-1739
-1466
-1155
-856
-562
-285
-58
127
256
319
315
255
148
-1
-190
-383
-568
-739
-871
-952
-965
-911
-779
-578
-315
3
360
739
1123
1488
1826
2127
2360
2533
2642
2690
2663
2586
2457
2287
2091
1880
1658
1429
1209
988
772
558
355
149
-76
-294
-520
-759
-997
-1235
-1464
-1681
-1854
-2002
-2116
-2166
-2157
-2094
-1984
-1805
-1591
-1342
-1065
-787
-516
-263
-46
127
241
299
292
231
111
-43
-223
-427
-622
-788
-920
-1018
-1043
-1011
-929
-783
-571
-314
-48
236
537
804
1051
1282
1465
1594
1692
1759
1777
1775
1767
1728
1675
1621
1563
1484
1401
1321
1215
1085
949
797
606
412
207
-21
-262
-479
-697
-913
-1083
-1210
-1328
-1396
-1401
-1384
-1327
-1234
-1104
-968
-819
-661
-528
-412
-297
-226
-208
-211
-241
-320
-419
-512
-642
-763
-853
-918
-964
-957
-899
-813
-689
-505
-312
-113
104
311
502
668
812
932
1006
1059
1105
1120
1115
1119
1103
1093
1095
1087
1076
1067
1055
1007
957
889
785
661
530
370
199
28
-143
-306
-450
-581
-690
-772
-824
-849
-852
-826
-784
-741
-684
-610
-553
-494
-442
-403
-375
-366
-368
-379
-405
-442
-476
-513
-543
-555
-569
-556
-519
-467
-389
-294
-187
-61
68
193
306
411
493
554
608
648
665
672
683
686
688
694
706
721
737
757
778
779
767
739
686
615
521
406
276
136
0
-139
-268
-389
-474
-543
-587
-592
-587
-556
-522
-474
-414
-365
-322
-290
-266
-260
-260
-263
-279
-312
-342
-367
-394
-420
-428
-434
-433
-414
-392
-361
-311
-263
-206
-151
-93
-34
11
57
92
127
159
187
202
236
275
306
356
419
476
536
602
661
698
709
726
706
651
588
500
380
254
128
-2
-136
-257
-340
-422
-472
-492
-477
-457
-411
-347
-276
-206
-143
-74
-33
-4
14
22
3
-22
-43
-74
-113
-145
-172
-188
-205
-212
-199
-194
-181
-167
-150
-138
-128
-119
-121
-130
-141
-164
-179
-184
-192
-187
-171
-142
-92
-29
47
127
222
319
399
476
535
568
577
565
521
448
353
253
142
12
-94
-185
-272
-331
-362
-369
-366
-330
-285
-235
-176
-117
-61
-15
21
50
67
58
60
62
51
46
43
43
48
59
74
78
80
84
88
71
62
35
3
-26
-59
-89
-123
-146
-152
-152
-147
-120
-76
-31
27
95
159
222
285
337
356
368
372
349
309
255
188
106
30
-43
-114
-171
-227
-262
-283
-294
-292
-273
-258
-242
-217
-194
-183
-177
-172
-174
-186
-194
-195
-203
-193
-163
-129
-84
-28
35
102
171
233
280
312
328
322
292
248
189
120
44
-30
-90
-138
-178
-184
-169
-138
-83
-16
62
136
215
285
331
364
373
360
323
269
207
125
49
-28
-101
-165
-215
-248
-264
-273
-266
-254
-235
-211
-197
-181
-173
-163
-176
-184
-201
-220
-229
-241
-240
-228
-197
-151
-103
-39
30
103
175
236
293
320
341
329
300
250
193
129
54
-9
-64
-108
-133
-124
-114
-85
-33
37
85
134
195
222
243
252
243
216
184
152
111
69
38
12
-4
-8
2
14
25
44
53
50
53
49
25
-5
-32
-65
-108
-143
-175
-193
-208
-211
-202
-194
-172
-155
-121
-92
-58
-29
-5
18
42
61
67
72
66
65
50
38
29
11
1
-5
-7
-3
11
20
32
39
56
68
62
57
53
49
31
14
3
-1
-4
0
22
47
76
116
145
166
182
198
194
161
125
74
5
-69
-141
-207
-267
-305
-323
-339
-325
-296
-265
-226
-180
-130
-94
-61
-24
-6
-2
4
7
14
17
20
30
47
67
93
111
146
162
164
167
162
147
121
99
67
39
15
2
-10
-9
0
18
34
55
86
100
126
135
153
161
156
154
145
135
115
92
69
49
10
-22
-54
-87
-126
-147
-173
-192
-206
-212
-214
-209
-199
-186
-158
-142
-130
-125
-122
-125
-134
-150
-158
-167
-175
-169
-159
-146
-114
-78
-35
15
61
105
132
153
166
159
151
124
92
58
26
-7
-31
-40
-44
-31
1
33
68
109
149
176
204
225
225
219
207
186
157
122
86
58
30
3
-15
-26
-28
-25
-30
-31
-33
-40
-57
-73
-86
-121
-151
-174
-200
-224
-237
-234
-231
-217
-188
-154
-123
-84
-31
-1
33
60
69
64
57
51
30
8
-10
-18
-26
-25
-3
10
30
57
85
105
127
138
139
135
124
107
82
60
33
20
11
7
16
18
30
45
65
87
98
105
114
113
99
78
53
23
-6
-39
-76
-107
-133
-157
-169
-171
-164
-158
-137
-109
-88
-61
-29
-11
11
21
22
17
-3
-24
-55
-91
-119
-137
-152
-157
-149
-125
-87
-53
-1
56
97
142
178
210
219
214
197
170
126
88
46
9
-21
-38
-38
-32
-19
6
33
56
80
92
98
94
68
48
21
-20
-54
-88
-108
-117
-118
-103
-83
-57
-19
10
40
64
84
88
78
69
44
11
-29
-63
-94
-124
-145
-150
-139
-134
-110
-79
-55
-25
7
29
49
60
63
66
60
52
53
38
31
29
24
22
21
25
29
35
30
34
26
11
-1
-9
-22
-40
-42
-44
-41
-32
-23
-6
9
27
32
38
43
31
28
14
-4
-4
-18
-30
-24
-16
-6
3
25
30
30
36
29
3
-10
-21
-51
-79
-91
-95
-106
-102
-91
-77
-75
-53
-40
-39
-23
-12
-7
5
21
32
44
56
64
64
57
52
32
13
-9
-33
-46
-57
-54
-38
-24
2
37
60
84
98
101
95
82
61
37
17
-1
-13
-4
0
12
20
30
27
16
11
-15
-40
-63
-83
-99
-103
-98
-75
-49
-14
22
32
41
50
23
-7
-36
-69
-89
-106
-102
-89
-69
-41
2
23
42
55
44
32
-4
-37
-63
-91
-100
-98
-84
-57
-16
11
42
66
76
77
63
45
17
-8
-19
-15
-10
9
34
52
80
83
69
51
17
-21
-71
-102
-123
-129
-111
-79
-40
12
57
85
96
83
47
-9
-67
-117
-164
-188
-184
-159
-117
-57
13
61
99
125
109
71
27
-30
-79
-114
-129
-110
-74
-11
51
110
165
194
193
158
113
47
-32
-90
-138
-171
-169
-142
-99
-48
3
50
81
88
81
58
15
-22
-59
-82
-87
-74
-51
-27
8
36
52
51
43
22
-9
-35
-62
-87
-95
-86
-75
-56
-32
-13
-7
-11
-13
-32
-61
-74
-84
-85
-64
-35
6
63
106
141
158
155
135
94
45
-9
-53
-83
-93
-86
-61
-21
19
61
84
82
64
22
-36
-102
-159
-210
-216
-199
-164
-90
0
81
148
199
215
195
150
80
5
-71
-127
-155
-159
-126
-64
9
76
130
167
171
133
86
22
-52
-109
-151
-165
-148
-107
-40
37
94
139
171
164
125
76
13
-60
-119
-141
-150
-129
-78
-17
43
96
136
140
115
70
6
-66
-144
-202
-230
-238
-214
-164
-103
-34
31
83
108
101
83
39
-21
-77
-116
-140
-137
-115
-62
-1
66
133
169
193
179
140
77
3
-61
-122
-145
-150
-116
-55
19
94
164
215
230
226
171
100
17
-66
-129
-167
-166
-136
-73
0
89
155
205
220
198
140
55
-29
-129
-194
-239
-244
-218
-149
-71
7
81
126
137
116
67
-6
-85
-153
-199
-222
-205
-155
-80
7
94
157
205
212
184
132
49
-28
-95
-142
-167
-145
-98
-22
57
129
191
212
207
171
100
23
-53
-123
-163
-165
-133
-81
-13
68
132
169
193
175
128
56
-22
-97
-145
-165
-154
-118
-54
24
89
133
152
147
106
36
-36
-114
-182
-213
-216
-188
-132
-47
30
96
147
177
162
125
67
-6
-64
-112
-137
-122
-84
-31
38
101
145
166
161
132
70
4
-53
-116
-142
-141
-118
-74
-13
53
108
136
142
122
78
16
-39
-87
-131
-137
-116
-75
-28
33
98
131
139
134
102
48
-4
-58
-101
-128
-117
-80
-45
4
60
90
108
108
86
40
-17
-61
-97
-116
-119
-83
-45
1
64
106
123
127
117
81
26
-29
-73
-110
-121
-106
-78
-34
15
64
103
123
131
116
77
36
-8
-49
-81
-87
-79
-54
-19
15
55
75
80
80
64
26
-22
-41
-66
-84
-73
-55
-27
7
48
77
94
97
83
59
25
-9
-38
-68
-75
-64
-55
-36
-7
25
44
51
50
50
32
6
-11
-29
-43
-43
-37
-35
-28
-10
7
8
19
24
20
14
16
15
5
8
9
1
-2
-4
-1
-8
-11
-13
-16
-9
-5
5
15
16
23
28
19
7
-3
-9
-24
-36
-24
-12
-1
22
56
69
78
82
75
47
27
-2
-39
-63
-74
-65
-53
-34
5
36
53
71
72
47
27
-8
-47
-80
-103
-107
-103
-77
-42
0
34
60
79
76
58
34
4
-37
-59
-73
-73
-66
-45
-12
21
44
64
73
64
47
21
-4
-23
-34
-49
-35
-22
0
40
61
75
81
83
62
40
26
-2
-21
-24
-21
-19
2
22
30
41
42
33
13
-4
-21
-50
-56
-61
-52
-32
-12
5
18
27
23
21
-3
-32
-53
-72
-74
-78
-67
-40
-23
3
30
47
43
30
22
2
-16
-29
-38
-38
-30
-9
7
29
46
56
58
43
35
17
2
-13
-14
-11
-9
9
25
44
55
68
77
66
56
43
24
8
-6
-8
-6
-5
1
9
11
15
17
6
-1
-9
-13
-27
-31
-23
-23
-20
-13
-4
4
13
13
14
2
-2
-9
-15
-19
-22
-18
-14
-11
-4
-1
2
13
12
13
7
2
2
-6
1
-9
-8
-3
-5
-1
-1
0
9
14
20
27
25
21
27
28
15
11
9
3
-9
-18
-24
-19
-17
-15
-2
3
10
15
18
18
6
-6
-15
-25
-30
-33
-24
-10
5
22
36
46
51
42
35
20
-3
-23
-32
-41
-39
-21
-5
13
32
53
64
59
55
38
20
-9
-31
-48
-49
-46
-37
-17
5
25
43
59
54
42
35
15
-6
-28
-36
-40
-39
-26
-16
1
18
33
39
31
26
16
5
-6
-16
-19
-22
-15
-3
3
11
14
18
26
20
15
9
10
2
7
6
0
2
8
9
8
9
2
4
2
7
15
14
15
16
17
15
8
5
-9
-19
-14
-19
-25
-19
-13
-2
8
21
34
30
25
21
9
-5
-13
-20
-17
-12
-13
0
10
22
34
37
36
28
22
12
15
3
-4
-3
0
5
7
13
20
13
13
11
-4
-9
-18
-22
-23
-18
-8
-1
9
21
22
19
19
10
-3
-16
-29
-35
-35
-32
-26
-19
-7
2
9
13
10
6
-5
-14
-24
-31
-29
-24
-18
-2
3
10
17
18
25
12
10
2
-16
-12
-11
-4
8
21
31
40
48
44
38
32
22
1
-10
-23
-28
-29
-18
-6
6
13
12
23
16
3
-10
-19
-29
-31
-33
-37
-25
-17
-5
10
17
17
14
11
0
-14
-24
-32
-37
-32
-27
-27
-13
-8
-1
3
2
1
-6
-9
-10
-12
-12
-11
-2
2
1
8
12
18
16
7
4
2
4
-2
-5
-3
-2
-3
-7
-1
-6
-11
-8
-7
-10
-12
-6
-6
-1
-5
-5
-1
-9
-10
-10
-17
-13
-20
-19
-16
-11
-8
-7
5
6
8
9
3
4
-2
-9
-13
-10
-18
-18
-11
-11
-4
-1
-1
-4
-4
-8
-5
-1
-6
-2
-1
4
6
11
13
8
10
8
4
-1
-4
-7
-9
-21
-16
-8
-5
-10
-5
3
5
14
10
10
10
7
4
1
3
2
1
-3
3
3
2
5
2
-5
-3
-1
-7
-8
-8
-7
-10
-12
-9
-9
-2
-3
-4
0
-1
5
7
0
-8
-8
-11
-10
-10
-10
0
-2
11
16
19
17
14
12
8
13
-2
-2
-5
-7
-4
0
-2
4
9
9
12
17
20
21
16
12
7
5
-3
-6
-7
-4
2
-4
-3
6
8
6
5
4
11
2
-4
-1
-5
-4
-10
-11
-8
-11
-4
-2
0
1
3
0
1
6
3
0
0
-1
-3
-3
-1
-1
-2
4
12
6
5
11
9
13
10
4
5
6
9
5
2
2
3
8
12
13
11
18
18
13
15
16
9
10
6
-3
-1
-2
3
-4
-5
2
5
3
5
0
-5
-7
-11
-9
-11
-9
-9
-10
-7
0
2
9
7
0
2
-2
-3
-9
-11
-8
-7
-10
-7
-3
-5
-1
7
5
5
7
-1
-2
-2
-3
-7
-4
-1
2
9
8
11
3
7
5
-2
-2
-6
-13
-11
-5
-8
-10
-1
-1
2
0
-5
-6
-7
-6
-9
-15
-15
-12
-14
-12
-14
-11
-4
0
-2
-5
-4
-6
-4
-6
-12
-8
-11
-9
-7
-6
-1
-1
-3
-4
-1
-5
-8
-5
-1
-6
-6
0
-9
-9
-1
4
6
2
1
0
0
-3
-5
-3
-3
-9
-12
-6
-8
0
0
-4
-3
-6
3
1
-1
-5
-4
-4
-11
-6
-15
-11
-6
-8
-9
-6
-1
-5
-3
0
4
-2
0
1
-10
-11
-4
-5
-6
-8
-3
0
-2
-1
1
-3
-9
-8
-7
-12
-17
-16
-20
-17
-14
-4
-3
0
3
-1
-3
-4
-5
-13
-22
-17
-22
-23
-16
-20
-20
-18
-11
-10
-10
-10
-7
-6
-5
-9
-13
-13
-15
-15
-6
-7
-7
-5
-4
-5
-3
2
3
7
7
8
3
3
5
7
1
5
7
5
4
5
11
11
5
0
1
5
-1
-2
-1
-4
-2
-3
5
-4
-5
0
-7
-2
-6
-10
-11
-10
-4
-9
-12
-5
-5
-13
-9
-4
-5
-2
-9
-2
-4
-4
0
5
6
2
7
5
10
4
8
4
2
7
12
10
11
13
9
12
14
9
9
16
13
9
7
6
8
3
1
-3
0
4
1
-3
2
0
-8
-5
-10
-7
-8
-4
-9
-13
-4
-6
-7
-7
-6
-7
-6
-6
-6
-6
-6
-6
-6
-1
-1
-3
-3
-3
-2
-1
3
3
9
10
12
14
9
9
14
13
9
12
13
10
13
10
10
4
2
6
7
5
-3
-2
-3
1
2
8
6
6
1
-1
1
0
-4
-7
-4
-10
-9
-12
-10
-11
-11
-9
-15
-9
-10
-10
-9
-9
-12
-16
-14
-14
-16
-14
-5
-3
-2
-5
1
-5
3
2
-5
-1
4
5
-3
0
6
12
7
4
11
5
7
-2
-8
-2
-9
-5
-6
-4
8
5
3
3
2
3
4
-2
-3
-1
-6
-2
-3
-6
5
5
-4
-1
1
1
-1
-7
-9
-5
-3
-3
-4
-5
-5
1
-2
-5
-5
-4
-13
-10
-10
-16
-10
-6
-8
-3
-5
0
-3
-5
4
1
1
-3
1
-3
0
-3
-1
-7
-1
1
-5
-1
-13
-5
-9
-15
-18
-17
-12
-18
-10
-12
-8
-6
-2
6
0
-1
3
0
-7
-6
-2
-2
-4
-7
1
12
-3
-4
4
4
7
2
1
0
8
-1
-6
1
-1
0
0
3
8
9
5
6
3
3
5
2
-6
-10
-5
1
1
-4
4
0
5
-1
0
-3
-1
-4
-6
-10
-13
-8
-18
-15
-8
2
6
8
4
7
11
8
3
-3
0
-4
-8
-4
-3
5
2
0
6
6
13
9
8
8
6
7
1
-1
-1
2
3
3
3
1
1
-1
0
-3
-3
1
1
-2
-1
4
6
4
3
7
5
5
8
1
4
1
3
-1
3
4
-4
1
5
5
3
6
9
8
10
9
7
10
3
7
8
11
2
-2
6
0
1
-5
-1
-2
-6
1
-7
-10
-6
-2
-6
-5
-1
-1
-7
-4
-4
-4
-1
6
9
3
5
3
6
4
7
0
7
3
-4
4
5
3
0
7
1
4
-2
-2
0
2
4
0
-2
-1
1
0
3
3
12
2
1
-1
4
0
-4
2
4
1
0
5
0
4
5
0
-3
1
-5
-7
-5
-7
-4
-9
-4
-7
-2
-1
-5
-7
0
1
-5
-3
-5
-4
-8
-7
-10
-7
-2
-3
-2
-7
-5
-5
-2
-7
-7
2
1
3
-2
-4
2
1
5
3
-1
-2
2
5
1
1
3
1
-5
1
-1
-2
-3
-12
-7
-8
-6
-7
-4
-7
-9
-12
-5
-7
-16
-9
-12
-17
-19
-15
-16
-13
-8
-11
-9
-9
-10
-7
-8
-9
-15
-12
-16
-18
-10
-10
-9
-8
-11
-10
-10
-9
-9
-11
-5
-12
-11
-9
-6
1
-8
-8
-10
-9
-6
-6
-1
-7
-3
-5
-4
-5
-6
-2
-8
-9
-8
-5
-10
-11
-11
-10
-10
-10
-11
-13
-9
-6
-8
-9
-9
-5
-4
-2
-1
-4
-1
-2
1
1
-2
-1
-3
-1
-4
1
-2
-1
-4
0
3
-5
-6
-2
-1
0
-5
-6
3
4
1
-3
3
3
6
4
-3
-3
-3
-1
0
0
6
0
-4
-8
-8
-4
-10
-6
-4
-5
-4
-2
4
0
3
-3
-7
-3
-9
1
-4
-5
0
-5
-1
2
3
5
6
6
5
4
1
4
3
3
2
1
1
-2
-3
-1
5
4
4
-1
1
-2
1
0
0
1
1
2
-2
2
3
-6
-3
-4
-10
-9
-8
-3
-10
-9
-9
-9
-8
-7
-9
-7
-9
-2
-3
-3
-2
-7
-9
-3
-3
-3
-6
-3
1
-2
-3
1
1
5
8
3
10
7
7
7
9
7
9
5
4
6
5
0
-4
1
-1
-3
-2
1
4
1
2
6
3
1
1
0
2
-2
-2
-3
-1
1
-9
-2
-3
-5
-3
2
-1
3
2
6
6
0
-2
-4
0
4
0
1
-3
-3
1
4
12
1
3
5
0
-5
5
9
1
-1
0
3
3
6
7
5
6
4
2
0
-2
1
-5
-6
-3
-5
0
3
5
0
6
4
1
1
-4
2
-11
-11
-11
-11
-12
-6
1
-5
1
-5
0
0
-3
-2
-9
-4
-3
-4
0
2
-3
-1
8
5
3
3
3
7
1
5
5
3
9
4
5
7
8
4
2
1
-3
-6
-5
-9
-6
-5
-6
-4
0
2
-3
-3
3
1
2
6
-1
5
1
1
-2
-6
1
4
-4
-9
-10
-12
-14
-11
-14
-22
-15
-12
-7
-9
-7
-2
1
5
0
4
3
2
2
2
1
-4
-2
-3
-6
1
2
2
0
2
6
3
-3
3
3
-3
0
5
3
-1
3
5
4
1
3
-8
-9
-10
-4
-2
1
3
2
4
9
9
3
0
-2
-1
-5
-4
-5
-3
-7
-7
-7
-4
-10
-2
-6
-5
1
-6
3
0
6
3
9
9
5
3
4
-5
-6
-3
-11
-5
-8
-4
-1
2
-5
-1
-2
-3
-3
-2
-4
-3
5
1
-1
3
4
2
-3
-5
-6
-3
-2
-2
-4
3
6
2
4
1
4
1
0
4
0
4
1
-2
0
-2
5
-3
-10
-4
-3
-9
-5
-2
-1
0
5
6
8
9
17
13
14
15
13
10
6
5
2
6
-4
-4
-5
-3
5
1
6
10
13
14
14
14
12
11
8
6
3
-6
-2
-4
-3
3
3
7
6
3
-1
0
4
-3
1
1
3
11
4
7
9
8
5
5
1
-1
3
1
-1
-1
-3
-5
-1
-3
1
10
6
6
13
12
15
11
12
15
8
6
0
1
-2
-1
1
-7
-5
-1
0
2
4
4
1
1
6
1
-2
-1
1
-3
-1
2
-6
-8
-9
-8
-4
-13
-20
-14
-8
-8
-6
-5
-3
0
4
7
4
3
9
2
-2
-2
2
0
-11
-10
-7
-13
-9
-7
-7
-7
-4
-3
-5
0
-1
-2
-2
-4
-4
-5
-3
-5
-5
-7
-12
-10
-6
-6
-9
-3
-5
-5
-3
-2
1
0
1
-2
-2
1
4
4
-2
-6
-5
-11
-9
-13
-9
-9
-10
-3
1
0
1
6
-3
-5
-4
-1
-9
-6
-9
-6
-11
-13
-5
-15
-8
-10
-11
-13
-14
-10
-8
-6
-6
1
3
5
4
4
-1
0
-3
-4
-7
-12
-4
-12
-4
-3
1
4
2
4
5
2
-4
5
4
7
0
0
1
-4
-2
-2
-5
-9
-8
-3
-10
-10
-5
-9
-2
1
4
3
6
6
0
5
2
-2
-1
-7
-9
-10
-10
-8
-8
-8
-6
-5
2
1
1
2
2
-2
0
3
0
1
2
2
2
1
-1
2
-3
-4
-5
-6
-7
0
4
2
6
7
7
8
5
3
2
2
3
-1
-3
-1
-1
-1
0
2
6
-1
-2
4
7
7
7
11
3
12
14
15
13
6
2
3
2
-4
-8
-12
-3
-4
-2
-4
1
7
6
14
19
11
11
10
6
-1
-1
2
-2
0
4
3
8
0
5
4
2
2
-2
4
7
11
6
7
10
7
12
5
4
3
-2
-3
-4
-5
-5
-1
1
2
12
14
13
17
19
11
9
15
6
6
1
2
0
3
5
-2
-5
-2
-5
-2
-1
-6
-1
0
0
3
9
7
10
5
8
4
-1
5
-1
-5
-1
-3
-6
-2
0
-2
-2
0
0
3
3
12
10
6
10
3
2
-3
-2
0
-3
-1
4
0
2
7
4
2
2
0
2
7
8
9
8
7
8
11
2
0
-1
4
-12
-13
-8
-12
-10
-5
2
-4
6
3
4
7
6
6
4
0
-1
0
2
-2
0
-3
-6
-5
-6
-5
-8
-3
-3
3
2
1
3
4
6
2
6
1
-4
1
3
3
-4
-2
-2
3
0
-4
-5
-6
-5
-5
-2
0
5
8
4
10
5
-1
0
-4
-11
-15
-15
-11
-15
-18
-12
-12
-7
-5
-3
-4
-1
3
6
5
1
6
-4
-1
-3
-3
-4
-2
3
-1
2
1
0
2
7
3
0
-4
-1
-3
0
-1
-2
4
7
5
4
9
6
3
-1
-7
-9
-11
-13
-12
-10
2
3
2
8
9
11
4
7
-2
-3
-11
-6
-10
-12
-15
-14
-6
-12
-3
-5
-2
3
4
3
2
3
-2
-2
-3
-5
-10
-14
-4
-2
-5
-1
4
0
-3
0
-5
-8
-7
-13
-11
-6
-4
4
6
9
12
10
11
2
-1
1
-6
-7
-5
-12
-11
-6
-3
1
4
9
5
7
9
0
0
0
-7
-9
-9
-11
-12
-13
-14
-7
-7
-1
-3
2
8
3
8
5
2
-3
-5
-5
-9
-2
-3
-1
2
-3
8
1
3
6
-1
-8
-13
-10
-15
-12
-11
-11
-3
3
8
13
11
14
6
14
6
1
-3
-6
-6
-10
-2
-2
5
3
7
10
5
4
2
4
-2
-8
-7
-7
-7
-9
-9
-8
1
0
10
2
6
6
4
4
4
2
2
-2
0
6
5
5
4
9
10
11
11
3
1
3
-3
-7
-9
-3
-10
-3
4
4
8
4
5
6
5
7
5
6
1
6
7
2
0
0
5
5
6
3
5
4
4
1
-1
3
6
4
-4
-1
-6
-5
-4
-3
2
2
3
3
4
9
5
5
4
0
-1
-2
-4
-8
-4
-3
6
3
0
5
4
-3
-6
-4
-7
2
3
0
5
3
2
4
4
10
-1
8
6
2
6
3
3
5
10
7
1
3
7
5
5
8
7
1
1
2
5
3
2
-3
0
5
5
-2
-1
-1
-4
-7
-7
-7
-4
3
1
3
8
7
5
8
4
3
1
-3
-1
0
4
10
4
4
6
3
9
6
5
2
3
0
-8
-8
-3
3
7
9
9
12
14
9
1
10
2
6
3
1
1
-4
2
5
5
4
5
3
10
8
4
8
7
1
5
-1
-6
-1
-3
5
4
3
6
4
8
8
7
2
1
3
5
2
-1
2
-3
2
-1
-6
-2
3
-2
-2
-3
-4
2
-2
-1
-2
-1
0
1
-1
3
5
-4
2
1
1
8
2
2
3
3
3
6
-2
1
4
2
7
3
4
2
5
8
1
3
7
8
0
-1
-3
-4
-1
0
0
7
2
10
8
-2
2
0
0
8
2
0
5
-6
-2
6
-2
1
1
-2
2
4
4
1
-5
1
3
-7
0
0
-3
-3
-4
-1
1
-2
-5
-6
-8
0
-1
-5
-4
0
6
7
-4
-4
-1
-9
-4
-5
-5
-1
-5
0
0
2
7
1
4
5
1
-3
4
2
3
4
1
5
2
-1
-1
6
-2
-1
-1
2
4
-3
4
3
3
6
5
7
10
6
6
11
3
9
8
6
6
0
-1
-2
-2
-1
4
3
5
8
12
17
19
14
13
13
7
10
2
5
3
2
8
8
5
7
10
11
14
7
12
17
8
15
17
2
6
5
4
7
1
7
6
4
9
7
11
19
12
11
6
1
6
1
1
2
7
6
10
15
13
15
9
6
-3
-6
-4
-6
-8
-1
-2
-1
5
10
9
9
5
8
4
2
8
12
22
7
11
13
13
9
7
17
7
13
13
12
12
8
12
8
11
3
3
5
6
2
4
7
7
13
11
13
17
11
8
11
11
9
6
12
9
13
16
13
15
16
10
5
3
4
-6
-7
0
2
5
7
8
9
5
4
5
-2
3
2
4
6
6
11
6
9
6
-2
2
5
4
0
6
5
7
7
12
5
2
3
-1
2
0
1
8
3
12
16
9
10
8
9
5
10
8
10
10
14
17
15
16
4
7
1
-3
5
-2
-5
-7
-3
0
0
-2
-7
-8
-13
-8
-5
-4
-8
-2
-2
-5
0
-2
-6
-9
-7
-8
-4
-5
-2
-3
0
2
0
3
-1
-7
-7
-7
-9
-4
-8
-2
-5
-2
-4
-5
-2
-11
-4
-9
-7
-6
-6
0
1
7
3
3
0
-8
-4
-2
-4
-2
-1
1
-5
-8
-2
-3
-5
-13
-10
-9
-8
-10
-7
-6
-2
-1
-10
-8
-14
-12
-9
-10
-11
-11
-1
-6
-6
-6
-9
-9
-12
-14
-17
-15
-10
-13
-8
-7
-8
-9
-9
-4
-12
-10
-11
-11
-10
-3
-4
-10
-12
-12
-9
-7
-2
0
0
2
-1
0
4
4
2
-5
-7
-6
-9
-5
-5
-8
1
-1
-3
4
-3
-6
-3
-11
-16
-15
-18
-12
-9
-10
-3
-6
-9
-8
-8
-8
-8
-7
-3
-2
-2
-6
-5
-4
0
-6
-6
-9
-8
-8
-8
-2
-5
3
-2
-2
3
-3
-2
0
1
0
4
4
1
4
8
8
7
8
3
0
6
-2
0
1
5
8
9
6
7
8
2
-1
-3
2
-2
-5
-2
-1
0
-3
4
4
3
-1
-8
2
6
-1
-2
3
-2
2
3
-2
-7
-1
-3
-3
-1
-4
5
1
1
-2
-3
2
-1
-2
-2
1
4
3
-1
1
3
7
1
0
5
1
-3
3
5
4
3
6
8
9
7
7
11
4
11
9
8
7
9
7
9
6
6
12
9
13
9
7
5
5
9
7
4
7
-1
-1
0
-2
1
3
7
6
4
2
6
6
0
-1
-1
1
7
0
1
2
3
4
3
5
-4
-3
1
0
1
3
5
2
2
2
-3
4
-1
0
0
-4
0
2
4
6
4
1
7
4
4
7
3
0
7
9
7
9
7
6
6
4
1
-2
-2
-1
1
2
1
2
0
1
1
4
-5
-2
-4
-2
0
-5
1
-1
-3
-4
-3
3
-4
3
5
0
6
3
2
0
3
-1
-3
-2
0
-6
3
2
1
-1
3
3
4
5
6
5
-2
-1
-3
2
5
10
9
11
11
7
5
1
-2
-6
-1
6
0
2
6
5
7
1
0
-1
-5
-4
-3
-2
-1
2
0
1
5
-4
2
-2
-4
0
-6
-5
-7
0
-2
-7
-7
-8
-6
-3
-7
-17
-12
-7
-5
-6
-4
-6
-7
-4
-1
-6
-5
-3
0
1
0
0
2
2
0
1
3
0
0
4
3
5
3
-1
-3
1
1
-4
-4
-5
-4
-7
-1
-3
-6
-5
-4
-4
-11
-10
-3
-8
-6
1
-3
9
2
-1
-4
-4
-6
-9
-10
-14
-5
-4
-11
-5
-5
-2
-3
-2
-6
-2
1
0
-5
-3
-6
-4
-4
-4
2
0
4
-4
-1
-4
-2
8
7
5
6
4
2
4
-1
-2
-4
-3
-1
-3
3
7
3
2
5
6
1
2
-6
-2
-2
-6
-5
-2
-2
-3
1
2
0
2
3
1
0
-1
-2
7
0
3
0
0
2
0
-2
-3
-1
-1
1
-5
-2
-4
-4
-7
-4
-1
-6
-6
-3
5
4
2
3
3
2
0
-5
-3
1
4
1
-1
-2
-2
-2
-3
-1
2
1
-2
0
-3
3
3
-2
5
2
8
4
6
6
8
8
11
14
9
16
13
15
17
19
15
7
7
11
10
9
8
3
6
9
9
13
7
4
6
3
6
8
10
2
0
6
5
4
9
7
9
9
1
6
8
11
3
2
5
7
7
1
1
1
2
6
5
3
6
4
5
7
6
-1
3
5
8
8
8
5
8
11
7
7
11
15
7
11
15
13
7
13
13
11
5
3
8
6
9
11
3
3
7
9
9
3
4
5
11
9
10
8
9
12
6
14
8
8
15
7
5
4
4
8
4
11
8
12
10
7
7
2
8
3
12
8
8
12
7
4
9
4
3
4
-1
6
8
3
6
7
9
7
2
2
6
7
-2
5
1
4
0
5
3
-2
0
-2
3
-3
1
-4
-2
-4
-6
5
6
3
2
0
4
7
11
12
10
9
5
3
8
11
3
7
12
7
13
13
14
13
14
14
8
11
5
8
9
3
5
8
9
8
10
11
12
9
4
7
6
7
10
10
12
9
13
3
5
8
9
9
1
2
2
9
1
2
4
-1
2
5
0
-2
3
-2
-2
1
1
1
-2
5
5
-2
-2
-2
-6
-6
-5
1
3
-6
-5
-1
-2
0
-3
-1
3
-1
0
4
-3
0
2
2
-6
-5
-6
-1
1
3
-1
-3
0
-6
3
0
2
7
4
3
3
6
-1
1
0
-1
1
1
0
2
-2
-1
1
0
-1
-2
-6
-4
-2
-8
-2
2
3
1
-5
-4
4
1
-1
-1
1
0
3
0
-3
0
2
2
-2
1
2
6
3
4
1
3
7
2
-1
1
2
-2
2
1
2
4
4
2
9
8
10
8
4
8
10
8
9
10
7
7
6
6
0
4
3
9
7
2
10
4
5
-1
5
7
3
2
2
-1
0
1
-2
0
-1
-1
-2
-5
-2
2
-3
3
8
5
8
0
4
3
1
3
6
2
7
8
13
14
10
11
4
5
4
3
11
13
7
10
10
9
14
13
16
17
7
8
11
6
4
9
11
11
12
13
12
9
10
10
11
14
19
18
19
16
17
11
9
8
6
9
5
2
7
9
8
11
3
11
9
12
7
7
4
1
6
5
8
14
14
10
13
9
3
9
3
3
8
5
8
-1
4
7
7
11
9
11
15
12
7
14
9
9
11
13
8
11
15
11
14
7
13
12
8
9
10
11
12
9
7
11
5
3
6
6
9
5
4
7
3
4
5
10
4
0
8
10
8
4
9
10
9
9
6
7
5
3
2
1
4
-1
5
8
7
8
8
1
7
9
6
10
6
5
10
6
5
5
4
1
4
0
3
6
4
6
0
7
8
11
2
4
8
8
8
3
4
6
6
10
9
6
10
11
8
4
9
7
2
4
-1
3
8
7
6
10
12
12
10
6
6
2
11
12
13
16
14
13
4
8
10
8
6
4
5
8
11
3
4
4
6
5
1
8
8
9
9
5
10
8
7
4
6
10
10
4
5
3
7
9
7
9
7
9
10
6
5
5
5
10
-2
0
1
-1
3
1
0
4
5
2
6
7
8
6
7
6
3
3
4
0
3
0
0
4
5
1
1
-4
-3
-2
4
6
1
1
7
2
2
-3
-6
-3
-1
-1
0
6
2
4
8
5
5
6
5
5
7
5
8
9
4
13
15
11
8
6
11
7
10
5
3
9
6
10
9
8
7
9
0
2
3
1
2
-1
2
1
6
6
7
5
8
-1
-1
-7
-5
-3
-3
0
-5
3
2
4
-6
-2
-2
-4
-5
-1
-1
6
7
3
0
-2
1
3
1
0
0
2
-2
-3
2
4
3
-1
2
-1
3
2
-4
2
0
-2
0
2
0
-3
-1
1
1
-4
-3
-2
-2
-3
-3
-3
-4
-1
-8
-11
-11
-6
2
1
1
-4
-7
-5
-9
-1
1
-10
-3
0
-4
-7
-11
-4
-4
-3
-6
-7
-11
-10
-2
-12
-3
-2
-13
-10
-5
-5
-5
-5
-5
0
-1
-4
-8
-9
-3
-7
-9
-8
-9
-3
-5
-8
-5
-4
-3
0
-5
-1
2
0
-1
-3
-6
-2
-5
-7
-1
-8
-7
-4
-7
-13
-7
-8
-3
-6
-13
-6
-9
0
2
1
0
-3
-5
-5
-8
-6
-14
-13
-1
-6
-9
-6
-1
0
-2
-6
-6
-2
-5
-9
-6
-8
-9
-10
-8
-7
-7
-5
-6
-1
-7
-9
0
-7
-5
-1
-8
0
-4
-4
-8
-6
-8
-7
-4
-7
0
-3
2
-1
-1
1
6
-3
0
4
9
3
-1
2
4
3
-1
4
1
0
6
2
-2
-1
-3
-4
-1
3
1
7
4
8
5
7
8
5
7
1
-2
2
10
12
11
17
10
9
7
5
1
0
1
-5
-5
1
6
5
7
7
10
11
4
4
4
2
1
6
5
8
7
7
8
8
5
6
11
4
2
-2
4
-3
-3
1
6
11
11
7
2
5
5
5
1
-5
-4
1
4
0
2
6
7
12
6
2
1
3
1
3
3
8
10
6
11
10
13
6
8
9
6
6
6
9
5
6
2
5
2
4
4
6
3
-1
6
1
6
7
-2
4
1
2
5
3
-3
2
6
4
5
5
10
4
10
6
6
7
-1
-1
-3
2
2
-1
3
4
9
11
7
7
3
0
3
5
-4
2
3
-2
5
4
9
10
-2
-7
2
2
-1
1
1
4
7
3
3
-2
4
10
4
1
8
6
-2
3
-2
4
2
-2
-3
4
6
5
5
4
8
2
5
5
2
2
2
2
4
8
3
2
3
6
4
2
-1
2
-1
-1
7
4
2
0
-2
4
2
1
-1
-6
5
5
1
-4
-2
-3
-1
7
-1
-1
0
6
7
4
5
7
6
2
9
4
6
9
7
4
4
3
9
8
4
8
7
4
2
3
1
3
-1
3
3
2
2
4
5
7
7
0
6
5
5
2
10
6
7
10
2
1
3
5
3
3
6
7
3
10
7
5
1
1
-3
3
1
-2
2
8
3
2
10
11
13
2
4
1
0
0
1
3
0
1
0
2
-6
3
3
2
3
5
-1
1
6
5
4
-1
1
-2
1
1
1
7
9
11
8
3
8
2
1
3
2
8
6
9
8
6
12
12
10
5
4
6
1
3
7
2
4
2
5
7
10
7
1
0
4
5
5
1
-2
5
5
0
-1
6
-2
2
6
-1
5
3
4
6
2
4
3
0
3
-3
-3
6
0
4
2
-1
0
2
1
4
10
3
4
6
0
4
-2
-3
-1
0
-5
-3
-7
-4
1
0
-4
-5
0
-2
-1
-2
-5
-5
-4
-5
1
-1
-3
-3
-1
-2
0
2
4
1
-1
6
3
14
10
5
10
6
2
4
4
6
12
9
6
3
5
6
-4
-3
-3
-2
-9
-2
0
-2
1
-1
0
-1
-2
-4
-4
-3
-4
-4
-2
-7
-1
4
3
2
3
-1
3
1
4
4
-3
-5
0
1
-3
-3
-3
2
-5
-4
-7
-2
0
4
8
5
3
2
9
5
8
3
4
9
1
4
6
11
2
4
3
-2
7
3
7
5
5
7
1
6
6
8
9
9
8
9
3
4
8
2
7
5
-3
5
5
1
3
1
6
-6
-1
4
-4
1
-1
6
3
-4
-1
-1
2
-1
-1
-1
2
4
10
6
2
5
3
5
2
-3
-2
-4
0
4
6
6
0
7
9
7
-1
2
1
0
4
5
6
2
7
0
7
4
6
2
-2
1
-4
-3
-2
-4
0
5
1
1
3
0
0
-3
1
1
0
-3
-2
-2
8
3
6
3
-1
5
-3
-3
-5
0
-4
-2
-4
-5
-2
-3
-4
-3
-1
-4
-7
-1
-1
-1
0
-2
-1
-4
1
-3
-1
-3
0
3
-1
2
-2
2
-2
-4
-3
1
9
1
6
4
1
3
7
6
4
4
2
12
5
2
6
6
5
5
0
1
-2
3
