-17
-20
-19
-12
-14
-20
-19
-16
-19
-17
-13
-12
-15
-15
-16
-15
-12
-15
-18
-16
-12
-13
-12
-14
-13
-12
-14
-18
-18
-16
-20
-13
-16
-15
-14
-8
-13
-12
-9
-13
-16
-10
-10
-13
-11
-12
-8
-11
-12
-15
-14
-10
-15
-20
-17
-12
-10
-12
-12
-10
-8
-11
-11
-11
-6
-7
-11
-10
-6
-7
-7
-12
-13
-7
-14
-13
-14
-8
-12
-13
-13
-16
-12
-10
-11
-9
-10
-14
-8
-11
-12
-14
-14
-14
-9
-12
-9
-12
-17
-12
-11
-18
-18
-13
-16
-18
-19
-20
-13
-8
-15
-18
-17
-18
-21
-20
-18
-17
-18
-19
-15
-15
-18
-20
-15
-19
-18
-14
-18
-18
-16
-16
-19
-17
-13
-12
-14
-18
-19
-15
-16
-17
-15
-19
-21
-12
-15
-14
-14
-14
-9
-8
-13
-12
-16
-12
-12
-15
-13
-13
-12
-12
-6
-10
-18
-16
-7
-4
-10
-9
-9
-12
-10
-8
-12
-12
-13
-14
-11
-10
-13
-8
-12
-12
-7
-5
-11
-11
-3
-7
-8
-11
-8
-9
-5
-13
-8
-3
-5
-2
-6
-9
-6
-4
-6
-6
-12
-12
-9
-7
-12
-12
-13
-10
-12
-9
-12
-13
-11
-11
-10
-11
-12
-12
-13
-15
-14
-13
-18
-23
-12
-20
-15
-14
-13
-15
-16
-14
-17
-14
-15
-17
-20
-18
-23
-17
-16
-19
-19
-18
-19
-18
-16
-19
-24
-23
-16
-16
-14
-14
-13
-15
-22
-14
-17
-20
-15
-20
-17
-20
-17
-22
-24
-16
-15
-15
-20
-20
-22
-25
-20
-15
-17
-18
-12
-19
-18
-21
-19
-19
-23
-18
-23
-19
-18
-16
-15
-20
-21
-20
-19
-19
-21
-22
-17
-18
-17
-16
-17
-17
-14
-13
-20
-19
-18
-14
-13
-12
-16
-13
-16
-17
-16
-18
-11
-13
-10
-14
-12
-16
-19
-12
-12
-14
-13
-8
-12
-14
-12
-15
-12
-13
-14
-17
-20
-17
-16
-12
-11
-16
-14
-14
-9
-12
-13
-14
-13
-12
-14
-12
-14
-16
-16
-14
-16
-10
-14
-10
-8
-6
-8
-9
-13
-14
-9
-9
-12
-14
-10
-8
-8
-11
-11
-13
-11
-13
-13
-15
-17
-17
-12
-17
-15
-10
-12
-8
-14
-16
-12
-15
-11
-15
-15
-9
-18
-12
-6
-13
-14
-13
-12
-11
-13
-13
-9
-9
-9
-11
-11
-13
-11
-13
-13
-14
-13
-11
-10
-7
-15
-12
-12
-15
-5
-6
-8
-7
-7
-3
-8
-5
-5
-5
-7
-7
-2
-9
-5
-7
-4
-2
-3
-4
-6
-7
-6
-8
-10
-3
-7
-9
-8
-8
-9
-11
-8
-6
-5
-3
-6
-5
-12
-11
-7
-8
-3
-1
-4
-8
-7
-7
-1
0
-1
0
-6
5
0
3
1
1
-3
-3
-2
-5
-4
1
2
-4
-2
-3
1
-1
-2
-3
-1
1
-1
-1
2
1
2
-1
6
-3
-3
-1
3
6
2
1
-3
-3
3
2
-2
2
0
-2
-6
-2
-1
-1
1
-4
-8
-6
-2
-3
-3
-4
-5
1
-3
-3
-6
-6
-5
-8
-5
-8
-8
0
3
-1
-11
-1
-5
-7
-3
-10
-3
-8
-4
-5
-8
-3
-7
-3
-6
-9
-7
-6
-11
-9
-4
-8
-1
-6
-2
-3
-2
-4
-1
-2
-4
-3
3
-4
-6
-1
-2
4
2
-1
3
-2
-2
2
-2
2
5
2
6
1
1
5
5
3
3
4
3
5
11
5
-1
10
3
0
4
1
2
5
6
10
5
9
2
8
10
15
12
9
11
11
7
6
10
5
14
12
12
11
13
10
12
9
13
17
13
8
7
13
12
8
11
10
8
11
7
10
9
8
10
8
6
9
9
10
8
7
3
5
4
9
10
2
6
4
5
3
6
8
3
9
0
5
9
7
7
9
7
9
5
0
6
3
5
7
7
8
9
7
11
7
8
3
5
12
6
7
8
5
7
9
2
6
11
4
6
6
7
12
7
9
8
4
4
6
9
8
9
8
4
7
10
15
12
10
16
16
16
14
8
8
10
9
13
13
6
14
11
14
14
8
10
11
19
15
15
21
16
15
15
12
18
15
16
13
11
13
11
14
10
11
11
10
11
11
8
9
10
8
7
9
8
8
9
8
16
10
11
8
7
4
2
4
2
4
6
5
3
11
4
8
7
5
5
8
8
5
7
10
10
7
9
9
10
6
5
6
3
2
6
5
9
5
7
2
6
3
5
3
6
9
8
9
4
9
6
12
9
6
5
3
4
1
2
6
9
3
4
1
3
0
0
3
1
5
0
4
5
7
5
3
7
1
4
4
1
6
3
5
1
3
4
9
4
2
3
6
9
6
0
1
4
5
11
7
9
9
3
6
7
3
4
2
5
5
7
8
7
6
4
5
6
8
2
0
6
8
11
5
5
8
6
10
8
11
6
8
8
7
11
8
10
7
1
3
4
0
4
5
3
0
-4
3
2
1
-1
-2
-2
0
3
0
3
1
-4
-6
1
0
-9
-6
-6
-9
-5
-10
-7
-6
-3
-2
-9
-3
-12
-1
0
-4
-4
-5
-2
-2
3
-3
-5
2
-2
-10
0
-11
-2
-2
-6
-8
-3
-5
-4
-2
-5
0
2
-3
-6
-3
-6
-4
-2
-3
-7
-10
-9
-9
-9
-2
-4
-3
-5
-5
-6
-7
-4
-2
-1
-7
-5
-8
-5
-10
-11
-3
-5
-7
-2
-5
-4
-6
-6
-2
-1
1
-5
-4
-1
1
3
2
-3
5
2
0
2
-1
3
-6
-3
-2
-3
0
2
2
0
3
3
4
4
-5
0
1
0
4
4
5
3
1
1
3
5
6
2
1
2
2
2
1
2
-2
0
3
-2
2
0
1
-2
0
5
4
0
7
3
-1
-3
1
4
-5
-4
-1
-6
-4
-4
0
1
0
2
4
1
-2
0
-1
-3
1
0
3
4
1
-3
-3
-4
-5
1
0
0
1
3
1
7
4
3
6
-1
7
6
1
6
3
6
9
12
6
9
8
7
9
3
4
8
9
6
6
2
5
4
7
4
3
4
6
12
7
9
11
3
6
8
7
9
12
11
9
13
10
8
6
5
9
10
9
15
12
7
13
11
10
9
8
10
10
15
14
15
20
18
9
14
15
14
17
13
18
13
12
19
16
14
14
14
15
18
15
17
17
17
13
12
10
13
12
14
9
13
13
14
13
14
11
9
12
14
11
10
7
8
17
7
12
16
15
15
13
13
11
10
10
9
11
12
10
7
11
10
9
7
10
10
7
6
8
9
10
10
4
9
9
7
7
12
9
9
9
3
8
3
1
4
5
6
8
10
8
4
1
6
7
3
3
8
12
12
6
5
6
3
6
11
3
7
7
3
1
3
3
-2
0
-3
0
0
4
9
6
9
1
6
2
0
3
-2
1
2
8
8
3
5
0
8
7
8
7
2
2
3
5
10
8
6
7
14
8
6
11
7
11
11
17
7
9
11
11
7
6
7
7
13
10
9
11
10
10
9
8
13
6
9
11
12
13
11
9
7
10
5
8
3
5
5
4
7
5
3
5
2
4
-2
6
0
0
6
3
6
8
6
6
7
6
7
3
2
-2
-1
6
2
1
1
0
-1
-5
-6
-6
-3
-12
-4
-5
-4
0
-7
0
-2
3
0
-6
-4
-5
-6
-3
-8
-2
-4
-8
-5
-7
-3
-9
-1
0
-6
-4
-5
-4
-7
-5
-2
-2
-5
-1
4
2
0
2
1
0
1
0
5
-1
1
0
3
4
1
4
-1
1
0
5
7
0
3
7
7
7
1
5
10
3
8
4
4
5
8
5
8
10
5
10
10
4
5
4
2
-2
2
-2
-4
1
1
2
-3
0
-5
-1
-2
2
0
-3
5
-2
5
-1
3
3
0
-1
-3
-1
-3
-5
-6
-3
-5
-4
-9
-6
-3
-3
-2
-4
-7
-6
-7
-2
-3
-9
-4
-7
0
1
-1
1
1
0
-3
-1
1
-1
-3
-4
-10
-10
-9
-11
-6
-5
-5
0
-4
0
-4
-1
-1
1
-1
-5
-5
-1
-2
-2
-4
-7
4
-5
-7
-4
-3
-6
-4
-7
-6
-3
0
-5
-9
-7
-1
1
4
3
0
4
-1
1
2
6
1
0
0
1
4
6
5
5
7
8
3
3
8
3
2
0
2
9
10
5
6
3
4
4
3
0
5
1
-1
-3
1
0
1
-2
-3
5
-2
1
-4
0
1
-1
3
7
4
5
3
-1
7
5
3
-1
2
3
-2
1
-5
0
-2
-2
0
2
4
-3
7
5
6
5
4
-1
-1
6
7
8
2
0
0
-6
1
5
-1
1
2
2
3
6
2
3
2
5
13
4
6
7
9
11
12
10
1
6
2
6
2
1
2
3
2
1
2
2
4
4
5
3
-1
0
1
-1
-3
1
5
1
-1
-4
1
5
5
0
5
1
4
5
2
3
0
3
0
0
5
1
5
5
3
3
4
7
3
1
7
4
3
7
2
3
13
6
7
5
5
9
4
5
11
6
4
9
2
4
2
9
4
6
6
1
0
6
12
7
6
2
5
9
9
6
10
8
6
11
3
2
2
6
3
6
2
4
5
2
2
2
6
1
8
6
6
3
10
3
-2
5
5
1
4
4
4
4
3
5
0
2
3
-1
2
1
2
5
0
-5
3
8
0
-5
0
3
0
4
0
-5
2
3
4
1
-1
1
4
2
2
6
2
1
3
6
4
4
1
-3
4
-3
-1
-3
0
-1
-1
2
2
1
-8
0
-3
1
-5
2
1
-2
3
-4
0
-5
-3
-7
-4
-5
-5
-3
1
2
2
1
0
3
5
6
0
3
2
4
7
3
2
-1
1
7
6
-1
4
3
3
-1
-1
3
1
2
3
2
-2
0
-2
-5
-1
2
1
1
4
3
5
2
-2
5
0
2
5
1
-3
1
4
7
5
3
5
3
7
2
1
2
6
6
4
2
4
3
4
1
3
-1
-7
-3
-1
-4
-5
2
-1
-2
-2
-1
-2
-3
-8
-1
-4
5
0
0
0
2
1
2
6
-3
-3
4
5
-2
1
3
3
6
3
3
2
-2
4
3
1
2
2
3
9
3
4
8
5
6
9
3
8
11
6
4
9
7
9
10
2
7
3
10
9
5
7
6
5
12
8
6
9
6
5
7
5
5
3
3
7
8
6
6
7
5
4
3
6
10
8
8
8
8
7
8
7
9
14
3
4
7
9
7
10
16
8
6
12
15
15
14
7
11
14
8
8
7
9
9
7
15
8
13
9
6
10
5
8
4
9
6
9
8
9
9
8
5
5
13
11
8
8
11
8
9
11
9
3
8
4
2
2
1
9
9
9
11
13
3
4
4
4
7
3
10
8
7
11
9
7
8
3
0
7
6
5
4
4
3
6
4
5
2
6
7
2
2
4
7
7
6
4
7
4
8
8
10
14
7
7
9
8
11
11
10
13
10
7
11
10
9
13
14
12
17
14
13
10
11
7
10
10
13
13
9
13
12
9
13
13
5
13
7
9
5
6
6
7
10
12
15
11
6
7
12
8
9
9
5
7
5
6
3
9
9
6
9
5
4
8
7
6
11
6
7
9
7
1
4
5
0
3
3
4
4
8
5
6
5
9
9
9
9
2
7
-1
5
6
-1
4
-1
-1
3
1
1
3
6
2
1
0
5
2
-1
5
1
2
-3
-5
-6
-2
-2
-4
-1
-3
-5
-5
-5
-10
-4
-3
-7
-2
-4
-6
-2
-5
-2
-1
-5
3
6
7
1
1
4
7
5
5
3
3
7
6
-1
4
9
2
10
7
7
6
5
7
4
4
0
1
2
2
1
4
6
7
4
8
4
5
6
4
5
5
8
10
11
8
6
7
3
7
5
11
11
4
8
6
3
7
5
5
3
6
4
6
6
0
9
3
6
9
8
5
6
11
10
6
5
5
2
6
7
11
4
7
9
1
3
1
1
0
4
4
4
3
3
5
4
0
-2
2
3
1
1
5
0
3
9
7
3
4
6
1
2
7
2
1
5
4
8
3
6
8
3
5
3
2
0
3
2
1
1
0
-1
-4
-2
1
-1
-3
2
0
1
1
5
9
5
4
1
4
3
2
5
6
0
-5
-1
2
3
11
2
5
1
4
0
-8
1
1
2
-2
3
2
1
5
4
-1
3
2
1
-1
3
2
-1
6
8
11
7
1
5
5
3
1
2
4
3
0
3
4
7
6
-4
6
6
4
7
5
4
7
6
2
8
11
4
5
5
5
1
5
3
11
9
5
6
3
7
4
7
3
5
-1
0
0
0
-1
-1
-3
0
-1
-1
5
0
1
1
1
-2
4
3
-5
5
2
3
3
0
-3
-5
-1
-2
-4
0
2
3
2
-2
-5
-3
4
-2
-8
-4
-1
-4
-2
0
2
-2
-4
-2
-2
-2
-1
1
-1
5
2
-1
-4
-5
-1
-5
1
-3
-4
-1
0
-6
-2
1
-4
0
-4
-2
1
-2
-3
-4
0
-3
-1
2
-2
2
3
0
-1
3
3
-1
-5
-2
-5
-1
9
2
-1
1
5
7
1
1
-1
-1
0
0
1
5
-1
-1
-2
-3
3
1
-3
1
6
2
2
5
6
-1
6
8
3
1
2
6
6
0
-1
2
2
1
-1
-1
0
-5
-4
4
2
0
0
3
5
4
3
3
7
-1
6
9
4
3
7
1
1
0
0
5
8
6
8
6
-1
7
6
1
-2
3
2
5
3
-3
2
-2
2
2
1
0
3
5
4
8
10
4
5
4
6
4
2
0
1
5
4
5
5
7
6
9
8
2
4
6
2
1
0
-1
-5
1
-8
-2
-3
-2
-4
-1
5
0
3
3
3
-2
6
4
1
3
3
3
-1
5
2
5
6
5
10
0
2
1
4
5
8
8
5
3
5
10
6
7
6
10
7
5
4
4
7
4
3
10
9
4
2
6
7
6
8
1
5
2
1
6
8
8
10
9
6
8
2
3
3
6
8
3
1
4
2
4
2
3
3
6
6
2
3
4
5
2
4
1
8
8
5
6
0
8
8
1
1
1
3
2
-1
4
6
3
-1
0
1
0
3
-5
-4
-6
0
2
1
-1
-2
-3
-4
1
-2
-4
1
-4
0
-1
-1
2
-6
-2
-1
-5
-5
-3
-4
-5
-6
-8
-6
-5
-4
0
-5
0
-7
-6
-8
-5
-6
-5
3
2
4
3
1
0
4
1
7
2
4
3
5
6
2
5
3
5
1
3
2
1
-1
-1
2
-1
0
5
7
-2
-2
4
-1
0
3
4
0
1
3
-1
2
1
0
2
0
-1
2
0
3
7
4
0
-2
4
5
2
2
0
5
4
0
-2
0
1
-2
2
-1
2
0
-1
-1
3
-2
0
-1
-6
-2
-3
-5
-5
-2
-7
-1
-3
-2
0
-2
-5
-13
-2
-4
-10
-7
-4
-4
-8
-5
-5
0
-4
-4
-3
-1
-7
-6
-6
-7
-9
-4
-3
-4
-5
-6
0
-10
-9
-7
-3
-5
-7
0
-4
1
1
0
-4
-3
1
1
-3
-7
-2
-1
2
-3
-5
-1
1
0
-7
-1
0
-6
-7
-1
-5
-6
-2
-4
-1
-1
-5
-6
-1
-7
-8
-6
-7
-3
-4
-3
-7
-7
-4
-5
-7
-9
-3
-6
-5
-11
-7
-3
-5
-4
-7
-5
-8
-9
-12
-7
-4
-2
-3
-3
0
-6
-8
-1
-5
-7
-3
-4
-8
-3
0
-8
2
-1
1
-4
-4
-3
-3
-8
-8
-6
-4
3
-4
-5
-5
-8
-7
-6
-2
-3
3
-6
-8
-2
-3
0
-6
-5
-9
-9
-7
-4
-7
-4
-3
-5
-7
-8
-2
-1
-1
-1
-6
-1
-2
-8
-6
-3
-8
-4
-6
-6
-3
-7
-8
-7
-8
-7
-6
-6
-6
-10
-8
-8
-3
-7
-4
-11
-11
-8
-10
-7
-3
-3
-6
-5
-5
-5
-5
-4
-6
-2
0
-8
-1
-6
-5
-6
-4
-5
-8
-7
-5
-3
-10
-7
-5
-6
-7
-10
-4
-8
-9
-4
-11
-6
-9
-5
-9
-9
-9
-12
-8
-7
-9
-5
-6
-9
-5
-4
-7
-7
-8
-8
-5
-4
-8
-5
-6
-12
-9
-14
-6
-12
-17
-10
-8
-11
-13
-13
-12
-14
-14
-12
-12
-8
-11
-13
-10
-14
-12
-17
-15
-11
-13
-15
-18
-16
-15
-18
-17
-15
-20
-14
-14
-13
-13
-15
-11
-7
-11
-15
-13
-12
-14
-15
-15
-21
-20
-14
-15
-14
-15
-16
-14
-12
-10
-16
-15
-16
-16
-17
-18
-17
-16
-15
-13
-14
-14
-22
-14
-11
-17
-12
-13
-13
-8
-7
-9
-4
-3
-6
-10
-8
-5
-3
-3
-2
0
-8
-6
-4
-8
-13
-10
-10
-8
-8
-10
-5
-13
-11
-9
-15
-11
-10
-18
-10
-16
-17
-5
-15
-13
-14
-9
-16
-19
-14
-9
-9
-7
-2
-4
-4
-9
-5
-4
-5
-6
0
-7
-8
-7
-6
-7
-6
-3
-1
-4
-11
-5
-4
-5
-3
-3
-8
-7
-7
-4
-4
-6
-9
-9
-9
-10
-9
-8
-9
-6
-5
-9
-12
-10
-12
-14
-15
-16
-7
-8
-9
-13
-11
-11
-13
-13
-12
-7
-11
-9
-11
-14
-12
-9
-13
-5
-10
-10
-8
-10
-7
-8
-3
0
-7
-10
-12
-11
-11
-9
-9
-14
-8
-13
-12
-13
-10
-11
-13
-11
-13
-13
-12
-16
-16
-15
-11
-12
-13
-14
-13
-14
-12
-5
-4
-10
-8
-8
-10
-11
-8
-8
-4
-6
-2
-6
-3
-11
-14
-1
-8
-2
-8
-6
-9
-10
-3
-8
-6
-4
-9
-7
-7
-10
-6
-7
-5
-12
-8
-6
-4
-2
-4
-8
-5
-1
-6
-12
-8
-4
-8
-6
-7
-8
0
-4
-6
-1
3
-1
-2
-5
-7
-2
-5
-4
-6
-4
-7
-6
3
-3
-2
0
1
3
5
1
1
2
0
2
5
7
6
1
1
-1
-4
1
1
-2
-4
-7
-7
-6
-3
-1
-5
-2
3
-2
-4
-2
0
5
2
-2
0
2
-2
-11
-5
1
-6
-5
-8
0
-3
-4
-4
-2
0
-1
0
-7
-4
-6
-4
-5
-4
-7
-2
-8
-5
-4
-8
-5
-4
3
-4
-7
-7
-7
-6
-4
-6
0
0
-7
-1
-7
0
0
1
0
-6
-5
-11
-4
-3
-3
-6
3
0
-6
-3
-3
4
0
-2
-3
-4
0
2
-2
0
3
1
1
-4
0
-1
0
-4
-2
3
6
-1
-1
1
2
-2
-7
-3
5
6
7
8
6
6
10
13
6
3
9
4
1
3
2
2
2
4
8
3
4
12
7
9
6
5
6
8
6
0
6
1
7
8
6
3
0
4
1
7
7
6
7
7
8
7
4
6
7
6
3
4
7
3
5
3
7
5
3
3
7
2
3
4
9
7
2
1
-3
3
2
3
4
5
-4
-1
6
2
2
5
-1
2
4
-1
0
-3
-2
2
2
7
5
0
1
-2
3
1
3
5
-1
3
5
5
3
5
2
5
4
4
3
-1
2
2
0
-2
-9
-6
-3
-3
-3
-5
-8
-2
-4
-1
3
0
-1
-3
-1
-6
-5
2
3
-1
-4
3
-8
-4
-4
-4
-3
1
5
-3
-2
-6
-3
-9
-3
1
4
3
-2
-3
1
1
2
-1
-1
1
0
-1
-5
-3
5
-1
0
3
4
-1
-3
1
-1
-2
-8
-3
2
-4
-3
0
3
3
3
2
1
5
0
1
1
4
0
-1
2
-2
3
-4
-2
-2
-2
2
-2
1
1
-2
2
-2
4
10
-1
-6
-3
1
6
-1
-2
1
-4
-3
-9
-4
1
1
-1
-8
-5
-6
-6
-1
1
-3
3
-2
-9
-7
-8
-4
0
3
1
0
-2
-7
-4
-6
1
0
3
1
-4
-2
-5
3
0
1
6
1
-1
-4
3
2
1
4
1
8
8
-2
4
6
3
7
4
-2
0
-1
-4
3
5
5
4
6
3
1
7
2
6
3
5
8
-4
1
4
4
3
2
8
5
2
3
5
4
7
7
0
6
6
0
1
10
9
8
8
6
10
11
8
-1
4
10
3
5
6
12
6
2
1
3
4
4
1
3
6
0
3
6
8
5
7
10
6
3
8
4
5
5
9
7
3
2
3
6
5
7
-1
4
-1
-1
0
4
3
-1
5
1
-1
1
0
2
3
3
-1
-2
8
2
0
2
1
2
2
1
4
1
-4
3
3
5
-1
-2
1
0
4
1
3
6
2
3
-7
-1
-4
-6
-4
-8
-8
-8
-8
-6
-3
0
2
0
-4
-9
-8
-2
1
-2
1
-4
0
2
2
-2
2
3
-6
-3
-4
-2
-8
0
2
-2
2
-3
3
4
2
3
5
-3
0
-1
0
-2
-4
-1
2
1
5
4
0
5
2
6
5
5
5
4
0
-4
4
4
4
6
-2
1
0
1
0
-5
1
4
4
2
-2
-1
0
-3
3
-1
4
4
1
-1
-4
4
6
0
-5
0
1
-2
-2
2
5
7
0
-2
-3
-2
1
2
8
7
9
7
2
6
5
2
1
1
-2
-6
0
-3
6
6
0
1
-2
-2
-4
-1
-4
-2
-3
-9
-2
1
1
-3
-3
-5
-2
-1
-2
-2
2
-4
-6
0
-1
-2
-4
-5
-4
-5
-2
-5
-2
-3
-1
-2
-7
-2
-7
0
-1
1
6
3
1
-3
-1
-3
-1
6
0
-6
-9
-4
-3
-5
-4
-4
-3
-3
-4
-4
3
0
-2
0
1
1
1
-3
-1
-3
-1
-2
-2
0
3
2
-6
-3
-6
2
3
-1
1
-1
1
-1
-2
-1
-8
-4
-5
-8
-3
-2
-2
0
-3
-8
-2
-7
-10
-8
-8
-2
-9
-6
-4
-12
-9
-6
-10
-4
-5
-9
-8
-7
-8
-8
-9
-6
-5
-5
-4
-2
-4
1
-5
-6
-8
-8
-5
-10
-6
-8
-3
-8
-10
-7
-9
-13
-5
-7
-11
0
-5
-11
-4
-6
-7
-2
2
-1
-5
-7
-4
-8
-6
-6
-4
-5
-9
-10
-6
-7
-8
-10
-8
-6
-4
-2
-4
-4
-5
0
-1
-2
-7
-8
1
-3
-3
0
-3
-4
-3
-4
-8
-3
2
-5
-7
-7
-5
-5
-3
-2
-1
-1
-2
0
-1
-3
-6
-1
-3
-4
0
-6
-10
-11
-6
-4
-3
-4
-7
-2
-5
-11
-10
-7
-1
-8
-8
0
0
-4
-7
-4
-7
1
-5
-3
-4
-7
1
2
3
4
1
-5
0
1
-6
0
6
5
3
-2
-1
-1
-4
1
0
-3
-5
-3
-7
2
-2
-1
-3
-4
0
-5
-1
-3
-1
-4
1
4
1
3
1
-4
-5
1
2
-5
-2
0
-3
-4
0
2
2
3
3
4
-3
-7
-1
1
5
3
-3
0
3
-2
2
0
-3
-5
-1
-4
-7
-1
-6
-1
-4
-3
3
-3
3
-1
-1
3
4
0
3
3
-5
-2
-8
-5
-8
-5
-1
-3
-1
-8
-4
0
-3
-3
2
2
-2
-3
-1
-2
0
3
0
-3
-4
1
3
4
1
4
5
-2
-2
3
4
3
3
8
3
-3
3
-3
-6
-2
1
3
2
7
0
2
-1
5
6
-3
-2
-4
-4
-7
-4
-5
-3
0
3
0
-3
0
-6
-3
-7
0
1
0
-2
-6
2
4
3
-3
-1
4
2
-2
-2
1
2
5
-1
-1
-1
-5
-5
-5
-2
0
0
0
0
-2
-3
2
3
2
3
-4
-2
3
-2
1
5
2
7
5
0
-3
-4
0
4
9
1
2
5
-2
3
2
-2
-3
-3
-3
-2
-1
-4
6
5
6
1
2
4
-3
-6
-4
-1
5
3
0
1
3
1
-2
-3
3
-2
-5
-3
-5
-1
1
-2
2
-3
-5
0
-3
0
-3
7
2
2
2
-2
-1
-5
2
3
0
-4
-2
-4
-6
2
-1
-4
0
-3
-2
4
-3
3
-1
3
1
-4
-3
-4
-1
-3
-1
-2
1
-4
-6
-6
-8
-7
-2
-1
-1
-3
-2
-6
-9
-3
-5
0
-1
-1
-9
-3
-3
-3
-4
-1
-2
-6
-1
-4
-2
-6
-3
-2
-12
-3
-6
-9
-10
-9
0
-5
-5
-3
-5
-6
-2
-4
-6
-2
-5
-11
-8
-7
-5
-8
-10
-10
-11
-6
-7
-3
0
-6
0
-2
-8
-2
1
-5
-3
-3
-3
-3
-9
-7
-4
-3
-4
-3
6
-6
-4
-2
-5
-5
-2
-3
6
3
0
2
-6
3
-3
2
-5
-4
-4
-6
-4
-3
-1
1
-6
-4
-1
-5
-6
-10
-4
-2
-8
1
-4
-9
-3
-11
-12
-4
-3
-4
2
-5
-6
-7
-5
4
-2
-6
-2
-6
-3
-2
-4
2
-1
-3
-1
2
-3
-6
-5
-5
-1
0
-3
-3
-3
-2
-5
2
0
-5
-4
-3
-4
-4
-4
-3
4
-2
-1
1
-5
-6
-6
-1
4
-6
0
-4
-7
-2
-3
3
-3
2
1
-1
1
-3
-6
-5
-2
-4
-3
-4
-3
-3
-3
-3
-2
2
0
1
5
3
2
3
3
-4
-7
1
-4
0
2
-2
-1
-1
2
-1
-2
-2
-2
3
5
0
-4
-3
-3
-6
2
2
7
5
2
3
1
0
-1
0
6
1
0
2
1
6
5
3
1
3
0
-3
3
1
1
0
2
5
1
-1
-3
-3
-7
1
-5
-3
-3
-4
0
-4
-2
4
-1
-1
3
-3
-4
0
-8
-4
-3
-9
-7
-6
-10
-10
-6
-7
-4
-4
-5
-8
-3
-3
-4
0
-2
-1
-1
-2
-4
-3
-2
-1
5
5
2
0
0
-1
2
4
0
1
-4
0
3
4
6
1
-2
0
1
1
0
-1
6
2
0
-3
-4
0
3
1
4
5
1
0
0
5
1
1
3
10
3
5
8
4
6
9
6
4
8
7
6
8
4
-2
6
3
9
3
6
4
7
9
5
12
5
12
12
10
4
0
3
1
7
4
-1
-1
4
3
1
4
5
9
2
-1
6
3
3
3
1
4
3
0
2
5
3
12
4
1
3
-3
0
3
4
-1
2
2
-1
-1
-2
-4
-1
-4
-4
-1
2
3
-4
-2
0
2
-1
-4
-1
-2
0
2
2
10
6
5
5
0
1
3
2
2
2
1
0
-2
-1
7
6
3
5
0
5
-1
3
2
2
6
5
3
3
-1
-5
3
1
2
5
0
9
6
0
-3
2
-2
5
-2
6
3
-2
6
3
12
8
5
2
5
5
0
2
7
4
2
3
-1
6
6
2
10
5
5
-1
2
5
3
5
8
7
-1
0
2
6
3
2
-4
-2
1
-3
4
4
2
-1
0
3
2
7
-1
0
3
3
2
6
8
6
8
4
3
5
-1
1
3
1
3
0
1
2
3
2
7
6
6
2
1
8
6
10
6
8
10
4
4
9
5
0
7
5
4
5
8
6
3
4
4
0
1
4
5
10
9
7
6
6
9
3
7
3
2
11
3
1
4
1
4
3
2
4
-2
-1
1
5
-2
1
2
0
8
9
4
-2
3
1
1
1
2
4
5
-2
8
1
4
-3
-2
3
-1
0
3
1
0
4
-1
0
-2
5
2
-3
-5
-2
-5
-7
5
-2
-1
-1
2
-1
0
1
4
3
5
5
-1
1
-2
0
1
7
1
-1
0
-4
1
-3
0
7
3
-4
1
5
-4
0
-4
-4
2
-2
-1
-1
-4
-1
3
-3
1
-2
-8
-8
-2
-3
-5
2
-1
-4
3
0
-6
-1
4
0
-2
5
0
3
-1
3
6
7
4
2
0
0
2
1
3
8
9
1
2
1
1
5
7
9
3
8
6
3
5
5
10
4
5
2
6
0
-2
6
6
5
3
3
6
2
5
3
2
6
6
13
7
4
5
8
10
5
-1
4
3
6
1
6
1
-3
4
0
4
2
3
2
0
2
-1
-8
0
-4
0
-7
-6
-1
-6
0
-1
3
1
0
2
10
9
4
6
3
0
6
8
6
9
7
2
0
2
8
2
3
2
4
6
4
5
5
10
7
11
4
3
8
9
8
12
12
9
9
8
7
9
3
5
9
7
9
4
3
2
9
7
7
4
1
6
6
2
9
5
6
7
11
10
6
8
10
7
8
7
3
6
5
6
9
5
8
10
5
7
5
7
11
8
2
10
6
4
5
6
2
4
6
5
9
12
11
9
7
8
9
3
4
8
10
6
5
8
5
5
9
1
8
6
4
3
4
9
7
4
1
2
5
6
11
4
2
7
4
10
4
5
4
1
6
5
6
3
2
0
3
6
5
2
5
6
8
10
12
8
2
7
6
9
7
8
9
3
12
4
6
9
10
7
10
9
9
6
5
8
12
19
10
6
6
9
11
12
8
9
9
7
12
9
10
7
6
3
3
8
5
6
6
9
11
10
5
8
3
8
10
7
6
8
11
8
10
9
9
14
11
6
9
12
13
8
11
12
8
7
7
12
11
11
9
12
11
9
9
8
9
9
8
9
8
5
8
8
10
7
5
12
11
3
5
4
4
9
8
11
12
6
4
9
6
4
5
6
11
12
13
9
6
8
4
8
10
7
7
8
4
10
16
9
15
14
8
8
15
9
6
7
1
4
1
2
1
6
2
0
5
6
1
1
0
-1
3
-2
8
5
4
1
6
6
7
5
5
7
6
7
3
10
2
5
8
3
7
8
9
10
11
7
5
6
7
0
5
0
4
12
2
2
5
2
4
4
5
8
2
3
2
4
0
-1
7
1
7
4
4
7
3
3
7
7
5
7
8
11
9
10
7
12
6
5
4
2
7
-1
2
3
7
-4
-3
2
2
4
4
1
1
0
-3
2
1
-2
-3
-2
5
5
0
-1
1
0
-1
2
3
2
0
-1
1
1
-2
-1
-8
-2
1
-6
0
4
4
3
-1
5
2
4
9
9
9
8
10
9
5
6
9
10
5
6
6
2
0
-3
2
1
1
3
3
4
-3
0
4
2
2
1
6
3
2
5
-3
4
8
1
-3
2
4
0
-1
2
-1
6
8
1
2
5
7
4
6
4
5
1
10
8
6
8
2
-2
2
6
2
3
5
8
7
3
0
4
7
6
8
7
6
6
3
6
7
7
9
4
5
5
8
4
6
2
3
9
4
7
4
8
8
6
6
3
6
11
12
11
9
10
9
6
4
4
7
2
4
3
6
6
2
6
7
4
8
6
5
5
1
3
3
7
1
0
4
3
-1
3
3
1
2
4
2
4
3
6
6
5
6
10
10
4
6
7
8
7
8
9
7
8
5
5
8
8
8
8
9
5
10
5
6
10
9
13
12
11
8
8
7
11
12
10
9
4
4
4
8
10
8
8
9
6
9
8
10
12
12
13
6
10
6
4
11
9
6
4
3
4
5
6
2
4
2
3
1
2
5
2
6
5
6
8
15
8
4
11
10
10
6
5
9
5
10
5
11
7
6
10
3
7
7
9
7
13
10
9
5
6
4
3
6
6
8
6
1
-1
4
2
6
7
8
7
9
8
9
6
3
8
5
7
4
7
2
4
5
8
6
4
1
0
8
4
2
10
3
5
7
2
2
6
12
10
8
12
9
6
6
6
13
7
11
12
8
3
2
6
5
11
7
5
7
6
8
8
8
8
3
5
6
-1
-2
7
5
7
6
7
4
1
2
1
4
4
2
0
-2
3
4
5
4
1
5
-1
5
0
2
6
2
6
2
8
5
1
6
5
7
3
5
5
5
6
3
8
9
3
5
2
2
6
8
6
5
16
8
6
3
-2
2
2
4
0
0
2
2
3
2
1
9
4
6
7
1
6
10
7
8
11
3
1
5
5
4
4
7
4
6
3
-1
4
8
2
7
6
4
10
8
-2
5
10
7
12
9
8
2
3
3
0
4
10
3
2
-1
-2
4
10
10
-3
-3
1
-1
-6
-7
0
9
8
1
2
9
7
-3
-2
5
5
-2
-4
-1
2
6
7
10
8
4
11
15
17
10
11
20
17
-1
-6
3
4
-2
2
9
14
19
7
0
6
22
20
11
11
3
1
5
0
-10
-11
7
25
17
11
9
2
7
10
6
2
1
6
-8
-9
-6
0
3
2
-3
6
31
29
17
4
16
25
6
-11
-12
-2
10
2
-1
5
28
34
20
20
34
37
24
9
-2
2
4
-2
1
8
18
11
-11
-3
17
46
51
42
32
19
3
-8
-13
-23
-30
-9
10
5
3
13
18
21
24
18
26
30
5
-22
-24
-19
-32
-28
4
13
3
12
22
26
13
2
18
48
50
12
10
45
15
-45
-30
20
9
5
37
43
25
32
32
3
17
57
41
4
9
-13
-71
-77
-32
11
40
79
68
5
-7
45
25
-37
-14
53
26
-51
-48
-19
-29
-34
-27
-40
-2
78
79
43
60
59
6
7
23
-70
-136
-108
-118
-135
-67
20
110
94
-359
-912
-635
173
214
-426
-724
-749
-817
-481
-80
-445
-986
-715
-230
-151
-71
75
-38
-57
208
211
47
272
639
715
632
463
254
481
1147
1608
1845
2305
2233
687
-1345
-1638
438
2714
2264
-774
-2814
-1732
415
1107
414
-795
-1959
-1916
-366
862
462
-430
-598
-390
-314
-205
48
469
910
822
17
-737
-659
103
784
678
-251
-1140
-1107
-477
-143
-329
-784
-1307
-1498
-1118
-784
-934
-912
-395
-224
-644
-800
-519
-204
214
550
150
-434
-111
762
1231
1217
1082
1203
1858
2877
4111
5097
3450
-1393
-3863
293
5124
3486
-1380
-3039
-1965
-703
759
1145
-1166
-3521
-2896
-693
403
31
-850
-1008
-259
50
-426
-160
977
1677
1839
1606
339
-783
100
1726
1838
735
-693
-2027
-1857
-82
470
-1163
-2455
-2312
-1858
-1304
-778
-1166
-1736
-1259
-718
-961
-958
-476
-191
154
430
-189
-747
-34
775
567
232
150
-153
-194
253
313
3
-75
-161
-305
43
509
675
931
1294
1528
2094
2915
3479
3789
2905
268
-926
1635
3815
1961
-634
-928
-822
-1005
-201
-62
-1873
-3049
-2249
-1603
-1728
-1439
-1153
-1485
-1657
-1452
-1216
-526
549
1009
651
151
-114
190
1078
1518
839
-38
-190
45
162
122
-179
-727
-1115
-1092
-1036
-1146
-1202
-1217
-1566
-1848
-1567
-1232
-1346
-1189
-512
-217
-399
-246
156
418
800
1303
1482
1501
1616
1858
2553
3717
4528
4799
4492
2735
227
127
2767
4022
1786
-1185
-2326
-1727
-291
622
-480
-2822
-3884
-2955
-1472
-700
-854
-1479
-1796
-1479
-968
-586
6
876
1227
496
-377
-275
571
1199
1069
75
-1121
-1291
-403
110
-391
-1200
-1740
-1884
-1615
-1350
-1392
-1415
-1327
-1519
-1804
-1698
-1297
-832
-431
-457
-880
-902
-181
568
751
477
181
454
1442
2222
2060
1790
2470
3584
4392
5351
5911
3755
-210
-833
3072
5457
2601
-1497
-2729
-1704
-6
1021
-443
-3538
-4687
-3085
-1337
-986
-1541
-2129
-2175
-1803
-1527
-1025
36
896
937
482
-74
-149
788
1820
1484
95
-894
-883
-175
414
-4
-1271
-2086
-1938
-1552
-1383
-1415
-1649
-1819
-1759
-1791
-1591
-819
-855
-2157
-2259
-458
381
-302
-320
44
-243
312
1667
1698
1123
1699
2265
2180
2936
4178
4637
5376
6557
5334
1435
-546
2165
5646
4666
-61
-3379
-2688
-12
1504
176
-3246
-5679
-4809
-2135
-661
-1229
-2504
-3053
-2523
-1569
-778
-4
705
789
257
-162
68
988
1968
1843
349
-1011
-887
213
836
222
-1213
-2324
-2307
-1557
-1090
-1375
-1976
-2313
-2314
-2134
-1776
-1407
-1373
-1495
-1515
-1512
-1245
-337
558
549
2
-113
620
1934
2890
2713
2011
2143
3412
4842
5654
6345
6993
5604
1672
-358
2692
6161
4362
-647
-3550
-3140
-1111
487
-379
-3689
-6251
-5534
-2789
-887
-1075
-2373
-3101
-2611
-1465
-308
695
1270
1110
477
149
620
1729
2531
1736
-318
-1546
-843
485
675
-693
-2613
-3433
-2619
-1565
-1620
-2429
-3069
-3044
-2411
-1939
-2104
-2303
-1948
-1469
-1334
-1253
-633
359
836
530
193
583
1851
3375
3661
2477
2100
3780
5732
6674
7721
8616
6310
907
-972
4448
8926
4151
-3537
-4924
-3141
-2196
837
2231
-4638
-11236
-7161
-122
394
-1521
-2618
-4920
-4785
46
3040
1565
521
792
365
912
2775
3305
2463
1343
-471
-1653
-399
1209
492
-1823
-3895
-4631
-3444
-1604
-1603
-3521
-4967
-4636
-3220
-1824
-1280
-1711
-2229
-2392
-2452
-1459
962
2079
448
-970
-211
1448
3386
4776
3568
1301
1878
4889
7058
7537
7784
8431
6877
1516
-1151
4433
9252
3785
-4195
-4794
-1733
-11
900
-1072
-6321
-8384
-4907
-1381
-952
-2065
-3173
-3267
-2037
-440
1002
2059
1902
946
826
1532
1875
1983
2293
1642
-622
-2203
-1220
313
-115
-2057
-4125
-5265
-4384
-2498
-2309
-4033
-5277
-4721
-3219
-2217
-2113
-2217
-2132
-1741
-958
-495
-621
94
1374
1018
-186
321
1915
2931
3528
3433
2564
3092
5580
7392
7816
8979
9277
4460
-1576
715
8476
8403
-208
-5317
-3582
-826
928
743
-3683
-8374
-7292
-2780
-699
-1648
-3166
-3601
-2654
-1242
-2
1328
2148
1717
1123
1355
1784
2428
3421
2463
-1254
-2967
-207
1729
-442
-2868
-3780
-4638
-4084
-2309
-3073
-5281
-5017
-3846
-3871
-3319
-2289
-2336
-2254
-1668
-1896
-1643
293
1565
662
-537
-277
1002
2210
2825
2614
2007
2453
4262
5662
5887
6206
7691
10201
10076
3606
-2459
2116
10309
7700
-1688
-5329
-3434
-598
2218
731
-6142
-9704
-6094
-1703
-692
-2090
-4204
-4395
-2124
-356
209
1139
1723
1418
1489
1832
1931
2751
3800
2580
-1071
-3100
-705
2210
572
-3377
-5108
-4916
-3803
-2032
-2642
-5896
-6688
-4254
-2907
-3090
-2951
-2946
-2962
-2132
-1296
-650
108
-43
-669
-80
859
1048
1511
2218
2116
2210
3413
4471
4815
5416
6346
7471
9860
11476
6969
-932
-557
8160
10245
1728
-4831
-3983
-1309
925
1384
-3329
-8932
-8038
-3264
-1193
-2148
-3756
-4365
-3063
-1436
-751
373
1669
1611
1342
1681
1763
2387
3731
3385
916
-1636
-2524
-411
2380
410
-4938
-6690
-4618
-2993
-2289
-3175
-6467
-7644
-4422
-2041
-2765
-3205
-2955
-3128
-2266
-829
-656
-342
773
591
-310
286
1731
2807
3512
3248
2567
3445
5442
6651
7035
7589
9413
11439
8392
619
-776
7244
10734
3158
-4277
-4456
-1744
1043
1959
-2743
-9137
-9034
-3946
-983
-1773
-3936
-5115
-3705
-1288
-271
352
1435
1551
1180
1692
2177
2628
3771
3489
920
-985
-1287
-837
810
1041
-3274
-7234
-5714
-2826
-2600
-3487
-5483
-7828
-6183
-2240
-1969
-3761
-3487
-2851
-2678
-1215
-59
-386
-5
636
-81
-182
1431
2706
3028
2986
2479
2830
4955
6838
7002
6765
7982
10938
11318
4842
-1363
2898
10519
7862
-1011
-4553
-3035
-486
2047
290
-6591
-10146
-6524
-2067
-1377
-3257
-5258
-5057
-2770
-1106
-398
685
1330
1030
1236
2000
2393
3039
3868
2525
-1122
-2445
704
2898
-13
-3944
-5042
-4656
-3470
-2056
-3556
-6889
-7005
-4530
-3614
-3855
-3635
-3587
-3536
-2966
-2406
-1420
140
580
-450
-1079
-129
1787
3123
2867
1922
1935
3347
5381
6538
6314
6259
7734
10542
12672
9530
1460
-836
7049
11772
4626
-3957
-4802
-1634
1287
1721
-3168
-9387
-9278
-4331
-1592
-2685
-4934
-5753
-4000
-1676
-1052
-619
753
1341
1121
1595
2063
2432
3588
3695
1461
-517
-1081
-761
1029
1421
-3139
-7270
-5427
-2513
-2854
-4069
-5931
-8107
-6387
-2610
-2619
-4466
-4081
-3237
-3071
-2070
-772
46
452
-158
-762
410
2185
3164
3559
2867
1958
3512
6304
6993
6502
6964
8127
10715
12759
7822
-638
792
10019
10217
570
-4756
-3092
-648
1385
717
-5398
-10263
-7621
-2742
-1731
-3594
-5582
-5529
-3054
-1160
-1042
-298
981
1136
1286
2041
2239
2697
3686
3056
999
-477
-1170
-282
1642
-34
-5041
-6400
-3964
-3193
-3608
-4146
-6877
-8187
-4720
-2295
-3768
-4320
-3630
-3969
-2999
-746
-425
-795
-110
-49
-213
1069
2432
2722
2755
2695
2990
4673
6486
6675
6267
7033
9286
12343
12419
5936
-618
2954
10887
9062
-190
-4487
-2923
-554
1385
-137
-6462
-10288
-7271
-3122
-2626
-4350
-5739
-5165
-3119
-1830
-1317
-105
1023
1193
1404
1936
2368
3289
4157
2997
617
-52
466
-54
-598
-769
-2945
-5747
-5392
-3678
-3890
-4875
-5795
-7025
-6511
-4053
-3009
-3759
-4009
-3637
-3035
-1727
-505
-126
-100
-76
195
1111
2228
2901
3172
3219
3460
4501
5822
6561
6981
7735
9284
12027
12682
6781
-166
2671
10792
9541
190
-4437
-2856
-632
1202
141
-6079
-10590
-7877
-3355
-2587
-4160
-5612
-5579
-3783
-2022
-1155
-48
907
877
1074
1953
2642
3345
3806
2627
502
-306
350
1206
945
-1407
-4285
-4819
-3644
-3312
-3928
-5118
-6698
-6676
-4796
-3979
-4497
-4254
-3916
-4210
-3465
-1682
-605
-361
-499
-805
-248
1344
2503
2630
2416
2536
3494
5265
6470
6446
6656
8105
10168
12592
12932
7094
53
2912
11397
10025
-15
-4726
-2664
-406
1010
-384
-6588
-10747
-7898
-3784
-3220
-4555
-5971
-6006
-3986
-2213
-1574
-217
1178
1126
1140
2028
2767
3688
4368
3030
571
-314
546
1625
1416
-1121
-4345
-5187
-3770
-2851
-3698
-5812
-7577
-7006
-4806
-3870
-4544
-4890
-4594
-4257
-3256
-1595
-610
-604
-644
-468
3
1322
2839
3027
2271
2410
3915
5828
7013
6956
6669
7804
10634
13616
12901
6015
-43
3992
11677
9367
-124
-4586
-3053
-430
1488
-645
-7364
-10859
-7533
-3668
-3435
-4978
-6246
-5819
-3706
-2231
-1660
-229
1176
1254
1219
1809
2578
3713
4382
2933
504
-203
913
1775
878
-1687
-4190
-4705
-3660
-3137
-4090
-5817
-6919
-6491
-5316
-4747
-4612
-4314
-4209
-4008
-2953
-1845
-1235
-431
82
-487
-460
1215
2645
2811
2794
2842
3177
4834
6775
6915
6428
7424
9380
11679
13180
9358
1471
745
8978
11337
2519
-4339
-3090
-732
69
-174
-4443
-9790
-9010
-4541
-3285
-4812
-5868
-5740
-4407
-2765
-1848
-696
730
1142
1130
1763
2501
3375
4305
3790
1795
653
1550
2211
-61
-2999
-2651
-1654
-3977
-6023
-5128
-5058
-6044
-5380
-5735
-7694
-6392
-3078
-3026
-4679
-4498
-3128
-1286
372
91
-981
-337
1395
2604
3116
3124
3287
4316
5717
6585
6871
7369
8688
10509
12444
12456
7158
690
3135
11005
9625
-307
-5106
-2865
-395
680
-1065
-7009
-10893
-8081
-3876
-3248
-4917
-6395
-5969
-3724
-2013
-1302
-62
957
891
1319
2572
3262
3627
3905
3005
1253
403
791
1430
1008
-1249
-3968
-4669
-3588
-3149
-4216
-5811
-6972
-6782
-5337
-4497
-4949
-5097
-4387
-3758
-3012
-1974
-1425
-1063
-291
-14
-76
888
2232
2658
2801
3172
3580
4638
6192
6705
6535
7371
9121
11320
13204
10484
2719
146
7494
11872
4657
-3555
-3916
-1397
-54
74
-3589
-9291
-9969
-5885
-3499
-4380
-5752
-5879
-4616
-3160
-2350
-1130
576
1241
1155
1668
2494
3379
4495
4441
2366
793
1432
2364
1965
223
-3147
-5685
-4034
-1770
-3939
-7160
-7527
-7102
-6245
-4428
-4994
-7054
-5738
-3197
-3348
-3324
-1634
-952
-722
148
140
307
2387
3849
3177
2845
3902
5337
6884
7683
7059
7065
9316
12395
13630
9935
2555
720
7826
11549
4202
-3793
-4218
-1874
-286
100
-3938
-9867
-9996
-5528
-3443
-4458
-5688
-5918
-4663
-2878
-1874
-779
728
1378
1447
1999
2770
3659
4525
4009
2036
744
1014
1547
1287
-70
-2516
-4499
-4269
-3258
-3936
-5539
-6493
-6896
-6423
-5083
-4656
-5112
-4765
-4115
-3909
-2836
-1212
-661
-663
-415
-216
605
2258
3063
2611
2464
3217
4493
6036
6792
6313
6369
8092
10253
12143
12147
6874
374
2811
10748
9443
-288
-4689
-2448
-837
-182
-994
-6139
-10436
-8136
-4071
-3679
-5026
-5699
-5385
-4025
-2606
-1650
-203
1127
1250
1328
2189
3028
3769
4284
3318
1314
530
1334
1898
968
-1241
-3424
-4043
-3394
-3349
-4424
-5696
-6625
-6613
-5446
-4653
-5042
-5072
-4249
-3731
-3161
-1833
-996
-1031
-564
170
386
1062
2342
2795
2676
3097
3828
4820
6196
6689
6339
7143
9292
11574
12770
9446
2134
654
8257
11590
3492
-4341
-3872
-1016
210
-34
-4185
-9846
-9706
-4994
-3040
-4595
-5962
-5888
-4626
-2987
-1942
-827
683
1325
1235
1721
2680
3744
4638
3984
1745
611
1600
2346
1255
-758
-2592
-3727
-3827
-3542
-4147
-5552
-6454
-6462
-6165
-5730
-5142
-4704
-4484
-4347
-3996
-2896
-1230
-206
-332
-586
-62
1139
2406
3007
2703
2510
3334
4695
5817
6458
6693
6999
8059
10058
12293
11698
5704
131
3638
10721
8316
-992
-4727
-2389
-434
237
-1426
-6891
-10459
-7541
-3392
-3287
-5174
-5972
-5303
-3860
-2469
-1242
115
984
1135
1421
2153
3083
3959
3978
2677
1148
703
1419
1987
809
-1804
-3657
-3873
-3566
-3599
-4351
-5904
-6944
-6337
-5274
-5080
-5119
-4706
-4262
-3914
-3269
-2189
-891
-97
-234
-460
233
1526
2672
3202
2790
2255
3236
5488
6814
6535
6320
7212
8802
11229
12868
9117
1513
700
8462
11062
2893
-4137
-3313
-841
-50
-400
-4227
-9394
-9142
-4708
-2998
-4648
-6004
-5749
-4353
-2872
-2036
-903
638
1160
1118
1762
2630
3571
4547
4001
2059
1177
1906
2716
2194
20
-2220
-3703
-5420
-5485
-2804
-3178
-8226
-9932
-6645
-4846
-4772
-4316
-5847
-7130
-3950
-549
-772
-1202
-617
-591
342
2218
2795
3035
3838
3680
3537
5365
7443
7940
7782
7685
8322
11249
13455
8704
659
1243
8947
9281
970
-3884
-2980
-1987
-924
-793
-5407
-10139
-8444
-4311
-3644
-5019
-5703
-5306
-3945
-2550
-1598
-303
983
1382
1668
2386
2988
3610
4163
3450
1682
791
1319
1838
1105
-846
-2973
-4053
-3854
-3460
-4037
-5541
-6745
-6601
-5572
-4937
-4988
-4943
-4509
-4033
-3403
-2266
-1037
-439
-425
-358
193
1270
2469
2964
2606
2363
3135
4812
6356
6611
6081
6551
8240
10240
12219
11146
4364
-583
4930
11909
7122
-2673
-4494
-1244
64
142
-1933
-7495
-10192
-6504
-2983
-3853
-5732
-5928
-4926
-3581
-2487
-1434
11
941
976
1279
2139
3002
3772
3810
2464
855
649
1691
2080
420
-2196
-3550
-3436
-3183
-3397
-4326
-5922
-6755
-5950
-4991
-5043
-5173
-4739
-4358
-4042
-3164
-1883
-930
-596
-646
-475
424
1739
2652
2848
2662
2770
3873
5679
6728
6539
6450
7354
9080
11751
12961
7957
314
1501
10182
10871
1173
-4829
-2777
-310
315
-393
-5045
-10101
-8692
-3868
-2909
-5152
-6316
-5635
-4285
-3026
-1923
-619
498
848
1099
1864
2760
3715
4465
3731
1745
1071
2273
2838
1681
-514
-3735
-5610
-3319
-1177
-4316
-8127
-7652
-6232
-5829
-4820
-5171
-6963
-5814
-3085
-3008
-3166
-1284
-377
-799
-232
694
1568
3205
4023
3126
3017
4883
6890
7686
7510
7250
7992
10515
13349
11642
4198
22
5632
11134
6080
-2407
-4185
-1845
-357
-131
-2909
-8235
-9872
-6208
-3389
-4456
-6176
-6015
-4645
-3438
-2611
-1419
108
1017
1342
1744
2309
3101
4087
4159
2691
1046
801
1794
2325
782
-2152
-3865
-3446
-2752
-3274
-4682
-6237
-6895
-5967
-4854
-5069
-5535
-4965
-4242
-3954
-3181
-1846
-903
-618
-583
-409
338
1661
2686
2668
2265
2738
4198
5756
6583
6398
6149
7302
9583
11840
12591
8633
1529
1291
9503
11657
2293
-4829
-2858
77
350
-478
-4553
-9693
-8979
-4347
-3192
-5354
-6469
-5763
-4561
-3525
-2540
-1074
369
780
782
1408
2439
3442
3989
3287
1682
793
1293
2235
2019
-113
-2776
-3784
-3195
-2782
-3492
-5110
-6708
-6912
-5748
-4957
-5153
-5285
-4883
-4345
-3816
-3027
-1747
-512
-384
-831
-185
1312
2382
3032
3346
3153
3675
5543
6951
6974
7076
7986
9372
11792
13071
8436
1196
2201
10173
10565
1197
-4634
-2550
48
323
-1157
-5773
-10016
-8418
-4208
-3670
-5959
-6963
-5838
-4255
-3395
-2558
-1025
230
631
1040
1685
2469
3557
3992
2989
1707
1265
1653
2312
1622
-877
-2750
-2849
-2879
-3332
-3752
-5016
-6545
-6356
-5223
-5117
-5407
-5059
-4640
-4497
-3939
-2660
-1282
-773
-1040
-916
47
1251
2295
2802
2680
2877
4116
5714
6647
6663
6567
7541
9519
11730
12749
9240
2247
1333
8954
11594
2862
-4510
-2878
41
63
-823
-4472
-9534
-9215
-4702
-3507
-5734
-6724
-5881
-4740
-3773
-2812
-1385
95
592
709
1456
2448
3359
4019
3429
1888
1146
1674
2386
1950
-234
-2538
-2962
-2552
-2940
-3701
-4723
-6156
-6438
-5375
-5048
-5490
-5182
-4520
-4295
-3999
-3175
-1806
-544
-620
-1274
-607
990
2152
2747
2655
2279
3173
5049
6070
6238
6548
7055
8056
10161
12583
11949
6010
716
4301
11243
8754
-583
-4259
-1656
186
118
-1807
-6672
-9954
-7495
-3862
-4107
-6150
-6605
-5604
-4477
-3568
-2350
-765
229
440
871
1658
2302
3253
4098
3188
1015
445
2055
2994
1399
-1308
-2995
-3200
-2658
-2519
-3734
-5735
-6645
-5895
-5045
-5101
-5259
-4867
-4520
-4589
-4117
-2494
-908
-707
-1291
-1205
-40
1671
2917
2963
2572
3115
4601
6066
6871
7049
7326
8310
10034
12382
12885
7796
1319
3331
10870
9987
485
-4449
-1972
320
188
-1580
-6165
-10111
-8321
-4153
-3891
-6393
-7171
-5872
-4618
-3870
-2736
-1168
-47
431
942
1596
2174
3006
3882
3498
1758
778
1802
2869
1791
-672
-2513
-3103
-2847
-2585
-3493
-5477
-6650
-6096
-5209
-5187
-5391
-5089
-4745
-4661
-4145
-2742
-1296
-825
-1100
-1096
-175
1428
2818
3251
2997
3135
4415
6383
7709
7676
7423
8424
10738
13158
12415
6302
1122
5053
11666
8323
-1141
-4278
-1496
282
93
-2506
-7855
-10347
-6995
-3746
-4734
-6859
-7072
-5696
-4177
-3395
-2643
-1089
256
654
1066
1781
2365
3231
4105
3357
1226
594
2207
2994
1154
-1246
-2437
-2804
-2646
-2539
-3816
-5790
-6304
-5498
-5098
-5278
-5251
-4883
-4476
-4300
-3988
-2809
-1213
-664
-1134
-1135
-45
1481
2611
2764
2386
2884
4545
6066
6673
6868
7308
8287
9808
11826
12661
8845
2366
2411
9528
10825
2213
-4229
-2579
192
246
-1334
-5330
-9541
-8783
-4712
-3586
-5833
-7267
-6354
-4825
-3900
-3037
-1626
-346
189
587
1327
2038
2661
3389
3448
2152
934
1523
2611
1912
-126
-1794
-2721
-2970
-2657
-2976
-4543
-5966
-6011
-5375
-5095
-5077
-4910
-4814
-4885
-4499
-3192
-1700
-1162
-1379
-1258
-334
1000
2236
2860
2879
3283
4645
6237
7159
7526
7982
9026
10793
12781
12286
6990
1950
4936
11112
8453
-623
-4028
-1362
163
-347
-2441
-7188
-10219
-7587
-4132
-4731
-6877
-7252
-6083
-4692
-3645
-2624
-1258
-156
355
928
1746
2506
3297
3854
3372
1987
1239
2117
2971
1718
-800
-2308
-2549
-2449
-2543
-3539
-5350
-6367
-5865
-5177
-5203
-5442
-5326
-5034
-4757
-4169
-2928
-1627
-1213
-1392
-1105
7
1447
2527
2890
2884
3292
4680
6594
7607
7381
7502
8883
10953
13122
12415
6186
981
5409
12118
8080
-1734
-4320
-1034
492
-143
-2720
-7826
-10312
-6921
-3576
-4910
-7437
-7384
-5701
-4428
-3740
-2748
-1246
-148
372
969
1682
2263
3069
3784
3135
1452
1037
2368
2792
1065
-903
-1946
-2651
-2755
-2457
-3437
-5431
-6133
-5444
-5122
-5359
-5385
-5104
-4814
-4602
-4143
-2906
-1534
-1185
-1445
-1037
189
1546
2465
2657
2684
3446
5011
6559
7225
7067
7406
9055
11235
12940
11805
6054
1363
5379
11740
8241
-1322
-4480
-1427
645
331
-2585
-7959
-10311
-6842
-3544
-4727
-7195
-7501
-6055
-4480
-3564
-2720
-1393
-295
256
825
1635
2480
3258
3498
2909
1832
1285
2079
2866
1513
-954
-2064
-2263
-2570
-2625
-3295
-5253
-6278
-5423
-4988
-5521
-5486
-5005
-4982
-4907
-4242
-3054
-1836
-1302
-1433
-1195
-98
1405
2555
2898
2848
3387
4932
6711
7598
7453
7645
9106
11418
13421
12028
5659
1427
6406
12225
7498
-1774
-4047
-1088
753
320
-3184
-8610
-10096
-6453
-3829
-5198
-7357
-7469
-5879
-4306
-3631
-2920
-1469
-248
261
841
1643
2255
3081
3887
3236
1417
1070
2627
3146
1321
-922
-2218
-2634
-2298
-2240
-3703
-5640
-6157
-5541
-5089
-5242
-5614
-5599
-5161
-4785
-4235
-2937
-1754
-1709
-1865
-1043
272
1563
2682
2928
2623
3697
6152
7664
7662
7643
8387
10084
12795
14105
10272
3475
2556
9197
11945
4431
-3551
-3508
-219
726
-780
-5038
-9906
-9762
-5399
-3804
-6388
-8217
-7043
-5217
-4462
-3780
-2265
-862
-125
504
1160
1957
3413
4738
4431
2813
1954
2944
3934
3006
1203
-1083
-4398
-4593
-482
-623
-7022
-9455
-6414
-5434
-5610
-4821
-7021
-9155
-5813
-2602
-3551
-3561
-1987
-2010
-1462
568
1464
2116
3745
4210
4053
5801
8240
9135
8964
8889
9908
12744
14899
11434
3927
2320
8895
11504
4069
-3153
-3172
-1140
-461
-992
-5056
-10330
-10000
-5513
-4118
-6381
-7913
-7090
-5205
-3914
-3436
-2421
-764
315
941
1593
2007
2901
4414
4453
2549
1352
2121
3142
2687
701
-1504
-2554
-2398
-2204
-3007
-4765
-6183
-6081
-5240
-5245
-5856
-5827
-5240
-4890
-4613
-3814
-2646
-1742
-1439
-1443
-956
349
1677
2289
2451
2638
3283
4837
6749
7440
6867
7012
8702
10830
12872
12986
7865
1495
3536
11240
10715
1194
-4463
-2575
240
1000
-955
-6497
-10707
-8454
-3996
-3749
-6463
-7724
-6659
-4973
-3884
-3135
-1882
-553
-43
229
1063
1797
2474
3720
3760
1478
318
2210
3462
2027
129
-1467
-2790
-2393
-1445
-2713
-4952
-5667
-5420
-5222
-5069
-5291
-5544
-5212
-4917
-4828
-3908
-2288
-1372
-1535
-1722
-908
723
2223
2882
2707
2654
4054
6494
7940
7840
7814
8890
10759
13210
13946
9077
2099
3272
11172
11467
1837
-4407
-2493
346
773
-1254
-6704
-11073
-8882
-4372
-4300
-7148
-8253
-6974
-5144
-4036
-3527
-2503
-902
162
534
1107
2078
3396
4610
4125
2311
2056
2556
1105
476
2118
315
-4454
-4525
-1907
-3005
-4725
-4893
-7128
-8511
-5375
-3439
-5414
-6375
-5593
-5178
-3601
-1400
-1281
-1965
-1285
14
1371
2833
3663
3814
4184
5396
7219
8533
8845
9160
10336
12425
13946
10999
4181
2580
9059
11672
4013
-3416
-3192
-679
96
-786
-5168
-10526
-10127
-5356
-3624
-5990
-8080
-7645
-5632
-3882
-3053
-2239
-1186
-370
539
1434
1857
2706
4048
3791
1967
1427
2527
2940
2046
638
-1245
-2559
-2073
-1590
-3109
-4959
-5440
-5457
-5403
-5077
-5354
-5886
-5293
-4508
-4623
-4137
-2478
-1532
-1744
-1690
-826
374
1591
2395
2468
2437
3449
5514
7129
7157
6678
7512
9468
11459
13248
12441
6389
1098
5227
12294
8982
-966
-4438
-1523
486
448
-1980
-7532
-10732
-7597
-3719
-4428
-6982
-7527
-6315
-4981
-3949
-2806
-1477
-568
-204
111
724
1929
3522
3884
2357
1036
1523
2647
2840
1647
-502
-2201
-2318
-1716
-1937
-3262
-4896
-5762
-5526
-5124
-5198
-5337
-5320
-5311
-5072
-4420
-3379
-2070
-1339
-1703
-1809
-486
1300
2351
2730
2687
2869
4366
6606
7694
7471
7530
8673
10678
13173
13744
9012
2394
3205
10586
11430
2527
-4016
-2627
125
561
-988
-5785
-10569
-9318
-4716
-3885
-6528
-7939
-6882
-5181
-4132
-3424
-2211
-875
-5
589
1079
1850
3364
4507
3935
2358
1691
2774
3411
686
-2274
-986
315
-2860
-5298
-4254
-4363
-5378
-4830
-6059
-8493
-6783
-3444
-4006
-5995
-5755
-4151
-2123
-627
-1047
-1827
-613
1639
2988
3243
3279
4052
5719
7318
7966
8015
8656
10307
12359
13747
11901
5771
2050
6959
12294
7164
-2294
-4482
-1169
660
-188
-3805
-9201
-10865
-6955
-3568
-4865
-7622
-7875
-6000
-4320
-3369
-2336
-1232
-477
323
1168
1660
2538
3954
3986
2174
1195
2211
3103
2469
874
-1087
-2484
-2222
-1629
-2775
-4683
-5435
-5502
-5604
-5371
-5230
-5624
-5614
-4966
-4590
-4192
-2944
-1676
-1492
-1741
-1196
171
1491
2188
2304
2418
3254
4875
6541
7344
7268
7423
8731
10979
13310
13363
8354
2210
3756
10841
10783
2027
-3932
-2815
-182
722
-1111
-6310
-10428
-8872
-5016
-4312
-6295
-7598
-6938
-5370
-4193
-3266
-1852
-577
-84
236
755
1524
3025
4298
3328
1175
949
2459
3016
1973
133
-1868
-2635
-1828
-1716
-3323
-4835
-5392
-5575
-5323
-4986
-5245
-5346
-4902
-4845
-4748
-3542
-2083
-1573
-1679
-1713
-958
830
2332
2428
2276
3047
4302
5754
7218
7741
7586
8451
10463
12633
13652
10321
3542
2428
9380
11877
3878
-3468
-2924
-364
228
-748
-4906
-10052
-9843
-5420
-3835
-6132
-7894
-7221
-5581
-4273
-3326
-2306
-1161
-141
643
1304
1931
2512
3106
3401
2712
1532
1491
2217
1877
575
-678
-2096
-3052
-2734
-2715
-4144
-5484
-5770
-5676
-5363
-4975
-5049
-5184
-4917
-4483
-3729
-2480
-1545
-1401
-1394
-857
287
1711
2650
2803
2975
3912
5447
6895
7551
7575
8188
10015
12449
13620
10268
3535
2234
9021
12022
4288
-3790
-3634
-207
998
-479
-5089
-10026
-9626
-5149
-3434
-5889
-8005
-7190
-5082
-3875
-3396
-2361
-971
-23
589
989
1350
2571
4109
3742
1753
989
1996
2638
2018
488
-1585
-2789
-2286
-1901
-3057
-4572
-5479
-5855
-5518
-4993
-5127
-5325
-4936
-4614
-4476
-3756
-2442
-1445
-1292
-1465
-892
486
1801
2549
2796
2928
3682
5347
7005
7624
7563
8095
9774
12309
13881
10705
3616
1892
8903
12371
4616
-3579
-3342
-371
358
-471
-4466
-10061
-10164
-5337
-3700
-6304
-7767
-6812
-5515
-4447
-3408
-2305
-1035
6
606
1058
1354
2043
3809
4521
2336
360
1453
2939
2286
720
-1116
-2961
-2998
-1844
-2482
-4475
-5486
-5753
-5858
-5247
-4774
-5221
-5376
-4915
-4649
-3948
-2342
-1323
-1460
-1563
-847
520
1992
2875
3019
3078
3853
5640
7391
7881
7766
8448
10043
12310
13619
10161
3452
2582
9189
11381
3651
-3562
-3097
-298
331
-984
-5124
-9882
-9524
-5299
-3963
-6227
-7733
-6895
-5230
-4011
-3231
-2165
-886
99
882
1441
1998
3233
4423
4149
2709
1760
2518
3215
414
-2859
-1073
911
-3147
-6555
-4761
-4166
-5412
-4563
-5691
-9002
-7175
-2812
-3436
-5863
-5419
-4093
-2527
-538
-483
-1422
-303
1759
2631
2984
3641
4651
6030
7029
7244
7833
9397
11082
12754
13719
10353
3328
2252
9695
12314
3494
-4491
-3560
-422
319
-609
-5042
-10719
-10388
-5276
-3396
-5805
-7625
-7039
-5458
-4022
-2816
-1521
-415
146
603
1202
1933
3317
4548
3682
1595
1149
2342
2956
2116
122
-2095
-2971
-2369
-2107
-3241
-4899
-5821
-5721
-5323
-5190
-5135
-5065
-5099
-4871
-4218
-3349
-2182
-1171
-1198
-1592
-896
683
2070
2668
2355
2181
3441
5442
6742
7132
7032
7267
8863
11391
13255
11946
6093
1289
5099
11824
8807
-1024
-4608
-1455
574
76
-2384
-7501
-10464
-7223
-3499
-4733
-7294
-7090
-5577
-4659
-3871
-2676
-1312
-150
475
519
630
1796
3630
4073
2465
850
997
2140
2497
1272
-875
-2531
-2896
-2478
-2471
-3588
-5154
-5871
-5567
-5180
-5048
-4867
-4774
-4873
-4664
-3920
-2794
-1616
-1067
-1355
-1283
5
1563
2349
2675
3137
3797
4838
6402
7621
7886
8206
9506
11574
13428
11946
5683
1829
6957
12276
6886
-2287
-3819
-626
603
-214
-3456
-8854
-10485
-6372
-3419
-5352
-7828
-7384
-5525
-4214
-3389
-2445
-1294
-235
577
1246
1867
2383
2989
3650
3197
1520
991
2143
2231
533
-1018
-2141
-3029
-2821
-2667
-4153
-5632
-5608
-5326
-5408
-5338
-5266
-4984
-4389
-4294
-4230
-2915
-1316
-972
-1191
-934
-21
1432
2622
2815
2785
3527
4986
6654
7626
7539
7695
9187
11671
13603
11495
4787
1465
7015
11943
6498
-2403
-4413
-1443
660
188
-3796
-9297
-10304
-6154
-3403
-5109
-7539
-7393
-5478
-3924
-3262
-2446
-1056
138
736
960
1240
2351
4009
4079
2086
815
1589
2541
2141
649
-1309
-2731
-2767
-2331
-2879
-4300
-5385
-5580
-5348
-5278
-5292
-5009
-4568
-4433
-4447
-3913
-2559
-1161
-708
-1092
-1146
22
1756
2687
2610
2556
3210
4633
6419
7406
7263
7439
8832
10991
13194
12334
6084
1169
5537
11899
8212
-999
-4049
-1592
225
341
-2302
-7888
-10521
-7105
-3635
-4645
-7105
-7412
-5927
-4508
-3617
-2567
-1288
-320
409
979
1349
2205
3196
2995
2235
1995
1601
1166
1422
1051
-712
-2175
-2733
-3144
-3326
-3574
-4641
-5726
-5793
-5341
-5035
-4908
-4846
-4707
-4366
-3733
-2723
-1679
-1184
-1056
-685
146
1153
2033
2760
3362
3794
4615
6207
7480
7718
8083
9323
11202
13159
11919
5519
1429
6659
12278
7022
-2233
-3969
-919
400
-70
-3029
-8625
-10688
-6653
-3323
-4886
-7356
-7218
-5618
-4306
-3342
-2190
-1002
-168
455
861
1141
2195
3870
4092
2283
815
1264
2372
2342
855
-1237
-2626
-2697
-2312
-2705
-3924
-5160
-5773
-5602
-5077
-4889
-5008
-4901
-4649
-4450
-3832
-2554
-1466
-1280
-1452
-1008
66
1254
2273
2802
2735
2961
4464
6498
7436
7326
7597
8859
10951
13292
12519
6198
1139
5539
12214
8475
-1318
-4451
-1393
610
317
-2572
-8205
-10765
-6949
-3288
-4812
-7637
-7591
-5734
-4284
-3551
-2801
-1565
-315
585
1215
1515
2193
3967
5028
3539
1609
1641
2786
3333
1588
-2831
-5094
-1984
99
-3663
-7375
-6940
-5805
-5124
-4467
-6098
-8096
-6054
-2905
-3272
-4648
-3707
-1745
-461
-222
-525
203
2116
3479
3746
3654
4116
6119
8493
8658
7608
8374
10944
13616
13692
7978
1264
3599
11232
9870
175
-4624
-2552
-570
-135
-1597
-6876
-11076
-8461
-3888
-4206
-6973
-7268
-5630
-4370
-3533
-2463
-1131
106
934
1279
1320
1840
3359
4467
3452
1436
858
1779
2419
1574
-674
-2839
-3225
-2413
-2524
-3926
-5290
-5802
-5523
-5017
-5057
-5323
-4938
-4275
-4148
-3945
-2876
-1609
-1102
-1145
-926
-264
677
1770
2433
2236
2125
3095
4707
6118
6859
6863
7139
8755
11213
13137
11761
5491
868
5655
12475
8571
-1380
-4459
-1330
775
704
-2137
-7854
-10479
-6862
-3289
-4393
-6937
-7309
-5925
-4480
-3624
-2683
-1209
-69
239
299
642
1777
3528
3990
2298
720
1071
2220
2492
1287
-963
-2701
-2781
-2219
-2508
-3610
-4899
-5818
-5748
-5057
-4860
-5015
-4708
-4413
-4563
-4081
-2574
-1338
-1054
-1149
-1112
-344
1330
2703
2831
2597
3036
4236
6015
7444
7574
7391
8467
10686
12927
12396
6706
1358
4623
11321
9011
-141
-4192
-1957
210
467
-1903
-7362
-10589
-7566
-3524
-3986
-6703
-7413
-5953
-4306
-3363
-2517
-1302
-206
519
984
1149
1710
3316
4277
2901
995
1014
2143
2378
1302
-712
-2713
-3107
-2237
-2440
-4090
-5212
-5406
-5582
-5470
-5001
-4917
-4938
-4421
-4115
-4152
-3258
-1600
-845
-1100
-1072
-341
863
2302
3045
2701
2635
3962
5930
7236
7538
7455
8130
10243
12997
12921
7302
1509
4232
11270
9749
475
-4249
-2107
189
432
-1687
-6976
-10613
-7943
-3842
-4368
-7068
-7459
-5965
-4609
-3758
-2917
-1652
-123
794
1012
1339
2152
3617
4883
4000
1852
1681
1900
138
211
2172
-673
-5813
-5023
-2205
-3416
-4649
-4971
-7674
-8335
-4478
-2995
-5093
-5420
-4675
-4662
-2957
-663
-749
-1226
-407
231
928
2452
3491
3655
3828
4298
5588
7532
8553
8437
8799
10699
13031
11700
5224
1483
6738
11613
6127
-2347
-3656
-972
218
-164
-3411
-8936
-10250
-5773
-2828
-4900
-7446
-7008
-5073
-3681
-2879
-2023
-1012
14
934
1339
1373
2180
3683
3986
2433
965
1174
2217
2291
701
-1617
-3036
-2782
-2114
-2792
-4520
-5638
-5648
-5204
-4899
-5114
-5464
-4983
-3997
-3686
-3668
-2748
-1415
-809
-800
-687
-181
854
2153
2747
2474
2489
3729
5573
6746
6977
7159
8080
9806
12214
12861
8068
1596
3024
10454
10552
1652
-4122
-2537
87
681
-954
-5910
-10255
-8513
-3944
-3357
-6125
-7358
-6137
-4654
-3805
-2803
-1461
-410
157
497
808
1557
3006
3912
3097
1469
851
1584
2300
1725
-80
-1974
-2941
-2842
-2460
-2869
-4188
-5555
-6041
-5458
-4555
-4323
-4755
-4916
-4537
-3902
-2926
-1706
-1084
-1233
-1152
-287
906
1992
2819
3094
3017
3681
5486
7137
7643
7739
8285
9748
12382
13170
8001
1578
3614
10631
9661
1026
-3752
-2404
-379
558
-1169
-6753
-10521
-7797
-3799
-4101
-6477
-7240
-6133
-4504
-3428
-2785
-1655
-243
564
774
943
1717
3171
3959
2987
1467
1056
1686
2260
1546
-567
-2401
-2683
-2412
-2774
-3565
-4581
-5533
-5663
-5201
-5055
-4995
-4523
-4171
-4160
-3952
-3108
-1648
-493
-652
-1155
-327
1144
2040
2795
3333
3071
3529
5792
7576
7522
7600
8791
10520
12719
12584
6815
1361
4813
11334
8745
-214
-4196
-2163
211
555
-2256
-7729
-10373
-7262
-3639
-4257
-6839
-7402
-5823
-4234
-3481
-2729
-1445
-189
492
571
703
1772
3332
3767
2623
1223
807
1565
2359
1495
-880
-2684
-2851
-2350
-2442
-3487
-4849
-5564
-5510
-5225
-4902
-4676
-4640
-4413
-3998
-3754
-3038
-1553
-690
-1005
-1023
-154
844
1905
2975
3292
3123
3945
5837
7297
7697
7876
8764
10841
13090
11576
5106
1412
6548
11881
7164
-1680
-4080
-1375
715
673
-2802
-8657
-10390
-6137
-2877
-4592
-7175
-7014
-5401
-4166
-3163
-2081
-1162
-250
557
589
604
2170
4013
3599
1724
797
1086
1854
2313
1162
-1454
-3150
-2789
-1980
-2382
-3843
-5231
-5784
-5460
-4800
-4500
-4713
-4742
-4315
-4046
-3689
-2497
-1201
-908
-1165
-1015
-136
1350
2593
2865
2742
3195
4479
6257
7515
7634
7748
8987
11192
12833
10523
4231
1890
7582
11313
5286
-2410
-3389
-976
457
58
-3895
-9273
-9634
-5321
-3261
-5266
-7228
-6786
-5107
-3793
-3038
-2174
-1017
124
730
555
680
2319
3965
3563
1847
625
653
1851
2461
615
-2100
-3121
-2803
-2475
-2649
-3820
-5434
-5930
-5345
-4804
-4533
-4538
-4628
-4304
-3853
-3444
-2249
-908
-907
-1250
-557
338
1152
2512
3317
2933
3207
4854
6471
7414
7895
8156
9182
11688
13084
9499
3270
2861
9029
10863
3661
-3137
-2958
-242
773
-573
-5083
-9732
-8981
-4575
-3269
-5823
-7507
-6390
-4587
-3619
-2919
-1911
-815
161
668
580
1072
2691
3768
3151
1688
594
776
2027
2134
28
-2358
-3183
-2741
-2158
-2609
-4331
-5887
-5917
-4952
-4375
-4727
-5069
-4623
-4027
-3735
-3046
-2070
-1555
-1066
-500
-407
106
1754
2963
2910
2978
3871
5316
6975
7827
7601
7896
9899
12641
12765
7577
1890
4068
10519
9327
956
-3675
-2348
-263
535
-1371
-6782
-10309
-7668
-3700
-3992
-6559
-7259
-5810
-4186
-3283
-2616
-1676
-448
573
761
563
1327
2983
3826
2959
1172
299
1291
2402
1489
-771
-2493
-3097
-2628
-1987
-2875
-4883
-5793
-5259
-4622
-4500
-4670
-4683
-4293
-3920
-3575
-2663
-1658
-1302
-1151
-687
-174
549
1683
2594
2886
3139
4007
5519
6972
7619
7741
8319
10039
12435
12281
7018
1985
4862
10860
8682
259
-3607
-1742
112
313
-1826
-6918
-10031
-7225
-3499
-4203
-6784
-7113
-5610
-4265
-3388
-2459
-1343
-265
335
297
387
1531
3198
3698
2389
620
314
1575
2400
1251
-1025
-2757
-3085
-2273
-1898
-3218
-5102
-5749
-5214
-4569
-4389
-4660
-4739
-4289
-3875
-3529
-2609
-1531
-1099
-969
-732
-292
785
2194
2791
2718
3166
4369
5848
7067
7640
7881
8633
10565
12751
11377
5209
1711
6632
11365
6663
-1302
-3422
-1520
198
551
-2762
-8486
-9898
-5949
-3196
-4606
-6837
-6998
-5440
-3803
-2823
-2054
-1088
-58
559
422
492
2072
3808
3533
1830
498
375
1536
2483
1126
-1729
-3335
-2984
-2042
-2056
-3633
-5458
-5808
-4997
-4405
-4357
-4513
-4465
-4106
-3808
-3423
-2324
-1111
-821
-1058
-954
-248
1101
2462
2794
2481
2915
4441
6158
7199
7524
7776
8680
10799
12893
10784
4323
1884
7465
11169
5570
-1827
-3240
-1275
388
387
-3465
-8922
-9431
-5306
-3239
-5033
-6921
-6687
-5122
-3597
-2750
-2044
-1062
-298
169
697
1128
1791
3078
3535
1940
274
616
1823
1937
672
-1412
-3091
-2963
-1845
-2071
-3844
-5310
-5440
-4721
-4125
-4302
-4705
-4376
-3770
-3645
-3298
-2199
-1327
-1080
-892
-675
-228
1049
2447
2863
2789
3342
4637
6219
7345
7575
7757
9010
11333
12730
9818
3708
2368
8110
10650
4178
-2582
-2928
-939
14
-331
-4048
-9132
-9153
-4964
-3433
-5439
-6775
-6135
-4831
-3622
-2697
-1778
-766
-143
183
722
1231
1899
3118
3432
1655
50
730
1964
1611
122
-1656
-3046
-2942
-1979
-2350
-4058
-5172
-5177
-4729
-4301
-4278
-4403
-4109
-3837
-3788
-2998
-1717
-1220
-1150
-824
-673
-184
1335
2456
2364
2498
3407
4479
5890
7195
7425
7515
8900
11160
12422
9897
4122
2360
7746
10803
4838
-2236
-2979
-891
217
-72
-3700
-8899
-9179
-4944
-3278
-5378
-6809
-6194
-4946
-3721
-2779
-2012
-982
-123
217
561
1108
1882
2977
3218
1637
100
601
1829
1677
140
-1790
-3094
-2916
-2016
-2356
-4041
-5244
-5080
-4508
-4337
-4438
-4419
-4126
-3743
-3491
-3100
-2160
-1081
-663
-796
-720
55
1376
2518
2871
2714
3072
4577
6433
7320
7309
7605
8953
11346
12734
9396
3200
2629
8615
10474
3944
-2358
-2909
-1061
321
-137
-4323
-9150
-8832
-4854
-3363
-5229
-6733
-6173
-4737
-3581
-2678
-1674
-886
-432
190
830
1062
1744
3005
2954
1192
84
811
1735
1369
-165
-2009
-2976
-2546
-1929
-2630
-4264
-5235
-4957
-4309
-4180
-4411
-4344
-3954
-3699
-3463
-2793
-1909
-1239
-788
-703
-752
12
1492
2449
2691
2904
3348
4531
6484
7638
7457
7687
9455
11859
12248
8109
2818
3800
9448
9495
2426
-2877
-2714
-631
724
-671
-5682
-9557
-7909
-4200
-3594
-5499
-6692
-6017
-4403
-3135
-2308
-1403
-741
-352
382
1058
1273
2111
3322
2780
817
101
1050
1824
1285
-458
-2443
-3183
-2479
-1941
-2774
-4380
-5316
-4945
-4120
-4020
-4382
-4143
-3575
-3632
-3691
-2738
-1517
-995
-842
-825
-771
215
1935
2753
2547
2787
3922
5438
6752
7237
7293
8215
10277
12218
11408
6471
2226
4956
10273
8334
649
-3461
-2338
-257
671
-1445
-6827
-9872
-7143
-3657
-3979
-5939
-6501
-5609
-4153
-3050
-2533
-1708
-375
406
324
285
1147
2670
3315
2092
438
254
1149
1677
1072
-757
-2718
-3078
-2156
-2063
-3238
-4352
-4827
-4759
-4290
-4016
-4109
-3963
-3741
-3822
-3449
-2393
-1554
-1018
-644
-844
-667
869
2367
2791
3104
3637
4375
5955
7523
7822
8065
9551
11565
12191
9084
3892
3573
8830
9978
3444
-2338
-2541
-792
356
-410
-4867
-9390
-8491
-4609
-3600
-5396
-6568
-6044
-4688
-3408
-2474
-1723
-1209
-578
539
1151
909
1562
2967
2619
981
581
1053
1044
872
106
-1831
-3160
-2673
-2158
-2956
-4143
-4859
-4973
-4531
-4085
-4116
-4217
-4071
-3817
-3395
-2788
-2077
-1193
-598
-761
-701
549
2015
2671
2969
3479
4383
5759
6975
7495
8049
9342
11208
12255
9707
4342
3109
8073
10201
4287
-2090
-2699
-808
113
-529
-4082
-8665
-8887
-5159
-3447
-5186
-6579
-5867
-4580
-3648
-2651
-1622
-1133
-736
277
972
785
1368
2860
2723
999
389
933
1038
849
190
-1702
-3218
-2804
-2108
-2723
-3852
-4725
-5098
-4530
-3715
-3826
-4274
-4062
-3629
-3330
-2778
-2058
-1447
-895
-756
-792
52
1447
2242
2654
3197
3716
4762
6383
7191
7323
8312
10062
11575
11514
7969
3454
4352
9080
8617
2225
-2227
-2146
-739
188
-1054
-5518
-9132
-7854
-4649
-4045
-5450
-6287
-5965
-4988
-3795
-2767
-1848
-943
-346
-172
5
856
2387
3318
2383
606
275
1423
2121
1412
-210
-1918
-2703
-2236
-1817
-2605
-3941
-4698
-4748
-4472
-4163
-3984
-3972
-4060
-4151
-3924
-3038
-1790
-986
-1054
-1399
-939
507
2027
2982
3398
3567
4222
5767
7227
7867
8397
9351
10682
11811
10241
5454
3270
7058
9626
5069
-1120
-2807
-1643
-408
-381
-3595
-8395
-9358
-6145
-3968
-4899
-6325
-6307
-5370
-4392
-3252
-1859
-925
-606
-244
150
542
1768
3204
2886
1190
358
890
1594
1561
344
-1594
-2797
-2726
-2320
-2460
-3352
-4651
-5317
-4839
-4083
-3892
-3988
-4024
-4190
-4150
-3224
-1783
-950
-998
-1172
-682
657
2389
3772
4316
4354
4851
6327
8043
9027
9527
10580
12001
11191
6967
3925
6418
9712
6814
373
-2871
-2389
-770
140
-2262
-7382
-9613
-7107
-4466
-4442
-5570
-6375
-6130
-4740
-3288
-2222
-1010
-148
-189
-318
309
1604
2982
3231
1795
257
321
1473
1953
860
-1271
-2985
-3167
-2382
-2215
-3240
-4511
-5100
-5025
-4564
-4011
-3773
-3936
-4167
-4217
-3682
-2273
-818
-581
-1192
-1129
113
1870
3397
4093
4071
4446
5748
7299
8564
9514
10226
11298
11729
8703
4222
4858
9402
8919
2357
-2475
-2682
-1130
378
-580
-5651
-9927
-8376
-4536
-3785
-5335
-6337
-6246
-5227
-3623
-2342
-1523
-705
-71
12
11
828
2451
3331
2297
508
-19
926
1921
1615
-348
-2659
-3330
-2455
-2058
-2907
-4103
-5051
-5291
-4570
-3885
-4018
-4185
-4039
-4147
-3890
-2549
-1210
-903
-1053
-945
-359
899
2466
3521
3804
3990
4896
6469
7856
8652
9341
10619
11989
10831
6332
3674
6863
10024
6463
97
-2536
-1878
-451
260
-2435
-7639
-9453
-6543
-4120
-4684
-5924
-6195
-5604
-4459
-3253
-2268
-1304
-419
84
157
265
1309
2894
3114
1609
304
319
1092
1672
968
-1148
-2874
-2970
-2464
-2556
-3331
-4476
-5226
-4943
-4254
-4027
-4065
-3978
-3862
-3720
-3328
-2444
-1255
-582
-765
-846
-7
1400
2787
3754
4040
4225
5275
6883
8090
8814
9798
11464
12259
9348
4394
3972
8582
9802
4186
-1559
-2704
-1320
135
-230
-4183
-8768
-8877
-5538
-3853
-4906
-6094
-6080
-5320
-4252
-3018
-1794
-873
-375
-172
-106
385
1816
3197
2702
732
-303
451
1519
1463
91
-1930
-3239
-3035
-2315
-2598
-3856
-4940
-5228
-4888
-4316
-3906
-3860
-4031
-4145
-3904
-3046
-1712
-747
-729
-983
-493
671
2023
3419
4222
4161
4461
5895
7436
8461
9331
10330
11548
11401
7773
3799
5261
9464
8261
1915
-2515
-2602
-684
655
-1277
-6294
-9418
-7734
-4572
-3808
-5205
-6371
-5956
-4607
-3485
-2542
-1379
-447
-120
-96
38
926
2617
3406
2023
50
-301
790
1656
1132
-812
-2929
-3511
-2622
-2113
-2973
-4348
-5203
-5233
-4681
-4069
-3737
-3656
-3757
-3989
-3734
-2502
-965
-351
-736
-976
-257
1230
2919
4046
4035
3701
4599
6578
8102
8627
9085
10485
11867
10172
5416
3439
7090
9781
5841
-429
-2940
-1877
78
615
-2660
-8030
-9576
-6145
-3299
-4110
-5920
-6256
-5418
-4190
-2995
-2079
-1265
-444
-54
-207
-39
1290
3022
3132
1210
-484
-200
1112
1745
770
-1611
-3567
-3400
-2186
-2087
-3275
-4669
-5379
-4996
-4150
-3826
-3836
-3696
-3757
-3907
-3328
-2029
-873
-473
-780
-968
-104
1708
3417
4116
3921
3997
5245
7101
8533
9243
9858
11187
11646
8385
4010
4888
9323
8860
2855
-1678
-2253
-1038
570
-71
-4834
-9198
-8215
-4631
-3465
-4693
-5902
-6084
-5193
-3674
-2343
-1480
-811
-240
17
-6
516
2046
3207
2430
573
-341
240
1392
1611
-77
-2564
-3666
-3103
-2381
-2598
-3796
-5088
-5286
-4547
-4058
-3957
-3746
-3690
-3829
-3575
-2709
-1556
-616
-417
-681
-402
731
2272
3595
4035
3924
4649
6280
7565
8355
9291
10533
11556
10282
5915
3408
6767
10026
6472
128
-2487
-1806
-154
796
-1978
-7295
-8931
-5974
-3769
-4266
-5306
-5896
-5704
-4403
-3065
-2326
-1404
-346
-54
-350
-225
972
2652
3029
1462
-158
-203
803
1541
911
-1232
-3198
-3381
-2625
-2553
-3328
-4320
-4952
-4852
-4448
-4255
-4018
-3663
-3676
-3904
-3549
-2360
-938
-283
-566
-646
282
1790
3268
4188
4332
4637
5893
7279
8119
9126
10732
11882
10408
6018
3403
6384
9819
6951
748
-2392
-2219
-672
819
-1152
-6463
-8897
-6420
-3999
-4029
-4668
-5276
-5604
-4654
-3119
-2104
-1128
-180
-75
-433
-187
967
2523
3067
1694
-27
-214
742
1400
889
-921
-2875
-3367
-2726
-2466
-3062
-4028
-4822
-4944
-4485
-4041
-3705
-3422
-3544
-3872
-3515
-2292
-988
-405
-599
-789
-165
1320
2989
3930
3891
3959
5135
6693
7726
8581
9677
10782
10724
7971
4206
4355
8103
8504
3383
-1516
-2401
-968
407
-324
-4091
-7757
-7540
-4895
-3617
-4308
-5242
-5414
-4806
-3836
-2842
-1758
-733
-271
-405
-495
109
1484
2665
2316
621
-549
-86
991
1079
-199
-2010
-3193
-3198
-2607
-2561
-3501
-4643
-5018
-4593
-4068
-3819
-3721
-3658
-3626
-3381
-2707
-1718
-762
-275
-252
-21
1033
2652
4057
4733
4870
5226
6384
8004
9285
10234
11098
10423
7029
3971
5309
8522
7403
2091
-1787
-2049
-838
-122
-1303
-4787
-7724
-7132
-4645
-3695
-4424
-4967
-4932
-4670
-3751
-2200
-1026
-589
-307
-121
-181
322
1687
2513
1766
374
-313
-28
644
719
-486
-2292
-3298
-3132
-2712
-2863
-3563
-4342
-4815
-4626
-3872
-3358
-3473
-3620
-3516
-3324
-2475
-1014
-379
-699
-506
405
1482
2903
4166
4527
4884
5930
6953
7943
9386
10876
11482
9678
5498
3505
6575
9121
5903
628
-1881
-2011
-771
385
-1805
-6327
-7909
-5889
-4165
-4058
-4391
-4780
-4927
-4315
-3271
-2158
-1001
-212
-166
-547
-516
598
2122
2384
1080
-281
-549
101
808
522
-1050
-2728
-3255
-2898
-2698
-3034
-3793
-4667
-4848
-4063
-3471
-3676
-3674
-3292
-3380
-3274
-2008
-832
-594
-242
354
709
1850
3857
4841
4808
5435
6608
7568
9000
11019
11912
9857
5609
3460
6146
9148
6743
1188
-1939
-2025
-887
258
-1072
-5347
-7989
-6374
-3968
-3645
-4147
-4374
-4548
-4221
-3111
-1862
-834
0
208
-322
-603
372
2006
2515
1248
-369
-822
-180
523
335
-1044
-2735
-3393
-2923
-2530
-2927
-3751
-4488
-4708
-4118
-3385
-3367
-3537
-3268
-3189
-3240
-2274
-868
-411
-352
87
563
1615
3687
5042
4866
5038
6387
7827
9236
10992
11784
9774
5845
4044
6378
8694
6424
1469
-1695
-2152
-990
119
-1398
-5306
-7493
-6303
-4455
-3888
-4020
-4296
-4564
-4359
-3441
-2041
-675
100
18
-574
-702
412
1980
2283
1003
-481
-980
-365
428
83
-1536
-3140
-3648
-3242
-2819
-3188
-4163
-4622
-4362
-4203
-4163
-3593
-3005
-3077
-3174
-2719
-2000
-987
287
889
738
1169
2640
4286
5524
6078
6050
6550
8219
10323
11888
11048
6765
3227
5146
8617
7060
2185
-993
-2077
-1689
-219
-922
-4758
-7130
-5951
-4445
-4206
-4043
-3911
-3970
-3656
-3096
-2387
-997
456
780
239
-241
82
1396
2372
1578
-123
-984
-893
-479
-285
-1077
-2723
-3808
-3735
-3349
-3377
-3816
-4288
-4431
-4328
-4221
-3775
-2895
-2376
-2611
-2928
-2492
-1078
488
1092
906
1175
2368
3979
5349
5896
5904
6576
8088
9748
11359
11230
7369
3256
4459
8288
7490
2500
-1079
-1967
-1567
-531
-1054
-4438
-7173
-6395
-4545
-4178
-4392
-4042
-3581
-3424
-3218
-2414
-973
387
966
550
-182
126
1671
2638
1775
98
-993
-901
-59
23
-1488
-3220
-3795
-3665
-3582
-3814
-4420
-4849
-4567
-4370
-4702
-4489
-3343
-2436
-2502
-2894
-2593
-1178
604
1440
1264
1381
2722
4745
6007
6105
6248
7169
8405
10203
11983
10526
5638
3168
5870
8183
5881
1553
-1605
-2725
-1529
-221
-2159
-5843
-7131
-5924
-4706
-4101
-3882
-3999
-3725
-2988
-2516
-1852
-300
1165
1359
689
231
770
2182
2916
1803
-87
-964
-641
-96
-343
-1737
-3422
-4217
-4010
-3692
-3847
-4477
-4986
-4865
-4573
-4422
-3861
-2957
-2706
-2913
-2629
-1839
-726
635
1473
1389
1613
3070
4990
6132
6301
6454
7300
8559
10225
11704
10160
5347
2919
5599
7766
5216
1003
-1726
-2743
-1780
-574
-2327
-5886
-7156
-5863
-4462
-3816
-3631
-3642
-3493
-3057
-2362
-1229
86
997
1275
893
504
1179
2486
2707
1488
83
-652
-584
-193
-499
-1831
-3283
-4018
-4110
-3937
-4068
-4643
-5063
-4970
-4900
-4833
-3994
-2921
-2837
-3284
-2996
-1948
-652
671
1324
1269
1881
3648
5314
6087
6574
7128
7854
9300
11528
12036
8355
3673
4002
7883
7840
2897
-1129
-2126
-1868
-1066
-1278
-4326
-7412
-6988
-4968
-4505
-4841
-4404
-3678
-3303
-2969
-2235
-936
560
1531
1465
782
726
1995
3370
3045
1211
-311
-439
198
301
-831
-2616
-3794
-3922
-3797
-4175
-4692
-4947
-5292
-5759
-5703
-4832
-3690
-3045
-3318
-3778
-3023
-1058
616
1267
1388
1859
3313
5298
6539
6967
7539
8517
9885
11734
12042
8727
4721
4821
7579
7311
3179
-863
-2501
-2098
-1039
-1770
-5091
-7725
-7120
-5242
-4604
-4844
-4843
-4330
-3414
-2672
-2240
-1193
551
1627
1461
974
1118
2158
3289
3066
1362
-112
-93
592
512
-707
-2339
-3451
-3717
-3596
-3864
-4613
-5100
-5035
-5089
-5329
-4928
-3972
-3367
-3325
-3438
-3126
-1823
-75
865
1082
1593
2662
4133
5657
6427
6647
7478
9036
10851
12058
10291
5737
3842
6649
8315
5239
933
-1621
-2350
-1184
-308
-2859
-6647
-7347
-5718
-4750
-4698
-4731
-4539
-3874
-3241
-3012
-2214
-564
808
1190
759
243
956
2764
3423
2099
518
-112
54
593
506
-982
-2722
-3356
-3319
-3472
-3764
-4126
-4679
-5225
-5443
-5057
-4169
-3416
-3349
-3671
-3573
-2542
-924
264
724
1204
2261
3737
5195
6095
6667
7652
8805
10021
11597
11123
6778
3697
6353
8976
5895
1181
-1029
-2009
-1550
-47
-1848
-6402
-7568
-5283
-4260
-4679
-4643
-4542
-4206
-3218
-2648
-2325
-995
561
970
587
211
584
1991
2951
2024
371
-263
100
605
481
-769
-2552
-3428
-3049
-2637
-3131
-3965
-4430
-4747
-4876
-4345
-3664
-3571
-3709
-3592
-3246
-2296
-833
37
185
761
2170
3686
4718
5341
6162
7526
9052
10433
11124
9611
6289
4820
6624
7857
5528
1537
-1127
-1657
-817
-588
-2553
-5493
-6745
-5737
-4245
-3771
-4120
-4229
-3823
-3387
-2823
-1701
-452
316
566
336
27
617
1916
2309
1287
11
-576
-370
204
142
-1049
-2429
-3034
-2946
-2669
-2682
-3251
-3899
-4131
-4159
-3954
-3236
-2658
-2930
-3370
-3083
-2182
-1012
-4
353
495
1480
3134
4362
4968
5663
6762
8185
9977
11232
9711
5829
4175
6726
8538
5719
1379
-844
-1302
-705
-49
-1922
-5597
-6717
-5004
-4058
-4358
-4133
-3757
-3783
-3355
-2560
-1962
-934
451
807
44
-314
530
1794
2160
1194
-226
-866
-529
-27
-216
-1296
-2590
-3152
-2943
-2810
-3111
-3477
-3767
-4063
-4062
-3595
-3023
-2693
-2666
-2859
-2761
-1829
-519
352
796
1222
1985
3254
4462
5146
5861
6961
8146
9791
10760
8327
4275
4092
7115
7257
3685
304
-1381
-1406
-144
-463
-3680
-6202
-5685
-4361
-3884
-3766
-3822
-3713
-2938
-2385
-2333
-1445
175
881
472
32
127
977
2025
1828
319
-804
-825
-546
-550
-1059
-2069
-2892
-3051
-3120
-3343
-3342
-3466
-4030
-4176
-3642
-3176
-2712
-2059
-1980
-2367
-1996
-851
283
1230
1907
2415
3333
4374
5015
5926
7162
7892
8936
10106
8446
4615
3874
6416
6814
3768
380
-1770
-2110
-678
-399
-3157
-5961
-6063
-4646
-3534
-3232
-3611
-3727
-3049
-2297
-1756
-814
256
814
835
465
182
852
1939
1893
549
-802
-1219
-735
-327
-1042
-2529
-3525
-3690
-3505
-3197
-3166
-3821
-4484
-4260
-3598
-3272
-2930
-2280
-2044
-2163
-1600
-403
569
1485
2545
3132
3420
4279
5544
6607
7427
8175
9191
9712
7676
4171
3712
6148
6101
2669
-406
-2007
-2410
-1102
-709
-3774
-6730
-5975
-4064
-3517
-3256
-3106
-3432
-2956
-1749
-1233
-759
513
1287
929
516
571
1100
1907
1850
406
-939
-1070
-695
-631
-1176
-2491
-3748
-3824
-3256
-3252
-3783
-4223
-4349
-3979
-3327
-3105
-3014
-2369
-1705
-1664
-1474
-513
819
2119
3057
3356
3680
4826
6300
7316
7970
8704
9667
9697
7358
4357
4220
5981
5471
2267
-895
-2676
-2631
-1312
-1694
-4776
-6994
-6266
-4642
-3667
-3289
-3583
-3765
-2857
-1767
-1265
-429
783
1289
1083
881
930
1478
2190
1850
336
-915
-1008
-489
-468
-1452
-2922
-3962
-4118
-3641
-3446
-4171
-4914
-4601
-3873
-3530
-3150
-2619
-2342
-1914
-1183
-637
93
1566
2971
3583
3889
4456
5590
7240
8451
8931
9618
9674
7214
4381
4876
6734
5479
1963
-482
-1685
-2162
-1541
-1763
-4431
-6767
-6257
-4857
-4324
-3868
-3443
-3621
-3439
-2403
-1384
-529
458
944
718
567
947
1657
2192
1755
382
-636
-583
-195
-312
-1160
-2513
-3647
-3816
-3351
-3328
-3978
-4448
-4348
-4106
-3751
-3012
-2339
-2091
-1921
-1635
-1143
140
1999
3225
3541
3759
4342
5574
7326
8547
9102
9794
9384
6727
4603
5578
6827
5151
1884
-674
-2045
-1779
-708
-1594
-4787
-6925
-6327
-4779
-3859
-3575
-3792
-4117
-3716
-2554
-1407
-546
111
335
76
-13
586
1468
1767
1162
17
-836
-774
-236
-319
-1319
-2584
-3422
-3464
-2968
-2882
-3621
-4234
-4055
-3633
-3273
-2698
-2075
-1782
-1591
-1279
-712
505
2238
3446
3685
3707
4348
5803
7551
8678
9188
9358
8143
5514
4594
6333
6676
3735
628
-929
-1792
-1392
-494
-2210
-5596
-6415
-4887
-3996
-3679
-3313
-3702
-3995
-2989
-1905
-1464
-701
73
-77
-361
-108
296
805
1101
303
-974
-1316
-908
-719
-1019
-1955
-3157
-3534
-3013
-2758
-3168
-3597
-3723
-3544
-3057
-2555
-2211
-1835
-1456
-1163
-695
190
1392
2752
3759
3862
3810
4904
6693
7881
8728
9541
8803
6248
4713
5656
6570
5304
2625
-22
-1509
-1111
-261
-1329
-3866
-5465
-5380
-4383
-3342
-3092
-3552
-3628
-3155
-2710
-1920
-682
-32
-178
-372
-454
-294
519
1116
329
-1045
-1597
-1345
-1057
-1146
-1873
-3011
-3721
-3601
-3210
-3195
-3425
-3521
-3555
-3549
-3084
-2189
-1498
-1207
-1082
-962
-298
1406
3253
3984
3916
4087
4916
6338
7850
8878
9329
8645
6310
4351
5103
6450
5153
2286
189
-1132
-1425
-475
-719
-3336
-5367
-5015
-4112
-3627
-2952
-2633
-3061
-3195
-2619
-1854
-911
5
213
-247
-631
-496
229
863
409
-891
-1840
-1952
-1573
-1270
-1776
-3129
-4103
-4006
-3634
-3578
-3493
-3421
-3694
-3782
-3089
-2094
-1375
-903
-712
-668
49
1759
3505
4376
4394
4332
5126
6813
8383
9365
9534
7904
5125
4287
5888
6416
4278
1394
-665
-1486
-840
-300
-1739
-3984
-4861
-4503
-3834
-3089
-2596
-2599
-2711
-2678
-2391
-1473
-260
240
-166
-747
-881
-313
556
627
-490
-1655
-1992
-1813
-1574
-1545
-2221
-3306
-3773
-3772
-4005
-3822
-2998
-2978
-3851
-3917
-3020
-2070
-1026
-421
-1043
-1382
205
2504
3904
4305
3963
3947
5479
7439
8326
8939
9110
7037
4395
4628
6331
5807
3426
1124
-795
-1409
-230
14
-2236
-4246
-4281
-3817
-3389
-2458
-1960
-2376
-2553
-2252
-1947
-1164
21
325
-395
-1059
-1082
-447
305
126
-1103
-2224
-2478
-2064
-1587
-1849
-2902
-3755
-4006
-3987
-3629
-3040
-3026
-3565
-3690
-3190
-2425
-1499
-848
-1026
-1271
-463
1258
2976
4050
4138
3892
4679
6388
7750
8644
9063
7800
5410
4543
5438
5640
4423
2469
45
-1604
-1067
-25
-924
-2959
-4212
-4396
-3767
-2565
-1712
-1821
-2315
-2451
-1968
-1066
-190
279
122
-594
-1088
-662
126
240
-503
-1683
-2595
-2627
-2036
-1818
-2444
-3512
-4302
-4334
-3766
-3196
-3053
-3324
-3617
-3332
-2434
-1536
-964
-717
-712
-419
854
2687
3884
4110
4176
4674
5539
6822
8499
9334
7816
4926
3544
4626
6007
5174
2009
-1014
-1552
-265
359
-789
-2930
-4476
-4117
-2549
-1774
-2063
-2074
-1725
-1648
-1396
-712
-108
304
471
-87
-896
-807
-38
156
-646
-1894
-2759
-2701
-2084
-2026
-2916
-3896
-4297
-4369
-4116
-3308
-2821
-3392
-3924
-3340
-2309
-1461
-734
-582
-943
-467
1246
3018
3964
4018
3804
4463
6098
7552
8469
8673
7073
4522
3895
5162
5447
3861
1527
-625
-1372
-467
-97
-1486
-3035
-3650
-3729
-3123
-2049
-1578
-1626
-1547
-1581
-1537
-618
533
766
325
-248
-768
-642
113
216
-823
-2040
-2612
-2466
-2064
-2174
-2942
-3728
-4317
-4583
-4006
-3080
-3068
-3622
-3612
-3172
-2453
-1249
-475
-802
-893
297
1992
3419
4161
3966
3958
5247
6838
7836
8496
7716
5035
3558
4931
5740
3907
1718
321
-871
-967
-219
-1000
-2887
-3391
-3001
-3070
-2655
-1626
-1357
-1524
-1268
-1134
-926
126
965
565
-132
-442
-599
-366
32
-478
-1706
-2398
-2447
-2419
-2399
-2565
-3262
-4203
-4587
-3987
-3004
-2788
-3352
-3568
-3036
-2211
-1260
-609
-723
-769
306
1967
3227
3736
3683
3996
5196
6313
7087
8048
7571
4779
3215
4654
5342
3542
1760
353
-1193
-1033
59
-971
-2819
-2939
-2809
-3134
-2247
-1114
-1315
-1399
-870
-1016
-939
324
1050
447
-128
-411
-664
-388
-22
-624
-1791
-2498
-2602
-2444
-2397
-2780
-3552
-4347
-4484
-3687
-2917
-3051
-3395
-3162
-2652
-1944
-989
-534
-655
-228
1020
2267
3238
3959
4207
4388
5149
6378
7553
7891
6514
4207
3345
4290
4667
3278
1166
-589
-1308
-712
-213
-1335
-2969
-3209
-2554
-2255
-2044
-1558
-1197
-1047
-861
-754
-613
31
799
722
-147
-744
-566
-142
-183
-927
-1990
-2606
-2529
-2357
-2598
-3129
-3773
-4308
-4165
-3438
-3120
-3396
-3387
-2913
-2428
-1834
-1074
-596
-349
278
1420
2648
3601
4172
4590
5127
5834
6918
8069
7738
5542
3758
3984
4608
4007
2473
499
-1188
-1240
-302
-731
-2383
-3160
-2935
-2646
-2101
-1439
-1425
-1494
-956
-600
-754
-429
362
612
184
-397
-795
-682
-285
-469
-1423
-2347
-2671
-2526
-2359
-2663
-3480
-4221
-4188
-3484
-3026
-3289
-3559
-3196
-2596
-2101
-1475
-868
-496
134
1212
2182
2833
3536
4418
5141
5620
6392
7494
7548
5979
4581
4428
4299
3691
3009
1570
-266
-603
-83
-774
-1824
-2054
-2497
-2892
-2005
-1225
-1618
-1486
-704
-911
-1261
-489
120
-77
-105
-231
-926
-1084
-556
-715
-1622
-2265
-2536
-2676
-2535
-2550
-3239
-4003
-3917
-3253
-2897
-3030
-3167
-2960
-2465
-1836
-1358
-1173
-876
-2
1159
1976
2333
2754
3595
4524
5243
5989
6795
6781
5626
4368
4072
4544
4592
3189
930
-161
391
832
134
-970
-2003
-2549
-1906
-791
-759
-1336
-1228
-964
-1100
-821
-132
-82
-491
-684
-888
-1138
-980
-797
-1277
-2099
-2654
-2830
-2739
-2554
-2693
-3308
-3930
-3890
-3189
-2671
-2755
-2866
-2627
-2272
-1804
-1219
-816
-524
26
789
1496
2127
2773
3487
4094
4324
4757
5955
6603
5368
3719
3539
4049
3824
2956
1775
570
132
474
469
-174
-858
-1255
-1305
-986
-562
-315
-258
-512
-836
-710
-252
-63
-206
-484
-882
-1211
-1226
-1170
-1346
-1806
-2491
-3033
-3062
-2857
-3020
-3524
-3876
-3760
-3302
-2940
-2944
-2962
-2547
-1949
-1588
-1369
-1008
-487
301
1266
1827
1879
2309
3465
4337
4451
4720
5473
5561
4597
3732
3440
3135
2803
2535
1586
131
-221
537
526
-421
-927
-892
-867
-467
120
-9
-396
-210
4
-201
-176
89
-71
-470
-704
-979
-1218
-1200
-1334
-1878
-2426
-2720
-2842
-2854
-3055
-3561
-3777
-3485
-3279
-3326
-3200
-2862
-2546
-2237
-1873
-1434
-857
-136
684
1404
1818
2194
2956
3746
4163
4679
5432
5546
4740
3828
3421
3408
3304
2577
1314
329
118
410
461
-219
-1070
-1080
-472
-196
-238
-102
39
27
43
5
-39
144
262
-103
-653
-968
-1004
-980
-1232
-1847
-2356
-2472
-2501
-2628
-2852
-3241
-3492
-3190
-2762
-2865
-3146
-2968
-2521
-2194
-1911
-1626
-1390
-814
270
1178
1456
1684
2370
3185
3828
4482
5052
5103
4540
3916
3695
3573
3018
2236
1632
1043
454
176
34
-281
-566
-703
-800
-678
-343
-36
242
281
-157
-354
143
452
201
4
-300
-953
-1139
-830
-1109
-1798
-2132
-2463
-2869
-2747
-2537
-2929
-3327
-3141
-2906
-2887
-2731
-2435
-2213
-2066
-1920
-1646
-1145
-480
279
860
1066
1325
2100
3024
3513
3717
4020
4504
4667
3972
3122
3131
3225
2384
1606
1441
812
90
411
500
-523
-791
19
-58
-609
-36
577
70
-295
4
-20
-163
76
-32
-700
-1056
-990
-1110
-1424
-1720
-2060
-2382
-2538
-2670
-2852
-2894
-2792
-2744
-2788
-2826
-2703
-2324
-1835
-1624
-1670
-1527
-999
-168
729
1141
1102
1483
2350
2845
3023
3507
4061
4326
4128
3243
2467
2780
3206
2429
1295
729
466
580
943
573
-265
-408
-88
92
320
408
212
205
213
-183
-299
49
-43
-586
-953
-1305
-1594
-1461
-1462
-2096
-2643
-2658
-2616
-2743
-2830
-2828
-2742
-2561
-2456
-2519
-2444
-1994
-1504
-1420
-1541
-1312
-633
267
977
1084
986
1530
2511
3097
3248
3318
3600
4107
4097
3102
2377
2644
2679
1975
1341
821
329
518
888
389
-302
-213
150
314
434
424
326
334
226
41
63
4
-364
-682
-944
-1365
-1614
-1643
-1929
-2350
-2574
-2774
-2957
-2951
-2921
-2922
-2787
-2621
-2608
-2472
-2112
-1815
-1607
-1386
-1227
-930
-168
700
981
904
1247
1979
2474
2618
2854
3358
3791
3693
3046
2396
2338
2732
2639
1567
521
631
1253
1203
695
322
3
85
847
1225
685
418
715
594
209
255
207
-242
-505
-685
-1236
-1691
-1708
-1756
-2063
-2444
-2809
-3024
-2947
-2733
-2609
-2626
-2749
-2774
-2531
-2146
-1841
-1714
-1751
-1747
-1374
-604
250
705
631
676
1351
2143
2420
2548
2898
3227
3377
3202
2595
2237
2559
2623
1894
1142
835
872
1385
1598
601
-319
254
1084
981
816
814
448
402
862
642
-93
-155
-8
-454
-950
-1189
-1443
-1527
-1562
-2060
-2623
-2710
-2678
-2653
-2496
-2627
-2945
-2722
-2271
-2220
-2125
-1834
-1799
-1746
-1368
-964
-381
405
578
371
845
1575
1912
2353
2757
2631
2799
3370
3130
2372
2204
2230
2067
2016
1548
771
930
1488
1052
422
461
443
487
1008
989
370
395
709
410
93
41
-257
-498
-472
-828
-1397
-1470
-1486
-1890
-2206
-2304
-2542
-2645
-2432
-2403
-2693
-2715
-2379
-2215
-2179
-2000
-1907
-1856
-1416
-805
-480
-203
164
378
692
1218
1507
1685
2187
2619
2636
2654
2665
2501
2474
2390
1869
1549
1710
1587
1240
1284
1203
639
470
812
865
673
730
738
531
434
391
185
-81
-275
-487
-727
-910
-1009
-1179
-1528
-1954
-2249
-2298
-2146
-2061
-2317
-2614
-2498
-2190
-2154
-2210
-2097
-1988
-1844
-1475
-1170
-961
-371
239
193
104
645
1208
1466
1813
2008
1871
2154
2719
2592
2129
2060
2008
1777
1757
1631
1212
1141
1352
1145
734
702
844
897
887
704
458
467
566
431
103
-225
-429
-486
-599
-893
-1160
-1312
-1465
-1679
-1965
-2216
-2160
-1891
-1936
-2267
-2346
-2115
-1883
-1726
-1766
-1998
-1859
-1271
-856
-615
-217
-1
-7
412
966
1009
1155
1731
1889
1786
2204
2477
2075
1931
2151
1900
1555
1543
1299
1060
1356
1357
697
493
895
995
871
897
721
443
513
587
293
-10
-152
-381
-691
-895
-1047
-1183
-1318
-1604
-1984
-2107
-1908
-1804
-1970
-2100
-2054
-1974
-1878
-1732
-1701
-1821
-1780
-1470
-1106
-768
-375
-166
-193
105
853
1203
902
881
1495
2061
2211
2202
2100
1981
2006
2018
1815
1612
1548
1431
1171
896
817
984
1073
807
447
424
666
819
719
361
-49
-171
-84
-184
-512
-825
-1049
-1198
-1364
-1664
-1886
-1785
-1651
-1877
-2152
-2086
-1822
-1615
-1588
-1753
-1923
-1804
-1451
-1179
-1156
-1134
-709
-135
-21
-92
297
774
893
1025
1287
1416
1700
2187
2202
1801
1799
2144
2160
1756
1375
1353
1570
1473
938
625
777
980
964
736
428
435
776
807
332
-91
-170
-164
-286
-647
-1043
-1177
-1269
-1627
-1920
-1874
-1788
-1823
-1809
-1852
-1959
-1733
-1377
-1432
-1683
-1632
-1452
-1308
-1084
-921
-798
-418
-43
-59
28
461
707
819
1196
1380
1236
1475
1976
2075
2004
1954
1650
1458
1697
1797
1559
1380
1044
617
804
1142
825
529
670
517
256
571
779
285
-86
-74
-318
-615
-540
-603
-1141
-1587
-1620
-1560
-1712
-1867
-1825
-1814
-1930
-1874
-1638
-1575
-1558
-1399
-1393
-1527
-1311
-861
-596
-394
-210
-232
-130
357
714
712
779
996
1158
1382
1655
1770
1864
2088
2054
1664
1471
1716
1915
1657
1193
877
763
783
939
946
551
187
334
589
391
127
114
-46
-417
-520
-523
-856
-1132
-1065
-1188
-1662
-1817
-1634
-1628
-1709
-1639
-1706
-1890
-1763
-1467
-1409
-1451
-1385
-1314
-1198
-893
-504
-269
-200
-138
36
293
594
892
994
925
1043
1369
1541
1645
1912
1969
1667
1631
1897
1877
1620
1520
1366
1038
894
914
788
630
667
648
409
167
129
142
11
-249
-518
-644
-686
-798
-1054
-1311
-1475
-1570
-1606
-1644
-1754
-1793
-1647
-1581
-1692
-1622
-1324
-1219
-1275
-1147
-887
-601
-263
-104
-305
-368
25
455
564
582
685
799
1025
1386
1562
1438
1463
1771
1891
1682
1650
1777
1652
1485
1438
1139
766
849
947
670
512
549
296
106
238
51
-391
-401
-339
-736
-987
-877
-1004
-1315
-1404
-1492
-1694
-1703
-1595
-1659
-1745
-1629
-1412
-1294
-1278
-1183
-934
-661
-396
-116
-50
-177
-20
431
588
483
548
630
588
796
1184
1266
1167
1202
1247
1288
1542
1726
1510
1205
1092
1040
1050
1129
987
626
474
543
488
405
456
321
-54
-244
-189
-237
-447
-625
-772
-996
-1184
-1196
-1202
-1354
-1475
-1481
-1614
-1798
-1634
-1288
-1258
-1402
-1326
-1140
-923
-463
-19
-47
-302
-171
364
725
632
460
599
852
935
924
959
1122
1314
1285
1059
1103
1447
1605
1388
992
780
1052
1254
565
-140
290
858
459
12
11
-192
-87
563
221
-980
-864
150
-47
-881
-913
-806
-1016
-899
-842
-1362
-1529
-983
-848
-1337
-1502
-1162
-898
-865
-881
-808
-504
-127
-74
-272
-215
144
413
414
325
328
515
801
860
636
589
914
1137
1042
983
1105
1177
1180
1133
971
822
887
981
835
547
360
367
409
246
-70
-186
-100
-91
-232
-407
-564
-578
-476
-535
-785
-922
-798
-663
-764
-1000
-1092
-1013
-941
-912
-918
-975
-939
-634
-352
-372
-425
-275
-104
-4
129
205
191
287
466
444
339
460
693
737
638
635
765
951
1069
981
789
798
932
937
817
724
647
612
601
426
169
157
264
111
-155
-254
-264
-310
-330
-431
-661
-772
-675
-596
-696
-848
-914
-886
-880
-905
-875
-832
-818
-754
-629
-553
-466
-248
-119
-225
-248
3
234
213
153
179
188
276
531
634
395
271
573
873
816
677
676
711
814
929
781
479
495
765
743
423
222
255
314
299
187
-30
-195
-154
-63
-156
-328
-399
-439
-545
-592
-529
-540
-652
-698
-727
-776
-745
-646
-658
-728
-663
-569
-524
-411
-252
-210
-227
-143
-50
-1
132
284
282
205
233
360
488
534
526
502
499
556
664
708
627
585
651
625
504
514
590
493
317
249
196
130
161
169
-39
-249
-211
-108
-163
-263
-328
-389
-410
-351
-344
-459
-541
-517
-520
-586
-588
-523
-501
-511
-499
-492
-468
-361
-231
-227
-264
-188
-72
-33
23
136
160
130
173
272
312
371
453
437
395
426
485
522
571
609
535
444
485
567
523
431
398
320
216
210
219
111
-8
-47
-93
-179
-174
-160
-227
-278
-293
-332
-375
-355
-330
-350
-367
-395
-446
-397
-309
-320
-379
-368
-342
-302
-203
-144
-181
-182
-104
-80
-58
42
90
69
117
197
217
209
231
241
252
285
267
256
309
382
396
364
295
242
307
399
369
240
154
165
201
183
85
-60
-148
-113
-39
-109
-271
-287
-190
-217
-332
-353
-322
-288
-232
-247
-349
-363
-223
-148
-224
-301
-250
-167
-139
-118
-91
-80
-54
-3
27
30
74
164
186
157
163
217
234
208
215
220
200
177
203
243
260
244
194
184
204
211
186
161
125
107
116
84
32
38
54
-12
-99
-118
-103
-90
-96
-152
-209
-215
-193
-174
-157
-182
-207
-175
-151
-176
-184
-144
-159
-177
-158
-151
-156
-125
-99
-88
-65
-64
-38
17
39
39
91
133
97
97
127
111
123
211
202
133
156
205
182
176
191
162
151
170
136
92
98
92
89
81
35
-26
6
54
10
-32
-33
-61
-87
-102
-138
-138
-88
-72
-121
-139
-93
-57
-50
-60
-107
-122
-75
-63
-109
-145
-136
-121
-96
-89
-125
-134
-68
-2
-3
-10
-3
19
40
48
30
30
74
93
61
36
71
107
114
110
113
126
130
109
105
123
105
61
56
49
8
6
34
3
-48
-33
-3
-37
-54
-29
-23
-42
-63
-48
-16
-8
-13
0
-10
-31
11
42
-32
-88
-62
-49
-54
-32
-31
-76
-89
-47
-19
-5
11
2
4
-1
-4
24
53
35
12
9
-13
-9
33
34
-1
19
36
16
14
46
78
96
71
7
-8
33
40
-3
-37
-75
-89
-57
-35
-56
-62
-47
-46
-32
-21
0
15
14
7
6
37
30
-11
-4
34
45
18
-5
-3
16
52
55
28
26
42
45
40
43
42
48
56
30
10
38
43
10
-1
21
11
-1
9
-8
-18
20
37
-2
0
21
8
16
43
10
-62
-77
-65
-86
-95
-76
-85
-90
-88
-71
-42
-15
-25
-49
-20
4
20
21
15
-2
-13
14
14
-16
-8
30
30
11
32
46
30
28
56
51
19
25
36
35
24
46
47
10
2
16
26
4
5
42
43
5
-1
13
8
19
58
63
22
7
26
31
22
17
-10
-46
-51
-30
-12
-19
-29
-44
-41
-27
-1
4
9
24
14
-10
-16
2
11
14
4
-16
-20
25
52
13
-14
16
37
10
-13
-2
17
18
1
-25
-41
-24
10
27
-7
-18
-1
13
15
24
23
5
10
27
35
17
30
24
-5
-4
14
12
-4
1
5
-4
-17
-37
-61
-50
-15
-17
-38
-43
-30
-16
-10
-19
-26
6
30
8
1
11
30
52
52
19
-16
7
48
56
26
7
8
15
8
-11
-17
-11
-12
4
2
-23
-29
6
25
-1
5
14
0
-8
21
49
45
25
2
2
4
16
24
18
-5
-13
0
11
-4
-20
0
3
-27
-33
-15
-6
-12
-17
-16
-30
-35
-21
-11
-6
0
9
-3
-9
-6
-5
12
20
0
-8
5
5
-2
13
13
-12
-18
-18
-18
-11
5
-8
-35
-26
-17
-15
4
17
12
11
8
4
26
43
50
37
24
12
19
42
40
24
4
-9
0
20
23
-7
-14
-9
-25
-33
-29
-19
-33
-27
-20
-48
-50
-21
-5
-25
-43
-48
-35
-16
-12
-21
-40
-48
-25
-13
-32
-30
-16
-18
-40
-26
-24
-34
-27
-17
-26
-31
-19
-24
-10
7
5
3
27
36
29
34
31
13
31
52
37
29
45
51
35
31
30
24
22
6
-10
-3
2
-5
-8
-20
-42
-24
10
12
-13
-30
-34
-23
-11
-24
-36
-30
-21
-25
-23
-11
-9
2
14
-7
-22
-9
7
4
-1
-7
-26
-47
-38
-17
-11
-11
-10
-21
-21
-9
2
3
11
7
-6
-7
2
15
20
21
8
13
33
34
29
33
30
31
26
18
14
20
22
6
6
6
-7
4
5
-11
-23
-12
-4
-12
0
7
-14
-18
1
9
0
-3
0
5
8
9
11
4
-7
-11
-12
-6
4
-4
-17
-20
-5
2
10
6
-11
-25
-18
-1
13
-1
-15
-25
-13
6
24
22
10
12
20
20
13
33
34
12
3
18
21
12
6
1
-11
-20
-25
-16
-14
-14
-1
2
-5
-15
-1
11
5
14
15
-10
-11
17
16
-8
-18
-10
-6
-1
0
-8
-12
-7
-2
-13
-20
-10
1
-5
-25
-27
-15
-10
-8
-11
-8
-11
-1
9
7
4
-4
8
9
4
19
24
28
32
22
15
23
25
16
13
2
-3
-12
-3
2
-6
-14
-20
-21
-24
-14
-3
-10
-16
-16
-20
-19
-10
-4
-16
-28
-12
8
-3
-15
-13
1
5
-3
-16
-12
10
12
7
-8
-28
-16
1
-18
-36
-25
-16
-36
-37
-25
-23
-27
-14
-4
-12
-17
-11
-1
6
14
5
4
4
9
22
13
-1
8
14
4
-10
-9
4
4
6
-7
-23
-16
6
5
-16
-21
-18
0
8
-5
-19
-15
1
5
-7
-8
-2
10
14
10
-6
-21
-2
5
-13
-19
-16
-22
-32
-36
-34
-33
-35
-30
-35
-35
-22
-11
-13
-12
-8
-2
2
11
15
13
12
7
1
9
11
12
10
11
19
12
9
5
-2
2
8
1
-18
-16
1
1
-1
-7
-17
-13
1
-2
-11
-2
11
12
10
9
6
7
9
6
-5
-11
-11
-13
-17
-15
-26
-26
-17
-17
-23
-25
-20
-21
-19
-21
-20
-18
-13
-10
-5
1
-2
1
9
17
10
-1
12
24
25
27
21
19
4
-3
13
11
6
12
7
1
1
15
21
13
10
14
13
14
16
23
23
23
12
13
16
21
17
15
3
-6
-7
-10
-16
-18
-8
-10
-18
-27
-20
-13
-17
-21
-20
-19
-18
-9
-12
-16
-19
-12
-3
-4
-7
-1
10
10
15
20
18
15
14
20
5
7
24
19
3
-6
9
10
11
15
9
11
10
14
12
20
30
21
20
6
10
16
23
6
11
16
12
10
14
11
6
8
2
-6
-1
10
6
-6
-13
-9
-2
-6
-11
-7
-5
-7
-7
-4
3
2
7
4
2
3
13
15
2
2
12
7
16
22
12
2
5
14
11
15
12
10
7
14
10
11
6
0
7
5
9
3
0
7
4
-3
3
10
9
4
3
8
17
4
-5
-7
-3
-4
-7
-10
-17
-8
-1
-8
-17
-21
-9
-10
-8
-1
-1
-5
-4
9
9
4
-12
-2
3
2
7
14
19
11
12
5
5
7
8
10
8
8
8
7
12
6
6
3
-4
-7
2
1
0
-5
-18
-6
-2
-1
-1
-8
-4
1
1
1
-11
-5
1
-6
-4
4
-2
-6
3
2
-2
-1
-4
-1
5
15
13
16
14
6
3
8
8
1
3
8
0
2
0
-4
1
5
5
-4
1
8
5
7
2
-10
1
11
-1
-8
0
6
-4
-2
3
-11
-12
-4
-9
-6
-9
-2
4
-9
-18
-9
-4
-4
-1
1
-3
-13
-1
-3
-15
-8
2
-4
-12
0
0
8
17
13
7
3
10
12
9
4
4
4
-1
3
5
1
5
9
11
0
-3
4
2
2
1
0
-5
-2
-6
-2
-8
-10
-4
0
-5
-5
0
-3
-3
-1
5
-6
-4
4
4
-4
5
11
-1
-8
-3
0
-7
-6
-6
-8
-9
-8
-7
-2
8
11
3
-1
10
10
3
2
3
1
2
8
1
2
8
7
7
7
6
3
10
4
-3
-1
-8
-7
-1
-4
-5
1
6
5
1
-7
-3
3
0
-2
-3
-2
-2
-1
0
1
7
7
4
9
4
2
7
6
-4
-10
-5
-4
-6
-7
-8
-2
-4
1
-5
-5
-1
2
0
-6
-8
-2
-3
0
-3
-7
1
-2
-2
1
-2
-8
-2
-1
-12
-8
-3
-2
-1
-4
1
-6
-6
-8
-14
-6
-4
-2
-16
-11
-8
-9
-9
-9
-8
-12
-5
-2
2
0
-2
0
-6
-10
-3
-2
-2
1
2
-4
-5
5
2
0
10
13
5
8
8
9
4
8
3
4
2
10
6
-9
-5
-4
-3
-11
-8
-11
-12
-17
-13
-9
-12
-5
-8
-9
-6
0
-8
-11
-15
-14
-15
-15
-7
-12
-15
-13
-15
-14
-4
-7
-8
-15
-9
-12
-12
-6
-4
-6
-13
-8
-2
5
-1
-6
-3
-7
-15
-2
2
-6
-8
-9
-7
-9
-7
-1
-12
-9
-4
-2
-3
-5
1
-5
-9
-6
-8
-10
-2
-4
-4
-4
-2
0
-6
-7
-4
-10
-5
3
1
-4
-8
-5
-1
-11
-16
-8
-5
-7
-9
-8
-2
-13
-19
-16
-18
-17
-9
-9
-8
-3
-4
-9
-13
-2
-2
-9
-6
-4
-6
-2
-1
-4
-8
-6
-5
3
-2
0
0
-2
-3
-6
-3
0
0
0
-6
-7
4
3
-2
2
3
-2
-3
1
4
7
3
-3
-3
-1
1
1
6
6
-1
3
-1
2
7
4
-5
-9
-14
-10
-4
0
-4
-6
-1
-1
0
-3
-6
0
-1
-8
-1
-7
-11
-8
-8
-4
-1
-5
-7
-5
-6
0
-6
-9
-2
-7
-14
-3
4
-6
-9
-10
-7
-7
-3
-2
-11
-13
-7
-2
-1
-2
-6
-4
-7
-6
-9
-10
-3
-6
-2
-3
-5
-2
-3
-3
1
5
-3
-6
-8
0
3
-7
5
2
-4
0
4
-4
-5
-12
-8
-9
-16
-5
-13
-20
-18
-18
-16
-12
-10
-10
-18
-18
-18
-4
-8
-14
-9
-13
-9
-6
-8
-6
-7
-5
-7
-7
-10
-17
-11
-9
-9
-9
-17
-9
-12
-16
-14
-11
-8
-17
-11
-11
-12
-10
-8
-10
-10
-5
-3
-5
-3
0
-9
-4
-4
-12
-10
-14
-10
-14
-17
-23
-22
-19
-15
-8
-12
-15
-13
-21
-17
-4
-6
-14
-17
-14
-13
-11
-9
-3
-8
-6
-6
-6
-8
-6
-11
-11
-9
-17
-13
-9
-9
-17
-16
-22
-18
-13
-14
-6
-9
-8
-9
-14
-9
-2
-5
-1
-8
-10
-4
-4
-4
-10
-4
-8
-15
-12
-10
-7
-4
-2
-8
-17
-16
-3
-6
-6
-1
-6
-8
3
2
0
1
-10
-8
-5
-8
-5
-10
-5
1
-5
-9
-9
-5
-4
2
5
1
-6
-13
-13
-12
-11
-7
-16
-11
-12
-11
-14
-13
-6
-6
-2
-6
-3
-5
2
5
-4
-6
-4
3
-3
-1
0
-7
-15
-11
-9
-6
-3
-9
-7
-13
-10
-5
-2
-9
-8
-7
-18
-12
-3
-4
-7
-6
-6
-13
-7
-6
-5
0
-1
-3
-3
-9
-9
-5
-1
-7
-7
-6
-6
-6
-3
3
-12
-9
-9
-7
-6
-9
0
2
-6
-7
-3
-7
-3
0
-2
-8
-7
-5
0
1
1
4
-6
-5
-9
-4
9
11
11
0
-7
-2
6
3
-3
-5
-2
-6
-6
-2
0
5
-3
-9
-10
-6
0
-3
2
-3
-8
-7
-7
-4
-7
-2
-4
-5
-8
-9
-8
-3
-11
-8
-7
-9
-9
-8
-9
-10
-7
-10
-8
-9
-4
-3
-2
-5
-8
-8
-2
3
1
-1
-1
6
10
4
0
5
4
2
1
-1
-5
-5
3
-2
-7
-3
-9
-6
-1
-2
0
-3
-4
4
2
-6
1
-1
3
-5
-10
-1
-8
-7
-3
-8
-7
-4
0
-5
-5
-2
-1
2
-10
-8
0
0
2
6
-1
-5
3
5
2
-1
-2
-6
-4
3
-3
-5
0
-6
-8
1
-2
-7
-6
-3
-8
-8
-6
-9
-11
-14
-8
-9
-7
-4
1
2
-1
-3
-4
0
3
5
-6
-2
0
-4
-2
-3
-11
-6
-2
-1
0
-8
-8
-4
-5
1
4
4
1
0
2
-2
7
6
4
2
-8
1
1
2
1
-1
0
0
-7
-4
0
1
4
-1
1
1
0
4
6
0
2
3
2
-1
6
7
1
1
-3
-1
1
3
2
5
2
1
0
0
1
5
-2
-6
-6
-12
-2
-3
-8
-8
-1
1
-8
-6
1
-4
-5
2
1
-4
-6
0
2
-4
-4
1
-3
-4
0
7
-12
-13
-6
-2
-1
-5
-5
-4
2
0
8
-2
-3
-6
-3
1
-8
-6
-8
-8
-7
-6
-4
-4
2
2
-4
-3
-6
-2
-5
-2
-3
2
2
0
0
-3
3
0
0
-1
-1
3
6
6
7
8
8
5
7
14
10
4
8
8
3
5
7
1
4
4
5
2
1
-2
3
0
0
4
1
1
4
1
1
3
-6
-6
-9
-4
-3
-1
1
-12
-5
-3
-8
-3
-4
0
2
-2
-1
3
8
0
2
2
1
3
0
8
2
2
6
2
6
8
5
6
10
7
5
1
6
0
-2
0
6
5
-7
1
-3
2
1
2
-1
2
-1
-7
-3
0
-5
-5
-6
-9
-8
-8
-13
-10
-4
-4
0
-4
-4
-3
-5
-4
-1
-1
-1
-2
2
-4
-1
-3
0
-3
-6
-9
-7
0
-6
-7
-2
-1
-3
1
-1
3
4
0
2
3
2
0
-9
-9
-10
-14
-6
-6
0
1
-1
0
-9
-3
-3
-5
3
3
-5
-11
-10
-5
-5
-5
-3
-5
-3
3
-8
-6
-8
-5
-3
-3
-3
-7
-2
-6
-1
-2
-5
-7
-8
-6
-4
-11
-10
2
-2
-4
0
-3
-10
-5
-9
-6
-3
-5
-4
-3
-3
-2
-6
-9
-9
-11
-5
-7
0
-1
-3
-7
-9
-12
-9
-5
-9
-8
-8
-5
-2
-2
-7
-7
-4
-3
-2
-3
-5
-5
0
1
4
-1
-2
4
7
6
2
2
3
4
4
-3
3
2
4
4
3
1
1
7
3
2
6
4
0
5
-1
1
-1
3
1
0
0
3
2
3
2
-3
-2
-5
-2
0
2
6
6
4
4
2
2
-1
0
5
6
-1
-6
-8
-7
-6
-5
-7
-4
2
3
0
-6
-10
-5
-1
-9
-5
2
-2
-2
-8
-5
2
-9
-7
-1
-1
2
2
-2
0
0
-9
-4
-8
-5
4
1
-3
-5
0
0
-2
0
0
1
1
5
5
-2
-1
2
3
4
5
3
-1
-5
-3
2
-4
-7
2
-6
-4
-1
-5
-5
-2
4
-2
3
1
7
3
2
4
3
2
0
1
1
2
2
-1
5
0
2
4
0
2
-2
3
3
-3
-6
-3
-7
-2
-3
5
6
-4
3
8
2
3
2
-9
-2
1
-5
4
11
2
-11
-3
-10
-5
-6
-12
-6
-3
2
-3
2
-3
-3
-1
2
3
0
8
5
2
2
3
-1
0
7
-4
3
5
6
-4
-6
4
2
-1
0
10
3
0
1
-1
-1
-4
8
6
3
1
2
3
1
6
-1
-6
-1
5
7
8
7
10
6
2
0
2
0
4
8
8
5
5
4
5
6
1
2
0
2
7
5
6
10
8
9
15
7
6
4
5
8
3
4
4
6
4
9
6
2
6
3
7
13
3
6
9
5
6
4
7
9
8
1
10
10
9
7
10
10
1
7
3
4
8
5
7
5
5
4
8
2
3
12
7
4
3
0
1
0
0
-2
1
0
1
4
3
7
1
-1
5
5
2
0
5
-1
-3
3
-1
-2
5
-1
-4
-6
3
0
-3
-1
3
2
-3
0
0
3
-1
-5
0
-3
-5
-2
-1
2
0
0
-3
-1
-4
-6
2
-2
-4
3
0
0
-2
-1
-3
-4
-7
-5
4
4
0
-4
-2
4
4
6
7
4
1
3
3
4
5
2
5
4
3
9
8
4
1
7
5
-3
1
1
-2
2
-1
-1
-1
-1
3
-2
0
2
10
6
10
10
2
2
3
4
2
5
8
9
3
2
2
4
3
5
7
3
-1
1
4
1
-4
-1
-4
-5
-4
-5
-3
-5
-4
-14
-8
-3
-2
3
-1
-5
-1
-8
-6
1
0
-4
-3
3
-1
1
-9
-5
-4
-9
-10
-11
-2
0
-2
2
-10
-5
-4
-2
-2
0
-1
0
3
-2
4
-1
1
-6
2
-3
-3
-1
-10
3
2
5
-1
-5
-2
-3
-4
-4
-4
-5
-2
-5
-3
-2
-1
-5
-2
-6
-5
-6
-6
0
-3
-1
0
4
2
-6
-3
3
3
6
3
4
-2
0
3
3
6
-2
-3
2
0
2
3
0
4
-4
6
4
1
9
6
7
5
-2
0
6
5
7
6
6
5
5
7
0
2
1
1
6
3
7
-1
2
5
11
3
-2
0
2
1
-2
-1
3
10
5
3
0
4
2
-3
-6
1
-2
-2
2
0
-1
-5
-4
-1
-5
2
-1
-12
-9
-3
-2
-2
1
3
-1
-2
-5
-8
-5
-7
-1
-3
-4
-3
1
2
0
-2
-3
4
2
4
6
4
0
5
2
-1
-3
3
-3
-1
1
2
0
-1
0
-3
-1
-5
0
-5
2
3
-1
-1
-4
-2
2
0
5
2
3
6
1
-1
1
3
4
2
-1
-1
-1
-3
2
4
5
2
-2
6
7
5
2
0
5
4
5
9
9
5
5
6
1
6
8
5
0
5
12
4
3
10
13
3
10
6
5
8
11
7
6
2
1
6
9
12
9
14
10
5
5
3
3
7
9
3
10
8
0
3
-2
9
8
6
1
-2
-1
-6
2
-1
-2
-3
-4
-5
-1
-1
0
0
-1
5
1
1
1
-4
0
-4
1
0
0
0
2
2
-6
-3
-3
0
6
4
2
1
0
0
2
2
-1
6
3
6
5
3
0
3
5
-1
-3
1
2
1
3
-2
-4
-3
-1
2
0
-1
4
4
2
4
-1
3
7
2
-1
2
-2
-6
0
0
1
1
1
9
-1
-2
5
5
1
3
4
1
9
12
6
3
4
8
8
6
2
3
1
6
-3
0
5
1
8
1
2
0
4
0
2
-4
-1
-4
1
2
-2
5
1
1
-5
-2
-5
3
0
-4
-3
-1
0
2
3
-1
-2
2
-1
2
2
0
0
-2
-4
-7
-2
-1
-1
-3
1
0
0
5
4
-1
-1
0
1
5
4
4
-3
1
1
-1
-7
-2
-6
-6
3
1
3
0
-4
-2
2
3
-2
-1
-2
4
8
-1
-3
1
6
4
2
2
5
-1
5
2
2
1
-1
2
0
2
1
4
6
2
1
1
2
1
6
2
2
7
0
3
4
2
0
-1
3
4
10
15
10
8
9
7
8
8
8
6
9
9
8
15
4
2
5
5
1
6
4
7
8
3
7
4
9
3
8
9
5
10
11
11
8
5
12
9
10
8
11
13
12
10
7
4
6
6
2
6
7
5
4
5
5
6
8
-2
6
5
4
6
7
7
8
7
3
3
1
6
1
-2
4
0
5
9
3
-1
9
6
4
2
4
11
3
3
14
1
2
8
1
5
2
8
9
7
8
8
13
11
7
9
8
8
3
6
4
6
-1
5
6
2
6
5
7
4
5
3
8
5
4
4
3
0
-1
5
7
7
6
7
1
4
0
-1
4
2
1
-2
0
0
-1
-3
2
4
3
3
3
2
3
2
5
2
4
7
4
6
4
4
10
9
1
5
9
15
13
12
11
8
9
8
12
7
7
10
8
8
7
9
13
12
7
11
9
9
7
1
4
2
3
0
-2
-3
-2
5
5
1
6
9
4
4
4
6
-1
4
6
3
5
4
2
1
4
3
1
0
5
6
8
5
9
5
2
3
3
0
3
1
-4
-1
2
3
3
7
7
4
3
7
-1
6
4
3
6
-2
3
3
1
5
6
6
11
3
3
8
9
7
8
1
1
4
3
0
6
2
-1
3
4
6
7
7
13
9
9
5
5
7
3
12
7
7
6
6
10
11
7
11
9
9
11
8
11
7
12
9
14
9
11
10
10
11
10
11
11
15
11
9
12
11
15
14
14
9
12
14
8
17
9
13
12
17
15
8
15
13
13
12
12
9
10
13
14
11
11
13
13
13
17
11
10
8
11
8
10
18
15
13
15
9
11
14
11
12
10
12
13
12
12
14
12
11
11
12
9
9
12
13
12
11
10
9
17
13
12
16
16
17
16
18
16
14
11
14
14
12
11
16
13
11
12
12
13
12
14
14
9
10
6
10
11
10
9
11
14
10
13
17
15
9
11
9
9
16
14
13
10
7
14
7
17
10
13
12
9
15
15
17
16
16
13
14
10
15
10
13
11
11
15
12
12
10
11
11
11
12
16
9
12
12
7
14
11
8
7
9
10
11
6
9
11
9
13
13
10
10
9
8
10
3
8
13
11
11
8
6
12
9
9
10
12
13
11
12
11
13
13
10
7
8
8
8
6
10
14
14
9
11
12
8
6
8
10
8
11
10
8
12
10
10
9
11
9
6
9
11
8
5
7
9
14
10
13
11
13
11
13
7
6
9
7
4
3
14
11
13
7
12
8
7
14
6
10
12
11
6
8
6
3
5
6
8
7
12
10
14
11
12
10
8
8
11
8
9
9
5
6
11
14
16
10
9
7
7
8
6
2
4
7
3
4
8
6
6
7
6
11
4
9
8
7
6
4
3
3
11
5
8
6
4
8
5
7
5
7
7
7
7
8
4
7
10
7
9
10
12
10
9
9
9
7
10
8
11
12
7
6
7
7
8
8
5
6
9
10
4
5
0
3
6
4
6
1
5
7
0
0
4
9
4
2
4
8
5
6
3
3
5
4
9
1
10
10
4
2
5
9
2
1
2
-2
1
7
3
4
8
7
10
14
11
15
14
12
6
12
10
10
13
8
10
8
12
7
7
8
9
4
12
4
9
8
2
5
-3
7
6
6
6
4
1
6
6
1
6
3
8
5
1
3
1
3
5
1
2
3
8
6
-1
5
4
2
-2
0
0
1
5
-1
-2
-1
-2
2
2
0
1
-2
0
-1
-4
1
-3
1
4
2
2
-2
3
-1
-1
2
1
-1
1
0
3
3
2
2
3
2
-9
-3
1
-1
3
-2
-2
3
0
2
1
-6
-1
-4
-1
-1
-3
0
-4
-1
0
-4
-2
-5
-4
-6
-7
-5
-6
-3
-1
-3
-5
-2
-1
-5
-3
-6
-8
-2
2
-3
-6
-1
-7
1
-4
-6
0
-9
-7
-3
-7
-10
-10
-5
-10
-8
-11
-9
-9
-14
-8
-10
-10
-10
-11
-9
-6
-11
-9
-4
-8
-5
-6
-6
1
-1
-3
-2
-5
-4
-5
0
-1
-4
3
3
-2
3
5
3
-1
0
0
-5
1
-4
3
-2
-4
1
-7
-3
-2
-1
-1
2
-5
0
-5
-4
-1
-6
1
-6
1
1
-2
-3
0
2
-1
3
-2
0
2
6
3
2
3
5
12
6
10
3
1
2
1
2
-1
5
9
6
0
0
-1
6
3
0
2
4
7
-2
4
-2
3
2
-4
2
2
4
2
6
1
3
4
3
2
3
9
10
4
3
5
2
6
2
8
4
2
4
3
3
7
9
2
3
2
3
4
5
4
2
5
4
3
0
2
3
2
5
2
4
0
1
-3
2
5
-5
-6
2
7
1
3
1
7
7
5
7
2
7
5
1
-2
3
2
2
-1
2
2
2
4
1
11
5
6
0
-1
6
6
3
1
4
6
-4
1
-1
1
1
0
3
-2
3
0
1
5
6
4
2
-5
-3
1
-3
1
-2
0
0
0
-2
-2
2
1
4
-1
-2
7
0
-3
-2
-1
0
-4
-4
-4
-4
2
0
-3
0
0
4
0
-3
-3
-1
-5
-8
-2
-1
0
1
2
-3
5
1
1
4
1
1
-1
-4
-1
3
-3
-2
-3
-8
-7
-2
-2
-5
-1
-5
-7
-10
-7
-5
-3
-4
-8
-2
-3
-6
-4
-12
-7
-4
-11
-8
-9
-7
-5
-11
-8
-5
-7
-5
-6
-7
-5
-6
-8
-1
0
1
-6
-3
0
-1
-1
-4
1
0
0
-2
-3
1
-1
1
-5
2
0
-6
-2
-2
3
-1
-5
-2
-5
-3
2
3
-2
-4
-5
-2
-1
-3
-2
4
5
-5
-2
-3
3
1
3
0
4
6
-2
-2
1
1
0
-2
-1
-2
-4
0
-1
2
-6
-9
-4
-2
-6
0
1
1
-4
-2
0
-4
-1
-2
-2
2
-5
-7
-1
2
0
-5
-1
-2
-5
-3
0
0
3
-2
-6
-6
-3
3
5
4
1
2
0
-1
-2
-2
-7
-4
-6
-10
-3
-3
-4
-9
-5
-8
-11
-5
-2
-3
-3
-1
-5
-3
-8
-7
-5
-6
-2
-1
0
-6
-2
-2
-8
-5
-6
-5
-5
-7
-8
-6
-6
-5
-5
-1
-6
-9
-5
-4
3
-3
-4
-6
0
-4
-8
-1
1
2
-3
-5
-5
0
-2
-5
0
0
-2
-5
4
3
-2
-4
-2
-1
-2
1
-2
-2
5
2
0
2
-1
3
3
4
0
8
5
3
3
4
9
0
3
-1
1
9
3
2
5
4
10
8
9
9
9
12
1
0
6
4
6
4
5
3
4
5
7
4
5
8
3
6
-1
8
6
5
2
6
11
5
4
0
4
9
3
4
4
9
10
3
0
6
4
5
5
5
4
8
-2
-2
1
-3
-3
7
4
3
3
-2
3
-2
4
3
1
2
1
3
1
-4
2
-2
-3
-1
-2
2
5
-1
1
-4
-3
4
-1
-4
-1
3
0
0
-4
-1
-5
-2
-1
-4
-5
-3
-2
3
2
-1
0
-1
-4
-7
-2
0
-2
-4
-7
-10
-9
-3
-3
-1
-7
-3
-6
-5
-5
-8
-3
-2
1
-4
-5
-7
0
-3
2
-5
-1
2
-3
-2
-2
-4
1
-5
-8
-3
-7
-2
0
-3
-5
-5
-10
-6
-4
-7
-2
-3
-9
-6
-2
-4
-5
-1
4
3
-1
-1
-3
-4
-6
-4
-5
0
-6
-6
-1
-1
-1
1
0
-5
0
2
1
3
-1
-1
-3
0
-1
-1
0
-8
-1
-1
-5
0
-2
-4
-3
-2
0
2
-8
-4
-9
-6
-5
-5
-1
-3
2
-2
-2
-6
-6
0
-1
2
3
1
-2
-1
7
2
-1
2
1
3
6
-1
-8
-4
-5
-3
1
-1
-3
4
3
1
-1
-4
-4
-9
-3
-5
0
-2
-4
-5
-4
-3
-3
-5
3
1
-2
2
-5
1
-8
-7
-4
-4
2
-1
0
4
0
-5
-4
-5
-5
-7
-7
-4
-12
-8
-4
-10
-5
-8
-10
-11
-9
-6
-4
-6
-4
-7
-10
-4
-12
-9
-7
-15
-17
-15
-14
-12
-8
-11
-9
-15
-16
-11
-15
-16
-18
-19
-15
-16
-14
-10
-19
-19
-13
-13
-14
-16
-18
-17
-15
-21
-17
-22
-21
-23
-18
-16
-17
-13
-15
-17
-11
-14
-18
-14
-16
-18
-15
-17
-21
-13
-18
-17
-14
-13
-19
-19
-18
-20
-17
-15
-13
-9
-10
-14
-15
-12
-14
-13
-9
-8
-10
-10
-9
-10
-7
-12
-10
-11
-14
-11
-10
-13
-16
-11
-9
-17
-16
-15
-13
-14
-11
-11
-12
-11
-13
-14
-13
-8
-14
-11
-13
-10
-14
-11
-12
-13
-9
-10
-8
-13
-10
-6
-10
-7
-9
-8
-10
-12
-1
-9
-12
-7
-15
-9
-13
-13
-15
-15
-8
-12
-16
-17
-12
-13
-13
-12
-14
-15
-11
-10
-15
-12
-8
-8
-8
-13
-16
-9
-6
-13
-9
-10
-14
-9
-13
-8
-12
-12
-11
-12
-10
-14
-12
-17
-17
-9
-12
-12
-14
-15
-12
-13
-4
-9
-13
-8
-10
-13
-17
-15
-13
-16
-10
-8
-12
-12
-15
-14
-17
-17
-7
-9
-9
-7
-9
-6
-5
-4
-7
-11
-9
-13
-9
-8
-7
-8
-12
-8
-10
-6
-7
-8
-2
-9
-6
-8
-9
-7
-12
-5
-5
-8
-8
-9
-7
-11
-9
-12
-8
-7
-5
-8
-10
-8
-11
-10
-13
-5
-7
-9
-5
-16
-15
-17
-9
-5
-10
-6
-9
-3
-5
-4
-11
-8
-5
-12
-11
-11
-6
-9
-16
-12
-13
-9
-9
-10
-9
-5
-7
-10
-9
-8
-4
-5
-3
-5
-6
-8
-4
0
-5
-8
-7
-6
-1
-8
-6
-6
-8
-8
-10
-10
-8
-9
-11
-10
-12
0
-10
-10
-12
-12
-8
-8
-5
-9
-6
-4
-6
-10
-7
-8
-10
-11
-10
-11
-10
-12
-10
-11
-17
-10
-12
-13
-12
-13
-8
-12
-12
-18
-20
-20
-17
-15
-16
-9
-10
-15
-13
-12
-18
-15
-12
-16
-17
-21
-18
-21
-23
-15
-21
-22
-14
-16
-16
-17
-18
-20
-16
-20
-22
-20
-13
-13
-15
-13
-19
-18
-15
-17
-14
-11
-15
-12
-10
-11
-15
-17
-15
-18
-22
-18
-20
-18
-14
-13
-17
-18
-17
-18
-20
-15
-16
-18
-24
-20
-21
-19
-14
-21
-14
-16
-17
-17
-17
-20
-21
-17
-20
-11
-17
-18
-13
-18
-19
-21
-13
-17
-15
-11
-10
-10
-10
-14
-15
-14
-16
-13
-10
-11
-11
-16
-17
-15
-17
-11
-12
-16
-15
-18
-17
-10
-10
-13
-11
-12
-10
-6
-8
-7
-5
-9
-10
-11
-12
-11
-13
-6
-12
-10
-14
-22
-9
-14
-16
-11
-11
-10
-7
-12
-11
-12
-14
-15
-14
-16
-15
-10
-16
-7
-11
-12
-10
-11
-10
-9
-8
-12
-15
-18
-14
-15
-13
-10
-14
-9
-8
-3
-13
-13
-8
-13
-16
-14
-11
-13
-13
-13
-11
-11
-14
-15
-12
-9
-8
-14
-10
-12
-15
-10
-11
-8
-6
-10
-11
-13
-15
-8
-10
-10
-7
-7
-15
-11
-11
-9
-8
-14
-15
-13
-13
-13
-10
-12
-13
-17
-18
-18
-18
-15
-14
-11
-10
-15
-18
-18
-17
-14
-20
-19
-17
-16
-6
-9
-19
-13
-9
-17
-16
-14
-9
-10
-13
-11
-12
-11
-12
-13
-16
-14
-10
-13
-18
-12
-11
-15
-13
-11
-14
-9
-10
-7
-14
-11
-12
-6
-6
-14
-14
-13
-8
-11
-8
-7
-8
-7
-9
-11
-5
-10
-12
-10
-5
-7
-15
-9
-7
-8
-6
-6
-2
0
-3
-5
-7
-8
-10
-11
-12
-10
-6
-6
-6
-8
-7
-7
-8
-12
-12
-11
-15
-10
-14
-12
-14
-13
-13
-19
-15
-11
-14
-14
-12
-10
-8
-13
-15
-16
-12
-4
-7
-11
-13
-16
-11
-12
-10
-9
-7
-9
-17
-6
-5
-5
-6
-5
-3
-6
-12
-14
-11
-9
-9
-16
-11
-6
-15
-9
-6
-11
-11
-8
-10
-11
-5
-8
-9
-9
-5
-4
-9
-13
-15
-9
-15
-7
-11
-17
-10
-14
-13
-12
-11
-11
-10
-14
-12
-6
-6
-10
-10
-15
-7
-10
-15
-15
-17
-9
-14
-12
-16
-16
-15
-17
-10
-14
-12
-9
-17
-12
-13
-12
-13
-16
-16
-14
-14
-14
-16
-14
-14
-14
-16
-15
-7
-13
-10
-13
-13
-11
-16
-12
-15
-14
-15
-13
-10
-10
-12
-12
-13
-14
-12
-16
-11
-10
-10
-12
-8
-8
-4
-9
-13
-6
-10
-10
-9
-9
-8
-9
-9
-9
-5
-7
-6
-4
-3
-4
-5
-6
-4
-2
-6
-9
-5
-2
-5
-8
-8
-8
-10
-8
-5
-7
-8
-1
-5
-6
-4
-2
-1
-3
-3
-6
-5
-3
-3
-2
-3
-4
-3
-6
0
-2
-3
-1
-2
4
4
3
3
0
8
8
2
7
7
8
2
-2
0
3
0
7
1
4
7
7
9
7
11
11
13
4
8
10
10
11
7
9
6
7
5
3
6
6
5
6
9
9
5
3
4
2
1
2
3
-2
0
3
-4
-4
0
1
-3
-7
-2
0
-7
-4
-1
-5
-4
3
0
1
0
3
6
-1
3
6
3
2
0
3
4
3
-2
-2
3
0
3
1
0
-2
-1
1
0
1
1
-1
-4
-3
0
3
3
0
0
2
1
-2
-2
3
-1
2
-2
0
1
-1
0
-2
3
-4
0
-8
-7
-1
-6
-1
-3
1
3
4
3
-1
-4
-3
-1
-3
-3
-4
-4
-1
0
1
-7
-3
1
-9
-4
-2
-7
-5
5
-3
0
-2
-6
-3
-4
3
-1
-4
-2
0
2
-5
-2
3
1
0
6
1
5
8
3
2
5
0
2
5
4
3
0
3
1
0
-1
3
6
3
1
3
3
3
3
3
8
0
3
6
4
5
1
-2
3
-1
0
-1
2
5
3
2
2
6
1
2
0
-2
-2
1
-1
-1
-1
0
-2
-5
1
-1
1
1
1
5
1
-5
-2
-3
-6
-5
1
-1
-4
1
-5
-4
-2
-5
-5
1
2
0
4
-2
-1
3
1
1
0
5
-1
-1
3
-1
1
-2
0
2
5
2
7
6
2
4
4
3
5
2
1
-2
-4
-1
2
0
-1
7
4
2
5
5
0
6
7
2
0
-3
-2
-5
-3
-8
-3
-2
-2
-4
-5
-4
-9
-5
-5
-4
-1
-3
2
2
3
6
0
-2
0
-4
-1
3
-1
0
1
2
-3
-4
-1
-6
-6
4
-4
-1
0
-3
-2
-4
-2
-3
-3
-1
0
-1
0
-3
-3
-4
-2
-6
-10
-10
-10
-10
-5
-5
-6
-5
-9
-10
-9
-2
-5
0
-5
-3
0
-2
-6
-8
-8
-9
-7
-6
0
-8
0
-2
-6
-9
-7
-6
-5
-1
-3
-5
0
2
-4
2
-1
-4
0
-5
-4
-6
2
4
1
-3
-6
3
-3
-1
8
5
2
0
0
-1
-5
-6
0
-2
-2
1
0
-2
-1
-3
-5
-8
-9
1
-7
-6
-2
-3
-5
-2
0
-7
1
0
-5
-3
0
2
1
5
-3
-6
-4
5
-4
-1
2
4
4
7
6
3
1
-3
0
1
0
5
7
0
5
3
-4
-3
4
7
-1
2
5
3
2
-2
3
-1
-4
-2
-3
-6
-4
-7
0
-1
-2
0
1
-2
-3
4
0
0
-4
-7
-7
-7
-11
-11
-9
-6
-11
-8
-15
-9
-6
-7
-8
-6
-5
-8
-5
-6
0
-5
-3
2
-4
-1
-1
0
-4
-3
1
0
-2
-1
-3
-4
-1
-5
-1
-1
0
-3
-8
-2
0
-4
-6
-6
2
4
1
-7
-2
-1
0
2
-4
-4
-3
3
2
3
6
-3
1
2
-1
4
-5
5
5
4
0
5
5
-5
-1
-1
-2
4
4
3
2
-1
-1
-1
1
7
5
4
7
7
7
0
2
5
2
3
2
5
3
-1
0
-2
1
-4
0
4
0
4
-3
-1
-1
-2
1
-4
0
0
-1
1
2
2
2
2
-4
2
1
0
2
3
4
-5
0
3
4
11
9
1
-1
-2
2
5
7
5
8
7
6
1
0
-2
3
5
6
7
4
1
-2
-2
-8
-6
-1
-1
1
0
7
3
1
0
-1
4
4
7
8
12
8
-1
2
1
6
10
6
8
6
6
5
13
8
4
4
-1
0
1
4
5
8
6
6
8
1
3
5
1
4
1
2
3
1
-4
0
-2
-5
-1
0
4
3
1
5
5
5
4
-1
3
8
5
5
3
8
13
11
7
7
6
-2
4
8
13
11
6
6
5
5
7
9
13
14
16
15
13
9
7
15
11
14
13
12
7
12
15
17
12
10
13
7
13
12
11
7
13
13
12
11
9
11
5
5
11
12
15
11
11
8
8
11
7
4
5
11
9
9
10
9
3
0
8
4
4
6
5
13
12
14
12
12
10
8
6
6
15
14
14
12
10
2
6
9
9
10
5
9
9
9
8
6
6
7
6
9
9
9
4
8
11
7
10
6
11
9
9
10
11
8
3
5
4
3
9
7
11
10
8
8
6
8
7
11
11
9
8
8
11
9
10
7
5
11
4
3
9
7
11
7
3
7
6
8
8
6
7
10
10
11
12
8
4
11
12
8
16
11
11
17
10
9
6
8
8
5
12
10
7
9
8
8
10
7
0
6
6
3
9
10
15
12
5
6
6
3
4
6
4
8
6
6
3
5
9
4
8
11
8
8
4
6
12
10
9
14
10
3
8
6
5
7
7
9
9
8
1
5
4
3
4
-2
3
6
6
13
4
4
6
4
9
9
11
9
13
9
7
4
8
12
11
10
9
8
9
9
5
8
8
10
11
15
15
12
14
11
5
9
9
8
8
12
4
4
11
8
4
3
8
9
8
3
5
2
7
6
1
0
6
6
4
5
2
7
7
-2
3
-4
-3
7
1
6
1
4
1
-2
-2
-3
-5
-4
0
3
0
-5
-3
0
5
-3
-6
7
1
3
0
2
-2
0
4
1
0
-4
3
0
1
2
4
-1
-4
-4
-2
-6
-2
1
-2
1
-2
-2
-6
-2
-4
3
2
1
3
-4
-2
-2
-2
3
1
-4
-3
-1
-4
-2
-4
-1
-2
0
6
2
0
-4
0
-1
-5
-7
-2
-3
-3
-1
2
3
0
2
0
1
2
-5
-3
2
-1
2
0
0
-2
0
1
2
2
0
2
-1
0
0
3
0
0
-1
-3
6
-1
2
1
5
7
1
2
0
-3
3
5
3
4
7
9
9
4
7
4
7
3
3
4
1
7
2
3
2
6
5
7
2
7
9
11
13
10
9
7
7
9
9
10
13
8
10
6
3
2
7
12
10
12
13
9
16
10
9
11
8
14
13
16
12
14
13
11
13
16
16
20
18
14
14
17
11
10
12
13
12
7
12
15
10
10
12
11
7
8
15
14
10
12
18
6
4
4
7
6
8
11
7
9
3
7
6
6
1
5
8
8
12
6
6
5
4
9
10
8
7
8
7
10
6
9
8
6
7
2
6
5
10
9
12
6
10
12
6
8
6
7
6
2
7
9
9
7
6
9
6
3
5
9
7
2
0
7
4
6
4
-2
6
13
10
13
7
1
5
-3
4
6
4
5
10
4
3
5
6
3
5
5
9
10
6
6
5
11
5
7
6
5
6
5
6
11
9
9
11
6
11
6
8
3
6
7
5
9
6
6
2
1
4
10
8
8
10
10
7
3
5
11
8
8
10
9
8
7
13
7
11
10
3
6
11
9
11
15
12
20
14
19
11
10
16
15
17
14
17
8
14
16
13
12
9
17
11
13
11
14
8
15
11
6
9
10
16
3
8
7
6
11
11
17
11
7
13
12
12
13
15
16
16
11
7
11
15
17
16
14
16
18
13
12
13
10
10
9
8
10
13
18
15
10
9
11
9
11
14
13
14
13
9
9
14
11
12
11
10
13
10
15
8
3
12
5
4
9
11
10
4
7
13
7
6
8
4
5
4
13
10
9
8
3
10
11
8
7
5
8
12
6
5
14
7
13
10
7
7
3
12
16
13
14
19
11
8
14
11
9
10
12
9
7
9
12
9
10
11
7
6
11
16
15
12
2
7
10
11
11
12
12
13
16
16
14
16
18
13
10
16
17
10
16
16
8
8
11
14
13
21
20
12
13
13
12
15
11
11
13
14
14
15
12
14
19
14
17
16
16
18
15
20
18
15
20
12
17
16
13
12
16
17
17
15
12
18
13
13
13
18
13
13
20
16
10
11
10
14
15
13
15
11
16
18
15
13
11
17
19
15
10
18
13
13
15
14
19
9
14
16
16
13
19
18
15
18
10
10
10
14
18
18
12
13
11
13
16
11
14
11
15
15
12
14
11
12
11
16
16
11
9
16
16
11
16
11
13
9
14
9
4
9
9
10
8
7
10
11
9
3
5
8
6
10
9
6
1
3
0
5
6
2
9
5
8
5
5
6
3
7
4
3
0
-4
4
8
10
5
2
4
9
5
10
6
7
11
8
8
4
4
6
10
13
12
13
9
11
16
11
7
3
9
11
10
4
10
8
9
13
9
14
9
7
15
10
12
9
12
13
3
3
8
8
8
7
6
14
7
7
6
5
7
5
10
9
13
10
11
6
7
6
7
10
8
8
5
7
5
8
8
5
7
6
5
8
10
7
10
12
8
6
9
0
4
8
5
4
1
4
-1
1
3
1
5
4
3
1
0
-2
3
-2
-2
1
-1
1
0
5
-3
2
-5
-2
-2
-3
6
-2
1
-3
-1
-1
-2
6
-1
1
3
5
4
6
5
5
1
1
0
2
1
-1
-1
-2
2
2
1
1
-2
-4
-1
3
2
-2
-3
-1
2
2
2
3
1
2
4
4
0
3
4
3
1
1
-1
3
2
-1
6
8
2
2
5
9
4
5
10
4
6
8
6
4
3
0
0
7
3
0
0
1
10
10
7
5
3
5
3
8
6
6
13
8
5
8
2
1
3
6
10
8
4
5
4
8
9
4
9
8
9
7
10
6
1
10
9
3
12
9
11
10
9
14
14
15
10
12
11
13
12
18
15
12
11
9
9
10
10
11
7
10
11
11
6
8
3
2
4
0
1
0
1
5
0
3
1
-1
0
2
4
-4
4
4
9
7
5
3
3
0
-4
-4
1
2
-3
1
1
2
2
6
7
3
8
3
1
2
-1
2
3
-2
-1
-2
-2
3
-3
-1
-1
3
-1
-6
-3
-6
-4
-2
-4
-4
-10
-6
-2
-4
-3
-11
-11
-4
-6
-6
-7
-11
-7
-9
-9
-5
-12
-12
-6
-10
-6
-8
-10
-11
-11
-8
-9
-13
-5
-9
-14
-11
-13
-14
-17
-9
-15
-7
-11
-10
-10
-11
-9
-14
-11
-11
-8
-8
-9
-9
-6
-12
-7
-3
-8
-7
-5
-4
-9
-11
-1
-4
-7
-8
-9
-2
-3
-5
-1
-5
-5
-4
-3
-6
-7
-3
-3
-3
-2
1
-3
-4
-4
-5
-7
-8
-5
-5
0
-6
-4
-6
-7
-4
-6
-7
-10
-8
-10
-3
-3
-4
-4
-4
-8
-5
0
-3
-1
-2
-6
-6
-9
-10
-8
-9
-3
-3
-7
-11
-10
-8
-13
-13
-8
-11
-9
-5
-9
-2
-1
-4
-7
-3
-6
-11
-7
-12
-7
-7
-10
-10
