6
2
8
4
3
4
-3
-1
2
-2
2
6
5
-3
-2
0
-1
-1
1
-1
-6
0
1
-1
-6
1
1
2
-4
-4
2
0
2
0
1
0
-4
3
0
-5
3
3
0
-2
1
4
2
2
5
6
5
7
6
10
6
3
7
8
9
11
12
10
4
3
6
5
1
3
0
3
9
2
3
2
4
4
-1
-2
0
-3
-2
-1
2
-4
-4
0
2
2
-4
-7
-3
0
-2
-2
0
2
-6
2
-3
0
0
-3
-1
-5
-3
4
6
6
3
3
2
4
1
7
2
0
2
2
4
3
5
1
1
2
4
1
2
3
0
1
2
-4
1
-2
-7
-1
-1
-4
-5
-6
-1
1
3
0
-1
-3
2
3
-3
-2
-1
1
0
3
2
-3
-2
-4
7
4
-4
0
-5
-2
-4
-3
0
-3
3
0
-3
-1
1
0
8
2
4
8
2
6
4
4
4
7
4
0
3
2
0
5
5
8
11
9
10
9
6
16
11
9
8
9
6
1
14
7
3
6
4
3
4
1
-1
-1
3
2
2
7
-2
-3
2
3
7
3
5
4
6
5
6
7
8
10
5
7
6
4
7
5
6
2
2
2
-1
6
5
7
6
11
9
9
5
10
7
-1
4
0
2
-7
1
1
4
3
-4
-1
5
-1
-5
7
8
-1
0
-1
-4
-6
-7
-8
-9
-10
-7
-6
-8
-9
-6
-8
-15
-11
-14
-16
-9
-12
-9
-9
-12
-8
-10
-11
-10
-11
-11
-6
-13
-14
-18
-19
-16
-19
-14
-10
-11
-13
-13
-8
-13
-17
-14
-11
-5
-9
-9
-5
-1
-2
2
0
-4
0
-5
-1
5
1
5
2
3
3
3
2
3
7
-2
4
4
-1
1
-5
-2
-4
0
-3
-2
-3
-7
-6
-2
1
-5
-7
-6
-6
-8
-5
-2
-7
-4
-8
-9
-7
-9
-11
-9
-6
-8
-7
-12
-15
-12
-13
-13
-15
-11
-14
-13
-15
-15
-13
-12
-13
-13
-12
-13
-12
-12
-12
-11
-11
-10
-9
-12
-14
-13
-12
-10
-10
-9
-10
-15
-9
-11
-5
-11
-7
-8
-7
-6
-12
-10
-13
-8
-7
-8
-10
-10
-7
-7
-7
-11
-12
-7
-14
-10
-11
-9
-10
-14
-11
-12
-13
-10
-4
-12
-12
-9
-16
-12
-13
-11
-13
-9
-6
-8
-14
-8
-8
-12
-8
-13
-12
-9
-6
-11
-10
-3
-3
-6
-7
-8
-10
-9
-3
-9
-8
-2
-5
-5
-4
-4
-1
-3
-3
-6
-8
2
-2
-6
-5
3
0
-3
-5
-7
3
2
7
0
-2
3
1
0
2
-4
-5
-3
-5
-7
-2
-3
-1
-2
-7
-2
-1
-1
-2
1
-1
-2
2
0
-3
-2
-2
-6
-3
-1
-8
-6
-9
-5
-11
-6
-2
-7
-6
-13
-7
-6
-5
-7
-5
-8
-6
-6
-3
-7
-4
9
0
-3
0
0
0
2
3
3
-1
9
4
5
3
5
1
4
7
0
4
-3
-1
-3
6
1
-1
3
1
-1
0
-1
-6
-4
-9
-3
-2
-3
2
1
-3
-4
-1
3
1
-4
-2
-4
-2
0
4
7
6
5
6
9
2
0
1
0
-1
-1
-1
-2
-1
-1
-4
-8
0
-3
-11
-6
-9
-5
-8
-9
-10
-8
-7
-13
-5
-2
-10
-5
-9
-11
-13
-14
-14
-15
-9
-13
-14
-14
-14
-11
-10
-12
-14
-16
-18
-13
-12
-16
-11
-11
-18
-19
-19
-19
-7
-12
-14
-11
-14
-7
-21
-15
-16
-16
-11
-20
-15
-13
-16
-9
-9
-15
-14
-20
-16
-11
-17
-12
-13
-14
-7
-8
-8
-10
-10
-10
-11
-12
-11
-10
-9
-13
-15
-13
-9
-11
-14
-10
-9
-11
-11
-11
-8
-10
-19
-12
-12
-19
-12
-17
-18
-11
-17
-15
-17
-12
-12
-17
-13
-16
-15
-16
-11
-13
-19
-14
-17
-9
-20
-16
-17
-18
-16
-19
-13
-18
-17
-16
-11
-14
-14
-16
-12
-14
-15
-10
-9
-8
-12
-11
-11
-16
-12
-12
-12
-9
-9
-13
-20
-16
-20
-15
-17
-16
-14
-18
-19
-15
-16
-18
-19
-15
-18
-21
-16
-15
-17
-17
-18
-13
-16
-22
-15
-15
-15
-18
-17
-19
-21
-18
-18
-16
-14
-17
-11
-6
-7
-11
-12
-10
-11
-11
-15
-9
-15
-14
-14
-13
-11
-9
-8
-13
-14
-9
-12
-13
-4
-12
-12
-12
-10
-11
-9
-8
-10
-8
-6
-5
-5
-12
-9
-8
-9
-10
-16
-17
-9
-7
-12
-5
-10
-15
-17
-13
-15
-11
-7
-6
-6
-14
-10
-8
-8
-11
-11
-14
-14
-7
-10
-15
-8
-7
-7
-7
-1
-7
-7
-2
-3
-3
-4
-6
-9
-5
-3
-10
-11
-6
-8
-7
-6
-4
-8
-6
-3
-3
-3
-7
-6
-2
-5
-6
2
3
0
-2
-2
0
0
1
5
1
2
4
-3
4
4
-2
-4
-2
0
-1
1
-1
-6
-6
-5
-2
-5
-12
-10
-9
-6
-11
-9
-8
-8
-14
-11
-8
-12
-5
-3
4
0
-6
-7
-8
-3
-2
1
4
0
3
9
0
0
6
4
2
4
-1
4
4
-4
3
7
5
5
0
0
0
2
-3
-1
-2
-6
2
3
6
-1
-4
-2
-5
-1
-5
-8
-3
-1
-3
-6
-9
-5
-3
-1
2
0
5
-4
-1
0
-3
-5
-2
0
-4
-7
-5
-4
-3
-2
-6
-2
-6
-1
-2
-3
5
-1
-1
-2
-5
1
-4
3
-1
1
6
4
0
0
7
3
0
2
2
1
2
1
5
2
1
2
2
5
8
9
2
4
3
8
3
8
9
9
5
4
8
6
5
4
6
5
1
6
10
4
12
10
6
8
5
11
8
9
1
4
8
7
11
0
0
0
5
7
3
3
3
9
10
10
5
4
7
5
5
1
1
-1
4
2
5
0
3
1
1
3
-7
1
-2
-1
-1
-4
-1
0
2
1
2
1
-2
4
1
0
3
0
-5
-2
0
2
-3
-1
2
-8
-6
-2
-7
-4
-4
-4
-2
0
-1
-3
6
-4
-2
-2
-6
5
-6
-6
3
7
6
5
4
2
10
8
2
1
3
10
3
8
10
5
9
9
9
8
9
8
9
12
8
12
12
13
12
10
16
15
11
13
12
9
12
13
12
12
13
11
11
6
13
10
10
7
9
7
8
10
5
7
4
2
5
5
1
3
9
11
11
9
12
8
4
4
8
8
13
12
12
15
14
20
21
22
16
16
18
15
24
20
16
19
23
24
20
18
19
14
22
23
18
19
21
22
23
18
22
21
16
18
23
19
19
19
18
25
20
23
23
23
23
21
19
15
20
19
21
26
18
19
20
26
21
17
20
13
18
21
19
18
18
13
11
14
9
8
14
14
8
9
9
10
16
5
14
17
13
14
18
22
20
20
15
14
15
19
20
21
17
24
20
19
21
18
22
21
21
17
21
20
18
19
20
20
18
20
15
18
13
17
16
10
14
12
10
16
9
13
6
8
10
9
11
10
11
10
7
10
11
11
12
15
9
5
6
4
7
4
4
3
7
4
1
9
7
13
9
9
13
8
8
8
9
6
12
14
8
10
7
9
12
8
12
10
6
8
11
9
12
11
12
11
4
6
12
14
11
15
9
6
5
12
14
9
8
7
4
5
7
7
8
5
7
6
8
8
4
9
8
3
8
9
4
0
-2
0
0
0
-1
-3
5
9
3
2
8
6
5
2
3
6
1
3
3
0
-2
3
1
-1
0
-3
-2
-4
-7
2
-1
-1
5
6
4
-2
7
8
2
12
11
11
6
9
12
6
8
7
7
11
3
5
3
10
13
5
10
6
6
8
6
2
5
5
9
9
2
5
9
6
8
9
7
5
6
5
4
8
9
6
8
11
14
12
8
8
9
10
8
3
8
14
9
10
8
9
13
9
13
7
4
9
12
14
9
9
9
7
13
11
13
11
9
10
3
1
-4
6
10
7
7
8
9
8
5
5
6
5
1
2
7
7
2
3
4
8
8
4
7
9
3
3
8
1
3
5
5
5
6
3
5
0
3
-1
-1
4
9
11
5
10
2
6
2
4
6
7
8
3
11
11
10
9
11
7
6
6
4
2
7
10
10
6
5
5
11
8
6
6
9
12
11
10
6
9
9
9
7
6
8
10
13
10
12
11
12
14
12
14
14
12
10
6
4
10
9
4
2
7
7
7
12
8
7
6
3
5
1
5
11
8
5
5
1
2
9
5
7
6
5
9
8
4
10
9
11
5
6
6
7
9
2
5
2
-2
1
2
2
-3
1
1
1
-1
-8
-2
-9
-6
-4
-2
-4
-1
-2
-4
-5
-6
-2
-5
-3
-6
0
2
-3
-1
-5
0
-8
-12
-6
-10
-8
-7
-5
-4
-4
-6
-8
-1
-3
-6
-6
-5
-10
-7
-8
-7
-8
-13
-12
-12
-5
-11
-17
-11
-12
-22
-19
-15
-17
-15
-19
-18
-16
-20
-22
-20
-19
-18
-17
-16
-18
-13
-18
-15
-10
-13
-10
-11
-18
-12
-12
-14
-10
-12
-9
-8
-9
-13
-13
-12
-15
-15
-9
-7
-7
-11
-14
-14
-8
-10
-5
-8
-12
-10
-10
-11
-16
-14
-14
-6
-10
-9
-4
-11
-4
-5
-10
-12
-14
-11
-7
-11
-10
-8
-10
-11
-15
-11
-16
-9
-9
-8
-10
-11
-11
-11
-14
-18
-16
-13
-13
-15
-12
-12
-12
-12
-12
-12
-9
-11
-9
-9
-3
-4
-6
-5
-5
-11
-6
-5
-6
-2
-6
0
-6
-12
-7
-6
-2
-2
2
3
4
5
-4
3
1
-3
0
0
3
1
-2
-3
8
8
2
2
3
0
4
1
4
4
2
5
0
10
9
3
1
2
5
-2
2
10
5
2
5
11
5
6
0
2
9
7
9
5
5
7
4
5
7
6
1
1
6
8
5
8
10
3
8
4
5
5
5
15
9
12
16
11
6
9
9
10
1
1
9
6
9
11
10
6
6
6
6
8
8
7
4
5
4
5
6
3
2
3
1
2
-1
7
2
-2
2
3
1
0
5
4
2
9
3
3
3
-2
2
-5
-3
-3
2
-7
-3
-3
-7
-3
-2
-2
-8
0
-6
-2
0
-3
-6
-5
-2
-3
-5
3
5
2
-3
0
2
1
3
-4
0
-1
-3
-1
2
2
-7
-1
-6
-4
3
-4
-2
5
4
-2
-4
-1
3
0
-1
5
4
3
1
-1
5
-2
1
-1
-2
4
-2
-3
2
2
3
7
5
0
3
0
5
5
3
1
3
9
2
4
5
6
9
5
5
2
11
8
0
6
-4
1
2
2
7
3
5
3
6
-3
1
4
-1
-2
-10
-4
-6
-5
-3
0
-3
0
0
-5
-5
0
-5
-6
-11
-10
-6
-12
-10
-7
-9
-10
-8
-12
-12
-12
-5
-8
-17
-17
-22
-13
-16
-16
-10
-13
-11
-12
-15
-13
-9
-10
-4
-8
-8
-12
-11
-9
-8
-8
-7
-5
-11
-7
-7
-9
-5
-5
-4
-7
-3
-5
-5
-8
-5
-5
-4
-3
-6
3
-2
-3
-7
-5
-5
-8
-5
-6
-1
-6
-10
-11
-4
-7
-10
-2
-8
-9
-10
-11
-7
-6
-1
-7
-8
-8
-5
-7
-6
-2
-5
-4
-6
0
-3
-6
-4
-7
-5
0
-5
-7
-5
-4
-9
-11
-11
-7
-8
-8
-13
-11
-9
-9
-7
-6
-4
-5
-4
2
8
-2
-5
0
-1
2
3
2
1
1
-1
-2
5
4
0
3
-1
0
-1
-1
-3
0
2
-5
0
2
-3
-2
-6
-1
-4
-3
-3
-8
2
-4
-6
-7
-5
-1
-4
-7
-7
-2
-5
-6
-6
-1
-8
-8
-8
-9
0
-8
-5
-4
-7
6
4
3
3
-1
-3
2
-4
-2
0
-7
-1
-5
-2
-2
-5
-5
-5
-3
-3
-3
-3
-3
-5
0
-1
1
-5
-5
-6
-4
7
-2
3
-1
2
-1
-2
-4
-3
-7
-2
3
-1
2
-3
0
-3
-2
-2
0
3
-3
-4
-5
-5
-10
-12
-4
-3
-5
-4
-6
-10
-7
-9
-11
-8
-7
-5
-2
-4
-6
0
1
-3
-5
-3
-8
-9
-3
1
0
-1
-4
1
4
1
2
2
5
7
5
6
10
13
11
9
6
7
7
8
8
13
10
8
10
9
6
5
5
4
10
2
0
4
7
5
4
4
7
7
6
7
12
6
-1
7
3
7
3
5
1
3
5
7
2
2
3
2
6
-1
5
3
6
6
6
6
3
4
1
5
3
4
10
5
7
5
8
2
3
0
-3
3
5
4
-1
2
5
2
3
1
1
4
-1
4
6
4
7
9
5
2
6
4
8
6
3
7
4
3
4
3
5
0
4
3
1
-1
0
0
-1
-4
-3
2
3
-1
-3
-1
-2
-4
-5
-5
-6
-2
-2
3
3
2
0
0
1
-1
1
0
2
9
6
3
8
9
6
4
7
7
6
5
8
8
11
14
14
12
12
8
12
9
10
4
4
9
7
6
11
10
9
17
11
14
16
15
14
12
5
3
10
10
13
14
9
12
11
6
8
4
8
6
2
-6
2
0
0
-2
-3
-2
-1
0
-6
0
-4
-3
0
-3
-5
4
-1
-2
2
0
1
1
-1
4
3
4
7
-1
4
6
7
3
2
1
2
7
4
4
5
9
4
3
2
3
5
2
3
3
5
3
8
3
4
-1
4
4
4
9
7
9
7
4
6
5
9
9
-1
8
4
6
8
6
2
5
8
6
10
3
4
7
7
7
7
14
8
6
7
8
4
4
7
3
0
3
4
6
3
-5
5
5
0
3
3
5
4
3
2
7
3
2
6
4
10
4
1
1
-1
-3
-1
1
1
5
3
-3
5
3
2
4
0
5
6
5
4
0
-6
3
-3
0
-1
-3
-2
3
8
-2
-5
-2
0
2
-4
1
2
0
3
-1
3
5
-2
-1
-6
-1
2
0
1
1
-3
1
3
-5
0
2
5
-3
-2
-4
-2
-3
-2
2
-7
-5
-1
0
-1
-3
-1
1
0
-6
-5
-2
-1
-2
0
2
-3
-2
-7
-2
-1
-2
-8
-4
0
-5
-5
-1
-2
0
-2
-5
-3
-6
-1
6
6
6
2
2
3
6
-2
7
7
5
8
8
9
12
18
12
10
15
14
18
13
13
15
14
16
12
10
12
17
14
6
5
12
15
8
7
7
5
6
8
10
7
6
7
6
10
8
4
7
4
8
8
3
6
7
2
-1
0
2
0
1
-1
-3
-2
0
0
-1
-1
-3
2
3
-3
0
-2
7
3
2
4
0
5
4
5
-2
4
1
5
0
-7
0
4
1
5
-1
2
5
1
1
2
4
-2
3
6
-4
-2
0
2
3
-2
-3
-5
-3
-1
-6
-4
-4
-3
-1
4
-3
-4
2
-1
0
-5
-8
-6
-3
-4
-8
-4
3
-3
1
-1
0
4
-2
0
6
6
-1
4
2
-3
1
3
2
2
-5
-4
2
3
0
3
0
-2
-1
-2
1
1
3
0
6
10
0
0
7
3
-3
-1
4
6
1
5
4
3
5
0
3
8
8
9
7
8
5
1
5
3
6
8
5
5
-1
0
1
2
3
4
7
9
5
2
6
1
3
4
4
3
7
7
6
8
5
-1
2
5
2
3
3
2
1
9
3
5
8
2
6
7
9
3
-3
-2
3
0
0
3
-1
-1
-2
-1
6
-1
1
-2
0
-4
-7
-5
-4
-5
-5
-9
-6
-7
-13
-9
-9
-10
-8
-7
-14
-9
-4
-6
-4
-4
-3
-2
-4
-2
-6
-5
-2
-7
-4
-1
-1
4
-1
4
-2
1
-1
-2
-1
0
4
1
3
4
0
4
7
3
7
4
5
3
6
5
6
13
5
9
7
4
7
0
4
7
4
3
1
0
3
2
4
4
5
2
2
3
0
0
-4
-3
0
1
-4
-3
-5
3
-2
1
-2
-4
2
-4
-3
-4
-3
-5
-6
-5
-4
-7
-6
-6
-7
-5
-9
-11
-10
-5
-7
-11
-6
-8
-6
-9
-4
-2
-3
-4
-4
-1
-8
-13
-7
-4
-10
-7
-4
-6
-2
-4
2
-3
-7
-8
-5
-10
-9
-9
-12
-8
-16
-11
-12
-13
-11
-7
-4
-8
-10
-11
-11
-13
-14
-10
-6
-9
-9
-9
-6
-9
-6
-7
-13
-8
-9
-5
-5
-6
-3
-5
-3
-7
-1
-2
0
-3
-1
3
3
0
4
10
4
7
6
6
7
11
12
9
11
6
7
5
11
10
6
5
5
7
10
7
4
9
-3
5
9
3
6
10
6
4
4
0
6
0
-5
-5
-7
-6
-8
-9
-3
-4
-7
-5
-10
-5
-11
-14
-13
-14
-12
-13
-11
-16
-11
-10
-8
-11
-11
-10
-9
-8
-7
-6
-10
-8
-6
0
-7
-3
-6
-6
-4
-6
-1
-8
-6
-3
-12
-14
-11
-10
-7
-8
-10
-13
-5
-10
-3
-5
-6
-9
-4
-3
-9
-12
-13
-9
-14
-9
-13
-10
-18
-12
-10
-11
-2
-9
-8
-11
-8
-9
-15
-11
-9
-12
-13
-11
-6
-8
-10
-2
-5
-6
-2
-1
-4
-2
-3
-1
0
-2
1
4
1
-1
8
5
10
6
4
4
9
3
10
6
6
11
7
8
6
9
5
11
14
10
7
13
7
6
11
9
11
4
11
7
7
6
5
2
0
4
1
1
-3
-3
-4
-1
-4
-2
-5
-7
-8
-7
-8
-10
-3
-8
-7
-3
0
-5
-7
-4
-10
-10
-7
-10
-14
-10
-6
-8
-9
-13
-12
-8
-8
-7
-7
1
-3
-4
0
0
-1
-1
-1
0
-3
1
2
4
5
5
13
12
9
9
8
12
8
8
8
9
12
9
5
13
7
4
8
7
4
2
3
1
3
3
3
2
3
2
0
-5
-3
-1
0
-6
1
5
4
-3
-3
3
1
9
6
6
7
8
7
4
12
12
8
11
15
11
9
12
8
9
13
10
10
15
7
19
16
11
14
17
10
16
17
16
17
16
17
6
13
7
14
20
10
12
11
14
14
15
17
10
17
14
13
12
13
14
12
13
11
14
14
14
16
17
12
7
12
8
10
6
8
13
8
10
6
6
8
11
10
6
7
7
4
11
14
8
9
15
13
8
12
10
5
4
8
2
9
6
4
10
6
6
7
7
5
10
8
6
9
9
11
12
11
9
10
8
9
9
10
9
2
12
13
9
6
6
7
3
5
1
2
3
10
2
0
0
0
6
3
4
11
0
1
3
0
5
2
0
1
6
7
5
4
10
4
6
8
-1
3
13
7
5
8
7
4
5
7
5
7
5
8
6
6
7
10
10
9
7
6
9
10
7
4
7
9
9
13
6
1
7
7
6
4
5
7
5
2
3
-1
-1
5
9
5
4
-4
-3
-1
-4
3
5
9
-1
1
-1
2
7
4
3
3
4
5
5
1
6
5
4
4
3
5
6
5
-5
-2
3
4
5
4
4
3
4
6
5
4
-1
5
7
0
6
4
2
7
8
2
7
5
2
7
4
6
8
7
5
5
3
0
0
-2
1
0
7
8
4
7
3
1
8
5
4
4
0
2
4
6
8
9
14
9
11
7
11
5
7
11
11
12
8
8
4
8
8
10
6
7
12
12
12
14
11
11
12
14
9
6
8
14
12
13
8
6
13
7
7
6
7
14
6
8
10
13
9
8
5
4
8
8
9
11
1
1
4
0
7
7
4
1
-1
1
5
5
1
4
2
3
1
2
4
1
5
3
6
3
5
5
7
6
-2
2
3
6
0
3
7
1
4
-2
-3
0
-2
-5
-2
-4
-4
-9
-4
-6
0
-2
-10
-1
-10
-8
-4
-6
-9
-4
-4
-6
-5
-12
-6
-5
-8
-4
-2
-3
-9
-8
-4
-4
-1
-1
3
-1
-2
-1
1
3
6
4
4
8
11
10
7
11
8
7
4
3
10
6
3
5
4
10
10
8
6
3
9
10
8
3
4
4
5
4
8
3
9
10
7
3
8
6
8
8
4
5
11
9
3
5
1
-2
0
0
0
2
2
-1
2
0
3
2
0
4
0
3
5
2
-2
3
5
1
-3
-1
5
1
0
4
3
3
4
7
4
5
5
-3
1
3
-2
3
0
-1
-1
4
8
7
3
2
5
2
5
2
8
1
5
11
8
-3
-1
10
2
7
5
4
4
2
-2
4
7
5
7
5
4
6
2
2
3
6
7
0
5
2
-1
3
2
1
3
0
2
4
2
1
2
9
4
8
4
5
9
6
8
10
9
7
10
7
3
10
5
3
14
11
9
7
4
9
10
13
10
18
15
7
14
7
7
9
11
6
3
4
3
4
6
6
7
9
5
4
9
11
5
4
-3
1
2
0
7
-1
6
6
3
4
-1
-4
5
1
1
4
3
1
1
4
4
1
3
3
4
-3
7
8
5
6
2
5
7
5
9
3
5
8
3
4
5
4
3
6
8
6
2
6
5
5
1
3
2
-3
-7
0
-3
-6
-6
-6
-3
-7
-7
-13
-13
-12
-11
-14
-14
-17
-8
-10
-12
-8
-13
-11
-10
-8
-11
-10
-17
-11
-12
-12
-10
-7
-10
-13
-9
-14
-8
-10
-11
-10
-6
-7
-9
-4
-3
-10
-3
-6
-11
-9
-8
-3
-4
3
-6
-3
-3
2
-4
-4
-3
-9
-9
-7
-3
-4
-5
-6
-7
-10
-10
-10
-9
-8
-10
-6
-7
-4
-5
-8
-6
-7
-5
-5
-7
-6
-7
-7
-7
-6
-3
-7
-9
-12
-11
-4
-10
-12
-12
-7
-5
-8
-8
-11
-4
-2
-2
-4
-6
1
-1
4
0
0
6
3
6
4
4
3
3
2
6
6
2
6
4
3
1
9
5
1
4
-3
4
4
0
5
4
0
7
4
3
1
-5
-1
-2
-5
-9
-12
-11
-9
-9
-7
-7
-7
-12
-10
-5
-11
-9
-12
-10
-6
-11
-11
-14
-15
-8
-13
-14
-9
-12
-8
-9
-5
-3
-5
-8
-9
0
-8
-9
-3
-6
-5
-6
-6
-6
-6
-5
0
3
2
-4
-5
-1
4
1
0
-3
-1
2
0
4
3
0
3
1
3
9
10
6
4
6
5
1
3
9
7
8
2
-4
-4
-3
-2
-5
-6
-3
1
-2
-5
-4
-4
-3
-6
-4
-1
-5
-4
-5
5
2
-3
0
-1
-2
-1
-3
0
0
1
-3
-3
3
-2
-3
-2
-2
-3
2
1
0
1
4
-7
-4
-3
-2
-3
-7
-12
-8
-2
-4
1
-3
3
0
2
-6
0
4
-7
-8
1
-2
-5
-6
-7
-1
-7
-6
-6
-6
-2
-2
-7
-5
-5
-7
-11
-9
-3
-9
-5
-4
-6
-7
-10
-6
-9
-8
-5
-6
-8
-3
-11
-8
-2
-2
-7
-6
-7
-3
-5
-8
-9
-5
-4
-7
-5
-5
0
-1
-4
-8
-1
-4
-4
1
-6
-2
-2
2
-1
0
1
-4
-3
0
-9
-7
0
-6
-7
-10
-8
-8
-6
-2
-10
-2
-4
-5
-4
-7
-8
1
2
-1
-3
-3
-4
-3
-1
-8
-6
-6
-3
-2
-2
-4
4
0
-3
-4
-6
-6
-5
-1
-6
-5
-5
0
-6
-4
0
1
-1
-6
-2
-3
-7
-3
-4
-1
-8
-10
-6
-5
-1
-5
-6
-5
-5
-7
-8
-8
-6
-6
-11
-6
-6
-12
-7
-8
-6
-9
-10
-5
-4
-8
-13
-9
-6
-8
-13
-9
-10
-14
-7
-7
-14
-13
-15
-10
-9
-9
-7
-7
-7
-8
-9
-8
-6
-10
-11
-14
-9
-7
-9
-8
-4
-3
-3
-3
-2
2
1
2
4
0
7
3
1
3
-3
0
3
1
4
-1
2
7
2
4
3
0
-3
1
4
-1
3
0
5
-2
-4
0
4
-2
-6
-1
-8
-6
-3
0
-11
-8
-6
-5
-7
-3
-9
-7
-9
-13
-7
-10
-6
-11
-13
-13
-9
-14
-13
-19
-19
-17
-15
-12
-18
-15
-17
-14
-14
-10
-10
-10
-7
-12
-13
-20
-14
-16
-20
-15
-12
-19
-13
-15
-19
-15
-19
-16
-21
-20
-14
-12
-18
-15
-18
-18
-13
-10
-12
-17
-15
-15
-14
-12
-18
-13
-12
-17
-12
-11
-9
-11
-9
-15
-10
-5
-15
-12
-13
-13
-10
-7
-2
-2
-1
-5
-6
-5
-4
-5
-10
-5
-2
-7
-6
-3
-3
-6
1
0
-5
-1
-2
-1
-2
-8
2
-4
-5
-1
-8
-7
-8
-6
-8
-8
-8
-6
-5
-12
-8
-5
-8
-9
-7
-1
-4
-5
-8
-11
-7
-6
-5
-2
1
-3
-3
-3
-8
-6
-7
-2
-4
-3
-5
0
-3
-3
-2
-9
1
5
2
1
-2
-4
-3
-8
-4
-2
0
2
3
4
2
5
0
-3
-1
5
3
2
2
3
3
0
3
2
4
8
5
4
7
0
6
3
-4
-3
-1
-4
-1
2
-2
-1
-2
-4
-1
-2
-7
-6
-6
-9
-12
-8
-6
-4
-7
-6
-11
-11
-12
-17
-14
-12
-14
-18
-13
-10
-12
-10
-8
-13
-8
-5
-10
-12
-11
-12
-14
-14
-11
-13
-11
-5
-10
-8
-5
-4
-2
-6
-8
-8
-7
-3
-4
-8
-5
-2
-5
-2
-3
0
2
6
7
6
9
2
4
9
5
4
6
-1
2
8
11
10
2
1
4
13
5
4
6
4
8
4
5
8
5
4
7
10
7
4
5
2
3
2
6
8
5
5
8
6
5
10
1
2
1
1
-2
0
0
-2
-1
-5
-2
-4
-4
-2
-6
-6
1
-1
-5
-3
-2
-7
-6
-2
-4
-2
-3
-5
-6
-2
-1
-6
-6
-4
-3
-6
-4
-9
-6
-4
-12
-6
-4
-3
-3
-6
-9
-10
-7
-5
-4
-7
-10
-7
-2
-5
-2
-5
-3
-5
-5
-6
-1
-6
-1
2
-6
1
-4
-5
-8
-3
-7
-6
0
-1
2
3
-1
1
1
5
6
6
4
2
1
2
2
4
4
2
-1
3
4
4
5
1
-2
3
6
5
5
3
1
4
7
1
0
1
1
4
5
4
5
6
8
3
5
7
2
-1
0
-1
5
-3
-6
1
2
4
5
4
1
6
3
3
6
0
3
5
-2
6
0
-8
-2
-6
-5
-3
-9
-5
-5
-5
-5
-5
0
-7
-6
-11
0
0
-2
-6
-2
-1
-3
-2
-6
-7
-5
-4
-10
-2
-10
-8
-10
-9
-9
-16
-13
-10
-8
-7
-9
-8
-8
-5
-4
-9
-9
-2
-10
-9
-4
-12
-9
-9
-11
-4
-11
-8
-6
-5
-5
-4
-3
-10
-5
-10
-3
-4
-3
-8
-11
-8
-7
-1
-6
-4
-2
-10
-8
-8
-9
-6
-10
-4
-3
-7
-7
-4
0
-3
-2
-6
-5
-3
-2
-3
-8
-9
-10
-4
-1
0
-3
-1
-1
-2
1
-1
3
1
-2
-1
1
4
3
-2
0
-5
-5
-2
2
1
3
-5
-3
0
-5
-3
-4
-12
-8
-4
-9
-7
-5
-7
-8
-4
-1
-2
-4
-5
-3
-6
-5
-5
-4
-1
-3
-2
-7
-7
-4
-3
-5
-6
-8
-4
-5
-3
-1
-8
-4
0
-5
2
0
-3
-6
-6
-8
-10
-4
-6
-5
-7
-6
-2
-2
-6
-3
-1
-8
-2
2
2
1
4
-2
-5
-1
-5
-5
3
1
2
2
0
6
2
2
7
2
2
0
1
2
-2
0
-1
0
3
5
4
0
3
5
2
3
6
-2
-3
1
-4
-1
-2
1
-1
-2
-6
0
-1
-3
-3
3
0
3
1
-4
-3
-10
-2
-6
-5
-6
-6
-1
-8
-4
0
-2
-3
-2
-1
-1
2
-4
3
-2
-2
-4
-8
-5
0
2
3
2
-1
2
4
2
-1
6
9
9
8
8
13
12
14
8
8
6
8
12
10
9
11
8
13
11
10
15
7
7
8
10
9
12
6
4
3
0
4
2
1
3
1
1
-1
-1
3
0
-1
1
-1
-2
-4
3
8
5
1
3
-6
-1
9
1
4
3
4
4
2
6
1
-1
3
5
12
10
8
2
6
11
11
10
9
11
8
9
9
11
12
10
10
10
17
13
8
13
16
14
10
15
12
8
9
16
11
12
8
15
11
14
15
12
11
8
10
12
14
11
13
10
9
6
6
6
12
12
15
15
10
14
13
9
12
14
10
13
14
11
6
2
6
12
7
8
13
11
9
8
11
9
9
8
13
11
11
11
8
13
9
13
12
9
15
13
16
16
20
15
16
17
22
19
17
18
16
15
15
16
16
24
18
18
13
9
10
13
12
14
12
16
14
10
12
7
7
11
14
11
13
7
13
14
6
10
5
7
14
10
10
4
4
4
1
2
2
5
-1
5
8
9
8
5
5
4
7
3
1
5
7
7
9
6
13
6
3
9
3
4
10
8
9
7
4
8
5
7
13
9
12
8
5
9
8
8
8
7
11
13
14
8
9
14
11
11
5
11
15
18
12
11
14
11
15
10
12
12
12
9
10
12
12
17
16
14
16
14
10
12
15
13
16
11
15
15
13
15
14
17
12
15
12
12
18
12
12
12
14
12
5
6
6
2
6
12
10
6
11
11
9
6
7
10
8
7
6
5
5
0
5
8
6
9
4
2
7
5
3
9
8
8
6
2
-2
3
4
6
3
1
2
1
7
3
6
-1
-1
-3
4
3
3
3
6
4
1
4
8
8
-1
5
4
0
0
0
7
6
1
5
8
4
5
5
6
3
1
5
0
1
12
4
4
6
5
6
-1
2
5
3
5
6
-1
4
4
1
7
-1
2
7
3
4
5
0
-4
-7
-2
-4
-9
-8
-7
-3
-3
-6
-11
-10
-6
-4
-7
-7
-2
0
1
1
-4
-3
1
-2
-3
-1
-3
-5
-4
-4
-3
-6
-5
-2
-3
-1
-7
-6
-2
0
4
0
2
-3
-3
0
-6
-3
1
-3
-8
-7
-4
0
-1
-1
0
-4
-6
-5
-4
-3
-7
-8
-8
-5
-7
-6
-6
-7
-14
-10
-9
-11
-6
-8
-9
-5
-2
-7
-6
-2
-6
-9
-13
-13
-8
-12
-9
-3
-5
-11
-17
-16
-15
-14
-11
-14
-19
-20
-14
-17
-15
-13
-12
-9
-14
-11
-9
-7
-9
-11
-6
-7
-2
-4
-4
-1
-2
1
1
5
-6
1
0
1
8
-3
1
-4
-3
-5
-3
0
-5
-3
-6
-3
-4
-1
-2
2
5
5
6
-3
-6
-3
-1
-2
5
5
1
1
-3
-6
-9
-5
-6
-8
-10
-7
-2
-1
2
0
3
1
-1
3
0
-1
0
2
1
0
-1
-1
6
3
0
2
3
-1
-1
8
4
1
3
-2
2
3
-1
1
-6
-3
0
-1
7
1
0
2
-7
-2
-3
-2
2
-3
-2
1
-2
-1
-1
-2
0
-2
-1
0
-2
-5
-5
-3
-7
-4
-1
-7
-6
-8
-13
-13
-14
-13
-14
-9
-12
-10
-7
-10
-7
-4
-14
-15
-10
-11
-1
-9
-9
-11
-12
-9
-10
-7
-3
-1
-7
-5
0
2
-2
-4
3
0
-3
2
7
-1
7
5
0
7
1
3
4
2
4
7
3
2
2
5
4
5
4
2
2
0
0
-2
3
0
4
5
0
-2
1
-1
4
-1
-3
-3
-7
-1
-1
0
-4
1
-6
-4
-4
-2
-1
-3
-6
-13
-9
-10
-15
-8
-4
-6
-3
-5
-5
-5
-7
-3
2
-3
-4
-9
0
-3
-8
-8
-7
-10
-2
-6
-8
-5
-4
-2
-5
-3
-5
2
-3
-5
-5
-4
-5
-8
-11
-11
-7
-8
-8
0
-1
-4
-3
-5
-8
-10
-7
-5
-8
-7
-3
-12
-13
-12
-11
-17
-14
-15
-11
-11
-14
-12
-9
-7
-11
-11
-7
-11
-15
-7
-12
-11
-12
-10
-4
-3
-4
-6
-2
-2
-5
-4
1
-2
-4
0
1
3
2
1
5
3
7
8
2
5
1
-2
3
-1
2
7
7
5
4
-4
-1
1
-5
-5
1
-1
-1
0
-3
-2
-2
-3
-1
-1
1
-3
-2
-5
-3
-5
-7
-4
-3
-7
-12
-11
-10
-6
-10
-6
-4
-11
-11
-9
-7
-7
-15
-11
-15
-17
-13
-19
-15
-17
-14
-10
-15
-20
-22
-22
-21
-21
-16
-23
-19
-17
-16
-20
-21
-22
-23
-21
-20
-17
-25
-14
-14
-19
-17
-18
-19
-15
-16
-16
-8
-12
-9
-11
-12
-14
-10
-11
-10
-2
-12
-10
-5
-8
-7
-10
-9
-4
-6
-11
-10
-5
-4
-6
-8
-2
-4
-7
-8
-8
-7
-9
-11
-11
-9
-15
-14
-15
-14
-13
-8
-13
-11
-13
-12
-10
-13
-10
-11
-11
-12
-13
-12
-5
-11
-10
-11
-11
-8
-13
-8
-7
-10
-10
-8
-3
-5
-10
-9
-1
0
-4
-5
-1
-2
-6
-6
-7
-8
-8
-10
-8
-8
-13
-8
-9
-4
-8
-7
-6
-10
-1
-6
-5
-6
-3
-7
-1
-3
-10
-4
-11
-13
-4
-4
-6
-7
-7
-7
-5
-7
-10
-6
-10
-2
-3
-11
-8
-10
-10
-12
-10
-10
-9
-9
-12
-10
-8
-10
-6
-4
-3
0
-8
-4
-8
-12
-4
-7
-8
-14
-11
-8
-15
-12
-10
-16
-14
-9
-14
-12
-5
-6
-8
-11
-12
-12
-11
-10
-5
-7
-7
-3
-3
2
-3
-6
-4
2
0
-4
2
4
-1
4
3
-3
-5
-3
0
2
1
0
5
0
5
3
-1
3
-2
4
1
2
2
-1
4
-1
2
0
-4
-2
-2
-5
2
1
-8
-5
-5
-7
-6
-3
-6
-8
-7
-7
-8
-10
-7
-6
-10
-7
-6
-6
-7
-4
-5
-10
-8
-5
-7
-5
-1
-4
-4
-8
-3
-4
-5
0
2
3
-3
1
-1
-5
-2
-6
-5
-4
-11
-8
-14
-5
-3
-7
-5
-5
-2
-3
-6
-1
-2
-12
-8
-8
-8
-5
-3
-8
-13
-12
-12
-8
-12
-17
-15
-15
-10
-10
-17
-13
-12
-9
-7
-14
-13
-13
-14
-15
-13
-13
-8
-5
-11
-11
-13
-11
-3
-9
-8
-11
-11
-8
-7
-12
-11
-11
-11
-11
-14
-8
-12
-9
-12
-13
-16
-8
-12
-19
-19
-16
-13
-22
-19
-19
-17
-11
-13
-14
-14
-19
-17
-15
-16
-15
-13
-17
-17
-16
-14
-13
-17
-8
-10
-7
-7
-10
-8
-6
-10
-4
-2
-6
-3
-3
1
-4
0
2
0
-3
-4
-4
-7
-7
1
-2
-7
-1
0
-6
-3
-3
-5
-8
-12
-5
-11
-11
-9
-7
-9
-14
-11
-6
-7
-14
-8
-16
-9
-10
-10
-9
-17
-20
-21
-18
-18
-19
-21
-14
-17
-20
-20
-21
-21
-23
-21
-20
-19
-16
-21
-18
-15
-21
-20
-22
-20
-18
-23
-22
-18
-15
-17
-13
-18
-16
-18
-19
-10
-10
-12
-7
-11
-8
-3
-6
-12
-9
-7
-9
-10
-11
-11
-10
-11
-14
-9
-9
-10
-10
-8
-8
-9
-8
-6
-4
-9
-4
-4
-9
-3
-5
-10
-8
-8
-4
-5
-5
-3
-7
0
-1
-3
-1
0
-3
-2
-1
3
4
0
-1
3
5
1
6
0
8
1
-4
1
0
1
-3
1
0
4
2
-2
5
1
5
2
0
0
2
7
9
2
0
1
6
4
0
3
0
8
5
-5
2
-1
-3
-2
1
0
-5
-3
-1
0
-2
-7
-6
0
-7
-5
-5
-6
-5
-10
-9
-10
-8
-14
-11
-12
-16
-13
-17
-19
-15
-15
-19
-17
-10
-20
-15
-13
-16
-13
-17
-13
-16
-14
-16
-18
-15
-14
-14
-15
-9
-14
-12
-11
-16
-11
-15
-10
-8
-8
-10
-9
-2
-5
-3
-4
1
1
0
-3
-3
-2
3
0
1
2
1
7
2
11
9
3
0
3
7
4
3
-1
2
2
2
7
3
3
0
0
6
-1
0
4
-2
1
-1
2
1
-2
-2
-3
3
-2
-3
-1
3
-1
-5
-4
1
2
-1
-2
0
-2
0
3
2
1
1
2
-3
-7
2
-6
-7
2
-5
-2
-3
0
2
3
-2
7
6
-1
4
3
0
1
3
2
1
-2
5
8
5
6
7
4
3
5
5
5
6
1
4
7
7
1
-1
-2
-3
1
2
-1
0
-4
-7
2
-4
-9
-3
-10
-7
-6
-15
-8
-7
-9
-13
-12
-9
-10
-6
-9
-6
-14
-15
-12
-6
-4
-8
-2
-3
-5
-4
-1
-5
-4
2
-3
0
1
3
-3
3
6
1
8
1
3
12
4
3
-1
3
6
6
6
4
4
4
4
7
9
8
6
8
6
9
5
3
5
-3
1
0
0
1
2
3
8
1
4
4
2
11
12
4
9
6
3
7
2
3
-3
4
-2
-1
-1
-4
0
-3
0
-4
-3
1
4
0
1
2
5
5
1
2
1
2
3
1
-1
3
5
5
3
9
4
3
7
4
7
1
3
5
2
4
-1
1
4
2
0
-1
0
2
8
3
10
6
1
12
2
3
7
0
1
7
6
2
8
5
0
3
-8
-7
-6
-6
-3
-4
-3
-1
0
-2
0
2
-2
2
-5
0
1
-3
3
0
4
4
6
2
0
0
0
1
-1
2
2
3
1
0
4
8
1
3
4
2
2
7
9
5
3
10
4
5
3
6
14
8
5
12
11
10
10
12
13
8
12
10
14
11
11
23
16
13
10
15
9
13
16
15
12
10
15
11
11
8
10
12
13
16
8
15
16
12
11
12
14
13
15
6
12
9
9
10
5
11
7
6
5
4
3
0
4
5
-1
7
4
1
-1
-4
-1
-5
-1
3
0
-2
1
-3
1
1
2
0
-1
3
-1
3
1
7
3
2
4
1
3
0
2
2
-1
-3
0
-1
-2
0
0
-5
-3
-3
-1
0
-2
1
6
5
1
1
5
5
5
7
2
5
3
4
6
0
6
8
3
4
12
8
3
9
7
1
8
6
10
11
11
6
11
6
10
16
9
17
15
14
15
13
13
11
9
11
14
17
17
14
10
15
17
13
17
16
14
16
16
15
12
18
18
15
18
13
11
11
11
8
14
16
10
14
14
21
18
18
19
10
14
16
16
15
19
19
9
14
14
14
19
18
14
12
22
19
15
19
17
13
16
14
11
15
17
19
18
16
16
12
10
13
18
11
4
11
8
6
3
6
5
8
7
2
0
3
4
5
8
1
0
1
-2
0
6
1
5
3
1
-1
-1
1
1
6
5
3
2
0
6
11
8
8
5
6
8
1
6
3
6
10
11
12
9
15
13
18
16
14
17
13
12
13
13
11
16
13
14
16
5
13
18
17
22
18
17
15
19
25
18
24
19
18
24
19
22
18
20
22
18
13
13
16
17
19
17
15
16
15
15
16
19
19
22
19
23
20
19
17
19
18
15
17
19
18
17
17
18
19
16
10
11
18
17
17
12
12
12
14
15
14
13
14
14
6
16
6
11
13
9
13
7
7
5
1
3
6
2
2
-5
-3
-3
-1
-1
-2
3
4
-2
0
-1
0
2
4
8
6
11
6
13
8
3
9
6
11
0
1
2
0
3
3
11
3
10
9
2
8
11
8
7
13
9
9
7
5
4
4
1
-11
-9
-8
-9
0
-5
1
2
4
11
13
20
17
18
19
21
23
22
23
18
20
18
21
18
13
17
20
20
18
18
14
23
24
28
23
28
31
32
35
27
29
25
28
22
16
8
6
8
6
2
1
1
0
-3
1
4
-3
1
-4
-2
-11
-21
-29
-46
-69
-83
-112
-148
-169
-194
-220
-244
-257
-259
-271
-269
-264
-247
-230
-204
-176
-154
-126
-92
-58
-26
17
62
98
147
195
238
301
361
410
474
538
599
656
709
753
765
764
749
701
620
539
435
300
170
38
-97
-236
-339
-415
-506
-574
-591
-605
-627
-618
-589
-580
-589
-567
-550
-568
-586
-580
-599
-621
-611
-602
-592
-567
-521
-468
-408
-339
-254
-160
-66
33
144
269
389
519
675
838
977
1124
1274
1373
1424
1476
1497
1407
1275
1170
1001
742
514
324
63
-203
-354
-504
-703
-811
-829
-877
-927
-878
-814
-821
-763
-658
-615
-585
-517
-442
-405
-350
-257
-193
-111
-8
104
220
345
462
572
687
769
813
846
855
818
733
660
548
393
244
112
-28
-187
-319
-413
-530
-661
-722
-781
-894
-995
-1030
-1098
-1213
-1251
-1260
-1323
-1351
-1279
-1201
-1169
-1037
-837
-694
-530
-277
-63
88
313
548
696
850
1054
1212
1337
1516
1680
1796
1926
2068
2142
2158
2172
2131
1995
1816
1620
1343
998
671
348
-25
-393
-672
-936
-1236
-1414
-1506
-1638
-1722
-1667
-1613
-1609
-1509
-1352
-1266
-1176
-1007
-884
-799
-682
-547
-461
-374
-272
-203
-133
-113
-137
-127
-142
-236
-326
-338
-446
-595
-603
-611
-704
-689
-510
-401
-263
76
438
744
1171
1666
2039
2351
2674
2877
2928
2879
2714
2452
2107
1667
1196
766
307
-162
-461
-679
-945
-1084
-1052
-1068
-1112
-1004
-899
-935
-937
-885
-945
-1068
-1121
-1175
-1271
-1289
-1253
-1203
-1078
-908
-695
-439
-187
36
256
460
545
574
618
552
354
188
27
-267
-557
-743
-957
-1198
-1323
-1343
-1389
-1372
-1192
-965
-728
-395
30
436
845
1307
1727
2079
2399
2647
2780
2838
2847
2715
2504
2298
2042
1692
1359
1076
735
382
137
-116
-437
-664
-859
-1108
-1354
-1515
-1708
-1933
-2080
-2179
-2319
-2417
-2407
-2389
-2370
-2247
-2048
-1887
-1669
-1385
-1109
-850
-560
-289
-75
115
263
362
403
407
365
315
270
232
252
340
510
782
1160
1601
2065
2605
3099
3457
3754
3958
3922
3658
3338
2874
2178
1441
795
63
-689
-1214
-1607
-2009
-2245
-2229
-2208
-2151
-1932
-1675
-1528
-1347
-1127
-1055
-1060
-1043
-1078
-1211
-1309
-1364
-1434
-1465
-1396
-1276
-1113
-875
-616
-324
-20
250
468
642
731
689
582
403
118
-234
-591
-922
-1230
-1423
-1448
-1333
-1064
-591
66
814
1625
2493
3307
3937
4443
4796
4833
4578
4218
3677
2852
2005
1256
428
-405
-938
-1298
-1682
-1866
-1759
-1644
-1572
-1340
-1067
-992
-962
-884
-964
-1210
-1442
-1687
-2015
-2327
-2529
-2690
-2807
-2780
-2610
-2358
-2035
-1624
-1155
-690
-267
119
426
580
623
580
422
137
-191
-481
-755
-957
-959
-788
-473
60
809
1663
2599
3576
4425
5125
5696
5993
5913
5579
5055
4235
3185
2152
1099
-46
-1045
-1740
-2329
-2811
-2985
-2928
-2836
-2633
-2254
-1939
-1734
-1488
-1310
-1329
-1442
-1571
-1835
-2166
-2394
-2607
-2833
-2912
-2794
-2619
-2339
-1865
-1332
-810
-222
365
806
1125
1353
1399
1246
1002
642
143
-350
-747
-1070
-1229
-1154
-851
-319
455
1420
2481
3594
4585
5416
6117
6507
6446
6102
5566
4650
3463
2331
1174
-149
-1273
-2003
-2649
-3207
-3360
-3236
-3118
-2843
-2348
-1951
-1687
-1376
-1145
-1151
-1276
-1464
-1800
-2191
-2529
-2876
-3170
-3303
-3296
-3149
-2790
-2301
-1773
-1116
-396
212
723
1185
1420
1394
1283
1043
545
-39
-516
-988
-1383
-1492
-1345
-1019
-390
549
1639
2833
4085
5188
6091
6864
7270
7168
6794
6193
5137
3841
2619
1297
-175
-1358
-2163
-2921
-3506
-3625
-3525
-3397
-3023
-2466
-2063
-1749
-1369
-1151
-1185
-1301
-1537
-1968
-2400
-2785
-3219
-3565
-3708
-3717
-3567
-3146
-2610
-2029
-1289
-502
155
725
1207
1420
1395
1276
971
426
-144
-657
-1137
-1443
-1483
-1307
-821
15
1040
2261
3681
4999
6063
7088
7918
8120
7882
7518
6705
5338
3962
2672
1052
-588
-1692
-2579
-3505
-4026
-4026
-3986
-3840
-3308
-2722
-2372
-1995
-1562
-1422
-1510
-1651
-1966
-2484
-2954
-3375
-3832
-4172
-4268
-4180
-3896
-3351
-2694
-1947
-1059
-168
576
1215
1694
1870
1815
1628
1219
601
-46
-618
-1072
-1347
-1385
-1102
-446
465
1576
2978
4485
5734
6828
7918
8586
8556
8241
7749
6636
5069
3655
2170
321
-1296
-2355
-3331
-4241
-4587
-4518
-4441
-4136
-3484
-2900
-2497
-2038
-1658
-1569
-1668
-1909
-2353
-2871
-3354
-3858
-4270
-4462
-4485
-4289
-3754
-3041
-2302
-1392
-326
543
1239
1913
2277
2230
2054
1767
1119
304
-395
-1039
-1594
-1852
-1809
-1476
-720
364
1621
3158
4789
6108
7260
8416
9031
8866
8496
7934
6622
4917
3470
1900
-64
-1642
-2572
-3530
-4390
-4546
-4321
-4187
-3782
-2997
-2408
-2067
-1622
-1280
-1360
-1644
-1972
-2526
-3212
-3779
-4264
-4698
-4906
-4807
-4472
-3882
-3081
-2187
-1194
-156
745
1459
2000
2248
2149
1854
1401
689
-175
-954
-1581
-2033
-2217
-2073
-1530
-586
623
2077
3821
5530
6869
8102
9268
9761
9472
9022
8321
6810
4997
3479
1774
-293
-1854
-2776
-3770
-4605
-4691
-4440
-4291
-3823
-3027
-2470
-2142
-1736
-1491
-1639
-1984
-2431
-3053
-3719
-4306
-4817
-5145
-5227
-5072
-4598
-3799
-2921
-1985
-878
226
1049
1713
2242
2356
2108
1743
1201
336
-587
-1364
-2019
-2456
-2538
-2296
-1650
-540
835
2422
4308
6141
7537
8805
9992
10425
10026
9490
8657
6975
5041
3429
1590
-549
-2104
-3036
-4021
-4780
-4783
-4508
-4279
-3734
-2946
-2423
-2091
-1747
-1637
-1851
-2264
-2869
-3583
-4225
-4836
-5395
-5630
-5584
-5391
-4792
-3779
-2774
-1777
-507
708
1525
2222
2787
2821
2457
2076
1437
405
-597
-1417
-2199
-2698
-2730
-2492
-1888
-683
817
2413
4354
6325
7774
8995
10235
10722
10248
9614
8785
7084
5022
3356
1559
-622
-2250
-3109
-4026
-4787
-4772
-4399
-4135
-3577
-2749
-2201
-1899
-1603
-1526
-1813
-2296
-2980
-3800
-4522
-5157
-5768
-6070
-5994
-5749
-5154
-4070
-2950
-1908
-601
734
1631
2298
2902
2974
2552
2103
1469
401
-701
-1540
-2308
-2845
-2868
-2549
-1904
-675
956
2679
4666
6726
8284
9524
10752
11294
10815
10067
9155
7430
5269
3438
1563
-670
-2441
-3416
-4302
-5083
-5151
-4790
-4439
-3875
-3061
-2464
-2126
-1840
-1773
-2010
-2481
-3186
-4020
-4710
-5311
-5914
-6200
-6069
-5775
-5148
-4005
-2794
-1706
-389
1009
1976
2635
3202
3278
2804
2256
1552
410
-831
-1806
-2644
-3259
-3355
-3081
-2469
-1241
448
2251
4303
6485
8192
9515
10843
11581
11215
10444
9595
7994
5799
3895
2072
-178
-2082
-3069
-3879
-4739
-4931
-4513
-4137
-3677
-2885
-2224
-1981
-1839
-1741
-1994
-2650
-3457
-4275
-5099
-5838
-6400
-6677
-6677
-6376
-5603
-4453
-3239
-2010
-603
782
1838
2638
3190
3226
2838
2312
1538
433
-739
-1777
-2641
-3158
-3228
-2982
-2332
-1070
606
2433
4534
6739
8465
9822
11161
11928
11612
10825
9920
8320
6098
4112
2243
-43
-2061
-3150
-3966
-4870
-5130
-4727
-4369
-3913
-3074
-2401
-2160
-1963
-1841
-2124
-2730
-3483
-4386
-5284
-5954
-6531
-6950
-6933
-6545
-5908
-4793
-3377
-2104
-802
713
1950
2713
3275
3488
3113
2461
1757
721
-574
-1697
-2564
-3177
-3363
-3116
-2490
-1327
342
2228
4347
6620
8484
9920
11307
12206
12018
11242
10323
8751
6512
4437
2508
196
-1930
-3142
-3982
-4866
-5173
-4826
-4408
-3921
-3099
-2366
-2031
-1860
-1786
-1987
-2552
-3383
-4329
-5200
-5954
-6626
-7017
-7019
-6773
-6160
-4984
-3606
-2353
-955
585
1776
2608
3270
3434
3012
2411
1666
522
-774
-1916
-2913
-3636
-3827
-3608
-3068
-1930
-219
1700
3849
6248
8302
9854
11293
12388
12477
11764
10851
9462
7327
5125
3191
1010
-1243
-2700
-3516
-4363
-4877
-4618
-4127
-3701
-2987
-2157
-1765
-1686
-1597
-1778
-2406
-3262
-4208
-5227
-6134
-6804
-7294
-7471
-7248
-6656
-5629
-4248
-2849
-1455
43
1404
2373
3032
3341
3087
2454
1681
672
-616
-1885
-2929
-3713
-4078
-3947
-3414
-2391
-801
1166
3351
5733
7986
9751
11218
12420
12843
12324
11376
10105
8172
5882
3815
1755
-514
-2303
-3270
-4036
-4689
-4703
-4223
-3761
-3207
-2433
-1881
-1771
-1811
-1918
-2399
-3283
-4275
-5214
-6127
-6910
-7370
-7481
-7362
-6859
-5791
-4434
-3072
-1611
-35
1314
2314
3134
3522
3300
2739
2022
981
-314
-1557
-2680
-3629
-4137
-4109
-3705
-2868
-1435
461
2563
4864
7229
9204
10713
11992
12778
12593
11681
10555
8951
6700
4487
2539
386
-1705
-2944
-3641
-4375
-4667
-4248
-3736
-3289
-2542
-1839
-1625
-1619
-1657
-2077
-2879
-3814
-4843
-5902
-6733
-7337
-7717
-7700
-7272
-6501
-5307
-3811
-2355
-895
639
1911
2731
3287
3448
3007
2245
1401
258
-1132
-2340
-3288
-4040
-4321
-3995
-3324
-2239
-509
1588
3766
6125
8412
10164
11514
12645
13028
12383
11344
10065
8123
5794
3739
1745
-457
-2180
-3077
-3777
-4394
-4373
-3889
-3456
-2962
-2276
-1813
-1788
-1902
-2100
-2679
-3634
-4649
-5596
-6508
-7274
-7705
-7803
-7619
-7047
-5947
-4564
-3170
-1681
-86
1288
2298
3083
3454
3236
2662
1927
872
-448
-1711
-2812
-3737
-4244
-4220
-3811
-2955
-1516
369
2478
4810
7191
9216
10797
12133
12974
12884
12047
10924
9384
7242
5011
3004
892
-1158
-2501
-3270
-3984
-4390
-4138
-3661
-3257
-2698
-2095
-1864
-1955
-2133
-2497
-3250
-4284
-5313
-6203
-6993
-7661
-7945
-7812
-7444
-6673
-5346
-3865
-2500
-963
663
1852
2664
3323
3456
2962
2307
1510
263
-1128
-2255
-3246
-4054
-4329
-4087
-3519
-2450
-756
1263
3443
5806
8127
10026
11497
12690
13271
12889
11907
10708
9020
6767
4549
2572
446
-1499
-2626
-3352
-4130
-4406
-3995
-3584
-3290
-2702
-2174
-2144
-2328
-2503
-2978
-3885
-4916
-5847
-6680
-7444
-7986
-8117
-7881
-7391
-6448
-5037
-3570
-2182
-623
928
2005
2743
3281
3266
2714
2024
1131
-157
-1472
-2528
-3436
-4102
-4216
-3838
-3125
-1870
-27
2061
4253
6657
8913
10614
11974
13072
13339
12656
11659
10399
8429
6130
4121
2100
-101
-1737
-2636
-3483
-4173
-4141
-3748
-3489
-3096
-2498
-2199
-2295
-2461
-2730
-3358
-4316
-5320
-6185
-6966
-7706
-8119
-8066
-7799
-7256
-6103
-4637
-3323
-1912
-252
1112
2024
2813
3247
3008
2478
1854
822
-492
-1644
-2650
-3551
-4009
-3934
-3529
-2659
-1149
746
2836
5192
7595
9595
11193
12562
13373
13211
12411
11358
9779
7583
5378
3365
1148
-947
-2262
-3138
-4021
-4440
-4180
-3816
-3506
-2907
-2343
-2208
-2284
-2360
-2718
-3515
-4490
-5406
-6259
-7098
-7734
-7971
-7937
-7657
-6861
-5584
-4289
-2996
-1404
154
1291
2228
2963
3080
2719
2249
1450
235
-1000
-2105
-3133
-3855
-4069
-3899
-3318
-2122
-428
1564
3848
6307
8536
10374
11976
13188
13570
13071
12181
10952
9034
6735
4625
2497
168
-1646
-2687
-3652
-4500
-4577
-4172
-3906
-3484
-2755
-2357
-2382
-2339
-2399
-3025
-3961
-4795
-5666
-6628
-7375
-7792
-8002
-7940
-7385
-6382
-5167
-3844
-2342
-755
658
1818
2702
3165
3127
2738
2082
1103
-140
-1411
-2530
-3422
-3997
-4129
-3785
-2973
-1614
231
2378
4739
7150
9248
10985
12527
13500
13426
12737
11889
10388
8145
5984
3994
1595
-648
-1988
-3036
-4199
-4708
-4452
-4214
-3967
-3282
-2659
-2510
-2448
-2350
-2639
-3412
-4275
-5103
-5982
-6879
-7534
-7853
-7974
-7809
-7099
-5954
-4780
-3497
-1859
-280
931
2006
2866
3112
2887
2533
1825
668
-539
-1631
-2673
-3490
-3819
-3736
-3254
-2178
-575
1348
3575
6035
8284
10149
11831
13160
13565
13120
12396
11250
9263
6992
4963
2725
257
-1546
-2670
-3863
-4767
-4812
-4511
-4334
-3835
-3072
-2684
-2593
-2443
-2462
-3019
-3851
-4642
-5470
-6371
-7154
-7622
-7839
-7847
-7422
-6466
-5321
-4133
-2650
-1008
354
1488
2505
3071
3051
2782
2293
1327
107
-1035
-2112
-3091
-3685
-3807
-3573
-2846
-1521
254
2295
4610
7012
9082
10824
12392
13368
13330
12736
11948
10449
8235
6129
4109
1687
-538
-1920
-3083
-4306
-4807
-4614
-4458
-4199
-3488
-2882
-2710
-2541
-2378
-2666
-3369
-4129
-4902
-5775
-6629
-7261
-7628
-7803
-7652
-6982
-5965
-4900
-3623
-2036
-538
662
1779
2630
2892
2794
2528
1844
757
-359
-1415
-2454
-3238
-3580
-3571
-3179
-2202
-695
1120
3220
5567
7803
9681
11367
12761
13305
12984
12394
11402
9571
7392
5424
3255
818
-1024
-2250
-3526
-4550
-4731
-4559
-4463
-4023
-3308
-2910
-2773
-2548
-2496
-2970
-3702
-4408
-5178
-6056
-6815
-7313
-7624
-7707
-7334
-6503
-5507
-4408
-2985
-1425
-81
1100
2149
2762
2880
2783
2380
1519
439
-633
-1709
-2675
-3294
-3543
-3466
-2881
-1719
-126
1757
3954
6306
8410
10232
11897
13051
13256
12847
12212
10933
8886
6795
4797
2420
92
-1488
-2761
-4103
-4863
-4853
-4760
-4610
-3982
-3301
-3046
-2847
-2529
-2612
-3220
-3880
-4511
-5356
-6231
-6868
-7325
-7663
-7620
-7062
-6256
-5314
-4064
-2573
-1134
191
1445
2362
2818
2977
2848
2295
1385
348
-755
-1822
-2666
-3202
-3424
-3201
-2403
-1125
536
2570
4898
7174
9168
11004
12588
13371
13274
12837
11988
10291
8162
6162
3956
1429
-614
-2020
-3437
-4645
-5032
-4984
-4972
-4601
-3864
-3406
-3209
-2866
-2641
-2957
-3582
-4174
-4876
-5750
-6522
-7085
-7532
-7782
-7548
-6886
-6077
-5078
-3713
-2214
-848
482
1691
2445
2798
2955
2748
2043
1109
102
-1004
-2017
-2738
-3188
-3310
-2907
-1945
-559
1195
3359
5702
7852
9783
11617
12971
13388
13175
12717
11601
9661
7621
5641
3216
752
-989
-2413
-3930
-4887
-5055
-5099
-5049
-4480
-3809
-3511
-3236
-2819
-2753
-3204
-3774
-4332
-5094
-5970
-6665
-7182
-7632
-7768
-7356
-6652
-5841
-4709
-3220
-1767
-434
914
2006
2601
2897
2969
2570
1759
811
-239
-1326
-2233
-2876
-3216
-3137
-2544
-1467
60
1969
4188
6463
8524
10398
12096
13125
13236
12952
12339
10877
8841
6908
4793
2226
22
-1487
-3009
-4429
-5025
-5090
-5176
-4936
-4235
-3706
-3443
-3041
-2679
-2818
-3313
-3801
-4410
-5255
-6072
-6664
-7187
-7614
-7565
-7026
-6370
-5531
-4241
-2780
-1455
-139
1174
2070
2524
2795
2744
2210
1395
463
-570
-1567
-2357
-2870
-3044
-2796
-2068
-837
827
2827
5053
7237
9200
11028
12523
13182
13110
12765
11858
10096
8112
6193
3820
1272
-598
-2084
-3696
-4830
-5129
-5225
-5251
-4754
-4045
-3662
-3337
-2848
-2642
-2951
-3414
-3895
-4612
-5481
-6194
-6755
-7303
-7608
-7360
-6784
-6121
-5128
-3717
-2302
-1006
381
1608
2340
2730
2930
2697
2006
1120
120
-964
-1952
-2681
-3105
-3157
-2754
-1838
-416
1417
3571
5844
7982
9947
11733
12950
13293
13132
12631
11335
9413
7502
5403
2821
511
-1119
-2726
-4267
-4996
-5151
-5313
-5147
-4440
-3853
-3583
-3158
-2701
-2742
-3175
-3601
-4142
-4974
-5805
-6411
-6968
-7482
-7550
-7121
-6556
-5828
-4636
-3212
-1900
-580
778
1793
2360
2735
2795
2359
1619
740
-280
-1306
-2148
-2741
-3012
-2844
-2201
-1092
476
2444
4637
6804
8815
10714
12283
13040
13129
12913
12093
10441
8558
6663
4279
1734
-190
-1798
-3526
-4742
-5128
-5344
-5448
-4946
-4238
-3871
-3505
-2929
-2653
-2908
-3289
-3675
-4320
-5168
-5886
-6459
-7031
-7397
-7249
-6761
-6193
-5304
-3993
-2622
-1337
14
1247
2045
2537
2807
2636
2034
1220
271
-778
-1730
-2448
-2900
-2950
-2511
-1607
-232
1570
3693
5892
7952
9904
11665
12783
13083
12987
12483
11131
9239
7367
5202
2613
406
-1260
-2982
-4490
-5158
-5388
-5581
-5299
-4586
-4081
-3741
-3157
-2687
-2770
-3105
-3423
-3950
-4737
-5490
-6099
-6707
-7169
-7185
-6831
-6329
-5568
-4399
-3075
-1757
-387
891
1834
2470
2859
2854
2413
1685
763
-280
-1263
-2086
-2686
-2911
-2692
-1998
-809
815
2794
4958
7056
9024
10892
12301
12875
12907
12626
11613
9881
8012
5994
3524
1144
-661
-2345
-3977
-4952
-5293
-5497
-5396
-4802
-4220
-3847
-3350
-2796
-2682
-2976
-3300
-3732
-4451
-5240
-5882
-6495
-7056
-7240
-6976
-6551
-5921
-4876
-3590
-2306
-958
386
1433
2154
2667
2833
2536
1904
1068
74
-935
-1807
-2464
-2825
-2777
-2255
-1226
252
2100
4218
6331
8332
10271
11893
12730
12896
12770
12042
10475
8647
6724
4351
1868
-84
-1771
-3507
-4724
-5216
-5461
-5473
-4993
-4360
-3953
-3488
-2875
-2602
-2794
-3113
-3497
-4147
-4947
-5664
-6303
-6919
-7264
-7132
-6740
-6188
-5291
-4053
-2736
-1394
-12
1167
1985
2557
2865
2730
2175
1376
420
-594
-1528
-2262
-2703
-2784
-2408
-1512
-138
1602
3643
5775
7798
9740
11475
12510
12778
12708
12160
10774
8953
7085
4855
2345
268
-1397
-3107
-4478
-5085
-5319
-5405
-5026
-4367
-3914
-3497
-2893
-2518
-2637
-2964
-3327
-3946
-4756
-5486
-6140
-6794
-7199
-7145
-6797
-6277
-5435
-4258
-2966
-1621
-233
986
1862
2473
2802
2743
2282
1494
521
-497
-1458
-2274
-2798
-2937
-2667
-1908
-589
1116
3092
5229
7298
9254
11056
12308
12731
12698
12310
11149
9374
7521
5426
2955
740
-950
-2613
-4115
-4885
-5147
-5284
-5045
-4410
-3925
-3557
-2974
-2514
-2576
-2881
-3198
-3769
-4576
-5320
-5960
-6625
-7090
-7103
-6812
-6342
-5560
-4446
-3183
-1861
-483
762
1700
2364
2740
2727
2351
1635
687
-316
-1279
-2126
-2726
-2936
-2746
-2096
-906
726
2666
4781
6856
8814
10673
12070
12644
12668
12392
11417
9704
7853
5850
3398
1050
-700
-2343
-3940
-4858
-5148
-5308
-5156
-4527
-3963
-3611
-3060
-2505
-2474
-2775
-3090
-3589
-4410
-5191
-5839
-6529
-7069
-7177
-6936
-6509
-5782
-4705
-3461
-2128
-722
575
1614
2373
2815
2882
2592
1966
1044
18
-959
-1874
-2579
-2883
-2794
-2295
-1253
285
2151
4259
6377
8326
10189
11757
12523
12599
12404
11629
10014
8147
6257
3910
1426
-435
-1988
-3624
-4717
-5042
-5189
-5151
-4572
-3911
-3567
-3102
-2484
-2353
-2678
-2990
-3449
-4274
-5086
-5747
-6472
-7087
-7246
-7070
-6735
-6051
-5008
-3819
-2491
-1046
283
1375
2239
2773
2882
2674
2124
1220
198
-792
-1755
-2558
-2956
-2975
-2608
-1686
-250
1536
3622
5810
7812
9713
11437
12448
12683
12581
12010
10592
8756
6922
4692
2166
143
-1439
-3064
-4331
-4820
-4991
-5031
-4571
-3896
-3508
-3111
-2507
-2266
-2551
-2885
-3310
-4107
-4982
-5656
-6384
-7083
-7336
-7199
-6910
-6306
-5289
-4109
-2815
-1364
28
1161
2062
2658
2859
2696
2199
1345
328
-669
-1658
-2487
-2952
-3045
-2751
-1908
-543
1171
3232
5432
7460
9385
11184
12350
12662
12622
12178
10875
9062
7234
5082
2559
430
-1172
-2793
-4192
-4799
-4985
-5082
-4744
-4077
-3649
-3293
-2709
-2359
-2560
-2904
-3278
-3988
-4835
-5523
-6221
-6934
-7260
-7151
-6870
-6322
-5369
-4202
-2912
-1470
-65
1098
2053
2710
2950
2854
2423
1586
540
-457
-1461
-2369
-2899
-3046
-2839
-2077
-771
884
2885
5092
7141
9055
10912
12184
12567
12529
12162
10946
9116
7284
5190
2655
443
-1166
-2762
-4222
-4922
-5095
-5170
-4896
-4232
-3724
-3362
-2806
-2380
-2492
-2844
-3222
-3870
-4686
-5390
-6089
-6799
-7166
-7085
-6794
-6260
-5348
-4208
-2925
-1478
-85
1071
2046
2740
3005
2928
2557
1745
682
-318
-1307
-2270
-2871
-3053
-2927
-2266
-1016
579
2486
4692
6799
8682
10554
12002
12521
12499
12233
11207
9431
7604
5629
3159
840
-810
-2336
-3856
-4695
-4905
-4996
-4811
-4183
-3664
-3351
-2857
-2411
-2475
-2831
-3228
-3881
-4726
-5438
-6132
-6893
-7322
-7277
-7002
-6503
-5602
-4479
-3223
-1767
-328
847
1835
2601
2920
2869
2580
1863
806
-204
-1153
-2134
-2826
-3045
-2950
-2405
-1237
332
2168
4334
6484
8381
10226
11785
12469
12481
12270
11413
9709
7866
5989
3598
1178
-550
-2037
-3608
-4581
-4829
-4938
-4844
-4232
-3644
-3350
-2873
-2343
-2339
-2670
-2983
-3563
-4447
-5170
-5793
-6581
-7149
-7163
-6921
-6510
-5696
-4588
-3392
-2015
-567
649
1635
2423
2791
2763
2506
1871
840
-200
-1146
-2130
-2871
-3136
-3080
-2641
-1555
-10
1772
3906
6108
8022
9849
11538
12406
12455
12282
11634
10065
8183
6403
4164
1661
-204
-1621
-3189
-4360
-4693
-4783
-4779
-4272
-3634
-3326
-2950
-2404
-2311
-2650
-2974
-3478
-4343
-5118
-5722
-6471
-7099
-7191
-6981
-6629
-5869
-4801
-3654
-2322
-854
377
1362
2224
2687
2671
2451
1932
969
-66
-962
-1887
-2677
-2989
-2924
-2561
-1614
-133
1607
3636
5808
7749
9531
11219
12218
12350
12186
11646
10224
8374
6621
4522
2042
63
-1369
-2899
-4180
-4656
-4762
-4807
-4410
-3783
-3442
-3103
-2578
-2402
-2699
-3033
-3479
-4272
-5059
-5669
-6379
-6999
-7148
-6971
-6640
-5926
-4882
-3763
-2447
-973
305
1299
2178
2711
2724
2490
2011
1103
43
-879
-1773
-2573
-2939
-2905
-2556
-1681
-280
1418
3410
5540
7458
9243
10931
11973
12172
12055
11575
10233
8438
6732
4709
2293
291
-1166
-2671
-3971
-4514
-4684
-4740
-4378
-3772
-3398
-3041
-2522
-2302
-2530
-2854
-3299
-4047
-4824
-5460
-6168
-6787
-6988
-6883
-6586
-5930
-4943
-3855
-2581
-1139
140
1166
2045
2619
2701
2495
2022
1164
142
-809
-1719
-2541
-2976
-2996
-2690
-1887
-580
1072
3053
5185
7124
8942
10685
11838
12131
12060
11658
10414
8630
6891
4919
2539
466
-1057
-2547
-3857
-4472
-4648
-4703
-4385
-3765
-3338
-2980
-2451
-2179
-2380
-2711
-3129
-3865
-4709
-5382
-6081
-6754
-7028
-6933
-6667
-6087
-5106
-3982
-2740
-1320
41
1125
2016
2657
2839
2639
2180
1381
344
-668
-1623
-2489
-3033
-3162
-2920
-2222
-1037
529
2453
4567
6541
8367
10149
11459
11929
11937
11657
10633
8957
7235
5378
3089
909
-678
-2130
-3522
-4312
-4544
-4652
-4469
-3889
-3402
-3068
-2572
-2173
-2270
-2604
-2952
-3591
-4456
-5162
-5827
-6542
-6949
-6907
-6683
-6226
-5332
-4213
-3023
-1654
-248
900
1814
2520
2826
2710
2310
1593
607
-415
-1385
-2272
-2893
-3113
-2975
-2395
-1305
165
1963
4049
6080
7906
9673
11164
11843
11892
11718
10947
9402
7648
5904
3726
1422
-308
-1729
-3199
-4208
-4533
-4662
-4629
-4135
-3560
-3245
-2829
-2336
-2264
-2581
-2913
-3422
-4247
-5004
-5630
-6341
-6862
-6924
-6710
-6317
-5527
-4421
-3255
-1933
-471
793
1752
2532
2986
2969
2623
2001
1044
-49
-1075
-2029
-2789
-3171
-3172
-2771
-1836
-452
1246
3262
5377
7286
9077
10729
11716
11909
11782
11273
9939
8175
6456
4445
2094
172
-1246
-2708
-3923
-4392
-4509
-4577
-4217
-3584
-3222
-2934
-2437
-2219
-2507
-2876
-3307
-4066
-4904
-5543
-6202
-6827
-7036
-6865
-6532
-5863
-4810
-3666
-2417
-969
382
1416
2243
2828
2956
2714
2225
1391
339
-702
-1677
-2523
-3031
-3167
-2950
-2211
-957
600
2491
4643
6616
8393
10167
11506
11934
11898
11633
10602
8907
7211
5370
3050
905
-617
-2054
-3438
-4155
-4338
-4458
-4263
-3636
-3168
-2921
-2474
-2099
-2236
-2625
-3021
-3679
-4570
-5310
-5976
-6691
-7123
-7099
-6834
-6330
-5409
-4274
-3053
-1656
-240
932
1847
2539
2829
2710
2314
1593
593
-456
-1476
-2408
-3038
-3286
-3216
-2683
-1576
-125
1615
3725
5836
7644
9408
11027
11869
11980
11835
11210
9774
8060
6355
4244
1936
155
-1271
-2736
-3807
-4208
-4393
-4422
-3969
-3402
-3124
-2797
-2335
-2225
-2517
-2857
-3356
-4166
-4953
-5599
-6297
-6886
-7052
-6893
-6524
-5795
-4754
-3607
-2306
-877
397
1414
2240
2730
2773
2518
1973
1082
38
-981
-1984
-2800
-3212
-3313
-3069
-2233
-911
649
2587
4804
6791
8538
10307
11653
12091
12026
11704
10654
8981
7268
5388
3089
969
-580
-2009
-3328
-4047
-4284
-4424
-4209
-3623
-3213
-2978
-2558
-2241
-2396
-2753
-3150
-3852
-4728
-5415
-6060
-6774
-7179
-7127
-6858
-6331
-5392
-4236
-3016
-1611
-172
991
1927
2648
2930
2794
2402
1692
675
-398
-1431
-2415
-3100
-3383
-3381
-2938
-1884
-463
1213
3327
5548
7420
9174
10910
11973
12159
12028
11526
10203
8449
6739
4723
2388
459
-979
-2407
-3589
-4097
-4279
-4346
-3989
-3409
-3092
-2827
-2392
-2236
-2526
-2896
-3383
-4212
-5056
-5683
-6385
-7069
-7287
-7127
-6841
-6190
-5104
-3953
-2722
-1246
131
1169
2035
2668
2792
2549
2119
1346
293
-734
-1695
-2588
-3136
-3281
-3159
-2561
-1372
133
1906
4067
6196
7980
9729
11329
12110
12132
11931
11235
9719
7958
6252
4140
1833
94
-1285
-2727
-3783
-4167
-4344
-4378
-3957
-3420
-3181
-2891
-2479
-2440
-2779
-3136
-3657
-4487
-5237
-5831
-6523
-7085
-7174
-6987
-6629
-5849
-4732
-3586
-2284
-792
514
1513
2376
2915
2930
2650
2164
1298
195
-840
-1828
-2726
-3225
-3350
-3173
-2488
-1227
340
2186
4374
6471
8272
10032
11533
12168
12139
11876
11033
9428
7674
5898
3709
1463
-213
-1583
-3007
-3958
-4261
-4394
-4364
-3895
-3372
-3142
-2842
-2468
-2506
-2895
-3300
-3879
-4737
-5483
-6064
-6737
-7231
-7249
-6989
-6559
-5704
-4548
-3372
-2031
-545
713
1685
2512
2970
2921
2635
2105
1175
86
-916
-1891
-2755
-3178
-3246
-3033
-2269
-942
636
2491
4701
6754
8508
10273
11710
12231
12158
11903
10984
9305
7581
5816
3553
1323
-249
-1642
-3122
-4009
-4264
-4460
-4440
-3917
-3433
-3272
-2945
-2566
-2656
-3058
-3428
-4019
-4886
-5578
-6145
-6817
-7275
-7261
-6995
-6530
-5662
-4549
-3370
-2008
-564
650
1638
2446
2836
2815
2564
1989
1042
40
-911
-1907
-2682
-2998
-3078
-2858
-1985
-640
889
2804
5047
7017
8747
10553
11912
12330
12282
12018
10988
9273
7607
5773
3411
1215
-340
-1829
-3344
-4197
-4475
-4713
-4654
-4092
-3634
-3449
-3057
-2641
-2719
-3074
-3414
-3983
-4805
-5491
-6062
-6735
-7212
-7223
-6959
-6511
-5693
-4591
-3391
-2037
-611
643
1658
2427
2846
2871
2595
1985
1069
81
-926
-1925
-2678
-3037
-3152
-2910
-2021
-684
871
2835
5079
7082
8859
10678
12037
12460
12421
12134
11082
9370
7661
5774
3372
1155
-429
-1954
-3499
-4347
-4606
-4825
-4757
-4180
-3688
-3483
-3061
-2608
-2677
-3050
-3383
-3944
-4804
-5504
-6094
-6813
-7319
-7318
-7058
-6643
-5819
-4675
-3448
-2070
-582
707
1714
2541
3004
3011
2741
2160
1242
209
-793
-1791
-2574
-2967
-3088
-2852
-1991
-660
893
2837
5087
7092
8883
10709
12068
12489
12448
12174
11098
9375
7644
5715
3283
1056
-555
-2130
-3701
-4552
-4811
-5037
-4946
-4338
-3823
-3588
-3104
-2607
-2659
-3023
-3326
-3883
-4760
-5475
-6075
-6813
-7337
-7333
-7083
-6683
-5853
-4688
-3447
-2055
-536
779
1794
2615
3077
3071
2750
2147
1202
124
-907
-1890
-2684
-3109
-3194
-2895
-2019
-649
1003
3015
5258
7312
9172
10974
12268
12674
12618
12255
11120
9367
7582
5597
3158
924
-705
-2304
-3848
-4673
-4923
-5133
-5036
-4388
-3868
-3630
-3145
-2636
-2708
-3094
-3383
-3941
-4844
-5574
-6146
-6880
-7435
-7425
-7159
-6759
-5920
-4707
-3454
-2067
-511
839
1849
2663
3157
3129
2793
2208
1249
141
-879
-1851
-2668
-3098
-3144
-2822
-1927
-499
1214
3271
5550
7654
9536
11312
12560
12906
12800
12361
11112
9275
7435
5361
2814
570
-1055
-2713
-4261
-4992
-5202
-5429
-5237
-4497
-3979
-3710
-3124
-2605
-2713
-3055
-3300
-3904
-4836
-5531
-6128
-6917
-7450
-7410
-7154
-6740
-5849
-4633
-3358
-1904
-334
1008
2051
2891
3348
3327
3023
2375
1366
263
-800
-1837
-2670
-3096
-3196
-2872
-1891
-459
1269
3409
5723
7786
9712
11533
12661
12926
12850
12329
10912
9061
7226
5001
2389
262
-1380
-3138
-4601
-5188
-5412
-5603
-5231
-4446
-3988
-3632
-2942
-2484
-2660
-2956
-3224
-3918
-4853
-5531
-6203
-7007
-7474
-7407
-7138
-6671
-5720
-4474
-3154
-1677
-130
1186
2203
2983
3355
3289
2902
2164
1120
-11
-1090
-2101
-2849
-3213
-3229
-2748
-1646
-133
1715
3949
6214
8252
10217
11951
12874
13041
12906
12194
10632
8772
6853
4473
1893
-123
-1795
-3573
-4886
-5369
-5592
-5682
-5184
-4425
-4003
-3557
-2833
-2482
-2709
-2981
-3292
-4053
-4952
-5613
-6316
-7111
-7484
-7346
-7062
-6542
-5522
-4231
-2894
-1385
175
1457
2426
3170
3497
3359
2907
2122
1030
-137
-1219
-2200
-2922
-3253
-3165
-2578
-1413
192
2147
4395
6614
8669
10637
12234
12987
13080
12848
11949
10278
8385
6351
3859
1338
-592
-2293
-4023
-5158
-5549
-5737
-5687
-5075
-4356
-3927
-3382
-2677
-2432
-2677
-2939
-3344
-4163
-5029
-5703
-6477
-7252
-7543
-7387
-7112
-6532
-5443
-4148
-2796
-1249
314
1549
2503
3227
3518
3339
2856
2059
959
-183
-1234
-2163
-2826
-3091
-2933
-2263
-1060
583
2601
4831
6974
9004
10949
12396
12998
13064
12758
11673
9939
8067
5930
3337
912
-946
-2719
-4395
-5380
-5749
-5948
-5773
-5089
-4458
-4037
-3395
-2722
-2577
-2796
-3027
-3490
-4317
-5102
-5776
-6582
-7280
-7457
-7296
-7000
-6321
-5188
-3897
-2516
-937
578
1756
2680
3366
3585
3348
2822
1963
848
-299
-1348
-2252
-2873
-3082
-2857
-2107
-849
858
2938
5135
7226
9286
11211
12480
12957
13038
12631
11365
9621
7779
5508
2857
589
-1215
-3078
-4675
-5474
-5824
-6026
-5703
-4972
-4429
-3964
-3220
-2619
-2582
-2769
-2984
-3529
-4371
-5102
-5809
-6642
-7266
-7391
-7232
-6906
-6159
-5003
-3723
-2318
-743
721
1854
2732
3356
3516
3255
2694
1811
702
-415
-1398
-2224
-2767
-2902
-2551
-1680
-349
1426
3535
5656
7693
9761
11555
12552
12899
12940
12320
10852
9119
7235
4764
2137
72
-1749
-3679
-5080
-5672
-6024
-6136
-5628
-4880
-4381
-3812
-3005
-2531
-2553
-2682
-2944
-3581
-4398
-5107
-5868
-6702
-7237
-7315
-7146
-6761
-5942
-4772
-3484
-2051
-486
923
2006
2834
3371
3468
3161
2531
1597
503
-566
-1498
-2227
-2672
-2710
-2195
-1177
252
2113
4230
6271
8266
10290
11833
12524
12782
12730
11822
10213
8539
6537
3928
1478
-390
-2290
-4177
-5280
-5757
-6136
-6121
-5487
-4843
-4402
-3736
-2993
-2681
-2721
-2821
-3149
-3807
-4548
-5213
-5951
-6682
-7071
-7087
-6866
-6384
-5517
-4362
-3080
-1659
-167
1140
2129
2855
3288
3333
2959
2252
1329
282
-743
-1611
-2249
-2598
-2497
-1832
-699
820
2749
4827
6806
8796
10711
11958
12462
12688
12418
11238
9627
7953
5743
3119
926
-908
-2885
-4541
-5369
-5846
-6186
-5936
-5260
-4754
-4261
-3505
-2883
-2707
-2754
-2882
-3298
-3976
-4664
-5325
-6056
-6690
-6959
-6891
-6628
-6079
-5139
-3954
-2685
-1274
165
1350
2227
2891
3249
3158
2673
1949
1032
1
-956
-1717
-2242
-2432
-2125
-1301
-54
1612
3602
5596
7544
9534
11185
12083
12486
12582
11937
10530
8937
7093
4657
2177
202
-1703
-3653
-4964
-5612
-6122
-6290
-5809
-5191
-4757
-4123
-3311
-2849
-2782
-2774
-2936
-3460
-4128
-4740
-5401
-6120
-6600
-6705
-6583
-6276
-5588
-4542
-3378
-2104
-679
639
1651
2455
3038
3207
2940
2398
1624
670
-315
-1169
-1846
-2240
-2200
-1704
-759
624
2417
4357
6278
8253
10107
11382
12019
12357
12187
11175
9695
8096
6027
3535
1349
-498
-2489
-4216
-5155
-5728
-6194
-6083
-5478
-5017
-4569
-3785
-3066
-2850
-2834
-2817
-3100
-3717
-4340
-4926
-5648
-6295
-6578
-6551
-6391
-5979
-5144
-4051
-2882
-1570
-193
956
1846
2582
3024
3000
2619
2011
1195
282
-584
-1335
-1894
-2070
-1803
-1112
16
1582
3390
5246
7175
9097
10655
11567
12052
12209
11661
10412
8937
7175
4871
2510
571
-1324
-3281
-4651
-5386
-5955
-6222
-5870
-5337
-4955
-4364
-3558
-3040
-2941
-2920
-2966
-3354
-3966
-4548
-5129
-5816
-6347
-6453
-6318
-6116
-5610
-4647
-3541
-2400
-1063
240
1222
2016
2700
2973
2774
2340
1701
851
-7
-744
-1394
-1802
-1751
-1285
-428
904
2589
4349
6161
8110
9878
11047
11724
12097
11910
10976
9641
8086
6012
3619
1510
-361
-2349
-4053
-5075
-5740
-6212
-6162
-5680
-5252
-4812
-4090
-3372
-3044
-3002
-3008
-3167
-3649
-4268
-4800
-5377
-6028
-6376
-6275
-6076
-5823
-5090
-3994
-2929
-1751
-371
783
1579
2329
2866
2855
2506
2024
1289
392
-353
-984
-1521
-1673
-1343
-686
378
1941
3654
5320
7152
9033
10415
11205
11723
11834
11184
10012
8660
6891
4592
2381
533
-1375
-3239
-4517
-5289
-5906
-6114
-5779
-5363
-5007
-4418
-3695
-3224
-3047
-3007
-3119
-3438
-3920
-4485
-5041
-5597
-6070
-6210
-6021
-5756
-5310
-4415
-3305
-2222
-1013
256
1212
1898
2514
2800
2583
2130
1544
740
-98
-760
-1301
-1651
-1547
-1015
-154
1166
2849
4515
6203
8071
9747
10770
11351
11720
11462
10459
9208
7751
5674
3356
1433
-353
-2303
-3852
-4738
-5433
-5902
-5744
-5309
-5019
-4557
-3826
-3299
-3047
-2890
-2957
-3292
-3671
-4145
-4817
-5398
-5836
-6192
-6256
-5947
-5552
-4999
-3974
-2774
-1693
-515
701
1538
2093
2597
2739
2335
1790
1185
333
-495
-1051
-1494
-1719
-1415
-670
358
1827
3586
5257
6965
8834
10300
11048
11531
11737
11117
9905
8624
6941
4641
2437
669
-1221
-3107
-4335
-5088
-5743
-5966
-5612
-5225
-4896
-4283
-3576
-3139
-2939
-2866
-2995
-3322
-3778
-4332
-4928
-5489
-5952
-6155
-6053
-5797
-5354
-4533
-3465
-2382
-1198
35
1037
1753
2352
2685
2561
2152
1592
825
7
-667
-1224
-1593
-1553
-1068
-240
995
2632
4324
5968
7788
9524
10654
11235
11612
11498
10577
9302
7883
5916
3584
1592
-156
-2090
-3747
-4702
-5379
-5897
-5859
-5430
-5083
-4673
-3981
-3352
-3045
-2918
-2931
-3136
-3511
-4020
-4594
-5149
-5670
-6037
-6060
-5847
-5546
-4960
-3984
-2922
-1854
-628
509
1304
1951
2488
2593
2311
1878
1237
415
-292
-847
-1362
-1582
-1276
-643
289
1742
3444
5016
6673
8559
10054
10839
11344
11614
11136
10015
8768
7172
4975
2773
975
-853
-2745
-4105
-4928
-5607
-5932
-5699
-5315
-5003
-4481
-3794
-3285
-3025
-2952
-3042
-3267
-3646
-4193
-4740
-5227
-5718
-5982
-5851
-5580
-5237
-4520
-3475
-2461
-1376
-148
831
1477
2086
2488
2395
2030
1531
776
-40
-642
-1163
-1635
-1644
-1159
-446
687
2319
3988
5524
7314
9173
10394
11016
11500
11564
10788
9604
8333
6521
4222
2176
456
-1436
-3219
-4341
-5092
-5720
-5852
-5503
-5183
-4881
-4284
-3620
-3228
-3060
-3026
-3159
-3467
-3909
-4424
-4943
-5450
-5880
-5978
-5773
-5484
-5021
-4175
-3129
-2089
-925
239
1089
1727
2288
2520
2335
1935
1332
529
-204
-761
-1291
-1612
-1438
-894
-38
1289
2950
4527
6121
7973
9633
10601
11148
11515
11277
10296
9082
7687
5673
3375
1491
-215
-2115
-3700
-4627
-5313
-5823
-5755
-5348
-5057
-4671
-4006
-3413
-3115
-2980
-2999
-3206
-3553
-4013
-4541
-5054
-5546
-5900
-5890
-5628
-5327
-4775
-3815
-2762
-1750
-567
556
1308
1881
2399
2516
2198
1744
1123
296
-427
-940
-1402
-1628
-1336
-656
303
1737
3424
4991
6650
8497
9968
10738
11233
11496
10970
9843
8642
7094
4877
2690
982
-816
-2728
-4034
-4798
-5497
-5854
-5567
-5181
-4928
-4392
-3675
-3220
-3005
-2848
-2938
-3257
-3624
-4100
-4691
-5242
-5679
-5947
-5897
-5633
-5272
-4612
-3609
-2564
-1512
-328
706
1403
1982
2416
2410
2056
1586
938
163
-461
-933
-1313
-1340
-877
-122
983
2536
4163
5678
7391
9152
10274
10852
11324
11326
10463
9286
8066
6215
3897
1973
301
-1696
-3454
-4435
-5213
-5927
-5980
-5558
-5316
-4966
-4192
-3537
-3240
-2945
-2754
-2979
-3329
-3617
-4132
-4801
-5266
-5575
-5805
-5718
-5361
-4920
-4191
-3133
-2061
-1028
95
1041
1657
2153
2459
2300
1839
1314
626
-152
-720
-1128
-1399
-1231
-588
310
1594
3249
4821
6367
8166
9703
10481
10981
11351
10912
9803
8687
7244
5055
2889
1232
-616
-2608
-3929
-4735
-5566
-5991
-5724
-5402
-5176
-4590
-3840
-3401
-3109
-2847
-2882
-3173
-3474
-3871
-4444
-4994
-5408
-5675
-5702
-5510
-5167
-4561
-3683
-2709
-1663
-541
424
1137
1767
2206
2212
1940
1536
894
153
-433
-900
-1292
-1309
-853
-136
961
2509
4089
5573
7311
9037
10114
10739
11250
11204
10348
9274
8072
6184
3935
2086
367
-1631
-3311
-4301
-5129
-5823
-5843
-5467
-5235
-4861
-4095
-3446
-3154
-2876
-2659
-2853
-3257
-3566
-4004
-4695
-5251
-5537
-5754
-5819
-5520
-5006
-4387
-3505
-2386
-1300
-326
623
1394
1875
2143
2148
1793
1228
627
-8
-596
-995
-1131
-966
-406
579
1925
3427
4970
6614
8318
9685
10492
11055
11283
10761
9725
8605
7040
4850
2790
1091
-839
-2775
-4008
-4853
-5714
-6056
-5744
-5460
-5207
-4515
-3722
-3314
-3011
-2645
-2625
-2951
-3243
-3578
-4187
-4807
-5180
-5446
-5638
-5532
-5134
-4600
-3896
-2910
-1816
-818
124
1008
1643
2002
2166
2038
1592
1011
447
-126
-627
-868
-808
-454
289
1470
2860
4268
5794
7483
8934
9869
10522
10945
10709
9842
8829
7504
5534
3427
1676
-158
-2156
-3649
-4611
-5506
-6072
-5978
-5684
-5451
-4894
-4073
-3492
-3121
-2722
-2523
-2675
-2941
-3247
-3750
-4356
-4845
-5182
-5410
-5461
-5238
-4777
-4136
-3298
-2276
-1224
-260
621
1396
1901
2107
2108
1848
1327
742
223
-263
-635
-691
-410
168
1133
2449
3810
5207
6809
8355
9397
10052
10587
10609
9901
8950
7842
6103
4006
2245
553
-1431
-3094
-4147
-5080
-5840
-5949
-5728
-5611
-5216
-4458
-3871
-3492
-3059
-2793
-2856
-2967
-3143
-3594
-4107
-4461
-4822
-5104
-5084
-4913
-4658
-4083
-3225
-2390
-1496
-483
368
1017
1609
1963
1915
1699
1386
846
263
-134
-461
-669
-469
112
927
2070
3435
4776
6243
7815
8984
9654
10215
10447
9930
9029
8056
6541
4511
2734
1144
-772
-2554
-3696
-4622
-5478
-5736
-5561
-5482
-5199
-4488
-3859
-3482
-3047
-2736
-2791
-2890
-2997
-3448
-4041
-4416
-4765
-5157
-5225
-5060
-4908
-4453
-3600
-2743
-1928
-919
37
699
1327
1813
1864
1659
1435
1017
424
19
-250
-489
-376
188
963
2015
3353
4680
6051
7619
8896
9571
10082
10433
10038
9123
8209
6853
4840
2973
1439
-405
-2310
-3557
-4477
-5405
-5815
-5664
-5559
-5362
-4712
-4016
-3586
-3142
-2768
-2739
-2819
-2883
-3241
-3816
-4228
-4599
-4995
-5127
-5040
-4939
-4565
-3798
-3001
-2200
-1190
-253
431
1116
1685
1790
1650
1500
1096
507
95
-201
-513
-488
-12
656
1627
2976
4311
5617
7200
8655
9442
9998
10507
10341
9503
8629
7492
5596
3624
2065
309
-1686
-3134
-4098
-5094
-5748
-5725
-5597
-5501
-4997
-4297
-3838
-3418
-2988
-2878
-2975
-3020
-3256
-3777
-4219
-4558
-4935
-5133
-5050
-4913
-4633
-3952
-3131
-2352
-1398
-400
337
964
1595
1862
1720
1535
1224
630
86
-256
-582
-747
-420
206
1062
2317
3719
5035
6535
8146
9201
9784
10355
10492
9815
8929
7966
6329
4272
2612
1024
-966
-2635
-3661
-4622
-5455
-5601
-5405
-5346
-4998
-4288
-3740
-3365
-2921
-2682
-2794
-2893
-3036
-3505
-4042
-4411
-4783
-5092
-5096
-4960
-4780
-4273
-3468
-2689
-1826
-828
4
624
1270
1726
1703
1505
1270
784
206
-192
-499
-740
-586
-23
751
1859
3238
4579
5987
7591
8876
9572
10135
10470
10046
9192
8300
6924
4930
3097
1554
-313
-2184
-3417
-4367
-5307
-5706
-5543
-5418
-5193
-4536
-3836
-3352
-2898
-2529
-2482
-2576
-2692
-3045
-3599
-4086
-4534
-4908
-5068
-5073
-4973
-4591
-3915
-3191
-2330
-1313
-451
238
972
1549
1658
1546
1397
978
399
-13
-345
-654
-616
-146
531
1542
2910
4259
5606
7197
8644
9468
10042
10528
10330
9514
8661
7495
5615
3653
2091
310
-1681
-3114
-4106
-5126
-5781
-5735
-5590
-5481
-4941
-4180
-3655
-3197
-2713
-2531
-2607
-2666
-2888
-3395
-3905
-4316
-4740
-5002
-5021
-4962
-4717
-4121
-3382
-2622
-1651
-664
54
725
1429
1736
1605
1470
1206
599
31
-283
-612
-817
-511
144
963
2187
3645
4992
6457
8063
9214
9816
10362
10566
9953
9037
8106
6556
4495
2759
1196
-768
-2543
-3624
-4587
-5508
-5754
-5542
-5480
-5221
-4496
-3870
-3505
-3058
-2699
-2751
-2899
-2986
-3352
-3901
-4307
-4637
-4948
-5036
-4914
-4697
-4250
-3526
-2747
-1890
-914
-82
556
1199
1662
1681
1488
1264
787
144
-288
-595
-897
-851
-320
412
1431
2845
4274
5636
7213
8701
9559
10081
10552
10410
9567
8649
7513
5668
3659
2077
373
-1624
-3095
-4030
-5000
-5673
-5637
-5429
-5348
-4859
-4095
-3612
-3263
-2824
-2645
-2813
-2945
-3130
-3640
-4189
-4541
-4871
-5131
-5106
-4923
-4636
-4054
-3252
-2425
-1514
-561
203
835
1430
1725
1630
1411
1091
520
-46
-417
-760
-937
-648
-22
783
2002
3501
4863
6291
7960
9236
9861
10405
10764
10284
9329
8412
7010
4955
3084
1527
-376
-2299
-3543
-4469
-5410
-5834
-5675
-5520
-5300
-4645
-3925
-3454
-3029
-2662
-2584
-2699
-2865
-3228
-3748
-4239
-4697
-5064
-5201
-5200
-5091
-4671
-3981
-3234
-2365
-1334
-443
280
1014
1569
1701
1611
1433
987
407
-36
-433
-797
-774
-340
245
1185
2600
4012
5331
6931
8544
9536
10122
10717
10782
10051
9143
8118
6420
4348
2613
926
-1081
-2798
-3905
-4889
-5723
-5929
-5753
-5613
-5242
-4536
-3902
-3449
-2999
-2698
-2678
-2772
-2973
-3382
-3869
-4333
-4781
-5082
-5157
-5149
-4975
-4456
-3759
-3007
-2085
-1059
-229
481
1201
1655
1715
1618
1389
876
315
-106
-521
-824
-701
-254
383
1452
2892
4254
5631
7299
8796
9671
10297
10854
10733
9925
9043
7914
6076
4035
2364
589
-1430
-3008
-4077
-5111
-5854
-5929
-5789
-5719
-5269
-4530
-4018
-3608
-3100
-2841
-2934
-2998
-3111
-3552
-4049
-4395
-4757
-5054
-5064
-4918
-4717
-4213
-3434
-2642
-1766
-781
53
693
1310
1729
1737
1542
1255
745
162
-270
-646
-919
-789
-284
411
1487
2921
4302
5705
7368
8853
9707
10347
10880
10703
9894
9032
7850
5942
3932
2302
482
-1557
-3045
-4091
-5153
-5838
-5835
-5730
-5671
-5139
-4408
-3954
-3547
-3027
-2843
-2986
-3026
-3175
-3672
-4170
-4485
-4852
-5137
-5093
-4926
-4692
-4133
-3332
-2541
-1649
-660
125
737
1336
1689
1634
1425
1109
555
-29
-428
-801
-1069
-884
-332
378
1483
2980
4408
5813
7487
8992
9866
10470
10982
10804
9971
9047
7832
5940
3913
2237
420
-1579
-3090
-4127
-5137
-5807
-5826
-5705
-5597
-5110
-4400
-3933
-3543
-3064
-2886
-3011
-3098
-3270
-3726
-4221
-4555
-4888
-5139
-5101
-4906
-4620
-4039
-3262
-2434
-1512
-555
212
854
1450
1752
1696
1507
1165
564
-39
-445
-876
-1203
-1037
-516
140
1215
2728
4160
5540
7254
8853
9759
10385
10980
10911
10077
9165
8056
6192
4107
2424
670
-1374
-2972
-4017
-5044
-5808
-5891
-5751
-5681
-5261
-4547
-4039
-3654
-3182
-2935
-3013
-3112
-3260
-3685
-4178
-4549
-4895
-5156
-5165
-5011
-4739
-4192
-3426
-2599
-1674
-686
121
798
1436
1799
1790
1641
1336
771
184
-240
-660
-995
-878
-407
222
1250
2710
4126
5506
7198
8786
9731
10389
10988
10953
10163
9260
8149
6322
4227
2506
743
-1309
-2964
-4060
-5084
-5901
-6062
-5924
-5845
-5464
-4757
-4191
-3777
-3277
-2953
-2978
-3055
-3157
-3531
-4035
-4429
-4791
-5098
-5165
-5040
-4823
-4329
-3577
-2756
-1832
-812
79
778
1443
1929
2000
1840
1585
1075
422
-85
-500
-922
-1005
-608
-13
851
2194
3692
5088
6679
8388
9573
10265
10901
11114
10492
9556
8546
6912
4765
2908
1220
-816
-2667
-3852
-4867
-5821
-6140
-5973
-5900
-5657
-4958
-4297
-3884
-3396
-2971
-2934
-3038
-3074
-3375
-3919
-4336
-4678
-5050
-5198
-5067
-4886
-4500
-3774
-2932
-2052
-1051
-87
636
1293
1869
2027
1874
1653
1226
555
4
-386
-841
-1070
-746
-154
577
1815
3388
4791
6282
8074
9479
10216
10865
11314
10883
9909
8961
7540
5387
3376
1713
-297
-2342
-3678
-4703
-5766
-6277
-6137
-6035
-5896
-5226
-4473
-4034
-3546
-3013
-2897
-3008
-3030
-3274
-3837
-4304
-4659
-5095
-5343
-5259
-5114
-4830
-4133
-3267
-2427
-1407
-329
488
1185
1877
2199
2110
1952
1631
963
331
-85
-564
-950
-777
-259
353
1423
2971
4431
5849
7601
9196
10108
10751
11317
11154
10257
9285
8042
6044
3882
2106
213
-1912
-3518
-4586
-5649
-6393
-6416
-6233
-6106
-5585
-4775
-4204
-3753
-3205
-2915
-2985
-3071
-3235
-3695
-4220
-4617
-5013
-5319
-5344
-5192
-4908
-4325
-3514
-2639
-1637
-565
334
1080
1767
2186
2218
2076
1766
1159
467
-40
-530
-989
-1026
-598
1
898
2344
3923
5360
6994
8750
9966
10649
11273
11481
10796
9762
8689
6994
4767
2806
1029
-1089
-3012
-4224
-5252
-6233
-6542
-6306
-6167
-5874
-5089
-4362
-3941
-3432
-2959
-2921
-3111
-3231
-3550
-4128
-4627
-5002
-5363
-5552
-5449
-5183
-4731
-4005
-3116
-2137
-1054
-41
789
1519
2086
2294
2216
1984
1474
766
172
-321
-845
-1094
-823
-278
462
1731
3359
4859
6402
8205
9748
10587
11208
11682
11351
10335
9257
7881
5762
3533
1720
-230
-2380
-3942
-4936
-5948
-6646
-6539
-6225
-6047
-5471
-4563
-3937
-3555
-3037
-2709
-2865
-3121
-3325
-3774
-4445
-4967
-5277
-5564
-5709
-5505
-5039
-4451
-3684
-2635
-1507
-494
437
1332
2004
2303
2381
2257
1811
1139
488
-80
-646
-1064
-1049
-633
-8
985
2481
4102
5599
7265
9032
10267
10924
11493
11681
10934
9771
8654
6951
4601
2537
780
-1345
-3349
-4543
-5474
-6450
-6767
-6416
-6155
-5856
-5045
-4177
-3698
-3262
-2766
-2645
-2901
-3146
-3444
-4007
-4660
-5114
-5382
-5593
-5625
-5292
-4681
-4018
-3160
-1991
-839
74
972
1855
2342
2451
2467
2228
1582
846
249
-381
-975
-1234
-1070
-621
125
1322
2881
4493
6068
7794
9442
10521
11139
11607
11524
10597
9408
8126
6211
3867
1889
71
-2053
-3841
-4888
-5795
-6601
-6688
-6290
-6018
-5584
-4719
-3944
-3495
-3042
-2644
-2646
-2911
-3195
-3575
-4163
-4791
-5235
-5482
-5642
-5610
-5200
-4531
-3819
-2887
-1661
-527
375
1302
2149
2554
2629
2603
2274
1582
849
216
-421
-990
-1223
-1029
-523
269
1499
3099
4727
6297
8018
9622
10606
11159
11562
11360
10325
9092
7743
5725
3390
1476
-351
-2450
-4111
-5073
-5943
-6639
-6616
-6216
-5940
-5446
-4589
-3889
-3467
-3050
-2754
-2815
-3065
-3358
-3811
-4393
-4920
-5316
-5547
-5605
-5457
-5020
-4331
-3502
-2521
-1361
-253
679
1554
2304
2673
2706
2596
2230
1543
790
129
-514
-1069
-1293
-1089
-583
204
1411
2994
4623
6183
7859
9449
10471
11016
11405
11248
10268
9020
7671
5731
3421
1477
-324
-2395
-4089
-5056
-5885
-6607
-6623
-6209
-5937
-5466
-4588
-3880
-3494
-3045
-2691
-2749
-3009
-3258
-3698
-4299
-4800
-5173
-5462
-5553
-5402
-5016
-4367
-3535
-2587
-1488
-360
587
1444
2200
2614
2659
2558
2260
1598
840
197
-453
-1032
-1273
-1115
-678
51
1194
2700
4333
5921
7536
9148
10328
10942
11327
11358
10576
9285
7982
6275
3995
1885
136
-1834
-3721
-4862
-5635
-6450
-6716
-6345
-6032
-5693
-4912
-4138
-3734
-3324
-2902
-2893
-3150
-3360
-3737
-4338
-4831
-5196
-5513
-5612
-5455
-5109
-4482
-3614
-2679
-1636
-449
589
1415
2212
2760
2855
2752
2551
1997
1194
512
-100
-740
-1116
-1084
-769
-159
832
2198
3768
5359
6924
8524
9887
10649
11061
11251
10738
9520
8223
6715
4554
2288
495
-1347
-3370
-4740
-5509
-6325
-6830
-6557
-6132
-5851
-5187
-4303
-3777
-3392
-2895
-2738
-2953
-3139
-3446
-4049
-4574
-4926
-5315
-5563
-5433
-5133
-4692
-3896
-2920
-1949
-843
316
1247
2014
2686
3004
2967
2807
2417
1714
961
320
-313
-848
-1004
-830
-383
423
1617
3091
4662
6226
7794
9258
10274
10806
11055
10845
9898
8578
7160
5272
2989
971
-828
-2795
-4480
-5457
-6228
-6895
-6909
-6462
-6113
-5599
-4713
-3989
-3557
-3066
-2709
-2798
-3022
-3238
-3739
-4356
-4768
-5145
-5504
-5520
-5238
-4881
-4250
-3265
-2267
-1254
-57
1052
1869
2580
3149
3293
3128
2856
2327
1509
725
63
-577
-1033
-1119
-826
-250
676
1993
3553
5139
6702
8272
9630
10458
10868
10989
10514
9378
7997
6422
4365
2125
211
-1612
-3511
-4924
-5752
-6452
-6873
-6664
-6190
-5789
-5128
-4265
-3668
-3253
-2816
-2651
-2851
-3094
-3425
-4018
-4589
-4976
-5365
-5616
-5500
-5182
-4739
-3945
-2901
-1875
-746
486
1524
2335
3051
3464
3448
3223
2817
2079
1191
382
-385
-1049
-1405
-1379
-1031
-302
797
2218
3871
5529
7110
8654
9924
10601
10871
10859
10178
8854
7435
5784
3598
1413
-357
-2155
-3951
-5097
-5765
-6396
-6608
-6185
-5719
-5307
-4546
-3726
-3269
-2890
-2512
-2524
-2822
-3081
-3498
-4166
-4704
-5092
-5479
-5637
-5444
-5097
-4554
-3641
-2581
-1500
-279
928
1892
2710
3383
3645
3536
3264
2726
1885
1005
184
-631
-1243
-1516
-1480
-1076
-261
875
2309
4004
5658
7193
8716
9915
10503
10718
10631
9832
8449
6994
5281
3078
954
-791
-2572
-4241
-5271
-5904
-6430
-6496
-6051
-5581
-5081
-4298
-3585
-3142
-2744
-2471
-2581
-2871
-3156
-3679
-4332
-4814
-5203
-5572
-5626
-5357
-4970
-4324
-3331
-2230
-1129
121
1305
2223
3013
3611
3780
3616
3301
2683
1788
920
83
-753
-1360
-1600
-1568
-1191
-365
762
2162
3825
5464
6966
8430
9620
10199
10387
10281
9505
8174
6739
5081
2950
866
-822
-2524
-4155
-5171
-5757
-6248
-6348
-5914
-5420
-4957
-4224
-3486
-3035
-2672
-2407
-2467
-2742
-3034
-3490
-4108
-4589
-4944
-5263
-5323
-5068
-4671
-4062
-3130
-2071
-1022
121
1239
2114
2838
3386
3556
3397
3071
2516
1719
884
74
-699
-1264
-1526
-1528
-1184
-445
572
1870
3474
5064
6489
7922
9156
9781
9981
9975
9357
8085
6724
5225
3226
1160
-502
-2081
-3704
-4815
-5401
-5904
-6128
-5797
-5323
-4916
-4302
-3589
-3112
-2795
-2523
-2510
-2726
-2994
-3374
-3889
-4344
-4691
-4973
-5024
-4820
-4482
-3930
-3063
-2097
-1138
-45
1035
1863
2564
3168
3395
3255
2995
2549
1807
1002
259
-480
-1087
-1392
-1425
-1167
-528
411
1635
3139
4667
6059
7441
8670
9360
9608
9635
9136
7991
6697
5301
3447
1430
-215
-1735
-3329
-4479
-5118
-5656
-5961
-5704
-5249
-4881
-4308
-3585
-3088
-2743
-2414
-2324
-2521
-2747
-3040
-3512
-3976
-4301
-4585
-4702
-4538
-4233
-3767
-3005
-2102
-1193
-170
872
1693
2377
2995
3283
3197
2977
2590
1898
1108
384
-356
-1043
-1425
-1523
-1398
-896
-45
1041
2425
3959
5367
6704
7996
8880
9256
9385
9115
8214
7001
5703
4063
2133
407
-1107
-2661
-3960
-4765
-5356
-5744
-5669
-5308
-4944
-4429
-3766
-3228
-2815
-2450
-2302
-2410
-2556
-2805
-3250
-3677
-4021
-4363
-4562
-4467
-4242
-3918
-3264
-2392
-1534
-564
528
1427
2149
2862
3315
3341
3185
2900
2276
1480
742
-59
-875
-1398
-1626
-1693
-1388
-674
262
1462
2960
4436
5753
7088
8224
8820
9065
9079
8490
7401
6216
4817
2999
1166
-375
-1906
-3375
-4384
-5032
-5551
-5712
-5434
-5045
-4609
-3980
-3336
-2856
-2437
-2131
-2114
-2248
-2434
-2811
-3304
-3722
-4109
-4460
-4560
-4424
-4201
-3749
-2982
-2120
-1202
-121
917
1733
2481
3135
3383
3302
3126
2687
1929
1154
396
-468
-1198
-1577
-1757
-1704
-1207
-392
641
2002
3536
4923
6260
7588
8501
8911
9083
8860
7984
6795
5564
3946
2025
324
-1175
-2710
-3986
-4751
-5308
-5658
-5536
-5117
-4686
-4131
-3429
-2840
-2384
-1986
-1825
-1936
-2117
-2392
-2889
-3401
-3821
-4246
-4530
-4512
-4339
-4051
-3452
-2617
-1728
-736
351
1299
2074
2801
3293
3392
3260
2962
2353
1566
792
-69
-939
-1537
-1857
-1998
-1785
-1146
-266
880
2363
3876
5230
6585
7827
8586
8913
8994
8577
7598
6434
5122
3424
1577
-24
-1492
-2939
-4030
-4690
-5174
-5383
-5138
-4675
-4220
-3640
-2957
-2402
-2013
-1728
-1668
-1859
-2168
-2572
-3109
-3680
-4167
-4554
-4759
-4716
-4492
-4062
-3361
-2466
-1485
-433
631
1559
2353
2999
3373
3399
3195
2779
2112
1314
477
-401
-1206
-1735
-2015
-2058
-1748
-1061
-98
1144
2638
4115
5475
6810
7949
8628
8902
8869
8340
7337
6160
4780
3061
1273
-260
-1684
-3049
-4014
-4593
-5008
-5122
-4804
-4335
-3891
-3316
-2659
-2167
-1841
-1622
-1646
-1907
-2240
-2647
-3206
-3763
-4188
-4518
-4663
-4549
-4254
-3794
-3061
-2110
-1145
-150
881
1771
2459
3024
3329
3256
2942
2478
1794
928
55
-799
-1567
-2076
-2300
-2278
-1926
-1181
-159
1096
2592
4081
5422
6718
7863
8521
8746
8710
8229
7240
6069
4764
3121
1372
-98
-1419
-2740
-3707
-4244
-4640
-4794
-4521
-4082
-3710
-3216
-2612
-2184
-1939
-1771
-1799
-2079
-2417
-2807
-3349
-3879
-4266
-4560
-4698
-4579
-4275
-3804
-3081
-2170
-1228
-244
746
1596
2287
2829
3095
3030
2777
2323
1621
813
12
-830
-1578
-2017
-2231
-2259
-1911
-1154
-189
997
2467
3934
5243
6542
7696
8378
8652
8683
8269
7356
6265
5002
3400
1718
270
-1087
-2410
-3389
-4009
-4474
-4649
-4452
-4128
-3783
-3287
-2740
-2344
-2038
-1833
-1868
-2074
-2324
-2708
-3234
-3707
-4093
-4439
-4611
-4506
-4259
-3874
-3207
-2324
-1414
-465
534
1416
2135
2710
3055
3074
2865
2460
1833
1070
251
-587
-1353
-1888
-2189
-2277
-2024
-1387
-509
612
2020
3509
4866
6181
7427
8279
8691
8817
8584
7816
6740
5532
4046
2322
726
-657
-2017
-3184
-3940
-4421
-4715
-4663
-4322
-3933
-3496
-2948
-2441
-2116
-1907
-1847
-1989
-2279
-2662
-3129
-3634
-4109
-4471
-4659
-4665
-4477
-4098
-3475
-2666
-1760
-779
227
1129
1905
2565
2986
3088
2961
2641
2066
1318
522
-327
-1158
-1810
-2204
-2394
-2308
-1843
-1060
-23
1266
2745
4192
5563
6877
7970
8627
8883
8842
8364
7410
6232
4876
3245
1538
42
-1314
-2617
-3587
-4153
-4507
-4625
-4396
-3976
-3563
-3057
-2484
-2068
-1824
-1698
-1751
-1999
-2363
-2800
-3337
-3870
-4285
-4586
-4719
-4627
-4340
-3858
-3128
-2243
-1299
-303
682
1552
2277
2811
3081
3061
2803
2330
1639
820
-43
-928
-1727
-2306
-2634
-2721
-2489
-1869
-949
202
1598
3156
4646
6022
7311
8327
8846
8985
8839
8210
7107
5859
4455
2775
1094
-321
-1636
-2867
-3677
-4117
-4426
-4450
-4108
-3698
-3298
-2770
-2251
-1940
-1759
-1669
-1835
-2178
-2566
-3051
-3625
-4114
-4482
-4779
-4835
-4621
-4267
-3731
-2901
-1967
-1031
-19
973
1774
2390
2872
3084
2962
2625
2109
1389
547
-306
-1139
-1880
-2408
-2670
-2666
-2351
-1703
-745
462
1861
3377
4837
6165
7353
8278
8746
8805
8557
7901
6803
5531
4143
2516
872
-492
-1714
-2857
-3637
-4018
-4240
-4245
-3895
-3445
-3065
-2595
-2091
-1809
-1720
-1711
-1896
-2301
-2753
-3231
-3798
-4298
-4629
-4816
-4815
-4568
-4125
-3493
-2635
-1662
-673
329
1278
2042
2644
3055
3167
2984
2605
2055
1299
440
-409
-1219
-1944
-2437
-2649
-2633
-2324
-1662
-688
475
1806
3275
4707
5976
7101
8009
8482
8539
8307
7720
6700
5453
4135
2625
1065
-281
-1446
-2511
-3284
-3673
-3881
-3915
-3642
-3234
-2883
-2490
-2064
-1833
-1792
-1833
-2032
-2445
-2918
-3395
-3934
-4412
-4734
-4908
-4889
-4635
-4183
-3543
-2698
-1761
-790
232
1173
1920
2515
2941
3065
2896
2564
2023
1260
454
-339
-1161
-1888
-2383
-2660
-2692
-2410
-1850
-1036
46
1299
2632
4029
5339
6428
7329
8012
8270
8099
7704
6992
5879
4636
3377
1958
516
-633
-1590
-2510
-3111
-3343
-3471
-3482
-3194
-2835
-2616
-2346
-2055
-1972
-2089
-2237
-2507
-2970
-3437
-3840
-4264
-4621
-4768
-4719
-4525
-4126
-3509
-2751
-1891
-939
25
912
1687
2306
2735
2938
2902
2637
2173
1562
850
79
-691
-1382
-1929
-2295
-2422
-2281
-1916
-1291
-384
701
1882
3166
4457
5565
6515
7318
7775
7808
7586
7114
6244
5139
4000
2726
1331
110
-881
-1824
-2598
-3003
-3218
-3362
-3261
-2973
-2750
-2567
-2301
-2135
-2174
-2292
-2470
-2809
-3227
-3591
-3963
-4323
-4516
-4549
-4448
-4150
-3651
-3026
-2288
-1416
-522
321
1120
1805
2293
2608
2745
2624
2292
1840
1239
515
-219
-886
-1516
-2010
-2288
-2377
-2246
-1837
-1178
-334
685
1846
3048
4231
5317
6224
6920
7351
7439
7217
6749
5988
4975
3882
2732
1487
331
-631
-1484
-2216
-2657
-2885
-3035
-3021
-2832
-2650
-2541
-2369
-2255
-2323
-2452
-2607
-2903
-3276
-3572
-3851
-4144
-4276
-4246
-4127
-3845
-3341
-2735
-2074
-1265
-426
352
1091
1747
2203
2495
2647
2573
2277
1862
1328
655
-13
-645
-1272
-1787
-2076
-2199
-2142
-1804
-1227
-497
449
1575
2725
3874
4976
5928
6655
7161
7358
7205
6804
6163
5251
4187
3070
1877
696
-310
-1176
-1953
-2490
-2789
-2975
-3035
-2911
-2762
-2650
-2480
-2333
-2352
-2437
-2544
-2773
-3081
-3343
-3609
-3895
-4036
-4031
-3955
-3735
-3298
-2770
-2154
-1388
-586
149
871
1545
2023
2331
2525
2487
2231
1882
1391
729
53
-573
-1211
-1784
-2142
-2345
-2423
-2209
-1726
-1105
-298
744
1842
2933
4063
5091
5874
6471
6884
6929
6665
6221
5527
4570
3552
2523
1407
331
-535
-1281
-1950
-2369
-2579
-2731
-2751
-2605
-2474
-2392
-2267
-2178
-2234
-2356
-2515
-2779
-3091
-3360
-3611
-3853
-3947
-3897
-3760
-3456
-2961
-2377
-1728
-952
-145
585
1256
1860
2274
2496
2589
2475
2148
1686
1131
467
-237
-886
-1476
-1979
-2285
-2396
-2319
-2001
-1443
-706
190
1242
2341
3432
4480
5378
6056
6536
6780
6695
6334
5789
5020
4052
3048
2036
986
9
-769
-1413
-1962
-2292
-2444
-2525
-2514
-2373
-2251
-2202
-2144
-2135
-2264
-2459
-2678
-2983
-3324
-3592
-3806
-3989
-4034
-3899
-3648
-3268
-2687
-2024
-1313
-518
272
975
1575
2076
2378
2472
2419
2179
1729
1168
555
-130
-822
-1436
-1955
-2359
-2555
-2554
-2374
-1966
-1352
-602
301
1319
2333
3318
4281
5091
5679
6099
6313
6217
5874
5406
4732
3859
2975
2108
1190
338
-336
-913
-1415
-1720
-1879
-2011
-2072
-2040
-2023
-2081
-2125
-2217
-2422
-2672
-2923
-3219
-3531
-3756
-3926
-4023
-3980
-3776
-3460
-3017
-2436
-1762
-1051
-313
411
1047
1572
1964
2179
2227
2110
1816
1398
875
279
-347
-933
-1460
-1901
-2181
-2295
-2242
-2008
-1562
-948
-215
665
1636
2587
3509
4399
5122
5633
5984
6134
5995
5642
5153
4495
3678
2849
2040
1211
441
-169
-676
-1130
-1428
-1603
-1747
-1843
-1876
-1919
-2035
-2153
-2294
-2505
-2761
-3007
-3258
-3506
-3677
-3763
-3777
-3670
-3423
-3059
-2589
-2019
-1382
-738
-91
526
1049
1464
1741
1879
1852
1675
1377
959
461
-80
-625
-1144
-1589
-1939
-2179
-2253
-2162
-1923
-1512
-949
-274
508
1361
2229
3049
3825
4501
4997
5327
5509
5467
5208
4828
4333
3691
2980
2298
1601
909
326
-151
-609
-991
-1236
-1439
-1656
-1808
-1922
-2102
-2288
-2457
-2662
-2918
-3148
-3340
-3513
-3637
-3671
-3612
-3471
-3210
-2829
-2371
-1862
-1297
-701
-113
400
850
1212
1444
1550
1537
1416
1152
797
422
-3
-463
-867
-1206
-1489
-1673
-1712
-1629
-1444
-1102
-630
-66
568
1283
2021
2731
3424
4053
4552
4898
5131
5194
5063
4802
4429
3923
3315
2698
2069
1411
780
241
-254
-716
-1066
-1353
-1631
-1866
-2026
-2204
-2409
-2581
-2733
-2932
-3122
-3251
-3378
-3482
-3493
-3425
-3316
-3119
-2808
-2434
-2031
-1546
-1037
-555
-98
335
695
944
1126
1207
1171
1047
856
591
280
-51
-391
-710
-982
-1190
-1343
-1382
-1313
-1142
-862
-462
29
598
1235
1903
2563
3211
3785
4239
4590
4820
4861
4733
4512
4157
3640
3067
2490
1841
1165
588
50
-486
-934
-1257
-1566
-1863
-2035
-2173
-2362
-2518
-2609
-2747
-2917
-3027
-3111
-3227
-3279
-3246
-3183
-3065
-2852
-2566
-2236
-1840
-1384
-929
-470
-26
371
703
966
1134
1192
1171
1053
841
575
266
-93
-450
-766
-1052
-1292
-1422
-1446
-1380
-1190
-852
-420
100
732
1425
2122
2815
3505
4076
4518
4871
5071
5056
4912
4658
4232
3665
3074
2457
1758
1082
510
-48
-583
-987
-1306
-1613
-1859
-2009
-2169
-2344
-2477
-2594
-2760
-2915
-3029
-3155
-3257
-3295
-3281
-3223
-3060
-2817
-2520
-2148
-1710
-1241
-779
-280
181
552
875
1124
1246
1267
1209
1042
779
475
139
-248
-623
-947
-1236
-1451
-1544
-1547
-1458
-1227
-860
-404
139
777
1459
2125
2811
3462
3972
4381
4699
4852
4808
4640
4361
3906
3367
2805
2176
1491
866
306
-247
-730
-1105
-1424
-1719
-1922
-2078
-2257
-2417
-2540
-2678
-2839
-2969
-3087
-3219
-3288
-3270
-3240
-3142
-2922
-2637
-2307
-1878
-1387
-916
-434
67
495
824
1108
1285
1320
1267
1145
889
560
212
-155
-558
-921
-1198
-1451
-1616
-1635
-1552
-1393
-1088
-640
-132
456
1131
1826
2505
3166
3789
4274
4643
4902
4996
4917
4717
4391
3924
3374
2782
2160
1513
911
357
-158
-614
-987
-1306
-1594
-1829
-2021
-2216
-2399
-2570
-2735
-2906
-3053
-3179
-3280
-3322
-3299
-3209
-3047
-2799
-2481
-2107
-1671
-1198
-728
-265
165
525
808
1001
1094
1078
960
759
471
136
-222
-591
-950
-1259
-1495
-1661
-1729
-1670
-1500
-1238
-850
-352
204
836
1520
2201
2852
3475
4022
4433
4725
4909
4930
4772
4516
4158
3662
3105
2538
1938
1312
743
247
-247
-688
-1044
-1365
-1672
-1928
-2144
-2392
-2622
-2809
-2997
-3187
-3334
-3433
-3488
-3480
-3385
-3224
-2995
-2671
-2289
-1856
-1381
-887
-431
11
408
709
919
1039
1049
958
789
543
230
-117
-449
-781
-1084
-1311
-1473
-1575
-1574
-1468
-1285
-1019
-648
-206
286
845
1439
2023
2599
3165
3663
4057
4367
4593
4674
4621
4475
4220
3848
3403
2924
2395
1829
1281
760
244
-241
-678
-1077
-1460
-1804
-2090
-2367
-2625
-2834
-2995
-3146
-3247
-3281
-3273
-3213
-3080
-2877
-2635
-2337
-1989
-1616
-1220
-834
-456
-114
167
395
558
634
631
562
415
222
-10
-265
-533
-781
-1009
-1200
-1333
-1416
-1430
-1362
-1219
-1006
-701
-318
123
622
1185
1777
2365
2951
3514
3981
4360
4659
4834
4852
4739
4517
4152
3677
3139
2537
1871
1198
560
-72
-675
-1194
-1659
-2074
-2414
-2684
-2912
-3080
-3193
-3261
-3295
-3282
-3231
-3135
-2992
-2818
-2599
-2338
-2033
-1713
-1360
-991
-642
-309
10
282
467
604
686
665
576
446
261
4
-272
-522
-800
-1064
-1279
-1455
-1576
-1628
-1590
-1490
-1320
-1041
-671
-234
266
843
1463
2094
2735
3366
3937
4416
4818
5086
5221
5209
5054
4768
4357
3833
3240
2601
1916
1231
583
-30
-603
-1110
-1532
-1900
-2228
-2472
-2660
-2833
-2963
-3036
-3097
-3134
-3124
-3063
-2974
-2849
-2643
-2400
-2131
-1816
-1456
-1092
-748
-407
-96
139
312
415
438
373
249
67
-181
-453
-732
-1010
-1276
-1507
-1671
-1784
-1826
-1787
-1675
-1465
-1192
-832
-386
123
667
1273
1912
2544
3161
3751
4259
4660
4967
5159
5192
5061
4825
4462
3974
3397
2785
2122
1442
790
182
-396
-921
-1360
-1735
-2057
-2324
-2529
-2697
-2840
-2938
-2999
-3041
-3061
-3023
-2944
-2820
-2645
-2413
-2135
-1819
-1461
-1089
-708
-364
-42
232
427
529
563
504
346
122
-157
-461
-804
-1140
-1430
-1674
-1882
-1998
-2031
-2000
-1880
-1657
-1361
-1005
-568
-60
491
1071
1686
2323
2923
3490
4034
4493
4829
5062
5201
5178
5014
4742
4368
3866
3296
2694
2061
1389
754
181
-376
-885
-1309
-1667
-2000
-2273
-2483
-2667
-2842
-2962
-3031
-3090
-3117
-3072
-2979
-2845
-2643
-2374
-2065
-1722
-1341
-941
-562
-221
79
310
450
506
471
341
137
-132
-433
-768
-1109
-1410
-1676
-1895
-2043
-2096
-2097
-2005
-1824
-1569
-1262
-892
-454
24
532
1078
1638
2204
2757
3290
3789
4226
4571
4819
4973
4990
4880
4637
4302
3845
3306
2720
2094
1441
818
240
-321
-827
-1255
-1633
-1981
-2264
-2493
-2704
-2886
-2999
-3081
-3132
-3117
-3035
-2894
-2695
-2422
-2101
-1734
-1328
-918
-523
-160
156
395
542
607
566
430
218
-61
-392
-742
-1094
-1437
-1733
-1960
-2117
-2198
-2199
-2120
-1969
-1752
-1492
-1179
-825
-445
-40
397
856
1329
1827
2341
2864
3363
3848
4281
4633
4899
5042
5055
4929
4666
4283
3792
3189
2549
1870
1168
494
-132
-710
-1224
-1653
-2021
-2318
-2548
-2715
-2841
-2920
-2941
-2921
-2853
-2749
-2594
-2399
-2161
-1874
-1564
-1240
-908
-583
-286
-43
141
255
293
249
123
-84
-336
-632
-947
-1254
-1538
-1777
-1977
-2090
-2136
-2125
-2037
-1897
-1717
-1489
-1224
-933
-625
-289
85
494
934
1415
1931
2473
3023
3573
4097
4544
4902
5158
5270
5226
5030
4690
4204
3598
2914
2191
1438
688
12
-602
-1149
-1601
-1943
-2213
-2418
-2539
-2609
-2663
-2675
-2645
-2602
-2551
-2450
-2311
-2154
-1948
-1697
-1423
-1135
-841
-546
-294
-80
68
142
138
39
-133
-370
-661
-982
-1298
-1596
-1871
-2083
-2230
-2302
-2305
-2238
-2105
-1932
-1705
-1444
-1160
-861
-524
-154
234
670
1153
1668
2227
2804
3393
3966
4488
4931
5252
5445
5475
5333
5020
4551
3955
3261
2507
1731
974
274
-340
-850
-1268
-1583
-1795
-1943
-2036
-2100
-2146
-2179
-2220
-2257
-2278
-2270
-2239
-2167
-2025
-1832
-1600
-1313
-993
-683
-387
-135
48
139
138
46
-149
-424
-746
-1103
-1470
-1804
-2091
-2312
-2455
-2519
-2493
-2417
-2275
-2086
-1867
-1629
-1383
-1116
-826
-507
-153
267
751
1280
1870
2517
3175
3816
4413
4941
5327
5548
5612
5488
5165
4672
4044
3323
2537
1762
1032
366
-217
-671
-988
-1243
-1420
-1529
-1612
-1714
-1807
-1917
-2051
-2196
-2311
-2379
-2406
-2358
-2212
-1974
-1673
-1316
-925
-526
-184
98
289
361
299
132
-131
-479
-878
-1283
-1656
-1996
-2277
-2450
-2527
-2550
-2489
-2353
-2200
-2030
-1832
-1629
-1437
-1233
-987
-709
-390
3
473
1011
1611
2254
2925
3576
4177
4693
5086
5337
5391
5262
4986
4560
3980
3332
2664
1981
1328
765
287
-137
-449
-664
-858
-1044
-1195
-1351
-1553
-1754
-1938
-2137
-2295
-2357
-2353
-2276
-2081
-1798
-1472
-1079
-674
-337
-58
161
254
208
83
-143
-477
-840
-1186
-1549
-1890
-2117
-2271
-2400
-2444
-2389
-2332
-2262
-2135
-2005
-1913
-1804
-1641
-1481
-1307
-1035
-690
-304
169
722
1305
1893
2528
3117
3627
4074
4407
4611
4693
4649
4443
4134
3767
3306
2780
2302
1832
1345
933
617
284
-25
-236
-448
-717
-941
-1128
-1373
-1606
-1745
-1851
-1944
-1908
-1775
-1621
-1398
-1106
-821
-564
-326
-159
-100
-105
-188
-369
-614
-881
-1165
-1459
-1715
-1933
-2112
-2239
-2300
-2347
-2364
-2330
-2278
-2212
-2120
-2004
-1877
-1696
-1464
-1207
-914
-560
-147
286
767
1272
1739
2224
2717
3117
3425
3686
3851
3868
3799
3659
3345
2927
2571
2213
1741
1344
1114
892
666
599
580
431
324
323
168
-151
-360
-539
-853
-1092
-1152
-1237
-1271
-1073
-827
-668
-433
-187
-78
-51
-102
-319
-624
-918
-1282
-1661
-1943
-2161
-2325
-2335
-2249
-2190
-2082
-1877
-1748
-1711
-1656
-1625
-1678
-1710
-1658
-1618
-1560
-1352
-1050
-730
-381
10
397
735
1037
1285
1461
1573
1676
1801
1920
2026
2209
2461
2702
2916
3148
3318
3351
3306
3189
2905
2488
2078
1651
1166
739
428
157
-50
-122
-162
-221
-258
-300
-407
-557
-726
-939
-1158
-1312
-1431
-1509
-1501
-1425
-1319
-1190
-1057
-987
-964
-987
-1090
-1270
-1481
-1703
-1916
-2083
-2196
-2241
-2219
-2126
-1994
-1831
-1661
-1520
-1396
-1281
-1210
-1156
-1078
-972
-858
-670
-422
-146
181
564
946
1294
1647
1961
2223
2453
2654
2790
2909
3045
3131
3163
3203
3172
3080
2940
2745
2456
2109
1767
1403
1024
673
392
154
-39
-169
-270
-373
-469
-550
-641
-794
-960
-1084
-1207
-1348
-1430
-1454
-1474
-1455
-1373
-1289
-1262
-1236
-1193
-1221
-1312
-1405
-1510
-1662
-1778
-1838
-1917
-1962
-1933
-1845
-1753
-1650
-1507
-1385
-1264
-1136
-1024
-925
-818
-677
-528
-339
-111
127
418
736
1039
1340
1633
1909
2153
2361
2541
2694
2810
2901
2974
2989
2944
2870
2772
2600
2352
2086
1813
1490
1177
908
626
360
168
16
-160
-325
-453
-588
-751
-907
-1024
-1174
-1308
-1365
-1404
-1440
-1423
-1362
-1313
-1274
-1229
-1199
-1231
-1273
-1309
-1387
-1490
-1550
-1599
-1655
-1669
-1660
-1661
-1631
-1567
-1509
-1470
-1402
-1303
-1228
-1122
-972
-820
-646
-417
-184
32
282
539
772
988
1201
1397
1574
1757
1955
2131
2300
2484
2654
2794
2895
2946
2928
2843
2686
2465
2189
1853
1529
1230
920
642
432
248
79
-55
-180
-349
-519
-673
-852
-1065
-1223
-1336
-1432
-1458
-1412
-1359
-1274
-1145
-1032
-972
-950
-952
-1007
-1105
-1199
-1310
-1420
-1490
-1522
-1532
-1521
-1476
-1433
-1380
-1339
-1314
-1290
-1273
-1246
-1197
-1131
-1037
-890
-717
-513
-284
-56
179
427
650
861
1070
1267
1460
1659
1855
2042
2222
2403
2569
2689
2776
2792
2756
2656
2492
2246
1972
1670
1358
1062
774
521
298
121
-40
-183
-319
-438
-571
-715
-835
-960
-1088
-1149
-1175
-1203
-1182
-1116
-1038
-978
-905
-854
-857
-879
-914
-991
-1098
-1188
-1280
-1374
-1427
-1463
-1508
-1513
-1483
-1475
-1450
-1406
-1360
-1313
-1235
-1154
-1076
-968
-829
-690
-525
-314
-111
108
371
628
867
1119
1372
1576
1764
1933
2054
2149
2234
2296
2309
2321
2323
2273
2186
2087
1934
1732
1521
1284
1014
756
521
294
103
-59
-206
-320
-397
-476
-569
-642
-704
-776
-818
-849
-874
-863
-813
-767
-721
-678
-643
-638
-652
-699
-786
-882
-986
-1095
-1200
-1278
-1355
-1392
-1402
-1420
-1419
-1397
-1378
-1374
-1348
-1309
-1270
-1204
-1081
-939
-782
-577
-330
-74
184
445
693
918
1122
1300
1439
1552
1659
1745
1819
1890
1941
1981
1998
1990
1930
1835
1714
1542
1355
1149
940
738
563
422
293
177
93
20
-69
-161
-251
-347
-457
-544
-609
-649
-678
-672
-618
-582
-557
-525
-509
-558
-624
-704
-818
-945
-1044
-1112
-1178
-1221
-1223
-1211
-1214
-1220
-1222
-1237
-1281
-1303
-1316
-1313
-1274
-1177
-1041
-876
-662
-426
-192
37
255
439
591
724
837
948
1050
1147
1247
1365
1478
1559
1640
1688
1699
1667
1623
1534
1400
1279
1151
1008
875
762
645
531
448
349
240
154
58
-37
-124
-189
-244
-289
-302
-310
-316
-313
-315
-337
-360
-401
-450
-500
-564
-626
-685
-733
-779
-824
-875
-939
-997
-1065
-1147
-1218
-1269
-1310
-1328
-1295
-1226
-1132
-1012
-849
-687
-528
-367
-213
-79
37
155
267
375
489
621
742
863
988
1091
1159
1207
1216
1191
1144
1078
995
910
829
759
686
632
572
508
456
392
311
238
172
106
61
24
8
10
24
45
68
78
85
77
46
8
-39
-86
-129
-176
-216
-236
-271
-310
-341
-397
-470
-552
-638
-740
-843
-928
-1000
-1048
-1072
-1060
-1025
-962
-877
-776
-657
-537
-426
-303
-193
-100
-19
68
147
217
312
401
484
576
667
732
791
829
829
795
746
678
573
477
392
300
226
186
160
139
133
139
126
101
85
68
31
7
7
11
22
67
115
150
198
240
258
245
222
184
134
80
29
-26
-68
-99
-132
-162
-204
-260
-317
-372
-439
-507
-559
-595
-616
-605
-582
-555
-505
-437
-375
-324
-263
-198
-144
-85
-15
44
109
182
243
303
347
372
393
391
378
347
315
278
226
181
143
83
30
-15
-66
-119
-163
-184
-196
-196
-178
-154
-113
-62
-4
54
90
129
156
187
199
203
225
230
243
258
260
260
257
249
214
173
125
59
-11
-80
-151
-218
-271
-305
-333
-348
-342
-335
-326
-304
-294
-287
-278
-265
-249
-233
-189
-143
-80
7
88
164
238
304
338
337
324
293
238
180
136
98
59
39
39
28
10
-13
-39
-84
-141
-186
-228
-250
-241
-214
-168
-112
-44
17
65
95
113
117
103
96
102
110
139
185
244
285
311
319
295
251
167
76
-28
-123
-189
-232
-249
-234
-202
-166
-127
-103
-98
-107
-123
-150
-180
-188
-177
-152
-97
-26
52
122
199
253
270
279
255
214
173
140
100
67
57
53
37
35
30
-8
-46
-86
-145
-207
-251
-281
-305
-296
-262
-218
-168
-111
-53
-31
-15
3
9
-3
-6
3
23
54
95
142
181
221
246
247
218
177
117
54
-10
-65
-99
-120
-117
-92
-73
-51
-30
-19
-30
-54
-87
-118
-137
-144
-124
-93
-38
31
93
147
183
189
179
160
123
89
55
44
45
55
83
104
101
93
67
10
-60
-127
-180
-216
-227
-203
-155
-102
-36
20
43
49
25
-9
-55
-89
-104
-89
-46
19
103
186
242
268
268
238
171
89
29
-18
-44
-30
16
57
107
148
147
122
65
-12
-96
-165
-204
-211
-178
-121
-42
34
94
121
112
72
7
-57
-114
-138
-133
-83
-3
69
145
208
217
185
125
33
-70
-153
-195
-213
-198
-145
-75
-19
19
34
15
-31
-101
-160
-208
-230
-209
-143
-68
20
99
159
180
160
118
50
-6
-54
-80
-68
-28
31
94
146
180
186
166
123
65
12
-34
-56
-50
-30
7
34
64
90
84
65
45
19
-6
-12
-8
11
37
57
74
75
63
47
23
13
4
2
9
29
49
56
63
46
7
-23
-57
-93
-107
-98
-82
-60
-26
3
17
15
2
-35
-75
-99
-113
-121
-87
-40
12
58
94
109
91
63
16
-20
-48
-56
-39
-6
56
113
149
175
171
138
81
21
-47
-97
-112
-97
-58
-2
61
107
131
125
95
31
-33
-89
-136
-151
-136
-95
-42
25
79
109
121
115
75
35
-9
-39
-54
-47
-27
-9
10
31
24
0
-29
-70
-104
-118
-118
-113
-81
-36
3
13
16
2
-24
-66
-93
-112
-113
-85
-32
38
97
159
193
195
176
123
44
-22
-70
-105
-111
-74
-22
44
120
169
191
192
163
104
34
-32
-95
-125
-114
-97
-58
8
58
94
114
103
71
24
-15
-60
-95
-90
-77
-46
2
42
68
77
73
46
-2
-38
-81
-106
-106
-83
-57
-23
19
37
34
16
-17
-67
-99
-125
-148
-132
-94
-49
0
62
87
101
105
79
42
6
-23
-41
-39
-23
14
47
73
106
115
104
78
53
31
0
-14
-17
-13
-5
12
23
30
34
34
21
8
3
3
1
10
27
35
39
43
39
25
7
-3
-16
-22
-20
-19
-13
-8
-4
-8
-9
-13
-24
-41
-44
-51
-61
-59
-55
-65
-55
-36
-31
-35
-13
7
11
30
48
54
63
71
59
52
37
26
21
19
21
31
41
51
62
64
57
50
31
6
-9
-28
-47
-59
-66
-56
-50
-36
-22
-16
-17
-16
-9
-13
-23
-20
-21
-16
-17
-21
-13
-11
-6
-3
-1
1
9
11
11
9
6
-4
-14
-19
-29
-32
-35
-37
-34
-32
-33
-30
-32
-28
-28
-27
-32
-39
-30
-34
-22
-8
0
10
25
35
34
44
37
30
23
26
24
24
37
40
39
37
38
27
18
10
0
-14
-23
-29
-33
-27
-19
-15
-10
-4
10
19
27
27
28
35
39
34
39
47
40
40
37
33
20
22
22
24
26
28
28
15
8
-3
-18
-40
-56
-70
-77
-86
-87
-72
-64
-51
-33
-30
-25
-27
-27
-32
-37
-37
-33
-26
-17
-1
12
23
31
36
30
22
7
-10
-17
-32
-38
-39
-36
-25
-17
-10
-3
1
-3
-1
2
4
-3
5
9
19
41
53
64
69
78
76
76
73
64
60
42
44
42
37
36
37
41
41
38
34
25
10
-4
-18
-39
-52
-66
-71
-71
-74
-62
-56
-44
-29
-22
-14
-16
-18
-13
-12
-16
-7
9
15
33
45
60
68
66
56
37
18
-6
-15
-32
-36
-33
-32
-21
-11
0
3
7
4
-3
-18
-30
-27
-24
-17
-2
13
26
41
58
59
63
59
56
48
32
32
29
35
39
40
39
43
39
30
19
9
-9
-24
-41
-55
-66
-69
-66
-63
-55
-50
-42
-32
-29
-21
-24
-26
-20
-19
-18
-17
-7
1
6
15
26
34
39
39
43
37
23
14
-3
-11
-24
-31
-38
-38
-37
-33
-21
-12
-8
-7
-1
-3
-3
1
3
2
5
10
14
24
35
40
50
53
58
59
54
57
49
47
36
26
18
10
6
-9
-15
-17
-20
-21
-22
-22
-24
-24
-27
-33
-31
-27
-28
-31
-25
-17
-15
-13
-2
4
7
18
23
27
31
34
31
24
22
24
13
8
-2
-18
-22
-28
-36
-45
-34
-32
-27
-17
-15
-12
-7
-12
-25
-29
-36
-37
-40
-31
-15
-2
14
34
51
62
64
62
52
39
24
11
12
6
13
13
16
20
20
20
12
8
-7
-15
-21
-27
-31
-29
-32
-24
-15
-14
-5
-1
-1
-3
2
0
2
6
12
7
6
6
8
9
8
5
-4
-6
-14
-15
-33
-39
-38
-47
-51
-46
-39
-36
-32
-25
-27
-27
-26
-27
-30
-28
-20
-19
-11
-3
8
15
16
23
25
22
24
20
15
15
19
17
18
19
19
16
13
10
-7
-7
-6
-7
-11
-11
-8
-11
-16
-14
-15
-15
-16
-12
-4
-1
11
18
29
31
34
29
27
20
15
11
9
3
7
8
11
15
8
6
-2
-9
-17
-26
-33
-40
-44
-43
-35
-30
-25
-21
-21
-26
-28
-34
-38
-34
-32
-37
-29
-25
-15
-7
-4
10
4
9
9
5
1
4
12
4
8
10
15
14
11
2
-1
-3
-8
-9
-5
-6
2
9
17
19
19
19
23
24
14
5
-2
1
6
11
14
22
19
21
17
9
3
6
-3
-9
-15
-16
-19
-20
-21
-26
-27
-27
-28
-31
-27
-34
-34
-33
-38
-43
-36
-38
-33
-30
-31
-25
-24
-20
-9
-6
1
3
1
6
2
7
-6
-6
-9
-19
-13
-8
-2
1
4
8
11
10
16
8
4
6
1
-1
-1
8
9
15
21
25
33
32
28
23
25
22
24
20
24
20
27
25
23
18
11
10
8
-8
-17
-18
-28
-21
-27
-30
-30
-24
-26
-30
-34
-41
-40
-40
-39
-36
-31
-21
-18
-11
-8
-8
-5
-5
5
1
7
9
14
11
16
17
14
16
12
12
11
8
7
7
14
19
13
16
9
7
0
-5
-10
-8
-8
1
11
22
30
36
36
37
29
26
20
15
8
3
5
8
13
14
18
16
19
7
-4
-17
-21
-27
-27
-29
-32
-30
-26
-20
-20
-20
-20
-21
-28
-31
-34
-33
-24
-21
-14
-7
-6
-4
2
8
5
4
-3
-1
0
-3
-6
-4
1
0
0
4
-3
3
12
3
5
7
6
11
10
16
16
17
23
25
31
32
31
31
32
33
30
29
32
26
27
30
23
21
16
14
7
11
15
7
4
3
-6
-6
-8
-11
-13
-17
-13
-15
-16
-15
-10
-8
-4
-7
-8
-8
-10
-16
-17
-20
-15
-14
-10
-5
-6
0
-2
-1
0
-1
-4
-10
-13
-16
-16
-3
-2
-5
4
4
3
5
7
0
-1
-2
-4
3
5
6
10
8
7
12
6
12
4
4
5
4
7
1
6
6
6
8
6
4
-3
-2
-2
-9
-5
-8
-13
-9
-15
-13
-13
-14
-1
-1
-9
-9
-12
-8
-7
-7
-8
-8
-11
-6
-8
-4
-7
-7
-2
0
-2
5
5
2
-2
-2
-1
3
5
1
9
4
3
5
6
7
-3
4
7
8
16
6
7
14
20
16
20
20
17
16
17
18
19
19
19
16
14
16
7
5
6
4
3
6
7
4
9
2
-1
-2
-6
-2
-10
-18
-7
-11
-6
-7
-7
-3
-6
-14
-13
-5
-14
-16
-12
0
2
2
10
14
12
11
8
2
1
-5
-10
-11
-9
-3
2
6
9
6
10
10
5
5
6
7
5
5
7
18
22
28
24
25
22
21
23
17
16
11
12
6
7
7
10
-1
0
5
2
-2
-4
-3
-4
0
-4
-5
-5
-5
1
-6
-5
2
1
5
6
6
7
9
12
14
10
7
11
8
8
15
14
13
8
4
7
1
5
2
-3
-3
-5
-6
-2
7
9
14
9
5
6
7
4
7
7
10
18
10
9
17
14
15
16
14
15
14
17
14
6
11
11
7
11
5
1
1
-2
0
-2
-1
-4
-5
-4
-5
-9
-7
-8
-9
-12
-8
-4
4
0
0
8
5
1
-3
0
3
2
6
7
8
7
14
6
2
5
0
-5
-9
-6
-12
-7
-10
-1
4
5
11
12
5
2
0
0
4
-1
-1
9
8
9
16
16
11
14
5
5
5
2
8
7
6
1
2
0
1
4
-6
-8
-8
-8
-10
-16
-12
-14
-9
-10
-6
-3
-7
-5
-3
-7
-3
-5
-6
-3
-3
1
5
5
3
3
2
-1
-1
0
-4
-2
3
-1
6
3
-1
2
2
-2
1
1
-3
4
1
5
7
9
15
18
17
16
14
11
16
9
10
4
7
0
-3
5
-2
3
-1
11
9
8
8
8
6
2
2
3
-2
-7
3
-6
-8
-1
5
2
2
14
7
2
9
12
9
5
6
5
4
8
11
7
10
12
11
15
12
12
9
3
8
12
13
7
10
7
9
11
4
6
7
4
1
8
10
10
10
15
12
13
10
10
16
4
9
13
14
14
18
17
14
21
12
12
18
11
7
5
9
4
3
8
4
4
-1
1
-2
-5
0
3
5
3
1
1
6
2
1
0
1
-2
1
-1
0
5
3
9
12
13
5
9
7
10
6
3
7
4
5
5
7
16
12
10
12
18
21
15
14
14
10
12
19
12
17
14
14
15
17
18
12
11
13
14
8
9
13
7
3
9
-1
3
5
5
7
4
5
3
5
7
8
6
8
8
6
8
0
-2
3
1
0
2
-2
-3
3
1
0
1
6
2
2
1
-4
-1
2
-3
-8
1
-2
2
-1
-2
4
3
7
5
8
9
6
11
12
12
13
12
15
16
20
13
7
12
13
9
6
7
3
4
8
2
7
7
5
4
4
6
3
3
13
12
14
20
14
10
13
9
8
8
6
2
4
9
10
9
16
7
7
4
0
5
7
8
6
9
5
4
2
2
-1
-4
-3
0
1
2
8
4
8
10
7
8
7
0
3
1
7
12
11
12
14
17
22
19
13
12
6
2
2
0
2
5
4
5
3
3
4
3
2
6
2
-2
-2
-7
-3
0
-4
-4
0
0
0
1
0
1
-6
-5
-4
-9
-6
2
-9
-4
3
-3
4
-4
-1
2
-1
-7
-2
1
0
1
6
10
6
6
10
16
8
13
14
16
15
12
16
9
11
12
8
9
11
9
9
5
6
9
5
3
-1
3
-1
5
3
10
5
7
8
8
16
7
12
9
12
11
14
14
15
19
20
14
14
19
17
15
15
9
10
9
5
8
13
12
9
10
13
4
2
1
-1
-2
-3
1
2
0
2
6
6
3
4
3
4
3
4
2
4
-2
3
11
7
12
14
12
10
15
15
14
17
23
23
15
14
15
13
9
13
11
3
1
7
6
6
4
5
11
9
9
1
10
5
5
2
2
3
-2
4
-1
-1
-3
-3
-5
-5
-4
-2
-5
-7
-5
-6
-1
-8
-6
-3
-2
0
1
1
0
0
-3
0
4
2
3
-1
-2
-2
-1
0
-4
2
5
1
5
7
4
6
0
3
2
1
-2
1
5
-1
4
3
4
3
6
9
9
2
8
16
10
8
10
6
6
6
5
3
-2
-1
0
-2
-1
4
-4
-1
4
-4
-1
2
1
-1
1
-3
-5
-4
-2
2
-2
-6
-5
-3
-12
-6
-7
-5
-10
-10
-9
-16
-10
-11
-7
-11
-13
-13
-14
-13
-12
-18
-16
-14
-14
-15
-16
-13
-14
-11
-12
-8
-10
-8
-7
-7
-3
-5
-3
-12
-4
-4
-2
-4
-5
-3
1
-4
-3
3
-3
-5
-8
-10
-10
-8
-8
-11
-11
-9
-9
-8
-6
-5
-9
-6
-6
-5
-11
-11
-12
-13
-9
-13
-13
-12
-10
-8
-12
-12
-11
-11
-11
-14
-11
-13
-20
-11
-13
-24
-16
-18
-19
-19
-18
-10
-15
-13
-13
-15
-12
-10
-11
-11
-10
-13
-14
-16
-12
-14
-10
-13
-16
-14
-13
-10
-12
-10
-11
-9
-7
-11
-9
-12
-11
-11
-8
-15
-14
-12
-13
-16
-17
-13
-19
-13
-10
-9
-10
-15
-14
-14
-9
-16
-19
-14
-17
-17
-14
-24
-20
-20
-22
-18
-18
-15
-20
-22
-22
-20
-22
-22
-18
-17
-21
-25
-21
-20
-21
-23
-18
-14
-16
-18
-23
-13
-14
-15
-13
-21
-16
-17
-17
-18
-13
-11
-12
-13
-18
-18
-15
-15
-22
-22
-21
-17
-13
-16
-19
-22
-19
-15
-13
-11
-14
-10
-10
-8
-3
-6
-7
-7
-11
-13
-11
-9
-11
-11
-12
-15
-11
-15
-15
-15
-18
-8
-9
-19
-17
-14
-10
-16
-16
-12
-16
-12
-18
-13
-14
-15
-12
-13
-10
-8
-12
-19
-16
-10
-10
-14
-12
-8
-7
-11
-12
-14
-11
-12
-12
-8
-11
-14
-13
-18
-20
-15
-15
-12
-13
-16
-10
-14
-6
-12
-11
-11
-10
-11
-14
-7
-11
-11
-9
-8
-12
-10
-9
-13
-12
-17
-16
-15
-17
-14
-18
-20
-16
-20
-19
-11
-17
-20
-20
-18
-19
-18
-23
-23
-24
-24
-18
-22
-22
-18
-13
-14
-14
-19
-13
-8
-14
-15
-11
-14
-20
-19
-17
-12
-15
-11
-13
-17
-16
-11
-7
-16
-10
-16
-18
-15
-14
-17
-13
-14
-16
-11
-9
0
-8
-4
-7
-11
-10
-9
-8
-10
-7
-7
-4
-6
-10
-5
-5
-9
-9
-9
-13
-6
-7
-14
-12
-18
-15
-8
-9
-9
-11
-9
-6
-8
-6
-5
-6
-17
-10
-9
-7
-5
-12
-4
-12
-13
-8
-12
-15
-12
-11
-8
-7
-10
-9
-16
-10
-7
-5
-10
-5
-2
-7
-3
-6
-1
-4
2
6
1
6
7
8
2
7
11
4
10
6
5
9
3
3
6
7
1
2
3
0
0
-5
-2
-1
4
4
-3
2
1
-4
0
-3
-5
-2
-3
-1
-2
-8
-6
-4
-4
-11
-13
-4
-8
-8
-10
-12
-8
-14
-9
-10
-10
-7
-16
-11
-16
-12
-10
-10
-13
-9
-10
-12
-8
-9
-8
-7
-3
-9
-7
-9
-7
-5
-6
-4
-5
-2
-8
-5
-3
-2
-4
-5
-4
-5
-3
-1
3
-3
1
-2
3
1
4
0
1
1
-4
-5
-5
-1
1
-1
4
6
-2
4
1
0
0
3
3
-2
-2
-1
-2
0
-5
-2
3
1
1
5
-1
1
-2
1
-2
2
2
1
3
4
7
0
0
-3
0
-5
0
0
3
0
-9
-3
-7
-10
-9
-6
-7
-7
-12
-11
-9
-7
-5
-7
-7
-3
-9
-10
-10
-6
-9
-13
-11
-4
-5
-5
1
-4
-5
-12
-4
-4
-4
-3
-2
0
-4
-5
-3
-6
-2
-4
-7
-8
-2
-1
-7
-4
-6
-11
-10
-8
-7
-6
-10
-5
-9
-7
-7
-12
-9
-7
-6
-9
-9
-13
-16
-7
-9
-11
-7
-7
-10
-13
-11
-5
-5
-3
-2
-4
-4
-1
-2
3
-1
-3
2
0
-2
0
-6
0
-2
-1
4
5
0
0
-3
-3
-2
-5
1
-4
0
1
3
4
0
3
0
-4
0
-3
-1
-6
-1
-4
-6
-4
-2
3
-3
-3
-3
-2
-3
3
0
4
-3
-3
1
-5
-1
1
0
-4
1
-2
-3
2
1
-5
-10
-3
-2
-3
0
-3
-2
-2
-5
0
-1
-5
-3
-1
-4
-3
-5
-6
-1
-5
0
-3
-2
-1
-4
-3
0
-3
-8
-3
-3
-3
-3
-3
-10
-2
-4
-1
-2
-3
2
0
3
-3
-4
-8
1
2
4
0
-3
-3
2
2
-3
3
0
1
1
8
7
5
5
3
4
8
2
0
8
3
5
2
0
1
-1
7
2
0
1
1
3
-2
-2
1
1
4
3
-1
2
1
-1
5
3
7
-2
-2
1
3
-4
-3
5
2
2
-3
3
9
12
5
3
6
7
9
3
8
6
0
1
3
3
3
8
9
11
8
13
12
7
4
-1
5
3
3
4
2
3
-3
1
4
2
0
-4
-2
2
5
0
3
9
3
3
10
8
-3
6
12
-2
-2
5
2
3
6
0
-3
-3
-3
1
3
-2
-4
-4
0
-2
-6
-1
-5
-4
-10
-5
-13
-6
-3
-10
3
-5
-3
-3
-2
-4
-3
-2
-1
-2
0
-5
-4
-1
0
-3
-2
4
-2
4
3
-1
-1
-3
-2
8
8
5
1
3
10
14
6
6
7
9
10
6
10
8
6
7
11
4
5
1
4
7
3
11
5
-3
1
2
3
-3
-2
-6
-2
-1
0
2
2
2
6
7
5
6
5
4
6
5
6
3
6
5
5
8
5
4
3
7
10
13
7
8
8
8
10
8
8
13
8
11
15
11
8
11
16
17
13
11
13
7
10
11
12
7
9
9
17
13
15
22
17
20
13
15
12
13
14
12
15
19
17
12
6
7
5
4
5
7
8
8
8
2
7
7
10
9
6
3
3
0
2
3
0
-2
0
2
0
6
-3
5
5
8
3
4
2
1
7
4
4
6
9
2
6
7
6
10
8
3
8
8
10
7
4
12
13
9
7
15
19
16
16
15
17
14
12
15
22
17
15
17
11
16
14
10
14
12
14
12
12
12
5
9
12
9
10
4
5
5
1
7
4
0
10
8
6
7
4
5
6
3
7
7
1
0
0
-1
0
2
5
-1
1
0
2
2
-2
7
9
7
2
0
7
11
9
9
6
9
7
11
8
10
13
6
10
12
15
12
9
9
11
6
10
12
11
11
9
9
8
2
6
3
2
9
4
4
3
6
9
4
4
3
8
7
2
-2
-3
0
4
-4
-2
0
-2
3
2
1
-5
-4
-1
-1
0
2
3
4
3
-3
0
2
1
-6
4
3
5
5
6
6
1
2
0
5
1
5
2
4
9
13
8
8
14
15
16
11
12
19
16
19
20
18
21
20
15
18
19
18
25
20
23
19
18
20
15
18
15
14
14
14
16
15
15
12
17
18
14
12
2
8
9
9
10
12
9
12
15
14
18
17
20
20
16
11
11
9
13
16
13
11
7
8
15
16
14
18
14
17
18
15
18
16
14
12
14
15
13
11
13
11
10
14
10
17
13
18
13
16
19
14
16
12
8
11
17
9
11
18
12
15
16
18
18
15
20
10
8
12
20
17
16
17
14
15
17
14
12
16
20
15
15
13
6
8
12
12
10
9
7
11
11
11
11
12
15
9
9
6
14
13
8
15
17
14
10
17
18
22
18
18
13
13
15
14
17
26
26
24
25
22
24
18
22
21
23
25
20
23
24
23
27
28
25
19
17
19
18
15
19
17
12
11
15
16
16
19
17
15
17
11
8
17
14
18
16
11
14
11
10
19
14
9
11
1
11
12
11
4
11
11
9
12
7
14
7
7
9
12
10
6
6
10
13
12
11
12
4
5
5
7
5
3
4
6
-2
0
7
6
10
9
5
0
-1
3
7
3
3
8
3
4
6
0
4
3
3
3
4
3
0
3
2
3
3
0
-2
-2
-1
6
3
-1
-7
-6
-4
-5
-6
-2
6
3
3
3
-2
-6
0
-9
-4
-2
-4
1
0
-3
-1
-3
-1
6
5
7
4
4
7
1
3
8
4
5
8
11
6
9
11
9
8
5
3
6
7
9
12
5
8
-1
8
3
7
11
6
5
8
6
2
4
2
6
6
8
4
3
1
4
3
6
7
4
3
2
1
5
5
2
4
0
-1
-5
3
-3
-1
1
0
3
-7
-3
2
-4
-8
-10
-5
-4
-4
-5
-4
-1
0
-1
-6
-4
-1
-6
-4
-1
-6
-6
-4
1
1
-2
-3
1
-7
-6
-3
-4
-3
2
0
-6
-2
0
3
-4
2
1
-6
3
-3
-3
-2
-7
-4
5
0
1
2
-1
2
3
0
-1
-4
-4
-2
-2
-1
-2
0
0
2
1
-1
-4
-9
-7
-1
1
-3
-6
-6
-5
2
-2
-2
-2
-3
-5
-6
-6
-8
-8
-6
-9
-5
-5
-6
-3
-7
-5
-4
0
-3
-1
0
0
0
-3
-1
-5
-8
-1
4
-9
-9
2
1
1
5
0
2
4
6
4
3
1
2
3
5
2
0
-2
-2
10
1
5
7
3
3
5
4
5
3
3
0
0
9
-6
-4
2
0
-4
-1
-2
0
-2
-3
-1
2
-2
-5
-5
-5
-2
-10
4
0
-3
-2
-5
-5
-6
-4
0
0
-10
-7
-5
-2
0
-4
-3
-3
-3
-3
-1
-3
-4
-4
0
-3
-2
-5
0
3
3
1
0
5
7
7
2
6
5
-2
1
-1
-3
3
2
-1
5
0
2
2
-3
-1
-4
-3
-1
2
-8
-1
0
-2
-6
-2
-2
-6
-6
-4
0
-2
-1
-4
1
2
-1
5
2
-1
3
3
5
7
5
2
8
5
6
8
2
2
2
1
2
5
6
-4
0
0
-2
-3
-1
-4
-13
-3
-9
-5
-7
-8
-3
-7
-11
-12
-9
-9
-14
-9
-9
-2
-5
-4
-6
-7
-9
0
0
1
0
-6
-3
-3
0
-2
0
-3
-7
-6
-3
-3
-5
-3
3
-1
-5
-3
-6
-5
-4
-4
-12
-4
-5
-7
-11
-7
-10
-10
-8
-10
-9
-5
-9
-11
-12
-10
-8
-10
-7
-11
-8
-8
-4
-11
-6
-8
-6
-3
-8
-3
-4
-2
-5
-2
-5
-3
-5
-3
-4
-1
1
2
-5
-6
-7
-6
0
-6
-2
1
-1
-8
-1
-3
-4
1
-3
-5
-5
-5
-3
-6
2
-4
-4
-4
-3
-8
-9
2
2
4
7
7
1
2
5
-1
3
-1
-1
2
6
1
-3
1
5
1
-2
3
4
-2
5
1
0
2
1
3
2
5
4
-2
0
2
0
3
1
0
-2
8
-1
2
-1
3
-4
-9
0
-1
-2
-10
-4
-9
-5
-3
-4
-6
-1
-4
-5
-5
0
-2
3
-4
0
3
1
1
-2
-1
-5
-1
0
-4
-2
0
1
2
2
3
3
5
6
1
2
4
1
1
2
-1
2
2
6
5
0
-3
-2
-2
-2
7
2
-5
0
-1
-5
-2
-4
0
-1
-4
-11
-5
-3
0
-6
-9
-9
-14
-12
-14
-7
-6
-6
-6
-3
-8
-1
-6
-4
-7
-4
-1
-2
5
0
-2
-3
2
2
3
1
0
-1
7
0
3
6
-1
5
9
4
3
3
7
8
3
2
3
1
-1
2
3
11
9
12
4
9
7
1
2
2
-5
0
2
-5
1
-8
0
2
-1
-5
-6
-2
-6
-6
1
-3
1
-1
0
-5
-7
2
-6
-3
-2
0
-4
4
3
0
0
1
-5
-8
-4
0
-2
1
4
4
-1
4
8
4
5
5
6
-2
2
7
12
8
8
10
5
8
9
7
5
7
12
11
8
9
9
6
10
10
10
12
11
9
11
5
5
9
10
14
9
12
11
10
10
10
9
7
7
10
8
8
11
16
14
9
9
11
10
10
9
6
1
2
5
12
6
10
9
10
9
8
15
12
10
11
7
4
6
6
9
12
13
4
2
2
6
8
8
4
2
2
8
1
-2
2
-1
4
1
6
8
2
4
6
7
2
5
6
11
7
1
4
6
11
5
3
0
2
9
5
6
1
10
2
5
4
5
8
0
6
2
2
4
0
2
6
4
-2
0
2
-1
1
-6
2
-5
-3
-4
-4
-2
-4
-1
-7
-10
-8
-3
0
0
-1
0
-1
3
6
3
4
2
-2
0
2
4
4
5
4
1
7
-1
-2
5
7
2
5
8
7
9
5
7
4
3
5
2
4
7
9
5
10
14
4
2
11
8
6
11
8
6
3
4
5
8
8
6
10
10
8
4
9
10
6
3
5
2
5
8
6
9
9
11
11
13
13
15
8
5
10
3
12
5
7
7
9
11
6
5
1
-1
0
1
1
-2
-4
-1
4
3
1
4
6
4
5
4
5
5
0
10
4
1
5
3
8
10
5
6
8
5
8
5
4
5
1
4
6
4
7
6
1
7
7
8
1
3
1
0
5
4
5
-3
7
2
5
7
-1
6
3
4
3
3
2
3
-1
3
9
-2
3
0
2
10
5
4
5
6
11
12
0
7
6
7
6
8
4
6
10
3
14
