-2
-2
-2
-3
-2
-5
-5
-1
7
10
5
7
6
6
2
-6
-7
-10
-7
-2
2
12
14
8
12
12
3
-2
-1
-1
-4
1
5
5
16
22
18
16
18
12
1
2
4
-1
-2
3
6
18
19
14
19
12
3
3
-3
1
4
4
11
14
18
18
17
13
6
6
-1
-9
-4
1
4
5
8
8
13
10
3
1
0
-2
-2
-1
-4
7
6
4
6
12
14
7
4
0
1
1
1
0
10
1
8
5
5
7
3
8
0
3
1
0
-1
6
7
4
3
4
1
1
1
4
8
7
13
11
14
11
7
5
-3
-7
-10
-7
1
-2
-1
9
11
14
15
8
7
2
-5
-11
-13
-7
1
2
9
16
14
15
15
5
4
-2
0
-5
-7
1
6
18
22
26
24
19
13
8
-3
-8
-11
-9
-1
-2
7
14
16
17
19
16
7
2
-2
-6
-6
-1
0
1
10
17
15
17
12
5
10
7
5
5
6
5
6
7
5
7
5
8
12
13
8
8
12
12
16
13
14
13
10
12
7
7
4
7
14
8
6
11
3
2
-1
-2
2
-2
-5
3
3
9
7
6
10
4
5
-7
-9
-12
-12
-7
-11
-9
-3
0
7
5
7
12
7
3
1
-7
-7
-4
-3
-5
10
15
13
18
16
13
10
0
3
-1
-12
-10
-5
2
4
12
21
21
18
19
10
-2
-10
-8
-11
-8
-3
0
11
13
15
20
17
11
3
-8
-12
-7
-5
-4
10
15
18
25
24
17
8
6
-3
-7
-12
-12
-5
5
7
11
18
17
15
14
6
-2
-2
-1
-6
0
9
8
14
13
18
20
15
9
-3
-3
2
1
-1
4
7
10
9
17
14
8
7
3
2
0
1
8
-3
0
6
4
8
9
5
3
4
-3
4
3
4
5
4
1
1
1
1
1
-6
-6
-9
-6
9
9
7
4
6
5
-5
-13
-11
-15
-13
-8
-10
0
6
6
6
5
4
-1
-10
-14
-20
-23
-17
-13
-10
-3
0
3
2
4
-3
-13
-17
-26
-24
-22
-18
-13
-7
-2
8
9
7
3
-1
-8
-9
-16
-24
-15
-16
-13
-5
3
5
8
10
3
-5
-2
-9
-16
-20
-18
-13
-10
-6
-1
0
6
10
7
10
6
5
-1
0
-7
-8
-9
-9
-5
-3
4
9
17
21
21
15
5
-8
-13
-12
-18
-16
-11
-4
9
21
30
29
28
21
11
-6
-24
-27
-26
-22
-13
-3
21
31
29
30
18
6
-6
-22
-33
-34
-25
-18
0
17
26
33
30
25
9
0
-17
-29
-27
-26
-23
-5
7
18
29
23
19
11
-5
-15
-19
-32
-29
-23
-13
-1
7
15
17
17
13
-1
-14
-20
-23
-25
-20
-13
-13
-4
2
3
1
-2
-7
-14
-16
-17
-22
-21
-12
-9
-4
-7
-4
-10
-7
-11
-15
-11
-13
-6
-15
-7
-11
-10
-12
-12
-8
-10
-4
-4
-1
6
7
5
4
-1
0
-8
-12
-14
-16
-10
-6
5
7
15
21
22
19
6
0
-11
-15
-17
-12
-10
0
9
16
21
28
24
17
3
-3
-16
-23
-18
-21
-8
5
15
24
29
26
19
12
5
-8
-14
-26
-24
-16
-4
8
12
19
26
21
13
4
-6
-18
-24
-18
-24
-12
-4
4
11
12
13
14
0
-6
-10
-14
-14
-17
-14
-10
-1
6
8
12
8
0
1
-3
-2
-3
-6
-7
-1
-1
0
4
3
2
-2
3
2
1
-4
-5
-5
-7
-3
-6
-9
-5
-3
0
2
6
9
7
5
6
6
-1
-8
-10
-15
-8
-11
-1
14
14
18
15
11
10
4
-8
-14
-13
-21
-21
-9
-1
9
18
18
21
10
4
-2
-18
-16
-18
-14
-16
-10
5
12
16
18
18
11
4
-11
-18
-25
-25
-17
-7
1
13
14
18
17
11
6
-5
-12
-9
-11
-14
-13
-5
-2
3
7
6
11
4
1
3
1
-4
-3
-5
-3
-3
-2
-1
1
4
3
4
9
9
11
4
1
2
-1
-3
-9
-14
-5
-2
-4
1
8
16
14
16
8
3
-7
-16
-20
-13
-11
-4
7
11
15
18
19
9
4
-7
-18
-21
-20
-21
-11
0
9
16
20
21
13
6
-6
-11
-21
-27
-26
-16
-6
1
12
19
25
22
10
0
-4
-18
-18
-19
-13
-8
0
10
9
18
17
9
4
-7
-13
-20
-15
-17
-12
-2
0
8
5
-2
0
-3
-1
-10
-14
-14
-16
-15
-13
-10
-9
-8
-4
-7
-7
-8
-8
-5
-3
-5
-6
-2
-7
-9
-13
-12
-13
-10
-13
-9
-2
-2
0
-4
-5
-10
-11
-10
-13
-20
-18
-11
-5
-6
-6
-4
0
2
2
-5
-13
-14
-20
-14
-7
-7
-4
0
7
-1
-4
-9
-11
-14
-20
-17
-8
-3
-4
-2
10
9
0
-3
-14
-19
-17
-14
-18
-14
-7
-2
5
4
12
16
6
1
0
-7
-10
-14
-10
-7
-5
4
6
7
10
7
7
3
2
-3
-5
-2
-9
-6
0
2
1
4
0
2
1
-4
4
-3
-5
1
1
-4
-7
-8
-11
-11
-7
-10
-10
-6
-3
1
1
-6
-1
-8
-11
-6
-9
-11
-8
-6
-3
3
8
6
5
3
-2
-4
-11
-14
-11
-15
-13
-5
-3
0
7
8
10
9
2
1
-2
-9
-8
-5
-2
5
13
7
12
14
12
10
4
5
1
-2
-3
3
8
5
7
9
7
5
7
8
8
7
8
8
6
2
4
1
-1
-1
1
6
3
7
7
8
9
7
9
5
1
0
-3
-3
0
0
8
13
17
12
6
9
7
1
-4
-5
-2
4
3
10
13
15
13
11
6
1
-3
-10
-8
-10
-9
-2
-5
7
13
11
17
15
18
11
2
0
-3
-10
-5
-4
-7
3
9
12
7
5
8
7
6
5
3
3
2
0
7
3
3
7
6
2
7
2
2
3
1
2
-5
-6
1
2
-2
1
5
4
8
8
5
1
6
-1
1
-2
-4
2
3
9
7
9
10
11
7
6
7
10
3
5
7
3
5
3
6
15
9
11
12
12
12
8
11
6
10
8
9
11
10
13
14
13
11
5
10
8
1
6
5
6
4
8
7
4
6
7
6
9
6
4
0
8
9
7
6
10
3
6
12
5
7
3
8
3
5
6
4
3
6
8
3
2
6
8
6
2
1
-3
-5
2
5
4
5
7
3
0
2
-1
-3
-6
-11
-8
-4
1
0
5
2
3
5
2
-1
-1
-2
-9
-7
-7
-9
-2
4
5
4
5
4
4
6
-1
-2
-4
-4
-1
-3
-6
-5
-2
0
7
7
5
6
5
2
1
0
-2
-1
-4
-4
-1
2
6
-2
8
6
3
3
0
3
0
-2
-6
-2
-4
-3
2
6
3
12
12
7
12
8
9
7
3
6
2
5
6
5
7
7
12
10
10
11
10
5
6
0
-4
-1
-2
2
9
11
17
18
14
20
15
12
12
7
6
6
12
13
10
9
17
12
13
14
19
15
10
12
8
15
10
9
9
9
12
15
12
14
7
7
13
9
6
5
0
-3
1
-3
3
8
3
1
5
4
-2
-3
-1
-6
-6
-4
-4
-4
-2
-7
-3
1
-2
-1
-2
-3
-4
1
-6
-6
-3
2
2
-1
-2
-2
3
3
5
3
3
2
6
6
2
4
6
0
2
2
4
12
6
5
4
9
5
5
1
-5
1
-5
-2
-4
-2
-4
-3
1
2
3
-2
1
-5
-6
-2
-6
-8
-6
1
-7
-6
-4
-6
-4
-5
-7
-9
0
-4
-2
2
-3
4
2
3
3
-2
3
1
3
1
3
-3
3
2
0
6
1
2
2
0
7
7
3
8
6
7
10
6
4
3
6
11
7
15
12
7
10
11
10
8
6
4
-1
1
2
-2
-1
2
4
0
2
9
4
3
3
-1
0
-1
3
5
7
4
5
9
6
5
9
1
4
5
5
6
-2
2
2
6
6
7
7
-5
1
-6
2
5
-2
1
1
6
6
1
5
7
8
8
7
13
7
5
3
9
8
9
3
6
8
6
3
1
4
-1
6
4
1
0
0
-2
-1
-2
0
0
-1
7
7
-1
2
2
0
0
-1
3
5
-1
4
9
4
7
6
7
7
4
2
0
-1
2
0
-3
3
1
3
2
-6
3
2
-2
-2
1
4
-1
4
-3
-3
7
3
1
4
1
-1
2
2
-5
-2
-1
-1
0
-6
-5
-7
-5
-4
-4
-7
-8
-9
-16
-6
-6
-10
-9
-11
-4
-4
-5
-10
-8
-6
-10
-8
-6
-2
-11
-9
-6
-5
-1
-4
-5
-2
-3
-5
0
4
3
1
1
1
0
-3
2
2
3
6
1
5
6
6
-1
-1
6
5
4
3
0
3
1
-4
4
1
1
-4
-2
3
-2
-6
-7
-4
-7
-12
-14
-13
-11
-9
-4
-7
-2
-11
-12
-9
-7
-6
-10
-9
-6
1
-6
-5
-3
-6
-1
-7
-5
-2
-4
-6
-8
-9
-12
-11
-9
-10
-9
-7
-6
-7
-5
-5
-11
-6
-3
-5
-6
-6
-2
-4
-7
-4
-3
-4
-8
-8
-8
-4
-5
-11
-8
-7
0
-1
-1
1
-6
0
1
-2
-4
-9
-9
-8
-8
-3
-8
-1
1
-3
-2
-1
-4
-7
-5
-7
-7
-13
-2
-3
-2
-2
4
-2
-2
4
-1
-5
-7
-4
-3
-2
-5
0
-1
3
-2
0
-3
-7
-7
-3
-9
-7
-5
-4
-6
-5
-2
-1
-2
-3
-2
-6
4
-1
-1
2
4
3
5
2
3
2
-1
-1
1
5
0
-3
-1
4
4
1
-7
-1
-6
-3
-3
-5
-9
-4
0
-3
-5
-9
-3
-3
-1
-11
-2
-1
-5
-1
0
-6
-6
-5
-7
-8
-12
-12
-14
-9
-10
-8
-5
-5
-3
-2
-3
-1
-6
-6
-8
-6
-7
-6
-6
-5
1
-5
3
6
4
3
-1
0
6
0
-5
-2
-2
3
5
5
6
3
1
5
0
1
-4
1
5
4
6
0
9
9
5
4
5
8
5
7
7
3
3
3
5
5
10
6
5
7
3
4
10
0
4
0
0
7
-1
-6
-1
-13
-2
2
-2
-1
-2
-1
-2
-1
-6
1
-4
-8
0
-7
-11
-4
0
-7
-4
0
-7
-2
-6
-2
-5
-11
-9
-7
-7
-3
-3
-3
-4
-5
0
-1
-11
-6
-8
-12
-11
-10
-8
-10
-8
-8
-2
1
-5
-1
-4
-7
-7
-11
-8
-5
-5
-11
-6
-4
-4
1
-6
-7
-3
-2
-3
-2
-1
-1
-2
-5
-5
0
-3
-5
-1
-4
-7
-9
-4
-5
-3
-4
-4
-1
-3
1
-1
-2
-2
-1
-2
-2
-7
0
-1
-4
0
-1
-8
-6
-5
-6
-3
0
-1
-7
-5
-3
-6
-9
-6
-6
-8
-3
-2
-6
-7
-4
-6
-6
-1
-4
-4
-8
-4
-9
-17
-6
-13
-11
-6
-5
-7
-9
-5
-6
-7
-3
-8
-8
-9
-16
-12
-15
-19
-15
-12
-14
-17
-13
-13
-16
-11
-19
-17
-11
-13
-14
-17
-14
-18
-11
-16
-22
-17
-21
-17
-15
-16
-17
-18
-16
-18
-18
-15
-21
-12
-19
-23
-11
-20
-21
-19
-17
-20
-20
-14
-12
-16
-14
-17
-19
-17
-15
-23
-17
-16
-18
-14
-15
-16
-19
-14
-16
-17
-9
-15
-14
-17
-20
-14
-18
-14
-13
-12
-14
-15
-17
-12
-13
-17
-10
-14
-13
-13
-18
-7
-20
-23
-9
-14
-16
-21
-13
-18
-23
-19
-20
-20
-20
-24
-21
-19
-22
-19
-16
-19
-19
-16
-20
-21
-20
-14
-21
-19
-18
-19
-15
-19
-16
-14
-17
-15
-16
-11
-25
-21
-20
-18
-16
-18
-24
-21
-15
-20
-19
-14
-15
-22
-16
-18
-16
-19
-15
-15
-16
-15
-19
-19
-14
-18
-17
-16
-22
-19
-16
-18
-22
-15
-19
-17
-19
-20
-14
-19
-22
-20
-15
-20
-19
-20
-20
-18
-12
-16
-18
-14
-20
-14
-11
-15
-14
-17
-20
-18
-11
-10
-17
-10
-17
-17
-14
-16
-14
-14
-11
-18
-13
-11
-16
-16
-17
-15
-13
-18
-19
-18
-20
-16
-12
-14
-14
-12
-15
-17
-15
-16
-13
-12
-14
-10
-12
-13
-16
-18
-16
-16
-13
-13
-11
-12
-12
-15
-13
-14
-16
-14
-14
-22
-15
-16
-10
-20
-23
-18
-16
-10
-15
-17
-16
-19
-16
-14
-16
-14
-19
-13
-13
-11
-14
-14
-21
-17
-15
-16
-14
-14
-16
-10
-7
-11
-8
-10
-13
-7
-12
-10
-11
-10
-10
-10
-8
-11
-3
-8
-7
-7
-8
-7
-6
-2
-4
-8
-11
-10
-8
-8
-8
-4
-8
-4
-11
-7
-9
-6
-7
-15
-11
-16
-18
-10
-14
-15
-13
-16
-13
-15
-15
-16
-16
-19
-16
-14
-14
-19
-21
-18
-12
-19
-17
-12
-14
-9
-15
-19
-16
-11
-16
-14
-16
-14
-15
-12
-16
-18
-16
-11
-9
-10
-13
-9
-3
-4
-4
-8
1
1
-8
-7
-3
-9
-6
1
-2
2
-1
-5
-4
-7
-3
-4
-3
-2
-6
-5
1
0
-3
-2
-1
-2
2
3
-4
-4
0
3
2
-5
-4
-4
-1
-1
-3
-1
0
-4
-13
-4
-4
-7
-3
-2
-5
-2
-4
-5
-6
-2
-5
-8
-2
-6
-2
-6
-3
1
-2
2
3
1
2
0
1
1
4
3
2
2
2
4
4
10
5
0
2
-2
3
4
3
2
-1
-3
-5
-4
-4
-2
-4
-5
2
0
-1
-1
0
-2
-3
-3
-3
-3
-7
-2
-5
-6
-5
-2
-6
-4
-2
-8
-3
-9
-6
-5
-3
-8
-2
3
2
1
0
1
2
4
3
5
3
5
2
8
2
9
7
4
16
7
8
12
7
10
7
5
8
4
8
6
4
5
5
6
4
3
4
4
6
4
12
10
5
11
9
4
4
-1
1
5
4
-2
-2
4
-1
6
1
-1
-1
-1
2
-1
-7
-5
-2
-6
-3
-1
-6
-6
0
-8
-7
-2
-4
2
-1
-6
-3
-2
0
4
1
-3
3
2
2
0
-3
-4
2
7
4
4
2
4
2
4
-1
1
9
3
4
7
5
5
-4
-2
4
-1
1
-1
4
1
-3
-5
-6
-1
0
4
5
2
3
7
9
4
-4
-3
-3
-4
-4
-4
-2
-5
-7
-8
-1
-5
-6
-4
-1
-3
-5
-1
-9
-5
-4
-5
-4
-5
0
-7
-7
-4
-4
0
-4
-7
-3
-6
-4
0
3
-1
0
5
-8
-4
-2
-4
-2
-2
-5
1
0
1
0
0
-1
-2
3
-1
0
-2
-3
-1
-3
-2
0
2
-1
-1
0
-2
-5
0
-7
-5
-8
-11
-4
-9
-10
-10
-3
-11
-11
-5
-12
-7
-12
-9
-7
-12
-4
-11
-11
-10
-10
-10
-11
-6
-5
-6
-8
-5
-9
-5
-4
-2
-5
0
-1
-3
-4
-11
-7
-4
-7
-5
-3
-13
-10
-9
-7
1
-6
-4
-7
-4
3
-8
-4
-5
-1
-1
-4
-2
-5
0
-4
-4
-1
-4
-4
-1
-2
-5
-4
-3
-3
-2
-2
-6
-1
1
-4
1
-8
-6
-4
-9
-11
-8
-6
-10
-4
-4
-6
-8
0
-2
2
1
-3
-1
-2
-5
-8
-2
-4
-7
1
1
-6
-3
1
-2
1
2
-1
1
1
3
8
3
0
7
2
8
10
15
14
11
11
5
10
15
14
15
13
14
13
13
11
13
12
12
12
8
11
6
8
7
8
11
5
5
11
7
5
5
5
5
5
9
4
8
5
5
3
0
9
13
12
12
9
6
5
7
10
4
9
12
5
15
12
5
13
12
12
8
11
9
8
12
8
15
16
11
16
17
15
16
11
18
14
13
18
11
10
10
10
15
10
14
15
15
11
8
11
14
12
10
13
11
14
15
17
13
12
11
12
13
11
15
9
11
12
9
11
11
12
10
12
14
10
17
17
15
17
17
17
12
14
10
13
17
16
11
11
14
9
12
10
17
16
10
16
14
13
12
15
12
11
14
21
19
16
16
19
20
16
17
21
26
25
26
25
25
23
22
20
24
20
24
26
25
22
26
27
20
20
22
29
19
23
22
22
21
18
17
17
16
15
15
14
16
13
18
18
17
16
21
16
13
16
10
15
8
5
9
8
7
11
9
12
11
8
11
10
6
6
9
8
11
10
2
9
13
9
13
14
16
11
18
15
7
20
17
15
21
18
9
10
17
17
18
11
13
12
12
18
13
19
18
16
19
18
16
11
18
18
17
13
10
8
8
13
9
8
4
0
2
10
12
11
12
12
10
6
10
10
9
12
8
11
9
8
11
10
13
13
14
12
16
14
11
9
14
14
7
11
11
9
11
8
9
7
9
6
11
11
12
17
14
12
15
16
12
10
18
13
9
12
15
13
13
13
17
16
13
15
16
14
12
7
10
10
0
7
5
7
6
6
6
4
6
5
10
11
9
7
4
4
2
4
5
4
9
9
9
5
7
6
3
8
7
2
4
5
4
4
5
9
8
6
4
7
10
6
7
7
5
6
6
9
6
7
8
10
10
7
10
13
15
13
11
13
11
11
13
13
11
14
14
14
7
9
15
6
3
10
11
9
5
11
12
12
14
16
18
16
17
12
18
14
18
16
13
18
12
13
11
13
9
5
3
9
15
8
10
11
7
10
7
6
10
9
8
5
4
8
6
7
4
7
13
14
13
9
5
3
6
-2
0
6
1
1
2
8
15
7
6
6
8
8
2
2
12
11
11
7
4
6
6
4
8
4
2
5
-1
1
0
1
1
1
-1
3
2
-1
3
0
2
-1
0
4
-1
-5
-4
-1
6
0
-2
-3
0
-4
-4
-7
-4
-4
-7
-7
-8
-5
-2
-2
0
7
1
-1
0
-1
1
0
1
6
6
8
6
1
-2
3
-1
2
7
3
7
2
3
5
4
3
6
12
11
11
13
8
9
10
9
16
14
13
12
7
12
11
14
13
10
15
11
8
6
3
4
2
7
0
0
4
4
0
4
1
7
9
8
10
8
7
1
7
8
6
10
5
6
6
9
6
5
5
4
7
5
10
11
12
10
2
9
16
9
5
10
7
9
9
10
11
12
10
15
17
18
14
8
12
14
10
11
15
14
16
16
8
9
7
10
17
8
13
15
9
9
7
3
8
5
-1
6
0
3
6
4
3
4
2
3
10
11
8
11
11
7
3
9
10
6
3
7
8
4
8
12
9
5
5
7
7
8
6
0
2
5
9
6
7
5
8
7
11
9
7
8
9
11
12
12
10
10
8
9
6
12
6
3
12
11
13
9
9
14
9
10
10
4
5
8
6
3
5
8
0
4
2
2
3
-3
-1
-5
-2
3
9
1
0
8
3
-5
-3
0
-1
1
-2
-3
-3
-2
2
3
-1
3
3
2
-2
-4
3
-1
2
1
1
-2
1
3
2
4
3
4
4
-2
0
4
1
2
0
4
1
3
-3
-1
-1
0
1
1
4
0
-1
1
1
6
-1
0
1
-2
0
-3
1
1
-5
-4
1
3
-1
2
-1
0
-5
-2
1
-1
-1
2
1
1
-1
-4
4
6
3
3
2
1
1
0
3
2
1
1
4
2
4
4
1
1
3
1
1
5
1
13
0
1
4
1
0
-3
1
-1
4
0
0
0
1
0
2
-6
1
0
-1
-4
1
0
1
1
-3
7
1
-1
-3
-3
0
3
-2
-6
-1
-5
-6
-6
-9
0
-8
-8
-5
-11
-4
-6
-10
-15
-14
-12
-10
-14
-11
-5
-11
-4
-5
-13
-8
-10
-11
-9
-14
-7
-8
-7
-6
-8
-5
-9
-5
-3
-4
-8
-9
-7
-12
-6
-3
-8
-8
-7
-6
-10
-10
-4
-6
-2
-6
-7
-1
0
-1
-5
0
-1
-5
-7
-5
-6
-7
-4
-7
-5
-9
-4
-4
-8
-11
-11
0
-6
-9
-8
-5
-13
-8
-7
-10
-3
-7
-7
-12
-13
-7
-3
-5
-12
-9
-10
-8
-2
-4
-12
-9
-2
-10
-6
-12
-11
-4
-4
-2
-5
-3
0
3
-2
-1
-3
-2
0
-1
1
-2
-1
5
4
-6
-5
-5
-5
-2
-5
2
4
4
0
5
8
1
4
1
0
2
-3
-1
2
2
-6
-3
-3
0
-2
-2
-4
-8
-1
-4
-1
3
0
3
-1
-3
1
1
1
-7
-3
-3
-3
-7
1
0
-7
1
-2
-3
-1
-3
-5
-1
-2
-4
-3
-2
4
4
1
-2
-2
1
4
0
1
4
-1
1
3
3
7
3
5
5
2
-1
2
4
6
8
2
2
4
0
3
7
3
0
-2
-2
3
0
-7
-3
-2
-10
-4
-3
-8
-4
-12
-1
1
2
-4
-8
2
1
-3
-1
-1
-1
1
4
6
4
3
8
3
3
3
6
4
6
4
4
3
2
6
2
6
2
10
3
-4
0
6
4
0
5
1
2
2
1
2
1
8
4
-1
2
-3
4
3
3
6
1
5
6
5
4
7
5
8
3
-1
2
-3
-4
3
5
7
8
6
4
8
5
4
2
2
7
8
7
-1
1
0
-1
0
-4
-1
-2
-2
-2
1
5
1
3
-3
-3
1
1
-6
-1
3
-4
-5
-7
-2
-4
-3
0
-2
-4
-2
-7
-1
-3
-10
-7
-6
-5
-7
-1
-2
-3
-4
-4
0
-2
3
-6
-7
-6
-7
-7
-6
-5
-8
-2
-6
-8
4
3
-3
1
2
-1
-2
1
2
4
0
-3
1
2
3
3
-6
-3
-5
-10
-5
-6
-9
-7
-9
-4
-13
-9
-8
-8
-6
-10
-7
-6
-6
-5
-8
-9
-13
-14
-5
-5
-1
-3
-7
-6
-7
-5
-6
-4
-3
-6
-2
-7
-4
-4
-3
-3
-6
-8
-6
0
-2
0
0
2
-1
2
1
-4
-4
-2
0
-4
-6
-1
0
-4
-3
-2
-1
1
-2
-13
-1
0
-5
-2
-1
-5
-4
0
-4
-3
-6
-2
-3
-7
-7
-9
-13
-5
-6
-10
-8
-9
-1
-7
-1
-1
-8
-3
-6
-7
-8
-8
-7
-12
-10
-9
-14
-10
-12
-10
-9
-11
-12
-13
-9
-5
-10
-9
-13
-18
-13
-13
-13
-10
-8
-12
-13
-14
-16
-10
-7
-14
-12
-11
-9
-7
-15
-15
-11
-8
-13
-14
-14
-9
-8
-13
-12
-10
-8
-10
-11
-10
-5
-4
-9
-6
-7
-12
-9
-9
-12
-19
-15
-15
-18
-15
-12
-11
-12
-12
-8
-13
-10
-10
-8
-6
-12
-11
-10
-5
-8
-10
-13
-9
-16
-10
-10
-7
-5
-6
-4
-3
-12
-15
-13
-15
-9
-9
-9
-13
-9
-10
-8
-5
-1
1
-2
3
-2
-4
-1
-1
-4
-4
1
-2
-4
-4
-5
-5
0
-2
-2
2
-1
-2
1
1
3
-1
-6
-2
0
-5
-12
-7
-3
0
-7
-4
-5
-9
3
0
-11
-2
-4
-4
-8
-10
-12
-9
-7
-9
-5
-13
-7
-9
-8
-4
-7
-1
-6
-1
1
-2
0
-3
-7
-7
-3
-11
-7
-10
-11
-7
-4
-9
-4
-4
-4
-2
-4
-3
2
7
-3
-3
-7
-10
-7
-10
-5
-11
-11
-7
-6
-4
-9
-9
-1
-6
-9
-2
-2
-4
-7
-8
-4
-4
-9
-10
-1
2
3
-3
-2
-1
-1
-2
-4
-3
-10
-6
-6
-6
-2
-5
-4
0
-5
-8
-3
-4
-7
-5
-2
0
0
0
-1
1
5
-2
2
-3
-4
-4
-7
-9
-5
-7
-8
0
-6
-1
-7
-2
-5
3
-5
-4
1
-4
0
-5
-4
-6
-4
-7
-1
0
-2
3
-4
-4
-1
-7
-7
-3
-3
-4
-8
-3
-4
-5
-3
-5
0
1
-1
-4
3
-3
0
1
-1
-1
-2
-6
-7
-1
-5
0
-3
-2
0
-4
-3
-6
-7
-3
2
-5
-2
0
-3
7
1
-2
-2
-5
2
-1
-2
-3
7
4
-3
4
2
5
1
4
1
-4
1
2
2
-1
3
2
-1
0
-9
-8
-2
-8
-4
-1
-3
-3
2
-1
0
0
-2
1
-2
-2
-5
-1
-6
-3
-2
-9
-2
-9
-4
-4
-10
-1
-3
-1
-3
-3
-6
-10
-8
-6
-6
-7
-5
0
-2
-4
-3
-4
-3
-2
-4
2
1
1
6
5
5
5
5
5
5
7
0
5
3
1
2
2
-2
-2
-2
-3
7
0
-1
-6
5
1
-2
0
-6
-7
-4
-4
-3
-6
-6
-7
-3
1
-3
0
-8
-3
0
-5
-1
-1
-1
-7
0
3
6
-2
-7
-2
-4
-4
0
-1
1
-1
0
2
3
-4
-6
-2
-1
-2
-3
0
2
1
-1
3
-2
0
-3
-2
3
0
-2
0
-2
1
2
-3
-1
-2
-8
-7
1
-3
0
-2
-1
0
1
4
-3
-1
2
-1
-1
0
-9
-9
-3
-1
-5
-5
-1
-2
-6
-7
-3
1
-1
-3
1
-6
-6
-8
-4
-3
-6
-5
-2
-4
-7
-8
-4
2
-2
-4
-3
-2
-7
0
0
2
-5
4
1
-4
-4
-3
-1
-3
-4
-5
-2
-1
-1
-6
2
-4
-3
-1
-3
0
-8
-4
-2
1
2
1
0
-1
5
1
1
-1
1
6
2
-2
0
6
-4
-3
-5
-7
1
-3
2
0
1
-3
-1
7
3
5
5
1
0
3
1
4
6
-1
-2
-3
-2
0
0
-3
-1
1
2
-3
0
4
-7
-3
0
-1
-8
-5
-4
-5
-6
-6
-2
-6
-3
1
-3
-2
-1
1
-4
-1
2
0
0
-2
-6
-7
-5
-5
-4
-2
-6
-4
0
-2
-2
-1
-2
1
1
-2
-2
-3
-4
-2
0
-7
-6
-3
-12
-6
-3
-12
-6
-12
-9
-9
-10
-6
-3
-7
-4
0
-1
-3
-6
-4
-8
-6
-9
-2
3
0
6
10
5
8
15
16
15
16
12
10
19
23
20
17
22
19
24
18
17
22
17
21
18
19
20
20
15
15
5
7
13
4
-1
-1
-1
2
-9
-9
-1
-7
-5
-8
-11
-6
0
-7
-1
1
-4
7
2
8
4
4
4
7
16
11
8
8
5
7
6
10
13
11
4
4
8
-1
0
2
3
-3
-6
-7
-5
-12
-9
-9
-6
-11
-6
3
3
-2
-1
5
1
-1
5
6
6
11
16
12
12
21
23
19
18
20
17
21
16
21
17
10
14
8
9
8
11
6
4
2
-8
-8
-14
-20
-38
-45
-51
-59
-78
-85
-94
-109
-125
-127
-128
-153
-154
-139
-130
-140
-129
-93
-84
-82
-43
-17
-13
3
44
63
60
81
115
120
126
161
180
182
198
231
230
227
242
248
241
230
230
212
191
185
168
136
115
99
72
38
21
-11
-62
-88
-120
-173
-228
-257
-299
-358
-404
-429
-461
-513
-535
-529
-547
-561
-529
-483
-463
-447
-369
-274
-237
-179
-25
106
174
323
549
701
790
999
1240
1278
1280
1435
1503
1324
1196
1203
1020
662
519
466
144
-186
-193
-225
-533
-671
-526
-579
-816
-764
-598
-739
-905
-747
-639
-833
-886
-674
-634
-754
-627
-372
-344
-335
-69
177
207
289
540
675
639
685
793
739
594
535
495
322
116
11
-70
-241
-413
-459
-501
-628
-721
-712
-741
-865
-921
-906
-973
-1084
-1085
-1046
-1093
-1093
-981
-858
-759
-585
-345
-115
159
463
746
1043
1370
1626
1849
2123
2315
2320
2348
2457
2357
2073
1939
1838
1449
1050
927
706
191
-83
-70
-355
-814
-849
-797
-1146
-1412
-1275
-1311
-1690
-1757
-1534
-1673
-1954
-1799
-1574
-1733
-1793
-1457
-1267
-1369
-1216
-820
-697
-760
-542
-246
-268
-362
-189
-14
-137
-204
43
275
272
434
953
1368
1517
1920
2623
2929
2877
3177
3577
3290
2759
2735
2550
1667
989
911
432
-522
-797
-600
-1034
-1576
-1290
-972
-1351
-1483
-985
-930
-1403
-1369
-1014
-1262
-1707
-1551
-1328
-1587
-1680
-1252
-973
-995
-679
-46
293
422
819
1296
1419
1392
1542
1613
1351
1079
999
791
315
-37
-155
-427
-862
-1060
-1108
-1389
-1678
-1668
-1687
-1977
-2112
-1970
-2016
-2197
-2084
-1843
-1819
-1701
-1273
-896
-641
-168
485
1018
1512
2144
2763
3253
3668
4006
4240
4344
4275
4069
3844
3496
2928
2387
1971
1410
727
285
-21
-534
-1007
-1166
-1365
-1798
-2071
-2125
-2392
-2822
-2987
-3052
-3365
-3627
-3590
-3576
-3664
-3501
-3128
-2874
-2583
-2035
-1490
-1101
-646
-131
191
393
693
914
910
959
1194
1350
1416
1749
2244
2595
2976
3668
4295
4490
4690
5111
5134
4583
4170
3897
3026
1875
1232
631
-540
-1499
-1691
-2047
-2818
-2985
-2592
-2691
-2948
-2499
-2017
-2223
-2309
-1800
-1640
-2048
-2049
-1672
-1789
-2059
-1697
-1234
-1235
-1012
-219
352
529
1056
1782
1931
1829
2073
2107
1514
992
791
226
-674
-1150
-1385
-1982
-2497
-2431
-2337
-2522
-2386
-1804
-1395
-1156
-569
219
688
1035
1669
2308
2517
2583
2922
3155
2918
2669
2746
2617
2118
1883
1962
1691
1185
1135
1220
810
380
362
173
-446
-854
-997
-1479
-2142
-2426
-2561
-2953
-3263
-3189
-3092
-3122
-2942
-2537
-2281
-2103
-1711
-1282
-1072
-937
-653
-436
-406
-360
-223
-201
-308
-270
-123
-123
-172
15
354
590
863
1431
2060
2511
3071
3895
4456
4601
4854
5216
5045
4436
4077
3694
2743
1765
1276
655
-390
-993
-1039
-1416
-1992
-1973
-1749
-2013
-2229
-1955
-1902
-2312
-2442
-2266
-2440
-2840
-2870
-2769
-2918
-2978
-2684
-2411
-2277
-1925
-1375
-934
-609
-182
265
534
711
888
940
808
614
435
167
-194
-498
-713
-909
-965
-780
-514
-153
501
1327
2055
2837
3758
4407
4721
5051
5262
4885
4230
3766
3103
2015
1113
587
-159
-1003
-1232
-1185
-1507
-1716
-1345
-1074
-1288
-1261
-937
-1098
-1596
-1695
-1734
-2334
-2933
-2978
-3075
-3540
-3627
-3203
-3013
-2962
-2381
-1587
-1230
-922
-196
366
397
518
826
724
298
110
-35
-514
-967
-1074
-1132
-1242
-1041
-508
82
789
1773
2832
3814
4755
5528
6017
6299
6349
5953
5262
4545
3648
2480
1457
705
-174
-1037
-1365
-1434
-1742
-1902
-1591
-1379
-1519
-1458
-1199
-1389
-1881
-2025
-2139
-2747
-3360
-3497
-3675
-4119
-4186
-3801
-3598
-3471
-2823
-1986
-1537
-1090
-309
255
396
612
894
731
330
142
-86
-617
-1045
-1168
-1290
-1342
-1010
-417
224
1114
2290
3430
4530
5622
6434
6875
7168
7181
6604
5768
4976
3901
2539
1447
612
-418
-1309
-1565
-1688
-2037
-2099
-1730
-1588
-1722
-1586
-1389
-1680
-2122
-2261
-2512
-3180
-3736
-3912
-4172
-4564
-4561
-4201
-3958
-3689
-2978
-2116
-1555
-1015
-214
394
595
803
1038
905
482
206
-58
-576
-1077
-1266
-1324
-1329
-1012
-379
398
1375
2553
3766
4982
6064
6793
7251
7573
7439
6703
5866
5030
3768
2308
1286
400
-787
-1625
-1746
-1938
-2367
-2272
-1808
-1772
-1886
-1576
-1421
-1866
-2233
-2274
-2689
-3471
-3882
-4053
-4491
-4801
-4567
-4255
-4084
-3558
-2635
-1886
-1279
-467
323
750
1066
1383
1371
1037
700
348
-222
-819
-1261
-1612
-1841
-1756
-1374
-854
-62
1092
2348
3559
4876
6092
6835
7310
7739
7657
6860
6009
5238
3952
2446
1455
581
-644
-1452
-1488
-1666
-2107
-1945
-1418
-1393
-1510
-1182
-1067
-1590
-1995
-2078
-2577
-3478
-3972
-4184
-4670
-5078
-4916
-4611
-4481
-4021
-3098
-2323
-1805
-1031
-167
279
505
825
899
561
202
-64
-560
-1177
-1558
-1779
-1915
-1753
-1258
-593
338
1613
2970
4285
5708
6958
7704
8227
8656
8440
7537
6675
5772
4266
2665
1618
559
-829
-1624
-1699
-2029
-2494
-2246
-1752
-1798
-1835
-1445
-1412
-1971
-2311
-2412
-3045
-3957
-4411
-4717
-5302
-5637
-5404
-5161
-4986
-4312
-3255
-2433
-1710
-711
225
745
1142
1535
1538
1148
779
425
-210
-929
-1392
-1679
-1887
-1760
-1219
-514
412
1746
3215
4577
5992
7245
7987
8458
8812
8509
7525
6573
5562
3958
2340
1273
126
-1257
-1948
-2004
-2358
-2712
-2340
-1868
-1901
-1804
-1370
-1396
-1932
-2180
-2311
-3017
-3912
-4316
-4656
-5291
-5580
-5295
-5074
-4919
-4151
-3045
-2282
-1540
-442
469
888
1311
1728
1596
1115
766
322
-476
-1229
-1693
-2107
-2367
-2162
-1627
-969
64
1513
2986
4420
5995
7322
8077
8672
9125
8804
7834
6965
5940
4274
2678
1634
412
-1006
-1659
-1752
-2167
-2502
-2120
-1705
-1762
-1640
-1241
-1344
-1891
-2172
-2421
-3231
-4164
-4660
-5139
-5847
-6161
-5937
-5773
-5576
-4752
-3636
-2815
-1946
-754
194
699
1224
1684
1577
1160
834
367
-399
-1103
-1564
-1954
-2166
-1920
-1333
-572
527
2006
3550
5072
6665
7982
8759
9317
9671
9254
8217
7213
6002
4200
2522
1338
-30
-1510
-2197
-2363
-2811
-3059
-2615
-2190
-2153
-1877
-1412
-1499
-1950
-2152
-2445
-3293
-4183
-4714
-5300
-6005
-6256
-6049
-5883
-5519
-4568
-3411
-2467
-1402
-147
786
1361
1905
2231
2012
1543
1070
403
-498
-1297
-1897
-2431
-2705
-2494
-1957
-1242
-113
1435
3001
4571
6315
7783
8603
9265
9805
9487
8447
7530
6433
4614
2868
1726
415
-1129
-1847
-1930
-2323
-2630
-2187
-1679
-1641
-1468
-1039
-1120
-1699
-2091
-2463
-3381
-4487
-5202
-5808
-6570
-6983
-6827
-6562
-6204
-5305
-4054
-2951
-1882
-630
472
1175
1698
2081
2030
1579
1060
491
-311
-1167
-1793
-2228
-2489
-2351
-1789
-984
131
1667
3350
5012
6767
8287
9222
9913
10435
10145
9086
8037
6841
4979
3101
1790
379
-1250
-2119
-2304
-2711
-3097
-2743
-2220
-2133
-1973
-1538
-1508
-2005
-2344
-2594
-3369
-4416
-5102
-5623
-6324
-6771
-6660
-6417
-6128
-5334
-4117
-3043
-2062
-842
298
1000
1507
1939
1921
1463
954
429
-379
-1284
-1927
-2364
-2660
-2558
-1994
-1194
-70
1507
3250
4971
6800
8391
9415
10194
10790
10563
9545
8513
7320
5461
3552
2177
698
-982
-1929
-2174
-2627
-3050
-2746
-2231
-2133
-1960
-1502
-1468
-1944
-2267
-2516
-3304
-4370
-5099
-5687
-6442
-6936
-6899
-6690
-6416
-5643
-4407
-3278
-2264
-1000
218
971
1506
1987
2020
1539
1032
520
-336
-1309
-1971
-2463
-2887
-2855
-2300
-1578
-552
1039
2825
4513
6369
8167
9334
10106
10836
10902
9981
8888
7839
6143
4111
2623
1288
-403
-1621
-1915
-2225
-2745
-2612
-2030
-1853
-1796
-1379
-1242
-1739
-2220
-2527
-3289
-4440
-5339
-6020
-6808
-7407
-7467
-7255
-6957
-6227
-4974
-3702
-2560
-1262
51
985
1604
2100
2219
1820
1259
684
-142
-1114
-1882
-2453
-2882
-2911
-2433
-1712
-696
834
2619
4369
6235
8088
9352
10125
10865
11085
10224
9049
8023
6406
4266
2681
1429
-306
-1725
-2060
-2278
-2864
-2841
-2194
-1952
-1935
-1487
-1195
-1660
-2194
-2456
-3145
-4316
-5298
-5975
-6772
-7454
-7549
-7284
-6981
-6312
-5031
-3636
-2443
-1138
260
1276
1905
2403
2580
2195
1546
906
74
-976
-1893
-2529
-3016
-3215
-2864
-2126
-1159
234
2044
3900
5740
7647
9108
9958
10687
11076
10408
9187
8136
6666
4540
2800
1576
-55
-1601
-2056
-2163
-2678
-2747
-2080
-1709
-1679
-1258
-883
-1288
-1900
-2224
-2897
-4121
-5199
-5958
-6832
-7600
-7732
-7495
-7249
-6593
-5299
-3901
-2684
-1327
88
1108
1792
2352
2533
2170
1561
911
73
-963
-1902
-2595
-3076
-3284
-2995
-2258
-1260
121
1930
3843
5745
7687
9238
10153
10888
11357
10813
9568
8495
7132
5010
3147
1917
347
-1332
-1953
-2027
-2553
-2796
-2214
-1771
-1791
-1482
-1056
-1369
-2043
-2420
-3010
-4201
-5357
-6138
-6979
-7798
-8023
-7795
-7523
-6915
-5676
-4221
-2932
-1574
-114
1037
1796
2355
2622
2372
1748
1059
282
-717
-1739
-2459
-2904
-3156
-2955
-2198
-1170
148
1912
3876
5783
7684
9272
10230
10926
11395
10926
9676
8534
7179
5081
3117
1812
274
-1447
-2190
-2285
-2755
-3028
-2480
-1962
-1936
-1632
-1149
-1352
-1969
-2322
-2840
-3960
-5089
-5871
-6712
-7539
-7818
-7656
-7418
-6864
-5716
-4316
-3006
-1667
-236
963
1755
2318
2630
2438
1814
1095
319
-695
-1807
-2608
-3112
-3464
-3366
-2678
-1683
-421
1316
3312
5270
7245
8964
10058
10847
11452
11162
9998
8885
7642
5632
3604
2278
836
-926
-1815
-1888
-2291
-2696
-2247
-1667
-1630
-1450
-971
-1092
-1763
-2204
-2700
-3794
-5025
-5902
-6737
-7628
-8057
-7963
-7728
-7250
-6202
-4801
-3439
-2103
-679
590
1475
2076
2445
2349
1776
1068
339
-622
-1719
-2543
-3050
-3389
-3329
-2667
-1674
-420
1294
3292
5282
7285
9060
10218
11038
11706
11526
10397
9254
8053
6056
3941
2544
1090
-760
-1804
-1931
-2345
-2848
-2500
-1915
-1870
-1729
-1268
-1328
-1966
-2445
-2910
-3924
-5146
-6060
-6874
-7712
-8164
-8091
-7801
-7309
-6299
-4870
-3447
-2100
-685
626
1550
2167
2561
2506
1932
1202
473
-487
-1623
-2508
-3040
-3413
-3406
-2796
-1838
-627
1062
3067
5056
7068
8894
10102
10931
11639
11559
10456
9285
8122
6182
4027
2587
1186
-634
-1733
-1863
-2202
-2683
-2366
-1745
-1632
-1513
-1072
-1085
-1699
-2219
-2721
-3704
-4940
-5918
-6768
-7624
-8128
-8134
-7875
-7410
-6449
-5058
-3619
-2241
-824
492
1463
2105
2504
2464
1913
1145
384
-564
-1710
-2635
-3189
-3536
-3545
-2946
-1950
-712
974
3009
5022
7050
8938
10204
11026
11764
11789
10717
9488
8374
6543
4324
2799
1469
-325
-1567
-1768
-2045
-2580
-2398
-1779
-1628
-1589
-1218
-1188
-1794
-2410
-2934
-3880
-5141
-6202
-7048
-7867
-8411
-8438
-8137
-7627
-6680
-5261
-3754
-2349
-919
477
1499
2141
2581
2629
2111
1349
626
-276
-1432
-2392
-2945
-3342
-3455
-2940
-2005
-888
669
2657
4617
6545
8467
9859
10687
11405
11646
10787
9513
8436
6854
4653
2951
1722
62
-1383
-1746
-1885
-2434
-2468
-1818
-1518
-1561
-1253
-1046
-1554
-2261
-2754
-3558
-4828
-5969
-6797
-7601
-8259
-8399
-8115
-7640
-6825
-5496
-3978
-2597
-1215
224
1339
1982
2431
2598
2159
1373
634
-224
-1398
-2443
-3058
-3500
-3731
-3362
-2457
-1366
86
2037
4069
6012
7998
9630
10600
11323
11775
11258
10013
8881
7526
5459
3542
2264
793
-833
-1511
-1562
-2009
-2306
-1791
-1307
-1357
-1212
-882
-1200
-1983
-2537
-3180
-4406
-5703
-6595
-7385
-8198
-8549
-8315
-7900
-7274
-6061
-4483
-3086
-1753
-230
1046
1737
2212
2556
2280
1477
743
-27
-1185
-2305
-2983
-3460
-3813
-3611
-2775
-1730
-407
1432
3491
5430
7411
9252
10407
11090
11669
11578
10472
9215
8050
6256
4160
2738
1521
-115
-1221
-1328
-1536
-2031
-1835
-1242
-1187
-1277
-1001
-1083
-1862
-2635
-3223
-4240
-5587
-6657
-7435
-8187
-8692
-8586
-8118
-7526
-6539
-5016
-3462
-2156
-758
643
1525
1980
2368
2375
1710
886
196
-750
-1918
-2741
-3216
-3618
-3650
-3013
-2019
-862
737
2719
4656
6562
8471
9869
10638
11270
11560
10826
9563
8476
7027
4976
3305
2160
649
-819
-1255
-1321
-1829
-1998
-1471
-1217
-1352
-1164
-1013
-1563
-2360
-2943
-3742
-4962
-6127
-6986
-7749
-8338
-8462
-8137
-7608
-6809
-5524
-3984
-2576
-1258
119
1226
1831
2217
2392
1998
1192
433
-378
-1470
-2480
-3090
-3513
-3741
-3376
-2483
-1441
-68
1812
3788
5638
7591
9298
10265
10918
11516
11277
10092
8963
7839
5962
3984
2744
1454
-237
-1151
-1198
-1567
-2036
-1727
-1247
-1299
-1299
-1028
-1279
-2064
-2734
-3387
-4456
-5702
-6701
-7493
-8163
-8519
-8399
-7920
-7234
-6190
-4723
-3193
-1849
-539
748
1621
2051
2330
2253
1598
765
46
-877
-1994
-2786
-3218
-3551
-3526
-2828
-1837
-724
905
2904
4765
6586
8471
9817
10524
11188
11472
10687
9474
8493
7065
5049
3498
2377
833
-550
-921
-1088
-1682
-1835
-1377
-1247
-1432
-1313
-1283
-1900
-2699
-3289
-4102
-5316
-6430
-7224
-7910
-8456
-8563
-8209
-7642
-6847
-5578
-4027
-2642
-1375
1
1155
1759
2133
2337
1989
1203
499
-244
-1319
-2302
-2841
-3215
-3438
-3055
-2162
-1147
204
2076
4025
5843
7743
9395
10365
11029
11553
11250
10119
9027
7856
6019
4153
2897
1550
-59
-891
-1049
-1526
-1986
-1685
-1308
-1461
-1456
-1233
-1576
-2385
-2970
-3589
-4746
-5983
-6829
-7562
-8319
-8664
-8453
-8053
-7480
-6369
-4874
-3504
-2227
-768
531
1303
1816
2204
2066
1420
756
64
-946
-1961
-2596
-3042
-3356
-3162
-2401
-1420
-187
1548
3516
5380
7309
9135
10341
11053
11684
11739
10774
9555
8473
6813
4737
3245
2002
304
-958
-1207
-1534
-2163
-2083
-1539
-1561
-1690
-1349
-1368
-2140
-2815
-3260
-4222
-5563
-6528
-7223
-8082
-8663
-8575
-8197
-7776
-6873
-5395
-3951
-2682
-1213
248
1171
1743
2279
2366
1786
1077
433
-523
-1664
-2462
-2992
-3468
-3544
-2969
-2054
-963
588
2557
4506
6428
8407
9937
10803
11506
11937
11345
10103
9029
7670
5620
3847
2639
1093
-490
-1049
-1186
-1795
-2069
-1573
-1325
-1548
-1395
-1186
-1767
-2648
-3171
-3886
-5188
-6422
-7196
-7915
-8634
-8811
-8420
-7928
-7244
-5924
-4281
-2923
-1620
-111
1081
1697
2174
2478
2086
1266
593
-178
-1328
-2359
-2934
-3371
-3636
-3276
-2385
-1365
-18
1866
3897
5803
7753
9475
10543
11274
11862
11647
10534
9390
8212
6377
4438
3093
1698
36
-869
-1025
-1490
-1973
-1679
-1287
-1418
-1423
-1176
-1509
-2367
-3033
-3647
-4768
-6091
-7054
-7764
-8463
-8871
-8684
-8180
-7566
-6527
-4971
-3440
-2166
-778
607
1453
1912
2303
2216
1491
734
87
-907
-2044
-2763
-3186
-3527
-3406
-2645
-1665
-490
1210
3210
5119
7011
8816
10084
10886
11549
11660
10816
9668
8586
7022
5094
3579
2290
704
-491
-830
-1150
-1707
-1709
-1296
-1286
-1416
-1242
-1359
-2096
-2852
-3442
-4360
-5622
-6724
-7520
-8197
-8689
-8746
-8347
-7750
-6903
-5546
-3933
-2571
-1306
91
1178
1718
2087
2227
1706
880
236
-569
-1708
-2601
-3077
-3433
-3500
-2938
-2016
-938
571
2516
4480
6376
8251
9732
10693
11430
11814
11289
10153
9058
7707
5807
4053
2717
1197
-282
-928
-1159
-1702
-1983
-1628
-1399
-1523
-1410
-1295
-1809
-2583
-3146
-3883
-5049
-6228
-7126
-7865
-8459
-8682
-8458
-7944
-7195
-6029
-4474
-2985
-1711
-356
895
1644
2045
2297
2046
1277
539
-152
-1165
-2244
-2900
-3291
-3530
-3268
-2482
-1498
-216
1582
3574
5472
7388
9076
10210
11026
11640
11505
10517
9437
8303
6591
4710
3329
1962
341
-634
-866
-1316
-1846
-1673
-1303
-1394
-1434
-1217
-1487
-2295
-2949
-3535
-4580
-5861
-6860
-7623
-8322
-8741
-8631
-8190
-7588
-6593
-5094
-3537
-2245
-922
463
1394
1861
2232
2239
1598
805
180
-702
-1857
-2693
-3148
-3493
-3494
-2871
-1919
-799
803
2798
4753
6654
8496
9860
10744
11470
11684
10958
9855
8826
7349
5424
3864
2585
977
-363
-799
-1130
-1761
-1872
-1482
-1440
-1556
-1353
-1384
-2043
-2736
-3280
-4146
-5344
-6407
-7251
-7994
-8491
-8575
-8302
-7765
-6941
-5700
-4171
-2749
-1492
-164
1015
1672
2045
2255
1923
1136
453
-270
-1348
-2368
-2954
-3353
-3576
-3215
-2360
-1360
9
1913
3891
5802
7784
9414
10425
11263
11835
11455
10396
9407
8165
6259
4464
3176
1669
32
-770
-1015
-1612
-2024
-1714
-1478
-1615
-1510
-1313
-1727
-2458
-3007
-3702
-4800
-5934
-6861
-7690
-8325
-8589
-8492
-8094
-7388
-6343
-4926
-3407
-2076
-793
505
1426
1879
2184
2128
1479
709
50
-886
-2004
-2756
-3189
-3549
-3475
-2775
-1849
-688
1025
3009
4905
6905
8797
10059
10952
11764
11872
11015
9990
8971
7308
5332
3865
2532
827
-433
-821
-1250
-1870
-1880
-1506
-1516
-1587
-1372
-1458
-2099
-2775
-3372
-4293
-5471
-6527
-7411
-8166
-8643
-8733
-8474
-7932
-7063
-5800
-4275
-2835
-1521
-158
995
1660
2072
2250
1865
1112
431
-349
-1444
-2404
-2961
-3364
-3556
-3159
-2308
-1289
139
2039
3983
5913
7912
9534
10576
11429
11973
11573
10549
9579
8276
6349
4566
3246
1702
92
-707
-1036
-1623
-1992
-1708
-1466
-1561
-1474
-1307
-1651
-2355
-2977
-3701
-4764
-5938
-6929
-7729
-8383
-8732
-8639
-8213
-7548
-6526
-5074
-3560
-2235
-867
470
1372
1871
2231
2166
1524
788
111
-864
-2002
-2752
-3218
-3622
-3579
-2917
-2028
-896
790
2760
4650
6646
8586
9942
10879
11727
11953
11191
10194
9221
7624
5642
4131
2779
1052
-291
-765
-1220
-1895
-1973
-1590
-1560
-1669
-1445
-1418
-2025
-2742
-3280
-4128
-5368
-6491
-7330
-8095
-8708
-8848
-8542
-8058
-7293
-5970
-4402
-3022
-1677
-180
1021
1682
2190
2467
2060
1288
662
-144
-1357
-2358
-2909
-3422
-3726
-3311
-2468
-1544
-124
1838
3800
5716
7803
9543
10609
11494
12146
11824
10754
9758
8515
6567
4694
3357
1799
80
-786
-1079
-1698
-2157
-1872
-1575
-1721
-1650
-1397
-1736
-2518
-3115
-3739
-4846
-6095
-7046
-7822
-8519
-8893
-8762
-8311
-7682
-6635
-5083
-3524
-2208
-776
669
1590
2102
2541
2496
1775
1045
400
-675
-1890
-2633
-3150
-3671
-3634
-2937
-2121
-1044
703
2694
4568
6604
8610
9966
10908
11810
12047
11258
10235
9265
7659
5648
4112
2754
1006
-361
-804
-1239
-1924
-1989
-1569
-1537
-1629
-1371
-1369
-2021
-2698
-3221
-4123
-5373
-6491
-7374
-8148
-8727
-8903
-8667
-8157
-7360
-6099
-4513
-3066
-1752
-288
976
1678
2141
2404
2037
1275
642
-144
-1320
-2289
-2826
-3321
-3565
-3125
-2302
-1366
68
2012
3948
5868
7928
9587
10633
11562
12177
11786
10748
9787
8511
6556
4711
3346
1736
28
-819
-1153
-1822
-2272
-1959
-1677
-1804
-1673
-1445
-1811
-2502
-3014
-3675
-4808
-5975
-6908
-7742
-8429
-8789
-8749
-8374
-7727
-6695
-5248
-3733
-2389
-987
443
1415
1948
2357
2352
1726
1030
374
-647
-1796
-2534
-3039
-3503
-3458
-2809
-1966
-859
852
2822
4727
6741
8671
10047
11033
11903
12090
11307
10319
9338
7703
5693
4157
2736
949
-397
-879
-1404
-2110
-2147
-1760
-1777
-1835
-1556
-1605
-2226
-2795
-3295
-4243
-5450
-6451
-7298
-8121
-8703
-8831
-8615
-8177
-7364
-6069
-4574
-3185
-1765
-244
954
1684
2247
2515
2149
1471
840
-27
-1185
-2141
-2752
-3303
-3573
-3201
-2444
-1491
-65
1847
3838
5834
7880
9567
10733
11683
12239
11847
10882
9927
8559
6595
4805
3378
1671
17
-795
-1267
-1994
-2314
-1997
-1825
-1880
-1625
-1426
-1815
-2362
-2770
-3513
-4696
-5771
-6648
-7595
-8414
-8750
-8724
-8520
-7949
-6842
-5465
-4105
-2671
-1116
201
1130
1861
2289
2155
1637
1027
228
-823
-1832
-2586
-3180
-3526
-3346
-2681
-1742
-403
1441
3497
5596
7740
9601
10922
11965
12687
12477
11513
10508
9185
7168
5180
3650
1890
16
-1012
-1501
-2253
-2721
-2429
-2155
-2189
-1929
-1593
-1847
-2395
-2808
-3444
-4540
-5712
-6667
-7557
-8390
-8878
-8890
-8596
-8102
-7121
-5648
-4143
-2774
-1217
323
1350
2040
2612
2644
2074
1434
722
-357
-1528
-2366
-3028
-3527
-3523
-2985
-2155
-942
797
2828
4955
7162
9094
10534
11724
12567
12486
11629
10656
9367
7405
5379
3771
2010
99
-1053
-1552
-2250
-2790
-2538
-2131
-2072
-1805
-1377
-1477
-1991
-2385
-2954
-4046
-5293
-6332
-7305
-8222
-8826
-8980
-8779
-8315
-7415
-6016
-4472
-3064
-1557
28
1223
1955
2514
2678
2196
1496
817
-201
-1450
-2394
-3037
-3589
-3723
-3240
-2430
-1301
399
2452
4561
6763
8802
10337
11571
12529
12620
11847
10906
9753
7880
5817
4175
2453
491
-805
-1363
-2066
-2708
-2559
-2134
-2041
-1820
-1349
-1349
-1817
-2169
-2628
-3684
-4961
-5992
-6993
-8044
-8759
-8992
-8970
-8663
-7826
-6512
-5076
-3630
-2072
-484
791
1705
2372
2597
2264
1663
983
-1
-1223
-2223
-2928
-3488
-3682
-3261
-2448
-1341
322
2413
4562
6746
8827
10444
11667
12633
12816
12057
11044
9857
7975
5842
4111
2320
296
-1071
-1663
-2368
-2994
-2832
-2372
-2233
-1939
-1383
-1327
-1749
-2045
-2420
-3433
-4712
-5724
-6706
-7822
-8607
-8836
-8864
-8668
-7826
-6461
-5085
-3667
-1984
-386
834
1834
2594
2766
2402
1873
1158
72
-1144
-2156
-2975
-3595
-3780
-3408
-2640
-1506
141
2204
4396
6641
8739
10388
11652
12652
12885
12160
11138
9944
8058
5873
4126
2361
274
-1170
-1730
-2399
-3067
-2906
-2395
-2263
-1997
-1406
-1299
-1775
-2128
-2480
-3442
-4746
-5825
-6779
-7837
-8654
-8915
-8849
-8615
-7867
-6475
-4973
-3571
-1961
-260
1004
1910
2687
2957
2537
1911
1248
183
-1139
-2196
-2993
-3703
-3978
-3611
-2882
-1849
-243
1808
3965
6233
8409
10069
11344
12431
12788
12111
11106
10002
8188
5992
4278
2607
528
-999
-1545
-2115
-2806
-2712
-2176
-1995
-1771
-1191
-1024
-1483
-1909
-2307
-3201
-4486
-5677
-6714
-7723
-8551
-8961
-8939
-8659
-8032
-6798
-5204
-3731
-2263
-562
901
1820
2541
2974
2667
1945
1288
379
-963
-2129
-2904
-3610
-4005
-3697
-2981
-2050
-539
1498
3626
5861
8090
9799
11059
12232
12743
12129
11126
10096
8368
6155
4401
2765
668
-977
-1580
-2129
-2849
-2843
-2292
-2059
-1816
-1186
-928
-1314
-1703
-2057
-2905
-4136
-5314
-6438
-7486
-8296
-8788
-8908
-8647
-8032
-6950
-5420
-3864
-2416
-814
750
1790
2449
2933
2810
2075
1329
519
-747
-2046
-2893
-3548
-4030
-3868
-3154
-2237
-844
1176
3381
5624
7894
9746
11092
12291
12935
12456
11448
10390
8734
6539
4673
2993
913
-838
-1570
-2116
-2860
-2950
-2434
-2151
-1926
-1318
-992
-1325
-1713
-2051
-2869
-4096
-5287
-6427
-7525
-8369
-8886
-9064
-8843
-8236
-7201
-5716
-4116
-2641
-1049
581
1726
2414
2925
2914
2243
1481
703
-511
-1838
-2725
-3375
-3896
-3824
-3195
-2325
-1011
922
3085
5295
7575
9471
10876
12120
12849
12486
11529
10520
8948
6794
4887
3208
1133
-705
-1557
-2140
-2931
-3146
-2665
-2317
-2092
-1495
-1022
-1204
-1545
-1769
-2434
-3642
-4849
-5919
-7062
-8082
-8684
-8938
-8905
-8462
-7465
-6081
-4609
-3096
-1427
193
1390
2240
2835
2857
2303
1621
803
-445
-1747
-2675
-3430
-4004
-3969
-3404
-2588
-1273
692
2869
5110
7471
9496
10990
12276
13102
12836
11896
10866
9314
7121
5111
3354
1248
-681
-1658
-2286
-3080
-3359
-2917
-2529
-2282
-1695
-1180
-1279
-1570
-1766
-2383
-3546
-4721
-5772
-6930
-7985
-8587
-8874
-8934
-8498
-7502
-6203
-4792
-3209
-1526
25
1309
2287
2860
2914
2502
1838
968
-219
-1507
-2542
-3331
-3907
-3961
-3451
-2634
-1353
569
2787
5049
7398
9494
11032
12315
13189
12974
11999
10961
9438
7190
5104
3361
1237
-774
-1762
-2363
-3181
-3458
-2973
-2577
-2303
-1682
-1157
-1242
-1510
-1701
-2305
-3443
-4642
-5711
-6838
-7928
-8604
-8841
-8867
-8513
-7490
-6093
-4721
-3187
-1390
194
1377
2396
3077
3048
2563
1980
1078
-230
-1512
-2528
-3419
-4038
-4078
-3631
-2859
-1564
312
2486
4796
7171
9242
10853
12237
13121
12960
12090
11068
9551
7359
5279
3477
1334
-685
-1732
-2373
-3207
-3497
-3026
-2619
-2327
-1632
-1055
-1124
-1311
-1391
-1979
-3137
-4247
-5323
-6588
-7714
-8398
-8824
-9016
-8667
-7742
-6527
-5153
-3561
-1853
-273
1054
2131
2807
2917
2564
1959
1072
-129
-1408
-2495
-3368
-3975
-4075
-3647
-2834
-1555
298
2494
4845
7263
9388
11024
12409
13333
13206
12309
11259
9730
7466
5287
3451
1273
-857
-1972
-2596
-3440
-3758
-3234
-2761
-2464
-1740
-1059
-1099
-1317
-1359
-1903
-3091
-4245
-5290
-6556
-7754
-8436
-8818
-9048
-8733
-7772
-6545
-5185
-3556
-1809
-226
1140
2266
2944
3067
2765
2134
1184
-14
-1306
-2475
-3387
-4002
-4172
-3806
-2995
-1740
51
2224
4579
7008
9177
10860
12256
13256
13256
12395
11361
9915
7691
5465
3649
1523
-683
-1900
-2501
-3323
-3749
-3271
-2746
-2477
-1837
-1115
-1071
-1370
-1479
-1910
-3025
-4281
-5330
-6464
-7668
-8461
-8783
-8911
-8713
-7816
-6463
-5099
-3602
-1812
-134
1155
2256
3060
3209
2832
2267
1404
148
-1184
-2328
-3313
-4039
-4248
-3962
-3291
-2086
-326
1770
4089
6565
8802
10526
11996
13112
13230
12446
11483
10139
8005
5780
3979
1943
-284
-1614
-2211
-3024
-3582
-3204
-2655
-2403
-1857
-1126
-989
-1284
-1425
-1780
-2793
-4057
-5165
-6264
-7422
-8323
-8770
-8893
-8753
-8064
-6778
-5337
-3952
-2289
-472
935
1959
2832
3215
2856
2244
1539
382
-1063
-2252
-3166
-3954
-4304
-4041
-3376
-2293
-606
1514
3805
6230
8504
10307
11813
12969
13204
12523
11588
10320
8276
6064
4241
2238
7
-1440
-2123
-2963
-3618
-3356
-2828
-2574
-2051
-1295
-1076
-1292
-1397
-1696
-2602
-3805
-4910
-6023
-7152
-8077
-8626
-8825
-8740
-8184
-7017
-5579
-4209
-2629
-784
742
1812
2735
3255
3014
2419
1778
719
-731
-1967
-2905
-3740
-4192
-4030
-3457
-2479
-887
1160
3433
5859
8136
9990
11596
12833
13138
12561
11716
10447
8422
6248
4376
2298
32
-1470
-2251
-3123
-3780
-3556
-3027
-2723
-2142
-1338
-1032
-1156
-1202
-1451
-2317
-3478
-4581
-5724
-6912
-7862
-8455
-8748
-8742
-8228
-7134
-5777
-4400
-2813
-1013
539
1709
2706
3252
3085
2582
1983
951
-470
-1711
-2697
-3596
-4093
-4002
-3523
-2625
-1098
917
3160
5589
7890
9788
11443
12761
13141
12634
11845
10607
8593
6416
4525
2376
54
-1490
-2343
-3299
-3965
-3756
-3286
-2969
-2332
-1489
-1158
-1206
-1158
-1363
-2185
-3266
-4335
-5507
-6712
-7658
-8304
-8678
-8696
-8222
-7207
-5906
-4516
-2927
-1166
375
1610
2657
3228
3117
2708
2177
1170
-181
-1353
-2359
-3291
-3785
-3724
-3349
-2532
-1059
848
3030
5438
7687
9550
11269
12631
13007
12585
11896
10662
8660
6560
4667
2424
83
-1444
-2394
-3438
-4092
-3898
-3503
-3185
-2468
-1590
-1225
-1164
-981
-1108
-1886
-2889
-3879
-5077
-6348
-7341
-8054
-8599
-8779
-8367
-7483
-6361
-5014
-3390
-1693
-174
1193
2326
2918
2927
2663
2166
1186
-78
-1244
-2293
-3222
-3750
-3741
-3362
-2543
-1100
821
3041
5450
7690
9592
11340
12692
13069
12680
12019
10740
8698
6639
4723
2392
27
-1474
-2507
-3642
-4250
-4064
-3749
-3430
-2643
-1800
-1444
-1281
-1075
-1227
-1915
-2813
-3834
-4994
-6135
-7109
-7863
-8327
-8444
-8104
-7234
-6035
-4739
-3210
-1480
61
1335
2445
3084
3043
2738
2282
1297
-57
-1238
-2276
-3284
-3846
-3815
-3459
-2686
-1239
689
2871
5249
7467
9342
11090
12447
12825
12463
11844
10596
8576
6574
4699
2332
-33
-1480
-2526
-3715
-4298
-4048
-3757
-3438
-2558
-1668
-1358
-1163
-865
-1058
-1796
-2631
-3637
-4900
-6045
-6958
-7778
-8326
-8392
-8041
-7268
-6085
-4716
-3242
-1591
16
1311
2343
2990
3034
2717
2218
1298
3
-1203
-2220
-3161
-3701
-3679
-3287
-2479
-1034
895
3089
5452
7621
9496
11265
12579
12881
12523
11927
10591
8508
6533
4623
2141
-223
-1605
-2710
-3977
-4517
-4218
-3991
-3679
-2711
-1802
-1531
-1261
-830
-1017
-1792
-2542
-3457
-4782
-5982
-6821
-7668
-8365
-8446
-8038
-7365
-6295
-4870
-3348
-1754
-125
1290
2327
2948
3134
2910
2361
1444
235
-993
-2087
-3000
-3542
-3599
-3225
-2381
-972
935
3165
5492
7601
9530
11347
12548
12814
12540
11907
10478
8428
6487
4466
1926
-357
-1756
-2977
-4238
-4728
-4477
-4281
-3884
-2880
-2000
-1675
-1286
-807
-998
-1730
-2427
-3312
-4635
-5821
-6646
-7504
-8233
-8313
-7884
-7258
-6261
-4835
-3313
-1795
-193
1251
2252
2819
3045
2876
2278
1346
198
-1009
-2113
-2954
-3421
-3484
-3077
-2134
-676
1198
3429
5734
7763
9648
11437
12551
12699
12408
11779
10259
8186
6293
4231
1658
-517
-1844
-3121
-4350
-4721
-4483
-4329
-3867
-2848
-2084
-1756
-1287
-873
-1117
-1773
-2439
-3376
-4606
-5697
-6554
-7374
-7970
-8035
-7644
-6941
-5933
-4628
-3117
-1559
-68
1296
2343
2887
3031
2905
2361
1333
168
-965
-2115
-3040
-3479
-3562
-3278
-2360
-897
886
3029
5348
7376
9217
11037
12218
12380
12145
11620
10178
8150
6325
4336
1803
-330
-1630
-2924
-4171
-4536
-4314
-4205
-3759
-2720
-1949
-1629
-1095
-597
-845
-1500
-2079
-2983
-4309
-5433
-6284
-7229
-7977
-8064
-7720
-7212
-6286
-4913
-3452
-1990
-411
1064
2091
2699
3027
2962
2403
1494
422
-763
-1915
-2805
-3306
-3452
-3158
-2276
-891
892
3047
5325
7358
9267
11072
12229
12461
12263
11693
10246
8257
6390
4311
1782
-360
-1758
-3107
-4345
-4723
-4556
-4441
-3962
-2939
-2166
-1786
-1221
-713
-910
-1500
-2037
-2911
-4181
-5274
-6123
-7046
-7788
-7908
-7608
-7113
-6233
-4919
-3487
-2065
-540
911
1951
2545
2871
2838
2328
1444
396
-736
-1875
-2756
-3246
-3385
-3106
-2226
-832
935
3098
5371
7389
9297
11107
12234
12461
12304
11720
10240
8291
6470
4347
1782
-310
-1718
-3143
-4362
-4700
-4604
-4533
-4002
-3001
-2303
-1902
-1297
-885
-1098
-1575
-2137
-3092
-4262
-5242
-6162
-7082
-7669
-7798
-7582
-6977
-5975
-4765
-3362
-1787
-283
1042
2158
2843
3028
2962
2570
1650
477
-624
-1770
-2825
-3387
-3540
-3406
-2684
-1293
433
2467
4792
6925
8783
10635
11996
12335
12175
11785
10512
8536
6729
4794
2217
-57
-1423
-2763
-4158
-4625
-4424
-4382
-4022
-2964
-2132
-1821
-1277
-708
-878
-1437
-1931
-2784
-4052
-5110
-5932
-6902
-7648
-7792
-7589
-7124
-6194
-4941
-3628
-2170
-596
768
1814
2568
2914
2850
2488
1773
700
-468
-1547
-2506
-3177
-3445
-3305
-2667
-1456
207
2233
4490
6604
8521
10399
11836
12307
12225
11893
10750
8847
7010
5125
2615
237
-1241
-2544
-3997
-4642
-4482
-4403
-4141
-3175
-2235
-1847
-1376
-734
-729
-1271
-1771
-2522
-3736
-4885
-5746
-6691
-7546
-7843
-7687
-7275
-6468
-5285
-3958
-2499
-935
485
1628
2461
2874
2900
2632
1959
911
-245
-1347
-2391
-3162
-3497
-3482
-2984
-1849
-257
1655
3907
6125
8057
9948
11580
12280
12253
12045
11176
9372
7490
5728
3372
853
-799
-2064
-3589
-4538
-4515
-4402
-4310
-3525
-2489
-1982
-1571
-895
-614
-1030
-1568
-2164
-3217
-4447
-5429
-6338
-7277
-7861
-7857
-7511
-6929
-5961
-4632
-3175
-1726
-253
1073
2000
2514
2766
2690
2112
1193
184
-903
-1998
-2804
-3227
-3367
-3004
-2007
-580
1198
3385
5609
7552
9462
11207
12118
12229
12115
11469
9864
7990
6264
4073
1535
-327
-1653
-3173
-4341
-4556
-4473
-4458
-3884
-2884
-2254
-1856
-1206
-738
-963
-1460
-1949
-2803
-3984
-5010
-5867
-6783
-7503
-7644
-7362
-6904
-6129
-4881
-3461
-2113
-707
717
1750
2295
2663
2758
2267
1401
496
-559
-1732
-2632
-3136
-3407
-3247
-2396
-1098
503
2575
4850
6845
8713
10570
11802
12135
12096
11732
10465
8623
6899
4951
2473
308
-1110
-2551
-3956
-4485
-4415
-4454
-4157
-3199
-2426
-2094
-1519
-902
-978
-1448
-1836
-2542
-3710
-4725
-5520
-6471
-7271
-7506
-7389
-7080
-6354
-5236
-3980
-2620
-1160
220
1354
2150
2592
2724
2490
1809
865
-146
-1237
-2275
-2973
-3291
-3307
-2804
-1672
-178
1630
3825
5978
7826
9656
11261
12004
12046
11896
11126
9473
7672
5953
3708
1266
-444
-1769
-3292
-4292
-4385
-4373
-4359
-3683
-2723
-2272
-1895
-1218
-917
-1297
-1727
-2203
-3162
-4289
-5155
-5980
-6887
-7432
-7466
-7230
-6741
-5856
-4646
-3334
-1976
-575
709
1655
2209
2496
2487
1989
1155
244
-772
-1860
-2657
-3043
-3209
-2949
-2004
-640
949
3002
5255
7162
8908
10698
11835
12042
11956
11564
10227
8368
6716
4782
2294
236
-1092
-2532
-3880
-4301
-4247
-4363
-4066
-3144
-2484
-2236
-1713
-1195
-1343
-1812
-2206
-2918
-4021
-4961
-5706
-6534
-7214
-7411
-7237
-6830
-6074
-4988
-3735
-2401
-1044
258
1361
2081
2451
2580
2357
1665
772
-168
-1252
-2283
-2911
-3220
-3313
-2829
-1694
-286
1411
3598
5775
7567
9353
11047
11872
11928
11830
11207
9621
7825
6206
4099
1664
-91
-1342
-2819
-3923
-4067
-4033
-4135
-3616
-2671
-2218
-1994
-1413
-1068
-1451
-1968
-2399
-3287
-4487
-5362
-6094
-6971
-7579
-7582
-7296
-6877
-6017
-4785
-3533
-2267
-851
464
1372
1958
2360
2400
1958
1258
452
-565
-1642
-2401
-2834
-3093
-2906
-2035
-792
690
2673
4944
6873
8607
10436
11775
12126
12082
11832
10703
8886
7223
5453
3055
841
-578
-1941
-3410
-4075
-4078
-4244
-4181
-3398
-2699
-2508
-2128
-1571
-1630
-2126
-2488
-3085
-4162
-5109
-5770
-6554
-7271
-7471
-7280
-6931
-6243
-5164
-3967
-2718
-1382
-63
1041
1794
2238
2437
2275
1691
893
20
-1011
-2014
-2612
-2909
-3036
-2630
-1551
-243
1327
3447
5624
7349
9077
10874
11845
11927
11907
11525
10069
8257
6772
4846
2323
415
-799
-2322
-3707
-4027
-4017
-4298
-4015
-3087
-2599
-2483
-1915
-1420
-1719
-2215
-2527
-3264
-4414
-5257
-5897
-6762
-7441
-7486
-7236
-6914
-6186
-5028
-3814
-2626
-1279
71
1060
1688
2160
2352
2013
1361
655
-243
-1318
-2134
-2554
-2852
-2850
-2140
-983
318
2069
4293
6266
7920
9751
11330
11923
11957
11950
11225
9549
7896
6385
4199
1773
162
-1116
-2727
-3824
-3980
-4114
-4334
-3837
-3021
-2738
-2541
-1966
-1723
-2118
-2534
-2933
-3773
-4782
-5511
-6185
-6933
-7370
-7319
-7012
-6508
-5657
-4510
-3265
-1999
-706
521
1455
2017
2352
2403
1991
1262
473
-443
-1509
-2312
-2712
-2957
-2875
-2127
-957
371
2157
4356
6284
7922
9730
11232
11767
11827
11810
11005
9351
7808
6297
4063
1749
273
-1024
-2640
-3614
-3732
-3955
-4175
-3628
-2901
-2750
-2571
-2018
-1905
-2382
-2777
-3207
-4092
-5068
-5742
-6405
-7111
-7448
-7342
-7022
-6477
-5566
-4410
-3176
-1914
-629
547
1423
1966
2265
2245
1814
1137
369
-555
-1535
-2218
-2583
-2770
-2561
-1729
-561
828
2711
4857
6682
8333
10120
11436
11834
11885
11746
10757
9093
7594
5965
3665
1521
134
-1250
-2789
-3562
-3682
-3980
-4082
-3472
-2911
-2835
-2554
-2081
-2141
-2593
-2936
-3456
-4386
-5250
-5904
-6609
-7237
-7456
-7371
-7042
-6391
-5449
-4322
-3074
-1773
-539
581
1451
1955
2173
2130
1707
1012
234
-669
-1604
-2218
-2523
-2672
-2382
-1479
-281
1137
3084
5221
6972
8644
10444
11634
11914
11978
11786
10650
8972
7515
5774
3409
1386
45
-1453
-2953
-3588
-3754
-4123
-4133
-3503
-3059
-2978
-2619
-2205
-2356
-2767
-3078
-3665
-4608
-5416
-6048
-6766
-7342
-7516
-7385
-7010
-6300
-5314
-4163
-2876
-1570
-309
815
1643
2101
2319
2250
1770
1054
252
-691
-1596
-2172
-2499
-2648
-2282
-1325
-136
1352
3352
5408
7119
8849
10603
11642
11920
12030
11727
10493
8886
7418
5555
3209
1290
-120
-1683
-3081
-3673
-3928
-4273
-4189
-3583
-3196
-3060
-2654
-2304
-2454
-2803
-3134
-3782
-4691
-5441
-6107
-6821
-7342
-7499
-7364
-6949
-6201
-5218
-4051
-2736
-1403
-149
976
1791
2247
2458
2369
1874
1133
308
-642
-1552
-2155
-2508
-2640
-2270
-1350
-150
1353
3318
5369
7120
8846
10555
11623
11929
11977
11653
10483
8842
7292
5473
3174
1171
-247
-1703
-3101
-3746
-3922
-4176
-4122
-3503
-3018
-2887
-2553
-2169
-2302
-2746
-3147
-3766
-4719
-5572
-6226
-6924
-7502
-7660
-7469
-7039
-6322
-5279
-4049
-2745
-1407
-88
1054
1834
2303
2546
2422
1874
1131
288
-716
-1648
-2253
-2630
-2750
-2344
-1391
-159
1423
3478
5544
7329
9127
10866
11897
12186
12245
11858
10588
8925
7356
5425
3044
1045
-405
-1936
-3335
-3939
-4128
-4412
-4288
-3624
-3176
-3011
-2599
-2232
-2409
-2807
-3155
-3845
-4815
-5590
-6262
-7027
-7552
-7657
-7516
-7102
-6280
-5226
-4045
-2681
-1277
2
1136
1997
2452
2629
2535
2015
1196
316
-652
-1613
-2255
-2581
-2669
-2257
-1274
31
1637
3699
5779
7556
9336
11044
11991
12195
12223
11762
10371
8672
7110
5092
2646
736
-665
-2273
-3618
-4071
-4269
-4579
-4319
-3570
-3187
-3005
-2471
-2122
-2379
-2701
-3009
-3790
-4781
-5487
-6185
-7029
-7526
-7586
-7493
-7081
-6207
-5142
-3984
-2603
-1170
88
1196
2046
2492
2632
2506
1982
1145
233
-749
-1686
-2321
-2658
-2731
-2282
-1274
27
1677
3771
5840
7606
9427
11144
12033
12238
12294
11780
10324
8655
7101
4995
2531
685
-739
-2407
-3710
-4110
-4354
-4671
-4306
-3512
-3178
-2943
-2322
-1976
-2257
-2557
-2859
-3725
-4784
-5487
-6233
-7185
-7735
-7781
-7711
-7333
-6404
-5280
-4135
-2726
-1179
151
1237
2119
2647
2772
2605
2117
1306
318
-690
-1569
-2212
-2613
-2650
-2138
-1175
119
1853
3962
5951
7726
9626
11282
12085
12311
12380
11755
10228
8624
7036
4781
2289
512
-982
-2745
-3979
-4338
-4657
-4947
-4441
-3632
-3337
-2998
-2255
-1935
-2207
-2391
-2698
-3633
-4640
-5294
-6119
-7118
-7625
-7688
-7673
-7306
-6362
-5265
-4167
-2745
-1151
153
1194
2098
2661
2762
2583
2132
1312
276
-709
-1537
-2216
-2635
-2602
-2062
-1116
224
2059
4166
6079
7911
9865
11429
12114
12354
12393
11603
10019
8463
6793
4403
1975
297
-1269
-3058
-4159
-4462
-4843
-5055
-4423
-3671
-3408
-2973
-2207
-1970
-2245
-2389
-2750
-3737
-4707
-5345
-6216
-7209
-7647
-7679
-7668
-7262
-6267
-5165
-4055
-2598
-1000
286
1314
2223
2761
2828
2630
2148
1293
234
-729
-1563
-2259
-2647
-2557
-1974
-1011
398
2305
4413
6312
8167
10129
11581
12161
12397
12367
11430
9791
8237
6477
3995
1636
12
-1624
-3400
-4371
-4623
-5014
-5131
-4401
-3657
-3382
-2830
-2015
-1837
-2116
-2207
-2604
-3650
-4612
-5259
-6184
-7199
-7604
-7632
-7654
-7238
-6214
-5113
-3997
-2509
-906
362
1397
2326
2848
2905
2685
2188
1310
239
-747
-1604
-2310
-2718
-2626
-2024
-1042
370
2325
4441
6342
8247
10238
11657
12213
12491
12452
11444
9806
8282
6440
3896
1588
-19
-1754
-3557
-4447
-4707
-5151
-5219
-4417
-3705
-3440
-2807
-1974
-1849
-2121
-2182
-2609
-3692
-4647
-5305
-6285
-7315
-7700
-7743
-7779
-7344
-6319
-5198
-4044
-2536
-928
359
1423
2363
2912
2974
2759
2266
1404
333
-644
-1485
-2192
-2601
-2470
-1838
-882
558
2544
4623
6475
8426
10415
11708
12222
12545
12427
11297
9696
8203
6220
3631
1449
-166
-2019
-3763
-4530
-4864
-5355
-5291
-4446
-3842
-3538
-2774
-1962
-1885
-2090
-2104
-2583
-3646
-4519
-5202
-6236
-7212
-7577
-7674
-7716
-7259
-6267
-5213
-4043
-2522
-957
296
1378
2331
2868
2944
2756
2270
1414
367
-569
-1377
-2080
-2444
-2266
-1644
-677
820
2801
4779
6608
8585
10483
11641
12136
12446
12188
10979
9436
7926
5843
3311
1261
-367
-2245
-3869
-4549
-4934
-5414
-5222
-4389
-3878
-3536
-2708
-1967
-1934
-2059
-2062
-2597
-3606
-4379
-5082
-6136
-7028
-7348
-7491
-7525
-7015
-6066
-5085
-3913
-2399
-922
262
1335
2252
2716
2795
2632
2137
1262
276
-587
-1387
-2062
-2341
-2098
-1481
-499
1063
3015
4894
6700
8689
10472
11475
11975
12281
11888
10611
9167
7656
5487
3006
1106
-549
-2478
-3952
-4546
-5033
-5507
-5168
-4381
-3981
-3550
-2641
-2015
-2027
-2011
-2014
-2658
-3574
-4238
-5006
-6071
-6832
-7115
-7331
-7318
-6754
-5879
-4945
-3729
-2266
-910
273
1347
2173
2611
2719
2552
2028
1216
315
-546
-1297
-1886
-2109
-1853
-1205
-203
1329
3251
5068
6809
8743
10431
11318
11768
12067
11592
10257
8880
7421
5205
2785
1020
-628
-2603
-3976
-4497
-5069
-5549
-5127
-4393
-4109
-3641
-2693
-2170
-2233
-2139
-2134
-2821
-3692
-4255
-5024
-6073
-6727
-6950
-7172
-7134
-6526
-5662
-4751
-3551
-2114
-811
324
1384
2197
2605
2691
2525
2035
1245
360
-440
-1150
-1723
-1918
-1603
-954
22
1556
3451
5183
6867
8780
10362
11128
11566
11861
11289
9926
8625
7151
4878
2559
911
-783
-2760
-4002
-4487
-5131
-5567
-5069
-4406
-4187
-3644
-2674
-2261
-2327
-2156
-2178
-2909
-3696
-4194
-5019
-6055
-6599
-6804
-7094
-7042
-6378
-5583
-4743
-3521
-2097
-904
196
1311
2105
2445
2583
2488
1985
1217
441
-298
-1022
-1540
-1638
-1311
-697
305
1860
3671
5322
7008
8882
10314
10997
11446
11660
10979
9627
8374
6832
4534
2343
763
-995
-2906
-3991
-4481
-5172
-5487
-4916
-4361
-4164
-3497
-2548
-2245
-2252
-1993
-2104
-2877
-3526
-3999
-4924
-5915
-6343
-6617
-6974
-6844
-6174
-5521
-4728
-3444
-2122
-1062
46
1172
1864
2183
2395
2303
1766
1082
407
-323
-1022
-1478
-1547
-1243
-615
376
1891
3664
5283
6949
8797
10207
10866
11331
11583
10901
9584
8404
6895
4628
2503
981
-773
-2686
-3743
-4243
-4996
-5353
-4805
-4331
-4209
-3582
-2675
-2442
-2483
-2226
-2340
-3102
-3723
-4158
-5044
-5976
-6350
-6566
-6882
-6727
-6044
-5385
-4601
-3346
-2062
-1038
37
1130
1799
2113
2320
2243
1753
1101
459
-229
-889
-1341
-1406
-1085
-498
447
1925
3645
5193
6810
8628
9981
10613
11105
11356
10681
9419
8298
6832
4622
2581
1090
-653
-2536
-3573
-4094
-4863
-5228
-4728
-4285
-4169
-3562
-2694
-2450
-2474
-2223
-2306
-3026
-3634
-4082
-4932
-5832
-6242
-6477
-6768
-6649
-6035
-5384
-4597
-3416
-2182
-1149
-92
943
1625
1982
2190
2123
1698
1107
485
-161
-774
-1207
-1268
-945
-368
544
1980
3657
5171
6767
8535
9847
10484
10986
11238
10593
9396
8307
6860
4715
2729
1231
-511
-2365
-3418
-4003
-4791
-5189
-4788
-4401
-4293
-3727
-2921
-2666
-2660
-2428
-2495
-3114
-3692
-4123
-4885
-5712
-6112
-6331
-6567
-6448
-5880
-5223
-4435
-3333
-2154
-1124
-113
855
1519
1896
2083
2003
1625
1079
469
-139
-691
-1088
-1141
-793
-186
731
2140
3787
5298
6858
8573
9852
10477
10946
11142
10494
9299
8172
6705
4574
2582
1076
-645
-2474
-3544
-4125
-4871
-5273
-4872
-4467
-4341
-3797
-2982
-2681
-2671
-2435
-2461
-3039
-3611
-4025
-4736
-5566
-5987
-6196
-6431
-6349
-5818
-5162
-4399
-3344
-2175
-1124
-128
815
1508
1910
2086
2015
1687
1142
518
-80
-617
-1041
-1148
-840
-256
607
1939
3560
5069
6594
8282
9633
10326
10794
11059
10536
9401
8292
6927
4897
2885
1359
-290
-2112
-3281
-3900
-4646
-5136
-4855
-4461
-4374
-3953
-3174
-2831
-2858
-2662
-2611
-3141
-3746
-4128
-4747
-5584
-6056
-6208
-6423
-6419
-5906
-5206
-4490
-3511
-2299
-1204
-269
675
1479
1905
2071
2088
1859
1315
688
152
-372
-849
-1002
-715
-196
562
1813
3401
4889
6355
8010
9419
10190
10659
10971
10600
9534
8401
7125
5232
3183
1572
-12
-1817
-3145
-3838
-4545
-5134
-5020
-4613
-4476
-4137
-3401
-2958
-2930
-2765
-2630
-3043
-3649
-4025
-4559
-5365
-5890
-6067
-6282
-6339
-5908
-5243
-4574
-3663
-2495
-1416
-483
465
1289
1770
1985
2042
1868
1401
799
251
-262
-730
-973
-788
-295
383
1466
2994
4543
5948
7514
9052
9991
10447
10832
10744
9813
8644
7526
5883
3787
2064
594
-1192
-2751
-3549
-4216
-4974
-5103
-4689
-4522
-4362
-3691
-3101
-3056
-2956
-2701
-2974
-3609
-3981
-4389
-5184
-5809
-5977
-6167
-6346
-6004
-5332
-4735
-3927
-2764
-1670
-765
214
1129
1652
1922
2093
1980
1549
1026
480
-105
-597
-882
-871
-515
136
1071
2415
3997
5453
6902
8471
9679
10253
10626
10788
10174
9009
7916
6557
4548
2628
1169
-475
-2239
-3321
-3925
-4714
-5179
-4861
-4541
-4507
-4043
-3287
-3067
-3107
-2841
-2834
-3452
-3980
-4259
-4902
-5707
-6005
-6085
-6325
-6224
-5585
-4918
-4263
-3214
-2005
-1059
-157
829
1551
1879
2084
2131
1818
1304
783
235
-320
-702
-805
-578
-64
739
1917
3409
4910
6332
7857
9226
10014
10418
10683
10382
9364
8203
6977
5214
3174
1548
38
-1731
-3124
-3832
-4496
-5152
-5109
-4684
-4545
-4287
-3550
-3054
-3059
-2908
-2703
-3092
-3737
-4061
-4519
-5344
-5869
-5957
-6148
-6259
-5790
-5071
-4460
-3608
-2393
-1313
-441
529
1411
1883
2120
2263
2119
1661
1108
553
-36
-537
-825
-813
-464
168
1113
2444
3992
5443
6900
8423
9583
10155
10503
10595
9951
8799
7654
6241
4281
2389
896
-731
-2417
-3471
-4099
-4831
-5224
-4931
-4621
-4515
-4008
-3321
-3111
-3079
-2815
-2867
-3456
-3930
-4249
-4915
-5644
-5908
-6039
-6262
-6077
-5425
-4791
-4098
-3019
-1843
-904
32
1027
1700
2048
2296
2327
2013
1529
986
367
-192
-593
-806
-711
-223
531
1562
2996
4551
5952
7391
8851
9804
10213
10484
10386
9515
8303
7148
5581
3538
1784
340
-1361
-2920
-3760
-4383
-5094
-5262
-4846
-4616
-4441
-3784
-3165
-3064
-2944
-2671
-2907
-3539
-3918
-4304
-5087
-5728
-5902
-6093
-6269
-5916
-5239
-4643
-3839
-2651
-1530
-600
405
1347
1903
2238
2462
2355
1933
1430
845
173
-378
-733
-911
-738
-155
677
1784
3284
4850
6247
7704
9095
9940
10293
10523
10280
9300
8088
6867
5183
3144
1450
-31
-1736
-3179
-3935
-4553
-5179
-5198
-4765
-4543
-4284
-3591
-3054
-2987
-2867
-2694
-3029
-3657
-4036
-4493
-5279
-5842
-5991
-6171
-6272
-5837
-5141
-4513
-3619
-2402
-1301
-355
676
1577
2084
2383
2560
2373
1882
1337
710
-18
-609
-948
-1100
-930
-324
564
1699
3184
4794
6265
7687
9054
9956
10333
10475
10226
9293
8022
6714
5040
3023
1260
-238
-1871
-3291
-4057
-4578
-5092
-5112
-4659
-4333
-4046
-3419
-2880
-2803
-2762
-2669
-3010
-3655
-4121
-4617
-5371
-5934
-6112
-6272
-6315
-5876
-5163
-4450
-3500
-2286
-1157
-164
882
1762
2262
2569
2708
2482
1982
1444
787
20
-560
-890
-1093
-965
-362
513
1592
3047
4672
6120
7506
8899
9862
10233
10375
10205
9314
8005
6703
5102
3084
1243
-260
-1846
-3308
-4127
-4601
-5097
-5167
-4704
-4308
-4022
-3450
-2868
-2730
-2738
-2664
-2932
-3578
-4124
-4599
-5297
-5910
-6149
-6246
-6276
-5902
-5173
-4389
-3469
-2284
-1081
-41
966
1864
2443
2733
2835
2666
2182
1570
890
128
-533
-972
-1190
-1148
-681
153
1198
2547
4144
5673
7076
8450
9556
10089
10254
10166
9493
8273
6941
5463
3567
1637
81
-1404
-2915
-3928
-4419
-4862
-5081
-4731
-4240
-3940
-3486
-2855
-2582
-2619
-2582
-2733
-3338
-3982
-4449
-5087
-5819
-6168
-6254
-6345
-6115
-5406
-4605
-3770
-2607
-1308
-240
747
1758
2451
2736
2900
2862
2372
1701
1093
359
-445
-949
-1158
-1265
-993
-179
828
1973
3491
5143
6535
7830
9093
9862
10037
10012
9644
8584
7194
5810
4124
2140
429
-989
-2469
-3713
-4320
-4666
-4976
-4836
-4284
-3887
-3560
-2972
-2504
-2489
-2560
-2604
-3032
-3749
-4291
-4807
-5530
-6085
-6202
-6217
-6144
-5621
-4781
-3928
-2935
-1662
-461
510
1466
2301
2742
2896
2917
2630
2019
1364
701
-68
-751
-1113
-1265
-1207
-695
189
1238
2521
4092
5627
6949
8212
9253
9766
9828
9648
8988
7769
6360
4871
3099
1236
-316
-1684
-3002
-3943
-4375
-4625
-4732
-4434
-3912
-3531
-3155
-2657
-2387
-2468
-2593
-2799
-3355
-4040
-4573
-5138
-5782
-6156
-6180
-6112
-5859
-5170
-4260
-3340
-2238
-970
157
1074
1957
2640
2929
2964
2854
2446
1758
1078
399
-349
-956
-1231
-1285
-1114
-520
437
1547
2853
4396
5866
7102
8233
9134
9519
9459
9137
8385
7130
5708
4243
2547
781
-671
-1891
-3057
-3873
-4212
-4372
-4412
-4107
-3600
-3229
-2920
-2518
-2315
-2460
-2673
-2949
-3511
-4206
-4742
-5254
-5799
-6083
-6056
-5873
-5501
-4767
-3835
-2868
-1764
-553
518
1393
2173
2753
2973
2952
2772
2324
1652
981
326
-370
-903
-1131
-1147
-927
-296
638
1703
2975
4450
5821
6955
7999
8810
9099
8980
8646
7882
6639
5276
3895
2276
598
-734
-1862
-2978
-3727
-3978
-4149
-4225
-3898
-3417
-3162
-2913
-2523
-2385
-2590
-2785
-3017
-3575
-4227
-4643
-5079
-5599
-5814
-5692
-5521
-5175
-4424
-3517
-2645
-1596
-425
547
1327
2087
2634
2790
2761
2612
2167
1497
889
295
-383
-897
-1083
-1069
-864
-281
633
1669
2863
4259
5589
6689
7659
8425
8748
8653
8293
7588
6458
5150
3797
2289
728
-598
-1707
-2723
-3460
-3814
-3985
-4033
-3808
-3440
-3165
-2928
-2652
-2543
-2676
-2889
-3171
-3655
-4194
-4636
-5051
-5436
-5615
-5534
-5305
-4876
-4186
-3339
-2425
-1405
-347
605
1404
2088
2554
2757
2767
2561
2135
1570
976
347
-272
-731
-977
-1031
-824
-293
503
1450
2597
3901
5153
6230
7182
7934
8290
8253
7960
7331
6304
5085
3823
2426
938
-351
-1408
-2393
-3164
-3537
-3703
-3813
-3672
-3309
-3057
-2908
-2659
-2500
-2655
-2890
-3106
-3526
-4081
-4482
-4801
-5175
-5389
-5276
-5044
-4708
-4079
-3264
-2434
-1518
-479
442
1172
1849
2383
2609
2625
2510
2175
1624
1057
516
-77
-595
-867
-906
-790
-390
322
1196
2199
3363
4597
5651
6527
7287
7762
7807
7568
7105
6274
5157
4005
2778
1396
99
-944
-1878
-2707
-3195
-3405
-3556
-3537
-3261
-2999
-2871
-2676
-2490
-2555
-2773
-2962
-3277
-3761
-4176
-4463
-4782
-5032
-4994
-4791
-4505
-3993
-3251
-2459
-1620
-672
259
1023
1685
2236
2560
2644
2558
2307
1856
1309
751
190
-345
-738
-914
-895
-663
-173
576
1476
2475
3597
4712
5643
6411
7033
7346
7270
6943
6408
5522
4400
3291
2102
794
-377
-1268
-2100
-2802
-3141
-3264
-3354
-3275
-2972
-2753
-2657
-2483
-2371
-2528
-2763
-2971
-3344
-3829
-4166
-4428
-4739
-4874
-4726
-4482
-4141
-3524
-2745
-1980
-1119
-161
666
1332
1926
2375
2556
2524
2372
2034
1515
953
416
-123
-613
-916
-989
-881
-570
21
833
1739
2752
3889
4925
5747
6455
6993
7148
6960
6598
5959
4970
3888
2806
1584
329
-673
-1498
-2275
-2810
-3023
-3128
-3174
-2985
-2711
-2576
-2479
-2345
-2350
-2565
-2799
-3071
-3502
-3932
-4239
-4503
-4733
-4759
-4565
-4266
-3805
-3144
-2367
-1567
-703
166
930
1544
2027
2355
2457
2359
2111
1720
1200
629
104
-389
-828
-1078
-1074
-898
-546
99
928
1820
2817
3918
4884
5620
6278
6749
6804
6570
6191
5514
4517
3483
2464
1285
126
-750
-1483
-2177
-2606
-2738
-2814
-2830
-2621
-2386
-2311
-2230
-2128
-2218
-2478
-2728
-3052
-3506
-3904
-4187
-4462
-4650
-4602
-4380
-4053
-3533
-2844
-2092
-1300
-437
375
1062
1624
2053
2296
2337
2201
1909
1493
972
422
-106
-582
-967
-1169
-1148
-945
-557
73
894
1781
2761
3810
4725
5458
6074
6504
6573
6351
5973
5322
4397
3408
2416
1311
225
-616
-1310
-1955
-2371
-2515
-2602
-2620
-2463
-2263
-2209
-2183
-2124
-2234
-2506
-2784
-3091
-3520
-3925
-4182
-4404
-4571
-4523
-4269
-3909
-3424
-2729
-1954
-1179
-364
453
1140
1656
2057
2310
2327
2153
1869
1451
909
357
-153
-622
-1004
-1197
-1164
-975
-585
51
845
1701
2665
3687
4579
5297
5926
6337
6377
6184
5827
5178
4273
3343
2392
1314
294
-482
-1165
-1797
-2168
-2291
-2418
-2471
-2313
-2159
-2152
-2142
-2077
-2198
-2481
-2727
-3000
-3407
-3791
-4023
-4223
-4366
-4304
-4040
-3688
-3201
-2525
-1774
-1010
-233
527
1177
1674
2031
2230
2223
2031
1713
1291
767
201
-317
-754
-1128
-1332
-1324
-1135
-773
-193
592
1443
2352
3339
4253
4981
5585
6025
6149
5983
5671
5138
4323
3434
2557
1593
605
-184
-822
-1440
-1884
-2076
-2205
-2330
-2289
-2164
-2167
-2210
-2194
-2288
-2532
-2780
-3029
-3379
-3720
-3931
-4088
-4194
-4127
-3855
-3504
-3034
-2379
-1656
-952
-223
507
1113
1561
1889
2080
2082
1906
1607
1219
730
189
-304
-725
-1102
-1346
-1369
-1212
-928
-434
284
1049
1881
2829
3733
4447
5046
5567
5798
5712
5504
5127
4449
3639
2876
2032
1080
279
-347
-970
-1500
-1777
-1950
-2141
-2188
-2111
-2116
-2202
-2212
-2270
-2508
-2743
-2950
-3260
-3603
-3803
-3912
-4046
-4024
-3775
-3452
-3056
-2469
-1792
-1157
-492
210
809
1245
1589
1819
1850
1733
1520
1176
735
270
-186
-609
-960
-1187
-1272
-1179
-912
-487
121
848
1654
2507
3404
4197
4813
5338
5710
5792
5624
5342
4853
4120
3343
2569
1686
797
79
-526
-1141
-1583
-1814
-2032
-2215
-2233
-2216
-2326
-2417
-2438
-2588
-2838
-3037
-3230
-3520
-3756
-3842
-3912
-3944
-3789
-3471
-3127
-2676
-2063
-1431
-825
-173
450
929
1300
1598
1733
1694
1558
1314
941
517
92
-329
-706
-987
-1145
-1150
-988
-668
-197
447
1214
2016
2872
3717
4432
5003
5465
5716
5671
5451
5082
4477
3711
2938
2117
1207
395
-248
-856
-1404
-1732
-1932
-2131
-2228
-2198
-2218
-2320
-2350
-2403
-2600
-2817
-2998
-3231
-3498
-3673
-3754
-3829
-3799
-3583
-3273
-2893
-2386
-1781
-1169
-550
74
628
1051
1374
1583
1652
1565
1355
1051
674
252
-177
-558
-873
-1098
-1183
-1088
-839
-453
127
859
1638
2470
3350
4160
4803
5327
5723
5842
5697
5418
4956
4241
3438
2648
1786
876
117
-480
-1071
-1549
-1785
-1943
-2114
-2161
-2097
-2137
-2247
-2285
-2373
-2622
-2882
-3083
-3351
-3653
-3826
-3901
-3952
-3879
-3604
-3244
-2816
-2252
-1591
-957
-333
299
822
1205
1480
1643
1629
1468
1215
872
453
8
-401
-765
-1052
-1213
-1214
-1053
-745
-275
363
1111
1901
2727
3574
4302
4870
5329
5620
5623
5410
5087
4552
3805
3036
2279
1429
608
-33
-584
-1111
-1472
-1646
-1816
-1956
-1969
-1968
-2082
-2201
-2282
-2488
-2796
-3053
-3302
-3623
-3889
-4005
-4065
-4067
-3866
-3504
-3094
-2571
-1912
-1238
-601
42
639
1089
1416
1645
1717
1609
1417
1134
750
334
-70
-447
-767
-966
-1044
-993
-772
-406
79
702
1425
2170
2921
3679
4323
4806
5172
5392
5354
5113
4777
4268
3584
2864
2169
1412
670
83
-400
-882
-1227
-1409
-1580
-1750
-1828
-1886
-2044
-2222
-2386
-2632
-2960
-3248
-3515
-3804
-4025
-4110
-4115
-4026
-3770
-3376
-2923
-2378
-1734
-1090
-480
115
632
1014
1300
1465
1488
1374
1197
933
586
235
-89
-390
-638
-768
-797
-732
-505
-156
272
807
1438
2076
2705
3341
3906
4333
4640
4843
4856
4689
4410
4021
3486
2871
2274
1650
1003
434
-33
-477
-865
-1124
-1336
-1556
-1732
-1863
-2045
-2281
-2496
-2726
-3021
-3309
-3534
-3740
-3910
-3956
-3892
-3767
-3514
-3122
-2667
-2160
-1583
-982
-431
76
539
902
1143
1296
1341
1268
1112
908
648
346
74
-168
-378
-509
-564
-520
-383
-134
206
620
1119
1665
2220
2762
3297
3754
4092
4348
4493
4465
4292
4033
3666
3168
2633
2093
1513
926
413
-31
-474
-848
-1127
-1386
-1650
-1866
-2045
-2275
-2520
-2727
-2938
-3181
-3385
-3517
-3625
-3689
-3633
-3487
-3285
-2991
-2586
-2150
-1691
-1195
-686
-234
167
521
791
955
1046
1065
986
848
680
470
237
22
-171
-329
-432
-454
-416
-297
-81
218
570
997
1479
1976
2468
2962
3403
3741
4004
4182
4215
4114
3924
3625
3197
2718
2224
1671
1092
575
102
-372
-794
-1118
-1428
-1730
-1958
-2153
-2388
-2615
-2779
-2956
-3150
-3290
-3365
-3436
-3452
-3360
-3202
-3017
-2740
-2373
-1992
-1600
-1155
-704
-318
46
386
655
810
923
992
953
857
737
560
358
167
-14
-188
-318
-368
-385
-339
-182
49
323
699
1147
1608
2084
2604
3088
3465
3796
4040
4122
4058
3919
3654
3221
2733
2236
1661
1049
519
29
-471
-890
-1196
-1483
-1768
-1957
-2091
-2276
-2449
-2551
-2680
-2850
-2958
-3021
-3110
-3155
-3104
-2999
-2875
-2667
-2354
-2035
-1682
-1257
-836
-450
-84
262
534
714
856
928
902
823
715
545
343
150
-32
-217
-357
-423
-444
-399
-251
-17
280
659
1119
1612
2106
2618
3111
3498
3791
4003
4089
3999
3812
3529
3113
2604
2093
1562
970
434
-4
-429
-833
-1103
-1317
-1548
-1724
-1814
-1941
-2116
-2225
-2323
-2490
-2645
-2727
-2817
-2917
-2912
-2821
-2732
-2564
-2274
-1946
-1619
-1225
-798
-432
-92
242
504
655
755
811
759
634
497
321
89
-131
-308
-494
-648
-720
-728
-686
-566
-346
-71
268
687
1143
1606
2072
2546
2964
3297
3563
3748
3805
3746
3607
3362
3014
2619
2187
1714
1235
783
353
-53
-412
-727
-1005
-1263
-1490
-1679
-1879
-2076
-2239
-2403
-2557
-2692
-2796
-2861
-2888
-2858
-2762
-2617
-2409
-2132
-1826
-1482
-1118
-754
-411
-96
177
383
526
611
627
564
461
324
147
-57
-244
-413
-576
-692
-747
-759
-705
-568
-361
-102
215
623
1062
1520
1984
2461
2884
3240
3540
3750
3831
3793
3683
3467
3134
2744
2336
1864
1376
925
508
87
-297
-589
-865
-1140
-1350
-1524
-1728
-1928
-2079
-2237
-2420
-2566
-2665
-2765
-2839
-2822
-2752
-2659
-2482
-2227
-1944
-1644
-1296
-930
-605
-304
-26
184
319
403
417
359
240
93
-101
-302
-498
-680
-828
-922
-958
-936
-833
-657
-408
-92
287
714
1163
1636
2112
2558
2961
3300
3561
3722
3794
3763
3634
3405
3111
2758
2350
1933
1496
1083
684
311
-26
-333
-606
-859
-1103
-1316
-1535
-1767
-1981
-2181
-2378
-2556
-2695
-2788
-2844
-2840
-2758
-2624
-2431
-2180
-1873
-1538
-1205
-870
-537
-261
-39
130
235
254
211
129
-7
-199
-380
-551
-729
-880
-969
-1008
-1019
-956
-823
-638
-406
-106
239
605
1010
1436
1853
2257
2647
2990
3248
3446
3581
3624
3567
3444
3253
2972
2666
2335
1971
1584
1222
868
515
187
-116
-421
-721
-989
-1253
-1520
-1767
-1994
-2204
-2397
-2537
-2633
-2699
-2700
-2634
-2504
-2336
-2105
-1833
-1554
-1256
-952
-677
-449
-262
-116
-37
-22
-58
-144
-267
-415
-560
-722
-869
-972
-1059
-1109
-1102
-1041
-935
-796
-588
-340
-60
271
620
988
1375
1758
2137
2492
2805
3069
3281
3420
3491
3478
3402
3248
3022
2752
2451
2096
1720
1342
963
581
214
-123
-464
-782
-1061
-1325
-1582
-1802
-1987
-2153
-2288
-2381
-2439
-2469
-2443
-2361
-2261
-2122
-1934
-1735
-1524
-1291
-1056
-853
-679
-523
-393
-328
-298
-285
-329
-399
-480
-565
-670
-766
-842
-900
-942
-947
-914
-857
-750
-600
-409
-183
93
410
751
1116
1499
1874
2243
2596
2901
3156
3348
3462
3500
3462
3342
3155
2895
2592
2256
1881
1495
1115
740
377
31
-288
-581
-859
-1106
-1340
-1555
-1748
-1925
-2079
-2205
-2291
-2356
-2374
-2343
-2265
-2156
-2005
-1826
-1623
-1412
-1182
-972
-785
-616
-483
-388
-334
-317
-345
-397
-472
-566
-677
-779
-882
-968
-1033
-1059
-1052
-1011
-934
-798
-620
-398
-128
182
535
911
1308
1711
2115
2498
2844
3144
3377
3546
3624
3618
3539
3379
3139
2844
2510
2140
1743
1348
958
568
202
-140
-460
-764
-1045
-1294
-1529
-1736
-1915
-2071
-2210
-2310
-2362
-2383
-2364
-2301
-2188
-2054
-1871
-1670
-1450
-1227
-1013
-802
-623
-487
-383
-320
-304
-343
-414
-512
-626
-771
-902
-1027
-1149
-1234
-1282
-1294
-1263
-1177
-1044
-862
-631
-354
-30
330
711
1115
1532
1935
2322
2695
3004
3261
3462
3587
3637
3598
3493
3312
3065
2763
2425
2048
1644
1246
852
457
91
-250
-562
-854
-1108
-1329
-1537
-1698
-1836
-1954
-2047
-2097
-2120
-2112
-2065
-1979
-1858
-1712
-1535
-1329
-1122
-918
-724
-546
-407
-307
-251
-241
-288
-380
-500
-655
-833
-1017
-1188
-1347
-1474
-1564
-1595
-1581
-1501
-1366
-1181
-933
-646
-307
62
464
877
1297
1727
2140
2515
2859
3162
3390
3552
3640
3647
3552
3375
3139
2817
2421
2002
1566
1096
641
235
-134
-486
-770
-983
-1180
-1334
-1424
-1482
-1560
-1594
-1584
-1593
-1594
-1559
-1497
-1438
-1334
-1189
-1046
-894
-716
-537
-389
-260
-153
-101
-109
-160
-267
-429
-637
-860
-1094
-1340
-1564
-1756
-1897
-1994
-2039
-2001
-1912
-1761
-1551
-1298
-999
-671
-325
33
407
773
1130
1472
1796
2092
2365
2601
2797
2940
3056
3124
3120
3079
2993
2855
2676
2467
2223
1948
1654
1350
1036
721
410
108
-182
-451
-695
-917
-1091
-1240
-1343
-1404
-1432
-1412
-1369
-1303
-1213
-1113
-1021
-930
-847
-791
-765
-763
-792
-847
-929
-1030
-1144
-1266
-1385
-1495
-1595
-1678
-1738
-1767
-1773
-1755
-1710
-1626
-1528
-1408
-1254
-1077
-872
-647
-388
-105
192
509
844
1176
1511
1836
2145
2436
2684
2883
3044
3144
3185
3164
3087
2956
2762
2527
2261
1965
1646
1326
1013
689
403
137
-106
-321
-506
-656
-788
-896
-972
-1038
-1095
-1132
-1146
-1164
-1182
-1172
-1168
-1158
-1142
-1118
-1109
-1110
-1102
-1114
-1139
-1180
-1227
-1297
-1370
-1448
-1531
-1613
-1693
-1755
-1804
-1825
-1807
-1756
-1683
-1556
-1395
-1186
-949
-675
-373
-49
284
634
984
1322
1650
1963
2244
2486
2707
2883
3010
3081
3111
3084
3008
2889
2715
2513
2281
2032
1759
1481
1197
910
640
384
138
-89
-294
-480
-642
-788
-904
-1001
-1074
-1135
-1167
-1183
-1195
-1185
-1163
-1139
-1126
-1115
-1102
-1098
-1112
-1145
-1189
-1254
-1326
-1416
-1513
-1614
-1713
-1808
-1886
-1940
-1958
-1957
-1920
-1852
-1752
-1604
-1434
-1227
-993
-736
-458
-165
139
454
773
1078
1382
1673
1933
2175
2383
2562
2700
2790
2845
2854
2827
2746
2638
2486
2303
2104
1878
1629
1382
1143
889
652
438
237
52
-109
-244
-365
-471
-560
-638
-717
-791
-840
-898
-960
-1000
-1040
-1083
-1126
-1160
-1203
-1250
-1295
-1352
-1423
-1501
-1573
-1654
-1740
-1808
-1860
-1906
-1928
-1929
-1900
-1849
-1770
-1648
-1502
-1338
-1143
-921
-690
-443
-175
89
356
616
879
1123
1346
1553
1739
1910
2049
2183
2292
2365
2426
2463
2467
2438
2386
2306
2193
2047
1883
1693
1485
1276
1058
844
636
438
255
84
-68
-210
-342
-457
-558
-647
-729
-794
-854
-911
-964
-1014
-1065
-1126
-1184
-1253
-1323
-1408
-1488
-1570
-1656
-1729
-1787
-1838
-1879
-1895
-1887
-1873
-1836
-1774
-1703
-1616
-1501
-1371
-1226
-1052
-863
-652
-430
-197
41
281
531
770
995
1206
1407
1594
1758
1909
2042
2147
2237
2314
2347
2362
2348
2307
2233
2129
1999
1848
1676
1493
1301
1107
911
720
538
374
229
89
-39
-147
-243
-331
-413
-490
-560
-641
-715
-801
-899
-986
-1084
-1193
-1295
-1396
-1485
-1580
-1654
-1714
-1766
-1804
-1819
-1824
-1830
-1824
-1806
-1787
-1756
-1700
-1640
-1554
-1440
-1307
-1139
-951
-745
-504
-254
-4
250
491
719
929
1126
1301
1448
1591
1721
1830
1946
2043
2122
2184
2234
2255
2245
2204
2130
2029
1893
1739
1571
1370
1183
996
815
650
493
366
243
137
41
-45
-142
-233
-330
-437
-550
-661
-792
-922
-1044
-1161
-1264
-1367
-1442
-1514
-1570
-1606
-1632
-1658
-1688
-1701
-1720
-1746
-1760
-1770
-1772
-1764
-1724
-1662
-1576
-1454
-1303
-1118
-921
-696
-456
-218
14
242
455
644
826
991
1132
1277
1408
1538
1659
1774
1883
1986
2080
2138
2174
2174
2146
2083
1987
1870
1727
1575
1426
1272
1121
987
858
738
620
505
386
252
110
-42
-210
-384
-551
-725
-892
-1042
-1173
-1293
-1396
-1466
-1529
-1579
-1617
-1649
-1692
-1727
-1763
-1801
-1839
-1864
-1871
-1858
-1835
-1768
-1678
-1565
-1412
-1243
-1048
-855
-643
-434
-238
-53
127
301
453
615
765
916
1066
1219
1366
1504
1635
1750
1850
1922
1973
1995
1987
1954
1906
1834
1754
1660
1556
1445
1338
1222
1108
984
851
723
582
450
303
153
14
-136
-286
-430
-571
-713
-849
-973
-1087
-1194
-1291
-1375
-1441
-1500
-1548
-1591
-1625
-1651
-1674
-1700
-1726
-1746
-1746
-1737
-1707
-1646
-1560
-1444
-1298
-1120
-919
-716
-514
-310
-122
51
206
339
455
563
677
786
905
1033
1163
1301
1437
1558
1659
1738
1791
1814
1806
1771
1719
1638
1563
1486
1404
1323
1245
1174
1099
1008
910
796
666
528
370
214
44
-107
-247
-385
-505
-618
-724
-812
-905
-985
-1073
-1156
-1227
-1304
-1369
-1432
-1481
-1516
-1549
-1568
-1576
-1577
-1564
-1541
-1499
-1447
-1370
-1273
-1153
-1022
-870
-711
-549
-391
-239
-98
28
145
246
343
434
534
635
751
875
1011
1144
1262
1369
1452
1510
1524
1524
1494
1436
1374
1314
1265
1223
1181
1162
1139
1107
1074
1014
936
820
684
537
370
209
59
-96
-217
-318
-405
-473
-540
-607
-675
-757
-844
-948
-1054
-1161
-1263
-1344
-1412
-1448
-1457
-1450
-1423
-1380
-1336
-1271
-1214
-1153
-1083
-1005
-922
-834
-723
-606
-481
-343
-207
-77
44
160
259
345
420
497
561
638
725
808
900
986
1081
1159
1218
1260
1287
1284
1264
1228
1183
1142
1100
1059
1023
992
953
901
854
790
705
602
482
355
223
79
-39
-158
-272
-363
-459
-542
-629
-714
-801
-903
-992
-1074
-1151
-1221
-1265
-1289
-1295
-1282
-1254
-1212
-1171
-1120
-1071
-1027
-987
-933
-869
-799
-709
-605
-478
-350
-220
-83
33
136
224
304
364
415
467
516
573
645
729
817
920
1005
1081
1137
1165
1179
1163
1122
1085
1030
974
930
892
866
840
819
794
757
701
631
533
420
290
156
20
-103
-219
-317
-402
-479
-532
-587
-641
-702
-758
-820
-880
-942
-992
-1031
-1059
-1067
-1059
-1037
-1004
-953
-909
-862
-812
-753
-705
-643
-576
-504
-425
-342
-252
-162
-77
5
72
125
178
219
265
312
362
420
488
568
648
721
786
840
875
887
879
852
821
778
739
720
701
692
687
695
689
676
640
579
508
401
295
179
54
-58
-161
-247
-319
-367
-403
-437
-474
-507
-562
-614
-676
-746
-798
-856
-885
-904
-895
-877
-844
-790
-745
-698
-654
-616
-592
-573
-546
-506
-467
-418
-348
-265
-175
-83
11
88
152
207
247
276
307
334
365
405
463
529
598
677
743
793
812
825
812
772
728
685
635
595
579
565
564
555
552
524
479
410
326
213
93
-25
-140
-251
-330
-384
-425
-440
-448
-454
-462
-479
-507
-542
-584
-635
-674
-712
-730
-721
-703
-663
-622
-560
-508
-466
-425
-393
-371
-351
-333
-304
-268
-215
-151
-74
4
77
153
213
256
286
316
339
350
375
402
440
483
529
581
620
647
658
650
625
591
545
497
445
404
377
354
335
322
296
255
206
146
66
-34
-133
-223
-309
-383
-425
-447
-463
-462
-455
-450
-445
-456
-475
-515
-542
-568
-597
-606
-598
-565
-524
-476
-414
-346
-285
-242
-203
-175
-160
-138
-121
-97
-70
-20
27
84
153
217
261
298
328
345
351
352
359
364
374
396
424
450
488
517
529
531
520
488
460
413
358
313
278
243
209
188
163
137
107
63
12
-50
-114
-172
-236
-293
-332
-367
-391
-402
-406
-408
-409
-406
-413
-429
-435
-454
-467
-467
-462
-434
-403
-367
-330
-272
-222
-182
-143
-105
-85
-61
-34
-19
6
33
67
95
133
177
209
245
278
298
309
319
327
328
329
341
351
362
373
385
392
391
391
379
347
325
291
243
209
171
133
98
74
50
20
-16
-48
-82
-126
-173
-217
-257
-303
-333
-357
-376
-381
-375
-370
-369
-351
-345
-342
-344
-341
-336
-325
-320
-293
-255
-224
-180
-136
-102
-68
-34
-16
5
16
27
37
60
85
115
156
193
230
260
283
305
315
318
308
295
287
278
272
278
291
293
303
307
305
290
272
239
203
164
122
87
54
36
21
5
-6
-23
-42
-70
-106
-145
-190
-237
-276
-308
-332
-341
-343
-339
-322
-309
-298
-295
-285
-289
-294
-285
-283
-275
-252
-222
-186
-151
-113
-74
-44
-24
-3
16
25
34
54
72
92
128
170
199
236
272
292
305
309
306
292
281
272
266
258
262
276
285
290
293
287
276
254
218
187
149
110
70
48
19
-7
-26
-47
-66
-92
-112
-141
-180
-210
-239
-265
-291
-305
-310
-308
-309
-306
-303
-300
-300
-300
-300
-301
-292
-272
-255
-235
-200
-162
-136
-101
-67
-43
-23
-8
14
31
41
55
81
103
120
145
175
194
219
230
240
247
250
245
249
246
246
251
246
247
244
241
234
224
207
194
168
152
134
113
94
73
55
33
9
-10
-35
-58
-78
-101
-125
-150
-165
-179
-189
-198
-205
-211
-219
-225
-224
-227
-225
-226
-218
-206
-196
-179
-162
-143
-122
-96
-74
-58
-42
-27
-16
-5
8
16
22
42
52
71
89
108
123
138
154
165
164
176
179
177
180
175
176
169
167
158
158
156
148
143
134
125
117
108
96
81
72
55
34
19
-10
-27
-54
-75
-88
-103
-122
-131
-142
-151
-154
-162
-162
-175
-185
-195
-198
-196
-195
-184
-173
-161
-147
-124
-106
-88
-68
-52
-34
-26
-18
-5
8
19
36
56
74
91
113
119
130
143
146
151
146
143
144
145
149
143
148
149
153
154
145
139
133
127
115
110
97
93
85
79
78
60
53
37
25
9
-12
-31
-51
-68
-86
-93
-101
-112
-122
-124
-130
-137
-142
-149
-153
-159
-160
-151
-147
-139
-123
-115
-96
-84
-64
-50
-37
-20
-10
2
14
29
42
54
64
83
95
100
109
108
116
124
124
127
133
127
128
134
134
133
136
133
125
126
118
108
101
93
84
74
75
67
63
63
53
45
33
19
7
-11
-29
-45
-56
-69
-76
-83
-86
-85
-90
-90
-96
-98
-102
-111
-107
-111
-119
-113
-103
-100
-85
-72
-62
-44
-29
-19
-11
-4
8
12
24
37
47
59
69
81
93
100
113
117
117
129
125
130
130
124
130
124
123
127
125
122
119
115
111
104
96
85
76
75
70
65
61
53
46
37
25
18
2
-13
-26
-43
-58
-72
-81
-84
-90
-92
-92
-95
-95
-93
-98
-101
-97
-98
-98
-101
-94
-84
-76
-67
-59
-44
-27
-17
-7
-1
5
17
17
20
26
39
50
55
72
84
96
100
110
123
122
120
119
118
107
111
107
106
105
108
116
112
116
117
110
103
97
88
77
68
61
54
47
41
32
37
31
31
19
5
1
-15
-29
-42
-49
-49
-52
-58
-51
-51
-49
-46
-40
-39
-37
-40
-40
-41
-40
-35
-35
-24
-10
-12
-5
3
4
9
6
8
11
11
21
24
28
38
46
50
55
59
58
59
61
56
57
56
61
59
58
63
61
68
70
68
59
59
54
38
34
28
19
19
15
14
16
14
16
16
9
1
-2
-12
-20
-18
-17
-15
-17
-11
-7
-4
-1
-3
2
3
-5
-4
-4
-9
-5
-4
-2
8
8
12
13
19
19
22
21
20
26
23
21
23
29
36
43
53
53
57
61
60
54
53
54
49
47
38
45
41
39
40
38
33
28
26
20
14
12
5
3
8
9
4
1
3
0
0
2
-2
0
-4
-10
-13
-12
-10
-11
-11
-18
-13
-12
-17
-18
-19
-21
-22
-26
-29
-28
-27
-22
-19
-18
-5
-5
0
5
5
10
5
7
3
9
21
18
26
31
33
40
48
55
55
61
54
57
50
46
47
40
40
31
28
27
28
24
21
20
20
17
9
11
2
6
3
3
4
-8
-6
-4
-5
-4
4
0
-4
0
-4
-4
-8
-5
-4
-13
-14
-17
-15
-21
-26
-23
-31
-28
-30
-35
-26
-28
-26
-29
-23
-16
-17
-13
-6
-6
-9
-4
-4
6
8
10
15
23
23
26
25
25
24
21
30
23
23
20
17
12
11
13
8
7
3
3
0
1
2
-1
-4
-2
-2
-4
-2
-2
2
-3
3
5
5
8
5
10
6
3
1
-1
-1
-2
-2
-4
-6
-5
-10
-8
-2
-8
-8
-9
-13
-10
-10
-10
-5
-2
-1
1
13
17
16
27
28
33
30
33
40
38
45
45
47
43
39
44
46
37
32
33
28
24
22
16
16
18
9
11
10
2
5
3
4
-2
-3
-4
-2
-2
3
-1
-5
-2
-7
-5
0
-5
-5
-7
-13
-13
-15
-13
-19
-21
-20
-17
-17
-19
-12
-12
-10
-16
-14
-13
-16
-19
-14
-11
-9
-8
2
4
8
16
14
22
24
26
27
22
24
28
29
34
30
28
25
23
23
22
20
15
16
12
12
10
7
12
8
1
4
5
6
3
1
2
3
2
0
-1
1
5
5
1
7
5
3
2
-2
-9
-8
-6
-5
1
2
5
-2
4
6
6
6
7
5
10
10
10
18
21
23
27
29
34
40
41
40
38
42
41
37
37
36
34
36
39
41
39
40
37
35
29
21
11
5
-1
-2
-6
1
0
-3
-3
-7
0
-6
-6
-13
-19
-17
-18
-13
-21
-15
-12
-12
-15
-18
-16
-15
-18
-23
-19
-25
-20
-17
-15
-13
-15
-6
-8
-5
-8
-15
-9
-7
-4
-4
1
0
3
4
8
12
12
13
16
15
15
19
18
25
23
24
33
36
36
37
40
29
30
31
31
17
21
21
17
20
21
25
24
29
27
27
23
22
17
19
17
10
8
9
5
9
2
2
-1
2
-4
-10
-12
-15
-14
-21
-19
-14
-12
-18
-14
-15
-18
-17
-20
-20
-21
-16
-13
-13
-10
-11
-5
-7
-3
1
0
2
6
10
8
11
14
16
15
15
16
20
23
24
22
23
28
23
29
27
24
22
19
18
14
13
4
7
-1
-1
-5
-8
-6
-11
-7
-4
-5
-5
-4
-4
-10
-16
-10
-15
-20
-21
-19
-25
-22
-20
-18
-11
-20
-17
-15
-16
-17
-19
-19
-20
-18
-16
-15
-8
-2
0
3
5
10
9
9
9
8
4
10
11
13
10
13
21
16
17
18
17
14
19
19
17
14
17
19
13
16
11
8
4
-2
3
-5
-6
-10
-15
-11
-13
-14
-15
-15
-15
-12
-15
-16
-18
-21
-21
-19
-19
-25
-20
-22
-15
-15
-14
-16
-18
-12
-18
-20
-19
-25
-21
-17
-20
-15
-14
-7
-4
-8
-5
-4
-4
-3
-1
0
4
0
-1
5
10
15
15
17
17
16
17
19
24
16
16
16
13
15
17
19
15
15
18
9
9
6
0
-5
-9
-4
-11
-7
-8
-9
-6
-10
-6
-1
-7
-13
-12
-14
-16
-19
-19
-15
-12
-13
-14
-11
-4
2
0
-1
-5
1
-5
-7
-5
-6
-4
-4
0
2
2
9
5
2
9
7
11
6
8
14
11
12
10
13
15
8
5
12
11
5
6
2
11
0
-4
1
-7
-4
-2
-9
-9
-17
-17
-16
-19
-25
-24
-24
-21
-20
-28
-21
-25
-27
-28
-28
-28
-23
-27
-25
-19
-17
-15
-17
-19
-12
-11
-10
-7
-7
-8
-5
3
4
-1
3
2
4
12
5
4
9
7
15
10
14
15
10
13
13
15
20
23
12
17
20
20
20
19
17
16
19
16
16
13
12
9
-1
-4
-3
-7
-3
-8
-7
-12
-14
-16
-15
-17
-23
-20
-22
-25
-21
-25
-28
-19
-25
-23
-17
-26
-12
-13
-18
-11
-18
-14
-11
-7
-6
-6
-2
-3
-3
-2
2
-2
-4
-2
2
0
-2
-3
-6
1
2
4
8
9
14
13
12
19
19
20
22
20
19
18
14
15
15
6
6
4
1
4
5
0
-4
-2
-3
-9
-13
-12
-14
-13
-12
-14
-17
-15
-11
-14
-10
-8
-13
-18
-13
-9
-20
-14
-15
-14
-11
-17
-20
-15
-13
-15
-12
-14
-11
-8
-11
-10
-3
-3
-9
-3
1
-1
10
8
9
6
9
3
4
6
7
8
18
20
17
21
19
21
21
17
17
14
9
14
7
8
11
7
7
4
1
-5
-7
-8
-11
-13
-16
-18
-15
-17
-20
-19
-17
-23
-20
-23
-25
-23
-27
-23
-29
-21
-22
-24
-18
-15
-19
-10
-14
-13
-10
-9
-11
-14
-14
-12
-10
-11
-4
-9
-4
-4
1
4
1
-1
-1
2
4
5
1
5
7
8
11
15
4
8
9
5
10
5
5
1
1
-4
-6
-1
-1
-7
-11
-7
-8
-14
-10
-7
-15
-17
-21
-23
-20
-20
-20
-22
-26
-23
-25
-25
-22
-30
-29
-29
-29
-25
-23
-22
-28
-22
-22
-23
-22
-25
-28
-25
-25
-21
-18
-23
-21
-17
-16
-17
-13
-14
-15
-12
-14
-13
-9
-6
-6
-3
-5
-3
0
-1
0
0
2
2
8
7
6
6
8
6
4
6
8
2
5
1
-10
-2
-3
-10
-14
-5
-9
-15
-14
-11
-16
-12
-16
-16
-19
-26
-26
-25
-23
-29
-28
-23
-27
-25
-21
-25
-24
-23
-22
-20
-17
-21
-17
-19
-19
-19
-17
-15
-16
-9
-13
-7
-4
-5
-3
-4
-2
-3
0
-2
1
7
5
0
3
7
7
8
10
9
11
5
3
8
1
7
4
7
7
2
8
4
-2
-1
2
5
-2
0
-6
-10
-9
-13
-12
-15
-10
-10
-19
-16
-14
-15
-16
-12
-17
-15
-13
-12
-12
-13
-9
-12
-12
-8
-5
-12
-8
-6
-12
2
4
2
8
3
6
6
6
8
7
5
9
11
18
12
14
19
13
11
14
17
15
13
11
5
3
7
3
2
0
2
3
1
-2
-3
-4
-6
-5
-1
-1
-6
-1
2
-6
-9
-7
-12
-7
-4
-6
-9
-8
-10
-10
-8
-2
-3
-9
-2
-8
-6
-2
-5
-5
-8
-7
-6
-1
-1
2
-1
0
2
4
4
4
7
7
10
7
4
9
8
4
8
12
10
9
9
9
8
8
13
4
5
8
8
4
-1
4
6
1
2
3
2
7
7
1
0
1
-5
-10
-8
5
2
-9
1
-1
-8
-4
-6
-6
-5
-2
-4
-5
2
-4
-3
1
0
1
-2
-3
-2
-7
-4
-2
1
-4
0
-3
-1
3
0
5
4
1
-1
5
2
7
0
3
3
3
7
3
3
1
3
4
4
5
8
4
2
3
3
4
1
2
-2
3
0
-2
-2
-11
-6
-11
-8
-5
-6
-9
-4
-2
-1
-3
-4
-6
-2
-7
-12
-10
-9
-7
-5
2
-3
1
-5
1
6
4
0
-1
3
0
1
-1
4
3
6
8
7
13
10
10
13
13
9
13
12
13
13
11
16
17
11
11
12
9
11
11
13
9
5
3
-2
-1
3
4
2
-2
-5
3
-2
-3
-2
1
3
0
1
-2
0
-2
0
-3
-5
-1
-3
-6
0
-5
-8
-5
-4
3
1
7
-1
-4
0
-1
5
5
3
4
4
6
2
4
3
3
1
2
2
1
4
9
5
10
7
5
3
4
8
1
5
5
8
7
7
7
8
6
6
2
3
-1
7
1
-4
-2
-4
5
-1
-1
-1
-2
-1
3
2
6
2
4
7
1
6
2
3
8
8
6
7
6
5
10
7
7
8
10
11
5
7
11
9
10
19
7
7
13
7
12
15
14
11
9
12
8
5
2
7
6
10
9
4
10
5
4
2
6
-5
0
3
3
2
1
-5
0
-1
1
8
-3
4
2
0
-2
0
2
-3
1
-1
3
0
3
0
-2
5
6
4
1
5
-4
-1
-1
3
1
2
8
-2
3
6
4
6
0
-1
3
5
1
3
0
4
5
3
1
3
5
-1
4
4
5
4
6
6
5
2
6
6
2
9
3
3
0
5
-1
-5
0
-10
-7
1
-5
-6
2
-1
-1
2
0
0
0
5
1
4
-5
0
-1
-6
4
2
0
3
3
-5
2
-2
-4
-1
-2
-2
-3
3
0
5
4
2
4
5
5
6
5
3
3
-7
5
5
1
7
4
3
1
7
2
4
3
5
3
1
-1
1
5
2
6
-2
6
3
-3
0
0
-2
-6
-4
-3
-1
-7
-3
-5
-5
-7
-13
-10
-7
-7
-11
-4
-12
-9
-1
-3
-5
-10
-3
-6
-4
-6
-3
2
-2
6
-2
-1
0
1
3
4
5
0
5
-1
3
-2
9
0
1
3
7
8
3
5
7
9
11
13
6
14
9
9
10
7
10
8
12
9
9
2
5
7
4
11
0
1
-1
4
3
1
6
5
0
-3
2
-1
4
-1
-3
-4
-1
0
-3
-2
-2
3
-3
-1
-2
0
-3
-5
-5
-1
-9
-9
-6
-5
-8
-8
-5
-10
-6
-10
-1
-8
-9
-8
-8
-5
-11
-7
-3
0
-7
-7
2
-3
2
2
4
1
2
3
3
7
4
8
7
9
8
7
8
6
5
6
14
13
8
7
9
11
9
10
10
11
-1
4
0
5
2
2
5
8
8
-3
6
1
6
5
4
3
6
7
0
-2
-1
2
0
2
3
6
3
-1
1
1
-3
-6
-1
-2
-9
-4
-5
0
6
-6
-9
-3
-5
-4
-6
-7
-3
0
-1
-2
-1
-3
-5
-4
1
-1
-4
-4
1
2
-2
0
1
2
1
3
2
5
4
3
0
-4
5
-1
0
-1
-3
5
-3
4
3
3
5
4
2
2
4
1
1
1
-1
-3
1
4
4
0
1
3
3
2
3
0
-2
0
-6
-4
-5
0
4
-3
4
11
6
10
5
9
11
8
7
-2
-2
2
1
1
-1
-2
-5
2
5
3
-1
-6
3
5
2
-1
-1
-1
1
3
2
10
11
6
2
3
10
5
3
0
2
8
2
2
1
-2
-2
-5
1
-2
-5
-5
-2
-3
-2
0
1
0
1
-1
-2
7
6
0
4
0
-1
0
2
6
7
3
-2
5
6
6
6
7
8
6
7
10
8
7
2
4
3
3
7
-1
4
2
2
-1
4
3
3
4
-2
2
5
1
4
6
4
1
2
3
2
3
-2
0
-1
-3
-5
2
0
-1
-2
-5
-6
-8
-7
-6
-3
0
-3
-8
0
-3
3
3
2
5
3
-2
1
4
-5
2
1
-2
-3
-5
1
-3
-4
-5
-4
-6
-4
-5
-7
-8
-7
-2
-6
-9
-3
-4
-8
-11
-3
-8
-8
-6
-10
-5
-6
-4
-9
0
4
0
-1
-1
-2
1
2
5
3
4
-2
-3
0
0
1
2
-2
1
-3
1
0
-4
-5
-5
-6
-8
-12
-9
-10
-13
-10
-7
-4
-11
-16
-19
-9
-8
-15
-14
-21
-16
-11
-8
-13
-10
-13
-11
-7
-9
-11
-14
-10
-3
-5
-7
-11
-7
-10
-9
-5
-10
-7
-4
-3
-3
-9
-9
-3
-9
-3
-9
-6
-9
-3
-7
-7
-6
-13
-10
-11
-9
-8
-7
-5
-2
-6
-2
-7
-7
-7
-9
-4
-7
-5
-1
-7
-1
-2
1
-1
-4
-2
-9
1
2
-8
-14
-8
-6
-4
-3
-8
-9
-12
-2
1
-4
-2
-6
-6
0
-5
-6
-4
-12
-13
-8
-7
-9
-17
-21
-14
-12
-6
-4
-6
-12
-11
-10
-13
-10
-10
-16
-16
-7
-9
-14
-9
-13
-12
-12
-6
-7
-15
-11
-7
-7
-2
-9
-9
-7
-9
-6
-11
-6
-13
-11
-7
-4
-10
-7
-7
-12
-6
-14
-11
-8
-8
-7
-15
-10
-4
-6
-10
-13
-9
-9
-11
-7
-7
-10
-17
-19
-12
-9
-19
-11
-24
-19
-15
-18
-15
-19
-20
-23
-21
-22
-17
-22
-22
-22
-23
-21
-17
-15
-20
-19
-17
-11
-11
-13
-11
-14
-17
-13
-16
-14
-11
-15
-11
-9
-4
-8
-10
-9
-2
-2
-5
-5
-10
-9
-9
-11
-10
-5
-10
-8
-5
-4
-8
-6
-7
-10
-8
-7
-9
-9
-10
-14
-6
-16
-9
-13
-10
-8
-5
-4
-10
-6
-7
-5
-5
1
-10
-5
-8
-13
-11
-11
-12
-8
-11
-11
-13
-16
-15
-15
-12
-12
-12
-16
-17
-8
-13
-12
-11
-16
-9
-11
-11
-12
-13
-9
-10
-13
-12
-12
-15
-14
-12
-17
-12
-10
-17
-12
-12
-14
-18
-18
-17
-16
-16
-10
-10
-14
-9
-15
-15
-12
-11
-16
-8
-8
-18
-12
-9
-12
-14
-3
-10
-14
-7
-7
-8
-14
-10
-6
-9
-12
-10
-6
-9
-12
-12
-12
-12
-12
-10
-7
-13
-14
-11
-8
-12
-14
-8
-13
-12
-16
-3
-6
-14
-12
-16
-14
-8
-5
-10
-11
-6
-8
-12
-5
-5
-10
-5
1
-2
-10
-6
-5
-14
-10
-9
-9
-12
-10
-5
-13
-8
-6
-11
-9
-8
-14
-11
-3
-10
-6
-7
-10
-8
-10
-11
-16
-11
-14
-7
-11
-10
-8
-11
-9
-10
-7
-4
-1
-5
-6
-8
-8
-9
-5
-4
-9
-9
-6
-12
-10
-10
-9
-4
-11
-8
-6
-9
-3
-10
-10
-9
-1
-8
-7
-5
-8
-5
-7
-5
-10
-7
-6
-10
-6
0
-4
-7
-5
-4
-4
-9
-3
-1
-9
2
-5
-4
-6
-8
-11
-9
-1
-2
-2
-5
-5
-5
-5
-5
-3
-4
-3
-4
-6
-8
-6
-4
-7
-8
-2
0
-6
0
-5
-5
-5
-6
-6
-6
2
0
5
4
1
-3
-3
1
2
0
1
5
2
6
3
0
-1
-3
2
1
0
0
1
-1
1
0
-6
-4
-2
0
2
-1
0
-2
2
4
-1
-4
-3
-2
-1
1
1
1
1
-1
-4
3
-2
-1
3
-2
-1
0
3
4
1
0
6
-3
-4
1
-8
-3
1
4
0
-4
1
1
2
2
-1
-5
-1
-1
-3
-5
-10
-4
-7
-2
-6
-8
-1
-5
-8
-7
-2
-4
-4
-3
3
-3
-9
-6
-5
-6
-6
-4
-2
-1
-1
1
-6
-9
-5
-1
-3
-1
4
6
2
-5
-5
-2
-5
-5
-5
1
-3
-5
-3
-6
-3
-2
2
-2
-1
1
-2
-2
4
3
1
2
0
-1
3
-2
-1
1
1
0
-2
3
2
2
-1
5
-2
-6
-5
-3
1
-5
-6
0
2
-3
-4
-2
2
3
-1
1
-3
-3
-1
-3
1
-1
-5
-3
-4
-8
-3
-5
-3
-8
-1
1
-9
-6
-3
-6
-8
-3
-9
-5
-7
-10
-1
-5
-8
-2
0
-5
-4
-1
3
-1
-7
-2
0
1
0
-2
1
1
4
3
3
3
1
-1
-9
2
-2
-2
-4
-2
1
-4
-4
-6
-4
-3
-4
-3
-3
-3
-4
-1
-3
-1
3
1
3
-3
-2
-2
-8
-4
-6
-3
-3
0
2
-1
0
-5
-4
-6
-3
-3
1
3
-1
-1
-4
-6
-4
-5
-8
-2
-2
-2
-2
3
-5
-1
0
-1
5
2
2
0
0
-7
1
3
-5
-3
-1
-1
4
-4
-6
0
-7
1
-1
3
1
-2
2
3
3
-1
0
3
6
1
1
1
-1
-1
-4
-8
-4
-6
-2
-7
1
2
2
3
2
-2
-4
-3
-4
2
-4
-1
1
-2
-2
-5
-11
-5
-8
-9
-6
-9
-10
-9
-8
-9
-2
-12
-6
-3
-8
-4
-7
-13
-9
-6
-9
-7
-3
-1
-10
-5
-3
-4
0
-3
-6
-4
-5
-3
-2
-3
-8
-5
-3
1
-3
-4
1
0
-2
-6
-2
-3
1
1
-2
-3
-5
-3
-4
-1
-1
-2
-4
-4
-1
-7
-1
5
-6
1
0
1
-2
-2
-6
-4
-8
-6
-1
-4
-4
-7
-8
-5
-7
-5
-3
-3
-8
-3
-4
-11
-4
-7
-8
-5
-4
-5
-3
-10
-4
0
-7
-8
-2
-11
-11
-4
0
-4
-5
-3
-5
-1
-2
-4
0
-4
-3
-4
-3
-2
-5
-6
-8
-5
-6
-8
-7
-1
-3
0
1
0
-4
1
-3
-5
0
-3
0
-1
3
1
2
-3
-3
-6
-8
-2
-7
-3
-2
-4
-5
-3
-6
-1
-10
-9
-1
-9
-3
-3
-3
-2
0
-3
-8
-3
-1
-3
-2
-5
-3
0
-2
-2
-8
-7
-2
-1
-2
-1
0
2
0
4
4
3
4
3
6
7
0
4
8
8
13
6
5
6
11
9
10
10
5
4
7
2
6
8
5
7
8
5
9
9
3
6
5
10
10
9
9
13
13
7
6
7
8
6
5
7
-3
0
-3
-5
2
4
-1
1
9
5
-3
-6
-4
-11
-8
-3
-4
-3
-1
0
-1
-2
-5
-7
-9
-6
-4
-7
-5
-2
-5
-5
-3
0
3
0
-2
-6
-1
5
-3
4
4
0
-2
-1
4
2
-3
3
2
-1
0
-1
2
2
1
-2
0
1
0
6
7
4
8
3
5
8
4
2
2
2
1
6
-2
-1
5
6
4
0
-1
-1
4
-1
3
4
3
0
7
6
2
4
2
10
7
3
5
4
6
5
6
7
4
9
8
6
1
4
3
1
11
9
9
11
9
7
3
5
6
5
9
1
5
9
6
9
1
2
3
2
-3
-2
1
-1
-3
-3
-4
-9
3
-1
-2
-3
-3
2
-3
-3
1
-3
1
4
4
5
4
2
0
-3
-3
0
-7
-5
-4
-6
0
-1
-3
1
-2
-1
-4
0
-1
-6
4
-8
-6
-3
-5
-4
-13
-11
-10
-11
-6
-12
-7
-9
-10
-2
-11
-7
-9
-9
-11
-12
-7
-7
-6
-10
-14
-9
-8
-10
-5
-9
-11
-11
-4
-7
-6
-6
-6
-12
-12
-4
-8
-8
-11
-7
-7
-5
-4
-9
-8
-5
-2
-10
-9
-9
-5
-11
-5
-4
-6
-6
-7
-9
-10
-7
-9
-3
-5
-3
-7
0
-2
-2
-4
-3
-1
-6
2
1
-7
-2
-4
-2
-1
1
-3
-3
-1
-7
-7
-4
1
4
0
2
1
-3
2
0
5
0
-1
6
-1
4
3
4
4
7
5
6
7
3
12
8
4
8
11
7
6
3
4
2
3
8
4
7
9
10
9
6
5
3
0
5
4
2
4
3
3
3
5
2
5
9
7
1
3
0
-1
4
3
3
7
6
1
7
2
2
2
-3
-5
-8
-6
-6
-6
-4
-1
-8
-6
-2
-2
0
-5
0
1
-4
-5
-5
0
-4
-6
-10
-5
-3
-3
0
-3
0
4
-2
-9
-1
-2
1
-1
0
-2
-6
-3
-8
-9
-3
-9
-4
-3
-5
-6
-7
-3
-2
-3
2
-7
-5
-1
-8
-3
-3
-2
-2
-2
-2
-4
-6
-5
-1
-4
-9
-7
-6
-5
-4
-4
-8
-3
-7
-3
-6
-7
-4
-7
-1
-6
-4
-4
-6
-7
-5
-4
0
-5
-5
2
1
-2
-3
-2
-5
-2
0
-3
-2
-5
-3
-2
0
0
-3
-2
-3
0
-5
-1
-4
-2
-2
-2
4
-2
0
-7
-10
-7
-6
-6
-10
-10
-6
-9
-4
-5
-8
-4
-9
-8
-9
-12
-10
-8
-8
-12
-8
-5
1
-1
-6
-2
-3
-2
-6
-6
-8
-1
-3
-1
-1
-3
-4
-2
-2
-7
-7
-8
-6
-9
-2
-2
-3
0
-8
-9
-8
-4
-10
-5
-6
-8
1
1
2
0
0
-5
1
-5
0
0
-8
-2
-8
-5
-1
-6
-4
-3
1
2
-1
-4
-2
1
-5
-3
-6
-4
-5
-2
3
-3
-1
-1
-5
-4
-2
-6
-4
-1
2
-3
3
-2
0
4
-5
-3
-3
1
-3
-4
2
-2
-3
3
-5
-8
-6
-10
-5
-10
-4
-4
-8
-8
-10
-10
-10
-9
-16
-13
-10
-12
-6
-8
-21
-13
-13
-15
-13
-15
-13
-17
-17
-18
-14
-18
-23
-13
-12
-13
-14
-17
-11
-10
-11
-15
-16
-11
-16
-8
-9
-14
-15
-16
-13
-10
-7
-4
-6
-11
-7
-7
-8
-6
-9
-9
-8
-7
-9
-2
-7
-4
1
4
5
2
2
-4
-3
-3
4
2
-3
3
4
2
3
4
7
1
-1
3
3
5
4
5
4
2
8
3
-1
-2
2
-3
5
4
-2
4
4
6
-1
4
0
1
1
6
6
-1
7
3
5
0
2
2
-4
0
-1
0
-5
-4
-10
-4
-5
-1
-1
-5
-4
-4
0
-2
1
4
2
1
-1
-3
0
0
1
1
3
1
5
5
-1
1
0
0
5
2
0
1
2
2
1
0
5
8
0
6
5
10
4
1
2
1
0
5
2
-3
5
2
7
1
8
8
7
6
5
6
8
7
8
11
8
8
5
15
10
10
6
7
5
11
11
11
8
7
6
4
4
5
9
-1
11
6
6
8
2
6
5
6
4
4
5
2
3
8
5
6
1
4
2
-2
3
0
3
4
3
9
4
10
6
13
9
5
4
4
7
7
10
6
6
7
5
8
10
5
9
11
14
16
15
14
14
15
14
12
12
12
14
14
12
11
13
19
13
13
19
10
13
13
7
11
13
13
10
10
9
13
12
6
6
8
7
5
13
9
9
8
13
10
9
7
2
11
9
10
6
10
6
6
7
10
5
8
10
6
13
5
15
12
6
5
10
10
10
15
8
7
9
8
8
11
5
11
11
9
12
10
10
12
13
5
6
4
5
8
5
8
4
1
9
3
6
6
4
6
4
10
6
9
14
10
9
10
5
8
10
11
13
9
15
13
8
11
17
16
4
0
5
7
7
7
7
9
7
11
5
4
10
7
7
10
13
9
6
11
8
13
9
9
8
10
8
6
13
12
13
11
12
7
7
7
14
9
11
11
11
6
6
7
4
8
11
6
2
3
-2
2
1
1
1
0
0
3
4
-3
2
-4
2
4
-3
-2
-1
0
0
-4
-4
-2
-4
-4
-2
-3
-2
-7
-7
-3
-4
-2
-4
-6
-4
-5
-10
-15
-11
-9
-10
-4
-9
-5
1
-6
-3
-5
-10
-6
-7
-6
-5
-3
-3
-2
-3
0
-1
-5
-7
-4
-7
-7
1
7
6
7
13
12
5
6
3
5
0
-1
8
8
14
9
10
10
9
9
3
5
2
7
6
6
9
12
11
3
1
9
4
7
11
8
13
11
7
0
-1
2
7
5
6
7
10
10
10
13
10
9
6
5
14
15
14
17
12
18
18
7
16
12
4
6
5
9
10
11
10
8
6
7
2
3
0
5
11
6
10
7
5
3
5
4
2
0
-2
4
4
-1
-2
2
2
7
6
3
0
7
5
0
-3
1
5
-3
-1
1
0
-2
1
5
3
2
2
-3
-3
-1
-2
-2
-1
0
-2
2
6
4
4
2
-2
-12
-7
-5
-9
-2
-4
-3
2
1
3
2
-2
-1
-4
-6
-1
0
3
3
2
5
1
-6
-5
-2
-1
-1
7
9
9
4
3
0
1
2
3
4
8
12
13
18
14
14
6
7
12
10
13
15
17
13
11
12
7
6
5
4
2
7
7
14
15
9
14
8
8
1
-1
-7
-5
5
9
6
10
8
7
5
-2
-3
-5
-2
1
6
5
8
12
10
8
-2
-2
-8
-5
-5
2
12
17
17
15
15
4
4
-7
0
5
3
11
18
19
17
14
14
7
4
9
5
7
7
16
18
12
15
9
5
1
2
5
4
11
13
15
14
14
9
1
-5
-5
-3
3
4
16
12
12
14
6
4
-5
-1
-1
-1
9
13
20
22
16
11
4
-2
-7
-7
-1
5
10
13
20
17
11
2
-9
-13
-19
-19
-10
4
17
22
28
22
11
1
-13
-21
-23
-19
-7
13
27
34
30
22
15
0
-18
-27
-26
-16
3
12
29
34
36
32
11
0
-14
-20
-17
-7
9
22
37
46
39
26
5
-12
-19
-22
-18
-6
19
34
49
50
38
20
-4
-17
-24
-10
-3
11
30
41
51
46
32
9
-6
-21
-25
-21
-5
14
23
34
37
27
10
-9
-19
-23
-22
-7
9
24
31
34
25
13
4
-12
-20
-14
-14
3
19
23
32
29
21
0
-12
-20
-21
-17
0
19
31
36
36
20
1
-8
-27
-30
-19
-7
10
27
32
37
18
1
-15
-35
-43
-34
-18
1
25
38
34
26
13
-12
-31
-39
-36
-21
-1
18
29
38
32
22
-1
-23
-37
-45
-30
-13
13
38
45
45
37
15
-9
-28
-44
-31
-18
5
30
48
57
47
31
2
-25
-39
-40
-31
-8
18
38
53
56
39
21
-2
-22
-39
-38
-20
7
33
45
53
51
29
7
-12
-29
-36
-30
-11
7
38
47
49
39
21
-1
-19
-29
-32
-22
-3
19
30
44
40
26
11
-12
-25
-29
-26
-15
3
21
37
36
32
14
-4
-16
-32
-34
-33
-12
8
13
19
16
11
-2
-14
-32
-39
-30
-19
-6
7
9
13
7
2
-5
-13
-14
-19
-15
-7
2
4
8
12
6
-4
-9
-13
-15
-14
1
0
2
7
2
-4
-10
-10
-10
-13
-15
-5
2
4
8
4
-10
-13
-23
-26
-17
-14
-4
3
1
7
-4
-11
-15
-25
-24
-25
-16
-11
-7
6
12
5
-3
-12
-19
-19
-20
-18
-18
-2
2
7
7
6
-2
-13
-13
-17
-12
-10
-3
8
7
11
9
1
-4
-10
-14
-18
-17
-6
-3
6
14
10
2
1
-7
-17
-20
-13
-6
-3
10
13
11
7
5
2
-9
-15
-14
-6
-5
0
7
10
6
-3
-4
-11
-16
-17
-13
-4
6
6
2
2
3
-3
-9
-9
-8
-6
0
2
6
4
3
-3
-8
-14
-15
-10
-11
-3
-4
1
6
-3
-3
-2
-11
-7
-13
-6
-8
-11
-6
-6
2
-4
-9
-15
-12
-11
-13
-13
-2
0
3
-1
-4
-4
-12
-13
-12
-12
-3
-2
6
10
7
3
0
-1
-13
-11
-13
-11
-5
-2
2
6
11
10
7
4
0
-5
-6
-5
6
6
14
15
13
4
3
3
0
4
2
0
6
6
5
9
5
4
2
0
0
-1
6
11
8
6
7
2
2
-4
-7
-5
-1
3
8
11
9
14
13
6
5
0
-4
-2
3
8
8
11
12
15
16
8
3
2
6
3
5
8
14
13
8
7
-1
-3
-3
0
-2
-3
-3
1
5
6
6
5
3
-6
-12
-13
-12
-11
0
2
6
8
-1
-2
-7
-9
-15
-22
-18
-10
-3
4
-2
-3
-6
-13
-11
-16
-24
-20
-14
-9
-7
-5
-3
-3
-10
-12
-16
-24
-22
-23
-13
-10
-5
-1
-1
-4
-9
-6
-14
-23
-24
-24
-20
-10
-3
-2
-2
-1
-6
-11
-17
-18
-14
-15
-15
-15
-9
-4
0
-5
-6
-9
-15
-11
-13
-12
-13
-10
-8
-7
0
4
3
7
0
-3
-1
-2
2
0
0
1
1
1
1
4
3
0
4
2
2
4
1
5
2
-2
-4
-3
-2
1
0
-3
0
-2
-1
-4
0
0
-1
8
3
7
4
0
-2
-5
-1
-5
-10
-7
-2
-3
2
0
-3
2
-1
-7
-12
-7
-4
-3
0
5
5
10
10
0
-4
-8
-15
-14
-11
-11
-1
8
9
5
4
-1
-2
-10
-12
-7
-8
-3
4
5
11
9
0
-8
-9
-14
-19
-20
-13
-6
0
6
8
5
-1
-4
-18
-15
-25
-16
-7
-4
7
7
8
1
1
-2
-12
-13
-9
-9
-4
1
5
11
12
3
-7
-3
-13
-17
-13
-9
2
9
8
15
14
7
4
-8
-13
-12
-7
-2
5
10
12
9
7
7
-4
-7
-10
-6
-4
-2
10
12
16
11
7
1
-8
-7
-10
-7
-2
9
8
16
19
15
6
0
-4
-7
-12
-2
0
1
12
13
12
10
1
-9
-11
-14
-10
-5
5
12
17
17
14
3
0
0
-11
-10
-7
-4
1
4
7
13
18
6
-4
-12
-15
-13
-11
-3
13
16
18
18
6
1
-5
-8
-9
-13
-8
-5
4
9
16
14
14
10
-6
-12
-17
-10
-4
3
11
12
17
16
7
2
-1
1
-7
-11
-7
-6
7
9
15
12
9
1
-7
-17
-18
-10
-1
5
6
6
0
5
0
2
-1
-4
-15
-14
-8
-2
1
10
14
14
7
-5
-8
-10
-8
-4
2
6
6
9
6
12
7
1
-5
-11
-14
-17
0
5
7
10
12
11
5
-7
-5
-13
-14
-5
-1
0
-1
3
8
8
4
-5
-14
-16
-20
-17
-2
1
10
12
12
5
-5
-10
-11
-13
-12
-1
-1
2
8
10
8
9
3
-7
-15
-12
-10
-8
3
4
10
5
5
1
-5
-12
-11
-5
-5
-8
-4
0
0
2
4
-2
-11
-15
-21
-19
-16
-13
-1
5
-4
-1
-7
-11
-16
-24
-19
-19
-15
-11
-8
0
-6
-8
-9
-17
-21
-22
-16
-13
-11
-5
1
-4
-2
4
-10
-14
-17
-18
-16
-13
-8
-4
1
4
4
-3
-7
-12
-11
-14
-9
-4
-5
2
3
3
2
-1
-2
-7
-15
-9
-14
-9
-3
2
1
3
8
-2
-2
-7
-7
-11
-2
0
-3
8
9
8
6
3
1
-2
-4
-1
-1
4
9
11
10
12
6
1
3
-3
-11
-8
-6
-6
5
7
5
10
9
11
5
2
6
-1
-4
2
3
3
4
5
10
8
1
4
0
0
1
-6
-1
1
2
8
3
3
0
-2
-9
-7
-4
-4
-7
-2
-2
0
-3
-3
-5
-6
-5
-10
-2
-2
-6
0
0
3
-1
-4
2
-1
-5
-4
-8
-10
-2
3
-2
-4
2
-3
-5
-5
-7
-3
-1
-7
1
-8
-3
4
-6
-7
-6
-5
-10
-7
-2
0
1
0
3
1
-2
-2
-2
-7
-6
-7
-9
-3
-4
0
2
-3
-5
-4
-12
-5
1
-6
-8
-6
-6
-4
-5
-5
-1
-1
-1
-3
-3
2
2
0
3
2
1
-1
4
8
6
4
6
5
4
1
2
2
-4
5
6
10
6
4
3
6
8
9
9
0
2
2
-2
1
6
7
12
10
2
5
5
-2
4
4
-4
-1
3
4
3
1
-3
-2
-2
-3
-4
-5
-1
1
1
1
-2
-2
-5
-7
-10
-8
-7
-7
-5
1
-5
-2
2
1
-2
-10
-7
-13
-12
-10
-12
-11
-2
