11
-2
4
7
1
-20
-16
1
2
-13
-14
2
-8
-14
-12
-8
-19
-19
-9
-19
-37
-23
-11
-27
-27
-10
-6
-24
-28
-13
-17
-32
-17
5
2
-10
-2
-7
-11
-10
3
-3
-10
5
19
16
12
20
14
-9
-14
-1
4
15
22
14
-3
-9
-6
-18
-23
0
16
8
-5
-8
-11
-27
-38
-29
-21
-15
-6
-3
-12
-13
-12
-16
-5
-4
1
-1
6
9
-3
3
11
26
24
15
7
7
9
8
9
12
13
15
1
-10
5
10
6
1
13
10
4
12
22
21
13
19
27
13
-2
10
23
11
16
23
24
12
5
9
8
21
25
18
19
20
5
-5
-5
1
2
3
2
-7
-8
-10
-17
-26
-4
10
0
-10
-9
-7
-18
-36
-34
-14
-20
-22
-12
3
-7
-23
-29
-20
-30
-38
-19
-8
-15
-30
-19
-16
-21
-30
-21
-19
-28
-28
-23
-26
-24
-16
-22
-25
-22
-20
-38
-47
-37
-30
-24
-30
-20
-17
-27
-42
-41
-27
-38
-40
-32
-28
-25
-29
-26
-28
-43
-39
-41
-51
-46
-31
-27
-34
-30
-29
-32
-48
-50
-32
-28
-24
-24
-13
-14
-22
-21
-20
-30
-36
-18
-9
-17
-18
-7
-10
-30
-35
-29
-10
-19
-24
-9
-11
-17
-35
-32
-27
-29
-23
-24
-20
-26
-28
-28
-20
-20
-19
-18
-23
-25
-24
-15
-19
-19
-16
-18
-19
-18
-11
-3
-17
-11
-6
-12
-20
-21
-9
-13
-23
-12
6
-1
-19
-17
-10
-4
-6
-3
9
5
-7
-9
-4
-14
-10
3
15
14
-1
-7
-10
-9
-6
3
9
13
0
-5
-7
-17
-9
-3
11
4
4
14
-1
-17
-12
1
-10
-7
15
21
2
-9
-10
-14
-16
-10
6
19
17
19
15
0
-6
-3
5
10
20
19
13
10
3
9
12
11
8
35
43
29
20
25
21
8
9
22
30
32
27
19
21
14
14
14
24
28
21
12
15
14
7
7
7
11
8
11
11
14
15
10
5
4
5
10
6
8
9
16
23
14
18
20
26
17
12
14
12
4
-1
20
16
9
13
8
8
-10
5
6
6
8
8
10
-4
-5
-6
-6
-10
-1
4
0
-11
-9
-8
-17
-13
-8
-8
-7
-9
-8
-8
-15
-11
-17
-10
-7
-3
-4
-18
-19
-7
-10
-11
-8
-5
-15
-25
-20
-8
-10
-21
-7
-5
-12
-25
-10
-6
-15
-13
-5
-4
-12
-10
-15
-26
-21
-5
-5
-11
-6
1
-15
-24
-26
-7
-15
-25
-19
-8
-9
-18
-20
-13
-17
-20
-16
-13
-15
-21
-18
-12
-7
-21
-13
-11
-14
-12
-10
-7
-7
-10
-11
-6
-5
-5
0
-14
-19
-1
5
-7
-4
17
11
-10
-12
8
-5
-18
-8
9
8
-1
0
9
1
-1
7
12
2
-2
10
1
-5
-4
4
-2
3
1
5
5
4
-7
-8
7
11
9
10
17
-1
-15
-7
0
-1
1
2
14
9
0
-4
-4
-2
-8
1
6
6
1
0
-4
-4
-1
-4
-16
-17
-6
8
-2
-6
-8
-5
-12
-22
-12
7
3
-12
-3
1
-3
-9
6
6
3
3
9
10
6
2
7
10
6
10
10
3
3
14
18
17
22
25
21
13
17
27
23
27
24
23
27
28
30
41
45
47
44
39
40
37
39
42
41
48
45
38
38
38
43
43
45
43
39
39
40
39
42
48
50
47
44
38
33
38
40
38
42
41
36
29
26
29
24
26
36
40
30
29
31
29
13
11
21
19
17
21
27
23
25
25
16
15
15
14
12
14
23
23
15
5
9
6
4
11
13
11
13
2
-10
-5
-8
-6
1
3
3
-5
-6
-7
-12
-20
-12
-10
-5
-1
-3
-2
-18
-20
-18
-12
-18
-12
5
5
2
-4
-6
-16
-20
-6
-6
-2
5
10
7
-11
-13
-9
-10
-11
-1
10
8
12
-6
-12
-15
-15
-14
-9
-2
-2
6
1
-6
-12
-14
-10
-14
-15
2
13
-3
-6
-11
-13
-13
-19
-14
-5
-3
-8
2
-2
-15
-22
-9
-9
-13
-9
-2
-1
-1
0
-5
-6
-1
-6
0
7
-1
-1
1
9
5
5
10
7
5
2
6
4
4
9
10
13
4
10
10
5
9
10
5
7
9
13
11
3
6
10
11
3
4
11
14
7
6
4
-2
0
6
7
8
12
5
4
-2
-1
8
12
11
6
11
21
9
2
11
16
15
12
16
19
7
11
17
19
15
13
11
7
6
14
13
18
18
15
19
12
5
11
14
8
11
11
0
2
-1
-1
4
-4
7
3
-5
-4
1
-2
-5
0
6
12
2
-6
-2
5
6
7
9
17
13
8
10
11
12
12
15
13
16
21
17
14
12
8
12
12
15
22
26
26
26
19
17
15
6
12
22
15
21
17
15
27
22
15
19
17
17
22
22
17
14
15
14
15
18
23
18
13
14
14
14
8
-1
-5
3
-3
5
13
13
12
3
9
7
-1
0
13
14
1
2
7
-9
-10
-12
-4
-4
-1
8
5
-5
-14
-2
-8
-11
-3
-3
-5
-7
-5
-3
-5
-10
-7
-6
-10
-9
-6
-7
-7
-15
-14
-15
-17
-23
-14
-13
-22
-18
-20
-17
-21
-18
-15
-19
-19
-16
-14
-25
-23
-24
-25
-22
-21
-16
-23
-26
-20
-20
-19
-14
-14
-12
-18
-25
-32
-31
-30
-18
-12
-14
-14
-18
-18
-22
-23
-19
-17
-14
-14
-12
-12
-21
-19
-16
-17
-12
-3
0
2
-3
-6
-13
-10
-4
-7
2
7
0
0
6
3
2
-1
6
12
13
13
18
15
10
16
21
13
10
24
19
17
13
15
18
16
15
17
24
14
10
13
16
10
13
17
11
15
17
21
21
23
25
18
15
21
24
28
29
28
26
24
33
23
25
31
29
31
30
29
24
27
30
24
26
26
29
32
26
22
26
29
31
22
25
29
22
16
26
38
33
31
38
44
33
34
43
39
34
31
43
43
35
35
39
37
31
42
44
50
40
42
42
30
28
26
39
40
41
40
46
40
35
38
35
40
38
40
44
35
37
37
33
31
26
29
32
25
31
32
28
24
24
27
19
20
26
32
25
25
25
23
17
12
17
21
21
17
18
15
12
9
11
12
7
9
13
16
17
24
22
18
18
15
14
13
16
10
12
13
8
8
6
7
3
3
7
7
7
5
0
-1
7
-3
-4
-2
-6
-2
-7
5
8
-2
-3
1
-3
-8
-2
-2
-1
7
-3
-4
-8
-9
4
1
-2
1
2
-3
-3
-3
4
1
-6
-9
-5
-7
-12
-10
-1
-8
-8
-7
-10
-5
-12
-10
-13
-11
-17
-18
-12
-12
-12
-15
-10
-13
-13
-18
-15
-12
-18
-23
-22
-19
-17
-20
-16
-13
-11
-9
-9
-5
-6
-3
2
4
-6
-5
-1
1
-2
2
-1
3
1
-1
2
4
2
2
6
1
7
1
1
-5
-6
2
0
0
10
12
6
4
1
6
6
6
3
2
2
7
4
5
7
1
2
3
9
6
7
14
9
11
5
6
3
3
4
2
1
2
6
6
10
7
11
7
-4
0
-1
3
4
10
10
1
2
-3
1
6
1
3
4
3
4
2
2
3
-2
-1
1
-2
4
6
9
-4
-5
6
2
1
-5
3
3
-3
3
2
-4
-3
6
4
1
-4
4
5
0
5
3
8
-1
3
2
2
3
8
13
11
13
10
1
7
7
7
10
13
6
4
2
4
9
7
3
5
8
4
-2
-1
4
6
0
-1
2
-3
-1
1
5
2
1
5
2
0
2
4
3
0
-6
-3
-5
-12
-3
-5
-3
-3
-1
-4
-8
-12
-12
-15
-10
-8
-7
-14
-19
-15
-20
-21
-25
-18
-20
-24
-25
-26
-21
-22
-28
-30
-29
-26
-24
-29
-20
-24
-27
-30
-34
-28
-28
-23
-26
-23
-23
-19
-27
-30
-30
-36
-36
-34
-32
-30
-32
-27
-25
-32
-29
-31
-30
-27
-30
-28
-28
-28
-23
-24
-24
-27
-29
-28
-24
-23
-29
-27
-26
-20
-22
-24
-18
-17
-19
-25
-23
-22
-21
-16
-22
-25
-22
-27
-23
-19
-23
-18
-16
-20
-19
-18
-19
-14
-16
-12
-13
-15
-11
-15
-21
-19
-16
-17
-16
-16
-8
-16
-17
-17
-17
-18
-14
-9
-9
-11
-7
-3
-13
-7
-5
-4
-9
-12
-5
-3
-5
-3
-2
3
-10
-10
-8
-9
-3
0
4
7
-1
-3
-3
-8
0
-6
-5
-2
-2
-3
2
-2
-5
-8
-8
-2
-3
1
2
4
1
6
5
1
-3
-3
0
1
5
3
4
4
8
0
-10
-9
0
3
2
7
9
9
6
6
2
3
13
13
13
14
13
8
4
1
3
5
2
6
14
17
16
8
11
9
9
4
7
9
10
15
12
14
20
15
16
9
9
6
4
10
6
8
11
13
11
8
1
1
-1
-1
2
5
8
8
10
6
2
-3
-5
-11
-3
1
5
4
6
6
-8
-12
-18
-12
-12
0
0
6
6
3
-4
-12
-8
-17
-15
-16
-8
0
-4
-7
-7
-15
-23
-20
-18
-23
-15
-16
-8
-7
-14
-16
-20
-24
-30
-29
-25
-17
-17
-12
-12
-14
-18
-18
-23
-21
-17
-10
-11
-10
-8
-14
-16
-18
-20
-19
-16
-13
-5
-13
-10
-18
-21
-28
-25
-26
-31
-24
-28
-17
-19
-12
-19
-21
-24
-27
-23
-25
-23
-29
-24
-22
-22
-25
-18
-28
-29
-25
-24
-17
-22
-19
-19
-19
-24
-31
-32
-25
-28
-28
-21
-19
-19
-16
-24
-26
-26
-23
-25
-24
-15
-17
-15
-17
-24
-22
-21
-23
-23
-25
-17
-20
-14
-13
-14
-14
-15
-11
-19
-17
-10
-2
-6
-8
-7
-3
-7
-9
-7
-7
0
-5
-5
-6
-3
1
-4
-5
-3
-5
-5
-2
-7
-2
-1
0
-4
1
-2
-2
1
-8
-4
0
1
5
4
10
7
-2
4
2
2
2
3
4
2
1
3
4
-2
9
5
8
9
4
14
4
2
6
7
7
4
2
9
4
0
5
9
1
2
8
-2
0
-5
-4
-5
-8
-5
-6
-8
-10
-6
-5
-4
-5
-7
-4
-5
-7
-6
-7
-5
4
-3
-1
6
5
4
1
5
0
0
3
1
3
8
-1
-1
-1
3
-1
4
9
9
5
5
2
4
1
1
1
-3
2
4
1
-6
1
5
2
-1
2
8
1
4
5
4
-1
-4
5
4
3
-2
0
-1
-3
-5
-2
0
-5
4
-1
-5
-6
-4
-4
2
-2
-8
-6
-12
-10
-11
-5
-3
-7
-4
-9
-13
-13
-18
-8
-5
-9
-9
-5
-3
-8
-7
-11
-8
-8
-8
-11
-9
-10
-13
-14
-15
-14
-9
-6
-6
-9
-8
-5
-6
-9
-11
-10
-11
-13
-11
-8
-7
-5
0
-3
-4
-4
-3
-7
-10
-15
-6
-5
-5
-3
-3
-1
-8
-10
-11
-12
-14
-9
-11
-17
-17
-11
-8
-13
-14
-9
-13
-15
-11
-6
-9
-14
-12
-11
-16
-14
-14
-22
-13
-9
-11
-10
-11
-9
-13
-15
-14
-14
-17
-12
-11
-8
-11
-13
-15
-17
-11
-8
-13
-14
-9
-11
-9
-11
-8
-1
-9
-8
-3
-7
-9
-7
-3
1
-3
-2
-1
-6
-3
-4
-3
1
-7
-8
-4
-5
-6
2
0
0
2
1
11
9
5
8
6
-2
0
1
2
9
10
10
13
8
9
8
6
7
0
-1
-2
7
7
12
12
10
11
16
12
9
7
8
12
11
8
8
10
8
6
9
11
10
16
15
11
5
8
7
6
10
10
9
10
7
15
16
18
14
15
18
17
15
20
26
21
23
23
24
13
14
14
12
13
23
18
17
16
9
11
8
12
11
16
9
6
8
3
4
7
13
7
7
18
11
12
4
4
11
13
15
4
10
9
4
7
2
9
11
8
3
4
1
-4
-4
-8
-4
-4
-7
-11
-15
-10
-3
-11
-15
-15
-9
-9
-14
-7
-13
-16
-14
-13
-15
-13
-9
-12
-9
-12
-12
-14
-9
-10
-15
-12
-7
-7
-14
-7
-6
-10
-7
-7
-6
-5
-7
-8
-10
-12
-11
-2
-6
-12
-12
-9
-12
-12
-7
-12
-16
-13
-12
-10
-11
-13
-12
-12
-14
-12
-15
-20
-20
-19
-18
-11
-14
-11
-11
-17
-20
-21
-12
-17
-18
-13
-12
-9
-12
-8
-16
-16
-14
-13
-5
-9
-8
-7
-7
-9
-11
-12
-11
-13
-8
-3
-9
-7
-6
-16
-17
-10
-15
-16
-10
-17
-6
-7
-6
-1
-9
-7
-11
-9
-7
-2
-3
2
-1
-2
-1
0
4
-5
0
-1
2
-1
-1
0
-4
-1
3
4
1
0
-4
-6
-5
1
-3
2
0
0
-1
0
-3
1
5
6
5
7
8
8
4
5
5
5
5
7
9
8
10
6
9
11
8
3
3
5
9
11
9
9
14
16
11
6
7
9
3
-4
-3
2
3
6
12
13
9
7
5
6
5
10
9
12
16
12
10
14
18
14
17
17
17
16
21
18
13
15
14
17
25
26
26
27
16
15
16
15
22
15
15
17
17
18
16
16
8
11
14
15
17
10
11
9
7
6
5
9
7
5
10
6
12
7
2
6
6
9
9
7
7
2
3
5
-1
-2
-1
-4
-5
-2
0
1
-3
-5
-5
-3
-7
-9
-10
-14
-7
-12
-10
-14
-14
-7
-15
-18
-18
-17
-13
-9
-11
-11
-11
-9
-12
-11
-7
-4
-7
-2
-5
-11
-12
-14
-9
-13
-14
-12
-13
-15
-13
-6
-8
-13
-10
-8
-8
-2
-5
-9
-11
-11
-15
-13
-14
-7
-8
-6
-6
-13
-6
-11
-11
-5
-7
-9
0
-7
-5
-5
-9
-7
-4
0
0
-1
-6
-12
-9
-7
-9
-9
-9
-8
-8
-6
-4
-7
-11
-14
-10
-8
-13
-10
-11
-10
-6
-10
-11
-6
-13
-9
-8
-8
-12
-13
-13
-9
-11
-14
-4
-6
-6
-6
-6
-8
-5
0
2
-1
2
2
-3
-3
-2
-2
6
9
4
3
-1
1
-2
0
2
2
1
6
8
4
5
4
8
6
4
-2
-8
-5
-3
-1
0
6
9
-1
6
0
-2
4
-6
0
-3
3
-5
0
2
-1
3
0
0
8
6
4
4
7
4
5
7
5
5
1
6
10
7
0
3
2
6
3
1
3
-2
-2
-4
-2
-3
0
0
0
1
0
7
3
5
7
4
6
8
10
14
11
5
9
5
12
3
0
6
5
6
3
6
3
1
3
0
8
8
1
7
5
2
0
1
1
1
2
2
4
2
4
7
9
8
7
3
2
-3
3
-1
-3
7
-3
-1
-3
-6
-4
-2
-9
-5
-8
-10
-13
-11
-13
-13
-9
-15
-13
-11
-10
-9
-12
-9
-5
-4
-9
-11
-8
-7
-10
-9
-7
-7
-5
-11
-7
-8
-7
1
-1
-5
-10
-14
-3
-3
-8
-9
-6
0
-5
-1
-4
-1
0
-2
-6
-6
-1
-3
-9
-8
-10
-6
-3
1
0
2
1
-9
-10
-9
-8
-6
-8
-7
-8
-9
-10
-9
-9
-9
-11
-12
-5
-5
-10
-12
-11
-11
-14
-15
-7
-8
-5
-3
-5
-3
-9
-6
-7
-9
-5
-5
-4
-4
-2
-3
-1
1
0
-7
-2
2
1
2
7
4
4
8
7
4
4
9
8
8
12
15
10
7
10
9
12
18
12
10
7
11
13
9
13
16
12
15
15
12
13
12
8
4
9
11
8
12
16
6
11
14
13
11
11
14
16
16
16
21
18
15
19
19
18
21
20
15
16
18
18
22
15
19
21
16
21
17
22
19
17
15
15
12
15
12
13
15
4
7
7
16
18
16
12
16
17
22
23
21
22
15
23
22
22
27
21
23
20
17
18
17
23
23
17
18
19
21
23
22
15
15
18
9
12
15
14
12
10
14
17
20
20
18
16
11
9
14
14
8
11
12
10
16
12
15
12
11
13
9
12
9
9
4
-1
3
8
3
8
2
-3
5
0
-4
-1
-10
-8
0
-7
-5
-8
-7
-4
-5
-6
-6
-5
-5
-6
-11
-13
-6
-6
-3
-2
-1
-2
-9
-5
-2
-6
-3
-6
-4
-1
-4
-1
-7
-9
-4
-1
-1
-6
-1
-2
-4
-5
-7
-9
-1
-4
-3
2
-3
1
-1
-9
0
1
0
-1
-3
5
2
-1
0
1
0
2
-5
-6
-4
-3
-6
-3
2
1
-1
2
-2
-9
-5
-7
-10
-9
-1
-6
-2
-8
-12
-13
-10
-9
-5
-2
-3
-6
-13
-11
-11
-11
-13
-8
-5
-7
-7
-8
-6
-11
-8
-9
-10
-8
-8
-10
-14
-16
-8
-7
-8
-3
-5
-6
-9
-8
-7
-5
-10
-3
-2
0
1
2
-1
-1
1
-1
0
-2
0
7
8
0
0
-3
1
6
3
4
1
5
2
2
3
2
8
5
10
8
7
12
6
6
5
2
9
7
2
8
9
11
9
7
12
14
10
13
9
7
8
7
7
9
14
9
12
14
10
12
11
8
11
10
13
13
11
9
4
8
5
15
17
17
16
11
13
14
13
11
14
8
12
14
18
18
13
14
11
14
9
13
15
7
5
3
1
3
3
4
9
-1
11
9
8
12
15
10
11
11
4
10
6
14
9
5
11
12
9
7
10
8
4
4
8
7
0
6
2
4
5
9
6
3
4
-1
0
5
3
-5
-3
-11
-15
-10
-5
-6
-5
-11
-3
-5
-8
-4
-2
-1
-4
-6
-8
-8
-4
-6
-5
2
-2
0
2
5
2
4
1
-2
4
0
3
-5
1
-2
-6
1
-3
-2
-6
-5
-6
-6
-6
-19
-15
-17
-15
-15
-10
-12
-12
-4
-8
-3
-2
-3
-6
-9
-9
-10
-8
-13
-10
-13
-9
-5
0
-1
-5
1
4
7
1
0
-2
-4
-6
0
-1
-3
3
7
2
2
6
8
5
1
1
3
9
9
8
0
-4
-5
-3
-2
-2
6
5
1
-1
0
3
12
8
-6
2
13
12
11
10
10
3
9
9
12
9
17
21
13
11
7
18
20
9
3
16
20
12
16
23
25
22
23
14
13
22
22
21
7
-2
9
23
13
8
26
39
16
13
18
17
18
19
21
15
12
23
34
22
11
26
37
20
9
21
27
18
21
15
6
18
29
24
20
24
21
22
16
13
26
48
34
6
6
23
39
45
26
15
32
23
12
35
42
19
26
48
20
9
39
35
8
30
49
41
49
34
8
20
38
2
-28
-15
13
45
31
-10
-14
-9
-22
16
69
42
14
36
16
-30
-5
11
-23
-4
34
29
25
44
28
5
-12
-29
-43
-38
-1
58
70
-5
-46
-41
-39
-27
1
-3
-17
5
2
-9
12
0
-53
-44
-6
-27
-47
-12
12
-32
-80
-62
-34
-43
-39
6
7
-40
-59
-26
-44
-81
-107
-114
-100
-105
-83
-8
45
-2
-61
-85
-95
-102
-67
-14
-29
-99
-112
-58
-61
-56
7
-22
-94
-86
-102
-160
-74
25
13
-56
-515
-899
-112
796
138
-770
-910
-1642
-1671
864
1828
-1341
-2881
-327
1010
194
517
167
-1866
-1335
1291
1192
-448
-152
522
108
106
512
479
628
844
396
-138
-79
448
1068
945
-10
-316
402
932
1013
987
478
-58
272
731
489
171
38
-346
-641
-583
-648
-803
-695
-707
-1007
-1137
-998
-837
-682
-656
-888
-991
-763
-552
-482
-358
-334
-534
-542
-155
184
177
63
49
86
214
450
459
167
149
505
626
511
617
768
968
1554
2132
2597
3375
3330
1498
-59
547
1990
2248
326
-2422
-1726
2333
2697
-1946
-3806
-1303
-481
-1381
-740
-848
-2538
-1957
333
419
-962
-1184
-356
808
1609
1179
511
815
1253
1114
766
236
-170
143
344
-567
-1723
-1726
-790
-429
-1356
-2366
-2112
-1120
-563
-688
-1252
-1695
-1267
-333
64
-113
-230
-62
226
359
246
293
568
677
538
266
-53
25
649
1077
900
469
196
514
1489
2287
2257
2141
3051
4208
3054
-392
-1407
2145
4644
1739
-2144
-2249
-445
631
928
-286
-2890
-3986
-2406
-576
-430
-1496
-2376
-2174
-1424
-1045
-622
186
523
323
341
373
385
1112
1834
1119
-116
-160
545
901
746
26
-999
-1350
-872
-473
-540
-1048
-1872
-2177
-1563
-1119
-1345
-1399
-1296
-1563
-1572
-958
-474
-296
-124
-158
-205
245
909
1527
2157
2146
1258
883
1811
2996
3573
3502
3128
3593
4952
4325
721
-1297
1318
4027
2072
-1870
-3164
-1933
-466
-17
-1385
-3884
-4823
-3251
-1380
-1037
-1862
-2596
-2333
-1269
-560
-410
-21
611
921
873
684
635
1127
1704
1398
398
-194
-48
331
340
-396
-1550
-2116
-1755
-1280
-1373
-1885
-2371
-2548
-2313
-1925
-1736
-1626
-1395
-1205
-992
-501
76
404
678
1276
2125
2735
2677
2400
2735
3501
3948
4211
4801
5824
6473
4565
142
-1518
2408
5443
1872
-3566
-4591
-2438
-601
-273
-2219
-5470
-6435
-4174
-1782
-1442
-2341
-2891
-2410
-1433
-723
75
1235
1836
1532
1223
1352
1825
2554
2726
1627
226
-196
253
732
429
-953
-2375
-2567
-1988
-1750
-2014
-2504
-2965
-3024
-2767
-2462
-1883
-1237
-1180
-1543
-1530
-734
630
1411
758
-24
553
1827
2869
3521
2963
1519
1577
3352
4461
4419
4497
4931
5507
4914
1506
-1474
846
4832
3179
-2102
-4122
-2553
-753
28
-1216
-4469
-6291
-4530
-1758
-937
-1989
-3069
-2825
-1691
-866
-277
463
868
945
1107
1026
877
1541
2247
1585
211
-346
36
658
726
-432
-2092
-2692
-2083
-1473
-1536
-2127
-2877
-3221
-2875
-2241
-1759
-1528
-1530
-1590
-1434
-868
174
1046
803
190
734
2158
3267
3747
3333
2358
2615
4291
5289
5225
5685
6741
6483
3376
-518
-190
4076
4912
23
-4115
-3982
-2216
-720
-740
-3687
-6818
-6339
-3691
-2117
-2058
-2740
-3259
-2792
-1847
-984
156
1210
1400
1092
905
1079
1933
2909
2633
1107
-84
-4
660
821
86
-1423
-2870
-3063
-2262
-1851
-2082
-2665
-3426
-3335
-2666
-3146
-3362
-1358
-342
-2163
-2543
-305
832
834
1388
1073
477
2213
4406
4035
2864
3168
3893
4427
5382
6025
6605
7993
5402
-3357
-5121
7380
13617
-189
-11957
-5412
2702
1524
-267
-2947
-9378
-8997
-639
1766
-3272
-5390
-3304
-1733
-1541
-1602
-472
1695
2132
723
-16
177
1407
3819
3837
37
-2275
-358
1852
1800
201
-2423
-4248
-3090
-1049
-1223
-2504
-3164
-3628
-3414
-2331
-2462
-3288
-2033
-707
-2197
-2953
-406
1486
749
82
184
599
2368
4314
4033
2600
2496
3790
5274
5873
5515
5810
7422
7760
4361
64
426
4625
5279
394
-3657
-3531
-2047
-893
-818
-3674
-7294
-6902
-3654
-2225
-3022
-3732
-3751
-3267
-2254
-1116
-194
553
1098
1264
1038
1021
1928
3021
2722
1218
185
276
961
1256
227
-1709
-2828
-2650
-2168
-1911
-2243
-3273
-3804
-3615
-4074
-4139
-2162
-927
-2443
-3235
-1652
-296
555
1629
1217
308
1875
4225
4583
4254
4336
4214
4858
6368
6856
7035
8632
8818
4423
-376
839
5511
5390
-102
-4187
-4245
-2752
-1215
-1196
-4430
-7984
-7504
-4429
-2812
-3113
-3688
-3839
-3455
-2557
-1289
159
1248
1576
1412
1150
1310
2475
3689
3065
1054
-75
203
892
1237
277
-2014
-3522
-3183
-2421
-2165
-2513
-3682
-4466
-4077
-4047
-4106
-2527
-1408
-2627
-3077
-1390
-140
560
1580
1367
651
2027
4200
4818
4634
4527
4440
5063
6297
7025
7512
8451
8338
5051
666
663
4798
5573
515
-3955
-4140
-2753
-1601
-1513
-4283
-7896
-7876
-4884
-3081
-3327
-3835
-3879
-3578
-2831
-1583
-180
820
1186
1180
1091
1256
2140
3170
2964
1470
251
196
827
1249
405
-1717
-3284
-3254
-2742
-2452
-2594
-3698
-4611
-4187
-4260
-4962
-3431
-1238
-2176
-3735
-2409
-448
534
1513
1305
187
1445
4364
5428
4979
4653
4594
5520
7164
7630
7484
8690
9497
6627
1700
517
4390
6602
2344
-3578
-5196
-3513
-1652
-1158
-3710
-7991
-9048
-5984
-3355
-3431
-4343
-4584
-4175
-3247
-1982
-651
586
1363
1363
928
978
2182
3751
3755
1849
167
292
1367
1796
752
-1391
-2993
-3116
-2700
-2504
-2691
-3656
-4495
-4296
-4558
-5104
-3408
-1426
-2633
-4049
-2486
-593
418
1715
1498
68
1456
4692
5664
5101
5040
5069
5759
7443
8227
8160
9199
9997
7243
2249
935
4827
6961
2413
-3498
-4733
-3063
-1736
-1560
-3927
-8012
-9179
-6330
-3745
-3735
-4544
-4730
-4384
-3578
-2183
-534
588
918
985
1109
1397
2357
3650
3546
1752
405
599
1180
1234
479
-1351
-3245
-3632
-2902
-2409
-2714
-3867
-4953
-4837
-4408
-4372
-3364
-2152
-2864
-3659
-2343
-695
409
1658
1618
617
1724
4258
5396
5591
5458
4749
5267
7305
8152
7857
8726
9868
8475
4292
1094
2818
6475
5026
-965
-4564
-3945
-2110
-997
-2386
-6458
-8907
-7099
-4322
-3560
-4130
-4788
-4705
-3647
-2568
-1657
-200
997
1021
832
1079
1618
2861
3818
2521
378
143
1052
1262
816
-498
-2637
-3630
-2969
-2547
-3036
-3785
-4619
-5172
-5186
-4886
-3992
-2911
-3025
-3709
-3225
-1830
-217
1322
1455
513
1256
3698
5295
5635
5522
5082
5418
7092
8300
8303
8846
10208
9581
5292
1180
2477
6560
5607
-532
-4609
-4125
-2341
-1326
-2383
-6229
-9275
-7953
-4876
-3949
-4618
-5064
-4991
-4250
-2978
-1777
-483
798
1055
561
746
1761
2880
3417
2510
667
53
977
1494
758
-694
-2378
-3346
-2987
-2549
-3126
-4049
-4661
-5205
-5522
-4956
-3778
-3161
-3487
-3806
-3274
-1936
-175
1069
913
399
1407
3683
5362
5712
5353
5193
5855
7150
8272
8789
9153
9928
9760
6357
2051
2462
6237
5777
203
-3974
-4094
-2675
-1642
-2502
-6011
-9045
-8297
-5562
-4349
-4870
-5297
-4924
-4268
-3515
-2190
-438
742
951
750
825
1708
3195
3807
2680
1131
694
1167
1545
1040
-565
-2368
-3118
-2917
-2857
-3314
-3972
-4601
-5136
-5416
-5159
-4298
-3410
-3147
-3332
-3250
-2273
-427
1088
1187
842
1708
3555
5073
5747
5770
5691
6073
6878
7800
8633
9243
10121
10606
7793
2599
1672
5902
7027
2024
-2773
-3993
-3453
-1857
-1142
-4435
-8799
-8812
-5890
-4369
-4501
-4961
-5278
-4785
-3572
-2553
-1441
40
857
717
610
1112
2298
3574
3412
1586
198
541
1421
1431
207
-1827
-3316
-3295
-2727
-2980
-3854
-4546
-4981
-5384
-5544
-4861
-3533
-3006
-3659
-3829
-2660
-1012
507
1273
828
783
2760
5175
5931
5609
5459
5835
6875
8120
8674
8727
9375
10689
10257
6020
1839
3308
7083
5339
-507
-3545
-3307
-2556
-1751
-2561
-6270
-9123
-7869
-5030
-4020
-4841
-5739
-5376
-4154
-3201
-2185
-776
66
308
774
1108
1361
2443
3291
2288
724
465
1008
1218
689
-747
-2467
-3272
-3138
-2995
-3283
-4049
-4939
-4992
-4311
-4535
-5415
-4673
-2746
-2396
-3306
-2866
-1108
293
1044
1315
1311
2206
4337
5915
5660
4851
5405
7073
8051
7963
8253
9582
10762
9732
5715
2036
3127
6640
5782
281
-3859
-3984
-2200
-1002
-2493
-6539
-9250
-7911
-5011
-4066
-5110
-5978
-5490
-4376
-3465
-2432
-1061
24
560
689
592
1094
2618
3518
2489
863
362
894
1480
1239
-321
-2393
-3422
-3159
-2788
-3091
-3880
-4833
-5604
-5609
-4861
-4133
-3824
-3789
-3903
-3604
-2172
-289
601
482
555
1557
3421
5281
5936
5440
5261
6146
7463
8480
8818
8838
9766
10999
9038
3975
1946
5219
7219
3351
-2014
-3973
-3094
-1639
-1509
-4241
-8159
-9175
-6736
-4493
-4620
-5655
-5725
-4968
-4142
-3051
-1591
-475
78
520
785
973
1890
3164
3228
1895
742
785
1447
1592
625
-1104
-2663
-3240
-2941
-2771
-3375
-4390
-5288
-5745
-5394
-4625
-4199
-4055
-3870
-3734
-3201
-1669
-34
552
541
930
2063
3833
5438
5918
5627
5704
6519
7794
8901
9076
9182
10768
11389
7407
2470
3246
7136
6336
1198
-2575
-3710
-3152
-1353
-1579
-5838
-9484
-8514
-5752
-4766
-5264
-5922
-6012
-5136
-3829
-2679
-1474
-357
265
534
708
1243
2562
3627
2982
1410
760
1228
1912
1890
462
-1731
-2979
-2788
-2305
-2536
-3583
-4780
-5245
-5112
-5043
-4835
-4151
-3583
-3543
-3526
-2915
-1505
75
719
578
929
2209
3938
5470
5904
5345
5457
6720
7904
8528
8913
9398
10538
10653
6876
2385
3353
7050
5790
436
-2977
-3476
-2644
-1353
-2280
-6368
-9222
-8017
-5616
-4885
-5378
-5972
-5938
-4956
-3761
-2878
-1761
-318
471
308
242
1206
2697
3399
2676
1223
480
1138
2178
1786
-230
-2182
-2831
-2670
-2605
-2913
-3715
-4732
-5133
-4924
-5015
-5104
-4269
-3382
-3631
-3934
-2938
-1358
-284
193
367
844
2240
4086
5287
5483
5345
5835
6976
7935
8476
8962
9644
10825
10913
7200
2447
3244
7586
6698
522
-3411
-3238
-1934
-898
-2167
-6651
-9717
-7980
-5085
-4740
-5827
-6429
-5981
-4798
-3924
-3351
-2035
-514
78
109
174
717
2355
3716
2726
716
340
1348
2153
1844
-88
-2408
-3002
-2346
-2232
-2814
-3790
-4895
-5198
-4848
-4826
-4691
-4147
-4087
-4078
-3342
-2688
-1930
-285
739
400
798
2494
4079
5406
6183
5697
5450
6888
8674
9438
9490
9801
10843
10306
6159
2931
5196
7643
4273
-810
-2611
-2582
-2065
-1525
-3639
-7768
-9094
-7022
-5315
-5359
-5980
-6211
-5667
-4820
-3978
-2541
-924
-271
-79
353
754
1755
3373
3544
1932
916
1355
2083
2347
1365
-876
-2420
-2328
-2088
-2559
-3215
-3955
-4682
-4984
-5060
-4980
-4434
-3960
-4011
-3998
-3504
-2516
-995
91
-19
44
1335
2841
4096
5326
5686
5324
5927
7446
8474
8966
9383
10087
11032
9861
5534
2955
5410
7402
4213
-467
-2718
-3027
-1967
-1062
-3500
-7887
-9174
-7044
-5316
-5410
-6080
-6319
-5768
-4762
-3765
-2653
-1410
-393
294
487
496
1554
3336
3598
2117
1072
1281
2006
2481
1626
-701
-2412
-2337
-1929
-2303
-3172
-4216
-4937
-4930
-4828
-4927
-4682
-4315
-4200
-3932
-3498
-2840
-1290
232
205
-100
1051
2831
4407
5690
5710
4933
5699
7760
8892
9019
9288
10222
11245
9674
4964
2799
5917
7635
3581
-1317
-3112
-3076
-1929
-1178
-4044
-8598
-9467
-7002
-5409
-5539
-6133
-6647
-6264
-4890
-3654
-2617
-1263
-296
-150
-13
661
1923
3338
3453
1916
809
1412
2483
2544
1161
-1074
-2453
-2122
-1668
-2363
-3453
-4236
-4730
-4836
-4794
-4925
-4726
-4186
-4074
-4046
-3392
-2485
-1540
-465
14
-71
691
2432
3951
4800
5037
4917
5479
7029
8363
8710
8696
9554
11291
10807
6203
2502
4659
7897
5630
389
-2590
-3064
-2062
-810
-2568
-7142
-9331
-7429
-5383
-5443
-6166
-6379
-6073
-5379
-4375
-3109
-1821
-860
-200
108
182
1121
2951
3582
2348
1316
1585
2299
2634
1910
-47
-1711
-1885
-1569
-1828
-2605
-3653
-4462
-4506
-4462
-4857
-4783
-4079
-3917
-4171
-3689
-2747
-1978
-1105
-299
-120
230
1614
3282
4364
4907
5022
5182
6225
7813
8772
8988
9391
10505
11022
8495
4187
3439
6673
7248
2693
-1833
-3027
-2343
-1292
-1706
-5176
-8884
-8820
-6264
-5074
-5785
-6696
-6719
-5826
-4687
-3664
-2491
-1265
-481
-99
182
829
2278
3567
3152
1724
1286
2036
2732
2436
902
-1076
-1954
-1601
-1497
-2236
-3287
-4226
-4716
-4667
-4653
-4748
-4412
-4027
-4143
-4057
-3194
-2069
-1050
-317
-97
301
1576
3117
4276
5158
5575
5631
6350
7875
9079
9433
9767
10927
11523
8754
4276
3939
7402
7482
2576
-1782
-3069
-2501
-988
-1372
-5732
-9647
-8753
-6132
-5642
-6374
-6878
-6996
-6179
-4799
-3827
-2734
-1213
-339
-292
-91
820
2463
3808
3284
1661
1225
2097
2826
2582
1008
-1150
-1994
-1511
-1563
-2388
-3268
-4255
-4914
-4828
-4879
-5042
-4411
-4004
-4560
-4481
-3265
-2133
-1071
-234
-552
-582
1250
3252
4053
4640
5096
5215
6175
7765
8575
8853
9412
10373
11217
9598
5217
3525
6641
7738
3364
-959
-2193
-2352
-1643
-1196
-4284
-8533
-8743
-6431
-5721
-6193
-6490
-6781
-6353
-5037
-3977
-3086
-1739
-624
-250
-133
353
1810
3504
3489
2001
1304
1841
2469
2629
1651
-479
-1877
-1600
-1362
-2098
-2993
-3869
-4698
-4722
-4332
-4639
-4848
-4191
-3968
-4375
-3753
-2311
-1573
-1147
-477
-154
408
2037
3581
4295
4871
5281
5543
6713
8425
9066
8971
9692
10992
10606
7270
3930
4577
7144
5993
1263
-2283
-2946
-2063
-1343
-2953
-6751
-9033
-8058
-6204
-5671
-6406
-7202
-6767
-5335
-4422
-3809
-2347
-783
-201
5
482
1354
2851
3939
3213
1786
1696
2542
2845
2197
655
-1085
-1682
-1349
-1603
-2566
-3445
-4131
-4456
-4393
-4604
-4856
-4398
-3986
-4192
-3862
-2810
-1999
-1184
-284
-116
136
1659
3302
4105
4851
5500
5629
6221
7753
9000
9340
9666
10735
11116
8397
4452
4331
7073
6436
2114
-1065
-2309
-2875
-2089
-1924
-5302
-9005
-8671
-6535
-6073
-6458
-6549
-6694
-6325
-5031
-3741
-2652
-1314
-251
87
336
1134
2484
3659
3601
2444
1731
2154
2783
2590
1291
-511
-1636
-1686
-1555
-2128
-3301
-4231
-4401
-4472
-5022
-5206
-4553
-4168
-4305
-4060
-3555
-2880
-1384
-48
-143
-227
1047
2652
4024
5331
5672
5261
5892
7625
8996
9482
9552
10248
11346
9744
5153
3341
6217
7340
3530
-838
-2929
-3302
-2094
-1541
-4609
-8707
-9431
-7560
-6098
-5944
-6787
-7373
-6500
-5182
-4300
-2858
-1164
-465
-54
643
1061
2034
3836
4162
2610
1710
2130
2673
2827
1877
-307
-1796
-1692
-1538
-2089
-2953
-4094
-4840
-4611
-4568
-5138
-4940
-4099
-4139
-4541
-3915
-2620
-1467
-731
-624
-611
423
2156
3396
4087
4605
4943
5483
6647
7918
8603
8802
9337
10661
10779
7377
3467
4190
7201
6032
1268
-1981
-2816
-2489
-1493
-2345
-6291
-9205
-8147
-6103
-5819
-6454
-6898
-6759
-5813
-4662
-3697
-2438
-1078
-296
119
600
1371
2650
3684
3323
2223
1953
2503
2850
2405
1054
-595
-1467
-1498
-1669
-2381
-3238
-3992
-4488
-4611
-4673
-4880
-4767
-4159
-3795
-3903
-3537
-2310
-1066
-434
-190
165
1070
2621
4182
5023
5162
5322
6157
7548
8671
9086
9463
10609
11224
8846
4781
3868
6523
7109
3219
-1181
-2977
-2716
-1627
-1756
-4893
-8620
-9122
-7121
-5879
-6183
-6850
-7028
-6431
-5306
-4009
-2599
-1374
-619
-90
477
1236
2503
3746
3693
2566
1955
2424
3097
2995
1731
-122
-1339
-1532
-1465
-1862
-2891
-4084
-4588
-4461
-4604
-4884
-4640
-4413
-4550
-4225
-3376
-2607
-1588
-627
-669
-536
1086
2809
3640
4561
5347
5393
6001
7529
8600
9045
9577
10350
11222
10303
6277
3517
5703
7695
4485
-178
-2312
-2883
-2313
-1446
-3653
-8032
-9537
-7750
-6212
-6148
-6741
-7185
-6645
-5386
-4256
-3013
-1613
-611
195
775
987
2008
3840
4245
3016
2257
2372
2689
3042
2420
336
-1331
-1570
-1638
-2160
-2839
-3834
-4743
-4887
-4846
-5083
-5005
-4582
-4419
-4378
-4073
-3344
-2065
-838
-497
-596
39
1566
3339
4614
4833
4680
5428
6825
7944
8823
9340
9459
10406
11116
8157
3685
3944
7247
6332
1498
-1835
-2935
-2945
-1814
-2277
-6288
-9615
-8754
-6613
-6130
-6567
-7003
-7093
-6208
-4778
-3630
-2470
-1142
-162
357
716
1449
2881
4052
3709
2506
2017
2465
3018
2796
1272
-783
-1789
-1568
-1550
-2442
-3577
-4385
-4809
-4865
-4803
-4912
-4884
-4544
-4398
-4331
-3485
-2097
-1167
-879
-685
-87
1281
3080
4291
4633
4828
5491
6553
7719
8714
9320
9642
10374
11035
9102
4859
3435
6222
7118
3027
-1492
-3165
-3124
-2182
-1929
-5002
-9277
-9816
-7209
-5811
-6460
-7199
-7161
-6424
-5166
-3836
-2624
-1429
-335
364
626
1142
2541
3974
3972
2857
2101
2277
2838
2889
1777
-105
-1520
-1818
-1576
-1933
-3127
-4294
-4758
-4744
-4682
-4738
-4835
-4637
-4274
-4088
-3587
-2355
-1276
-843
-483
70
926
2427
4011
4766
5019
5414
6079
7207
8596
9315
9442
10120
11001
9648
5793
3564
5452
7135
4184
-688
-3027
-2944
-2256
-2179
-4387
-8166
-9619
-7695
-5869
-6235
-7208
-7052
-6059
-5134
-4225
-2894
-1469
-388
486
957
1081
2037
3816
4330
3080
2150
2420
2885
2836
1997
359
-1132
-1627
-1632
-1983
-2832
-3843
-4534
-4720
-4748
-4786
-4739
-4659
-4454
-3975
-3443
-2792
-1741
-776
-494
-310
577
1888
3118
4185
4869
5115
5560
6631
7926
8808
9047
9345
10431
10647
7667
3908
4006
6383
5696
1846
-1526
-3224
-3227
-1960
-2452
-6102
-9060
-8527
-6784
-6104
-6221
-6614
-6680
-5760
-4497
-3542
-2315
-821
73
379
736
1463
2677
3789
3728
2668
1948
2125
2615
2486
1223
-539
-1645
-1913
-1979
-2328
-3215
-4403
-5017
-4896
-4789
-4885
-4859
-4733
-4465
-3820
-3053
-2400
-1649
-764
-69
407
1062
2400
4098
5037
5138
5541
6454
7382
8562
9540
9646
10207
10945
8364
3792
3653
7052
6459
1563
-1904
-2814
-2828
-2124
-2674
-6117
-9103
-8725
-7034
-6364
-6531
-6849
-6596
-5628
-4807
-3942
-2255
-617
88
518
975
1488
2736
4067
3905
2774
2216
2370
2759
2756
1538
-387
-1511
-1748
-1924
-2346
-3204
-4323
-4827
-4617
-4542
-4716
-4731
-4572
-4155
-3477
-2906
-2388
-1578
-792
-296
380
1255
2034
3006
4206
5001
5347
5830
6540
7446
8475
9122
9544
10313
9837
6475
3339
4281
6545
5062
851
-2014
-2900
-2786
-2181
-2972
-6160
-8761
-8131
-6257
-5826
-6241
-6194
-5882
-5498
-4500
-2989
-1663
-552
381
699
686
1502
3071
3875
3373
2479
1959
2057
2594
2557
1089
-889
-1829
-1768
-1789
-2368
-3411
-4503
-4818
-4344
-4212
-4677
-4734
-4190
-3816
-3494
-2762
-1942
-1278
-654
-169
340
1330
2485
3376
4292
5154
5584
5969
6768
7878
9031
9646
9826
10246
9261
5453
3032
5363
7199
3885
-620
-2582
-3191
-2630
-1627
-3660
-7905
-9275
-7422
-5884
-5630
-6024
-6586
-6313
-5092
-3795
-2363
-905
-171
223
792
1276
2224
3727
4121
3005
2112
2147
2543
2767
1996
179
-1267
-1691
-1814
-2050
-2752
-4011
-4751
-4530
-4445
-4716
-4632
-4462
-4439
-3925
-3075
-2457
-1755
-942
-513
-136
759
1871
2890
3847
4557
5063
5690
6417
7312
8443
9085
9173
9921
10308
7525
3563
3651
6433
5736
1348
-2103
-3206
-3014
-2228
-2939
-6209
-8909
-8487
-6746
-5985
-6225
-6609
-6436
-5621
-4622
-3372
-1789
-581
114
698
1014
1438
2792
4061
3743
2606
2071
2141
2463
2484
1349
-543
-1800
-2010
-1888
-2176
-3221
-4439
-4815
-4456
-4276
-4455
-4595
-4480
-4003
-3263
-2647
-2129
-1400
-614
-84
305
945
1965
3101
3968
4577
5173
5750
6357
7289
8289
8784
9237
10108
9539
6112
3178
4336
6521
4804
500
-2415
-3236
-2670
-1712
-2989
-6783
-8982
-7722
-5945
-5721
-6144
-6340
-6077
-5177
-4023
-2920
-1645
-353
416
631
771
1588
3157
4098
3416
2159
1701
2117
2684
2342
623
-1158
-1738
-1757
-2102
-2641
-3456
-4510
-4772
-4241
-4262
-4725
-4524
-4077
-3937
-3419
-2491
-1887
-1393
-691
-212
276
1225
2129
2832
3823
4778
5230
5594
6231
7271
8573
9191
9147
9664
9404
6218
3267
4522
6585
4556
350
-2192
-2897
-2462
-1766
-3141
-6611
-8566
-7465
-5815
-5570
-6050
-6112
-5650
-5006
-4107
-2766
-1341
-283
367
569
668
1641
3286
3894
3032
2080
1818
2086
2530
2202
530
-1208
-1813
-1896
-2158
-2586
-3462
-4487
-4649
-4269
-4367
-4628
-4422
-4044
-3597
-2991
-2630
-2237
-1199
-211
88
474
1399
2333
3399
4712
5399
5464
5892
6799
7825
8911
9685
10035
9892
7898
4465
3637
6098
6371
2257
-1642
-2664
-2572
-2273
-2494
-4943
-8162
-8619
-6781
-5725
-5934
-6169
-5997
-5500
-4659
-3462
-1937
-534
254
552
705
1255
2668
3975
3668
2391
1813
2055
2455
2533
1493
-473
-1790
-2068
-2255
-2572
-3013
-3988
-4919
-4949
-4643
-4568
-4325
-4047
-4095
-3897
-3103
-2155
-1287
-621
-394
-137
757
1938
2974
3883
4492
4891
5562
6278
6886
7893
8844
9109
9611
9869
7335
3589
3652
6396
5781
1484
-1949
-3005
-2584
-1552
-2325
-5877
-8638
-7984
-6071
-5418
-5899
-6470
-6248
-5155
-4111
-3291
-2085
-735
126
527
666
1163
2593
3803
3324
2014
1533
1983
2595
2417
877
-1093
-2009
-1933
-1896
-2399
-3407
-4432
-4800
-4655
-4534
-4423
-4332
-4330
-4005
-3350
-2921
-2321
-1104
-291
-251
167
1144
1980
3157
4713
5285
4958
5330
6538
7746
8742
9088
9034
9698
9726
6704
3370
4130
6348
4709
396
-2430
-3175
-2646
-1759
-2994
-6694
-9010
-7891
-5847
-5232
-5861
-6548
-6235
-4917
-3634
-2606
-1402
-409
199
859
1384
1882
3036
3973
3300
2065
1837
2199
2489
2257
671
-1568
-2413
-1944
-1951
-2770
-3844
-4866
-5149
-4589
-4362
-4774
-4833
-4309
-3728
-3182
-2619
-1955
-1024
-228
78
448
1326
2535
3819
4660
4805
5106
6061
6965
7651
8351
8631
9022
10222
9733
5792
2750
4369
6389
4137
39
-2299
-2977
-2579
-1869
-3231
-6628
-8455
-7322
-5715
-5402
-5725
-5794
-5419
-4664
-3629
-2462
-1261
-148
655
955
1070
1805
3097
3730
3157
2108
1494
1774
2459
2073
229
-1481
-2027
-2113
-2289
-2646
-3520
-4510
-4690
-4435
-4642
-4691
-4076
-3769
-3881
-3440
-2549
-1796
-968
-296
-251
84
1354
2615
3389
4141
4765
5153
5715
6568
7517
8332
8752
9335
10273
9178
5159
2826
4926
6553
3815
-235
-2431
-3042
-2349
-1695
-3758
-7367
-8579
-7186
-5881
-5653
-5994
-6267
-5782
-4768
-3947
-2893
-1348
-225
202
532
966
1767
3101
3754
2871
1750
1667
2195
2404
1705
136
-1433
-2168
-2212
-2153
-2590
-3793
-4822
-4843
-4612
-4706
-4553
-4337
-4465
-4009
-3004
-2669
-2262
-920
-131
-171
644
2008
2868
4053
5406
5599
5526
6455
7575
8458
9327
9873
10432
10351
7275
3288
3882
7036
5742
676
-2502
-3093
-2758
-1920
-2790
-6537
-9262
-8244
-6214
-5731
-6100
-6306
-6059
-5225
-4170
-3075
-1672
-322
419
750
1049
1759
3120
4133
3635
2393
1824
2082
2547
2336
832
-1099
-2053
-2233
-2482
-2887
-3607
-4678
-5266
-5189
-5159
-5000
-4458
-4290
-4436
-3858
-2881
-2181
-1236
-238
10
308
1522
2854
3832
4803
5446
5606
6033
6981
8083
9002
9395
9797
10402
8926
4824
2881
5295
6639
3315
-1049
-3226
-3489
-2282
-1596
-4321
-8359
-9094
-6973
-5394
-5250
-5906
-6530
-5834
-4138
-3092
-2401
-989
282
660
922
1490
2309
3495
4103
3086
1668
1576
2362
2514
1527
-173
-1831
-2646
-2411
-2055
-2882
-4601
-5460
-5095
-4819
-4849
-4597
-4483
-4516
-3816
-2885
-2512
-1735
-430
99
255
1156
2220
3187
4669
5686
5553
5705
6694
7710
8765
9622
9779
10161
9929
6645
3145
4402
7061
4861
69
-2364
-3031
-3027
-2021
-2800
-6858
-9619
-8065
-5673
-5406
-6019
-6223
-6029
-5203
-3790
-2411
-1248
-235
497
880
1211
2042
3347
4060
3403
2256
1831
2177
2570
2117
462
-1411
-2314
-2368
-2334
-2681
-3743
-5061
-5480
-5041
-4712
-4590
-4483
-4559
-4311
-3333
-2413
-1817
-954
-251
-84
520
1796
2874
3830
4872
5314
5423
6119
7166
8098
8932
9306
9571
10236
9145
5212
2912
5041
6544
3482
-691
-2694
-3219
-2658
-1928
-3847
-7653
-8941
-7118
-5467
-5319
-5806
-6196
-5779
-4439
-3172
-2246
-1160
-107
552
935
1220
1888
3123
3747
2968
1859
1528
1826
2147
1612
-170
-1985
-2591
-2426
-2387
-2924
-4112
-5182
-5225
-4813
-4760
-4718
-4446
-4185
-3884
-3493
-2807
-1464
-285
-249
-278
747
2053
3343
4848
5400
4988
5554
7010
7951
8757
9592
9750
10206
10325
7150
3180
4063
7034
5285
365
-2544
-3308
-2905
-1719
-2848
-6990
-9347
-7884
-6019
-5618
-5811
-6249
-6243
-5093
-3747
-2841
-1595
-204
477
716
1045
1794
3182
4118
3432
2196
1876
2222
2545
2230
633
-1361
-2160
-2105
-2268
-2738
-3671
-4840
-5102
-4696
-4862
-4989
-4439
-4221
-4258
-3527
-2650
-2076
-1040
-190
-242
273
1853
3022
3796
4848
5368
5380
6044
7241
8292
8972
9112
9602
10683
9276
4783
2789
5346
6488
3141
-814
-2845
-3383
-2451
-1760
-4159
-7959
-8947
-7024
-5344
-5349
-5957
-5977
-5419
-4689
-3518
-2007
-930
-172
640
915
917
2077
3716
3781
2624
1896
1800
2024
2328
1668
-300
-2037
-2458
-2254
-2416
-3230
-4285
-4878
-4981
-5069
-5030
-4712
-4502
-4331
-3814
-3261
-2791
-1812
-630
-110
209
1057
2053
3123
4616
5612
5497
5566
6580
7764
8730
9460
9783
10234
10279
7689
3965
3924
6488
5647
1362
-1699
-2819
-3136
-2265
-2347
-5796
-9114
-8384
-6133
-5585
-5789
-5779
-5979
-5640
-4271
-2876
-1804
-594
328
505
582
1355
2761
3757
3425
2265
1578
1785
2306
2199
709
-1388
-2410
-2300
-2352
-2890
-3691
-4720
-5336
-5145
-4943
-4996
-4738
-4452
-4393
-3921
-3036
-2266
-1312
-324
-5
311
1519
3012
4264
5408
5858
5630
6086
7584
8941
9491
9666
10204
10745
9077
5187
3531
5718
6585
3104
-1038
-2906
-3178
-2472
-2181
-4654
-8438
-9404
-7399
-5657
-5600
-6262
-6465
-5858
-4800
-3540
-2046
-762
-88
377
873
1331
2321
3722
4016
2822
1733
1766
2394
2615
1623
-362
-2014
-2520
-2349
-2427
-3281
-4514
-5148
-5159
-5246
-5212
-4785
-4586
-4633
-4193
-3500
-2816
-1600
-431
-325
-271
874
2356
3639
4853
5404
5255
5696
6932
8071
8875
9274
9472
10293
10473
7460
3600
3835
6397
5493
1299
-1957
-3140
-2971
-2054
-2745
-6180
-9006
-8424
-6308
-5418
-5843
-6284
-5943
-5033
-4140
-3090
-1628
-307
489
904
968
1344
2769
4068
3598
2231
1681
1982
2394
2314
1010
-1085
-2337
-2366
-2301
-2782
-3658
-4583
-5070
-5080
-5066
-5026
-4769
-4431
-4048
-3600
-3097
-2234
-1033
-276
24
651
1608
2780
4315
5462
5556
5612
6416
7423
8428
9288
9524
10008
10903
9271
4831
3026
5623
6814
3398
-966
-3184
-3348
-2137
-1798
-4610
-8358
-9161
-7296
-5662
-5503
-6182
-6475
-5721
-4539
-3551
-2357
-905
165
664
856
1134
2132
3583
3989
2914
1759
1630
2228
2558
1673
-287
-1910
-2401
-2371
-2490
-3062
-4164
-5102
-5238
-5099
-5148
-4904
-4424
-4252
-4116
-3516
-2551
-1449
-512
-46
368
1228
2368
3732
5097
5688
5688
6141
6929
7740
8847
9607
9838
10605
10277
6429
2964
4601
7098
4792
267
-2477
-3635
-3052
-1531
-3041
-7428
-9431
-7934
-6296
-5764
-5868
-6434
-6319
-5049
-3912
-3046
-1592
-213
363
613
901
1596
3007
4034
3438
2080
1496
1882
2436
2096
498
-1353
-2338
-2443
-2338
-2724
-3790
-4804
-5131
-5099
-5066
-4886
-4598
-4329
-3981
-3631
-3178
-2157
-827
-140
-37
422
1449
2717
4093
5173
5391
5215
5723
7034
8430
9193
9127
9370
10514
9806
5667
2882
5013
6960
4082
-276
-2605
-3450
-2665
-1288
-3327
-7948
-9379
-7161
-5624
-5592
-5707
-6164
-6356
-5053
-3320
-2443
-1604
-322
422
389
629
1847
3325
3773
2981
1909
1450
1847
2516
2086
98
-1897
-2490
-2150
-2096
-2838
-4111
-5063
-5102
-4708
-4659
-4899
-4816
-4295
-3753
-3427
-3000
-2102
-942
-101
179
435
1414
3101
4642
5362
5328
5332
6255
7903
9046
9156
9307
10406
10910
8348
4329
3718
6433
6674
2572
-1566
-3129
-2922
-1869
-2021
-5358
-9085
-9065
-6677
-5609
-6017
-6421
-6468
-5936
-4648
-3283
-2234
-1128
2
538
524
987
2430
3762
3665
2528
1657
1712
2350
2486
1318
-617
-2060
-2450
-2230
-2415
-3535
-4680
-4969
-4941
-5123
-5116
-4846
-4626
-4282
-3854
-3519
-2694
-1247
-250
-121
89
1102
2814
4653
5702
5734
5720
6517
7961
9289
9748
9776
10712
11521
9194
4922
3898
6437
6983
3298
-1158
-3384
-3156
-1806
-2079
-5370
-8894
-9423
-7617
-6042
-5961
-6749
-6820
-5723
-4596
-3769
-2385
-771
206
691
921
1155
2311
3980
4153
2766
1724
1761
2346
2745
1812
-487
-2235
-2481
-2352
-2700
-3491
-4623
-5409
-5311
-5153
-5440
-5305
-4591
-4221
-4185
-3738
-2782
-1653
-602
-41
113
634
2000
3792
5172
5607
5567
5995
7068
8317
9311
9713
9927
10738
10441
6987
3476
4324
6813
5387
944
-2346
-3460
-2912
-1780
-2959
-6909
-9550
-8562
-6443
-5711
-6144
-6569
-6302
-5406
-4308
-3027
-1599
-407
359
666
727
1435
3050
4078
3461
2183
1553
1872
2563
2367
678
-1346
-2364
-2448
-2326
-2744
-3916
-4958
-5169
-5142
-5306
-5202
-4783
-4469
-4191
-3792
-3258
-2278
-908
-47
77
494
1804
3548
5001
5692
5749
6036
7105
8445
9314
9682
10315
11494
11092
7294
3672
4784
7518
5892
1116
-2215
-3340
-2939
-1730
-2797
-7004
-9872
-8903
-6916
-6162
-6311
-6819
-6878
-5929
-4714
-3483
-1812
-429
58
379
841
1557
3062
4389
3834
2298
1854
2372
2767
2538
1172
-962
-2249
-2216
-2140
-2773
-3753
-4611
-5137
-5353
-5404
-5252
-4864
-4490
-4225
-3950
-3382
-2226
-884
-236
10
819
2041
3234
4625
5751
5954
6137
7091
8159
9035
9924
10418
10851
10984
8516
4318
3749
6724
6512
1941
-1784
-3125
-3454
-2583
-2409
-5633
-9347
-9431
-7371
-6203
-6122
-6483
-6645
-5968
-4857
-3617
-1883
-359
225
576
994
1377
2620
4289
4221
2640
1835
2084
2352
2419
1630
-499
-2449
-2761
-2380
-2731
-3743
-4735
-5383
-5742
-5754
-5372
-4946
-4783
-4607
-4240
-3741
-2623
-973
-115
-254
145
1559
3099
4515
5646
5946
5948
6643
7939
9187
9955
10284
11001
11403
8752
4349
3875
7060
7027
2383
-1750
-3265
-3212
-2034
-2057
-5536
-9373
-9557
-7360
-5941
-6020
-6773
-6991
-6094
-4852
-3680
-2144
-662
100
531
881
1338
2564
4022
4072
2770
1796
1932
2602
2673
1417
-555
-1993
-2473
-2421
-2539
-3446
-4733
-5392
-5454
-5451
-5279
-4934
-4817
-4752
-4390
-3775
-2729
-1314
-474
-460
-138
1073
2645
4163
5257
5522
5572
6282
7472
8701
9683
9998
10263
11025
9862
5701
3401
5711
7104
3709
-541
-2655
-3612
-3100
-2031
-4175
-8565
-9912
-7998
-6590
-6363
-6351
-6710
-6739
-5516
-3881
-2619
-1375
-155
512
650
979
2147
3596
4001
3168
2211
1907
2259
2635
1965
221
-1470
-2427
-2671
-2473
-2860
-4306
-5429
-5416
-5360
-5502
-5042
-4574
-4764
-4651
-3816
-2937
-1865
-574
-81
-120
737
2386
3869
5119
5926
5949
6056
7094
8528
9597
10156
10548
10998
10045
6589
3890
5203
7055
4827
429
-2488
-3511
-2881
-1790
-3386
-7449
-9617
-8491
-6633
-5701
-5896
-6728
-6692
-5382
-4048
-2851
-1281
-140
235
636
1155
1838
3196
4176
3389
2008
1755
2221
2458
2091
639
-1399
-2501
-2461
-2416
-2865
-3795
-4965
-5440
-5122
-5001
-5020
-4634
-4452
-4498
-3772
-2658
-1990
-1166
-156
134
479
1939
3525
4468
5286
5890
6116
6774
8090
9254
9861
10379
11193
10711
7204
3802
4991
7644
5657
812
-1951
-2812
-2749
-1739
-2766
-6907
-9383
-8090
-6529
-6293
-6286
-6501
-6491
-5421
-4295
-3470
-1879
-131
573
759
1013
1608
3098
4400
3889
2575
2085
2253
2673
2704
1184
-974
-1904
-2075
-2383
-2600
-3412
-4988
-5450
-4854
-5156
-5603
-4866
-4389
-4669
-4159
-3112
-2413
-1319
-85
92
118
1395
3269
4646
5410
5748
6051
6749
7927
9180
9926
10511
11420
10540
6415
3504
5613
7867
5064
365
-2194
-3182
-2900
-1780
-3154
-7294
-9510
-8310
-6772
-6346
-6329
-6536
-6572
-5786
-4494
-3077
-1588
-368
369
691
832
1675
3377
4250
3402
2257
1946
2165
2586
2497
880
-1296
-2194
-2112
-2246
-2692
-3565
-4930
-5570
-5077
-4821
-5122
-4964
-4579
-4490
-3952
-2824
-2046
-1479
-520
355
826
1448
2671
4272
5595
6006
5896
6319
7634
9214
10117
10317
10674
10338
7393
4120
4776
7225
5904
1425
-1849
-3048
-2922
-2023
-2742
-6177
-9018
-8707
-7059
-6193
-6147
-6454
-6659
-6151
-4907
-3369
-1895
-677
107
410
597
1394
2834
3806
3565
2579
1878
2027
2533
2341
1133
-547
-1992
-2594
-2374
-2353
-3337
-4666
-5309
-5355
-5307
-5161
-4839
-4621
-4561
-4184
-3315
-2289
-1307
-497
-23
497
1639
3146
4443
5441
6090
6403
6938
8093
9254
9933
10765
11727
10498
6345
3642
5560
7794
5506
827
-2390
-3515
-2622
-1236
-3026
-7480
-9588
-8185
-6491
-5976
-6224
-6816
-6683
-5495
-4327
-3239
-1689
-301
410
694
819
1545
3260
4340
3543
2199
1743
2163
2853
2643
851
-1205
-2152
-2299
-2243
-2455
-3604
-5019
-5326
-5066
-5188
-5074
-4691
-4826
-4754
-3766
-2914
-2334
-1170
-289
-281
324
1856
3099
4205
5441
5855
5844
6768
8223
9222
9852
10508
11125
10304
6807
3868
5351
7566
5098
527
-1827
-2825
-2870
-1690
-2892
-7294
-9444
-7723
-6309
-6389
-6379
-6577
-6709
-5588
-4203
-3361
-2026
-402
371
607
929
1625
3028
4134
3525
2196
1822
2204
2575
2364
927
-1098
-2164
-2220
-2286
-2716
-3586
-4670
-5191
-5186
-5327
-5270
-4666
-4301
-4383
-4185
-3450
-2246
-758
63
-96
97
1484
3354
4899
5668
5590
5555
6591
8369
9663
9904
10054
10948
10392
6531
3528
5443
7718
4969
248
-2277
-3243
-2734
-1265
-2982
-7868
-9872
-7743
-6054
-6117
-6375
-6839
-6882
-5558
-4141
-3311
-2018
-524
202
471
757
1510
3128
4158
3207
1867
1847
2415
2693
2306
664
-1389
-2219
-2095
-2152
-2741
-3870
-4926
-5093
-5059
-5424
-5219
-4454
-4331
-4492
-4128
-3403
-2080
-431
61
-285
445
2075
3626
5201
6121
5873
5984
7315
8697
9650
10561
11305
11335
9152
5123
4001
7184
8010
3263
-1376
-2665
-2836
-2222
-1641
-4522
-8970
-9528
-7243
-6282
-6342
-6305
-6732
-6660
-5296
-3921
-2765
-1142
103
400
508
968
2220
4008
4441
2952
1733
1926
2600
3011
2318
83
-1965
-2319
-2089
-2343
-2900
-3954
-5209
-5579
-5259
-5125
-4950
-4612
-4527
-4495
-4093
-3147
-1619
-309
31
149
897
2255
4237
6056
6279
5695
6285
7889
9352
10339
10790
11102
10730
7721
4071
4899
8143
6627
1066
-2419
-3057
-2685
-1614
-2401
-6660
-9910
-8880
-6604
-5874
-6162
-6764
-6923
-5947
-4649
-3459
-1844
-382
180
384
625
1320
3100
4571
3825
2096
1592
2115
2730
2763
1315
-1100
-2500
-2334
-1899
-2265
-3520
-4778
-5221
-5204
-5141
-4895
-4798
-4888
-4400
-3637
-3351
-2606
-952
93
225
825
2053
3412
5086
6430
6473
6146
7056
8908
10143
10484
11074
11272
8661
4750
4528
7264
6926
2743
-952
-2829
-3424
-2335
-1867
-4983
-9007
-9611
-7705
-6376
-6112
-6297
-6624
-6564
-5606
-3889
-2102
-894
-121
455
572
918
2564
4264
4088
2759
1968
1895
2324
2768
1911
-217
-1922
-2480
-2438
-2315
-2781
-4008
-5041
-5467
-5591
-5128
-4406
-4523
-4917
-4328
-3347
-2543
-1453
-492
-126
488
1530
2544
3946
5525
6169
6205
6646
7509
8730
10084
10937
11238
10065
6315
3426
5291
7878
5484
507
-2547
-3529
-2713
-1139
-2675
-7242
-9596
-8295
-6558
-5810
-5787
-6403
-6555
-5641
-4561
-3318
-1533
-138
352
418
409
1284
3363
4519
3460
2003
1570
1820
2523
2712
1084
-1259
-2345
-2394
-2337
-2430
-3191
-4440
-5130
-5333
-5418
-4906
-4211
-4315
-4468
-3857
-3085
-2126
-737
-31
-91
615
2079
3309
4543
5714
6092
6246
7081
8218
9203
10165
11116
11213
8733
4591
3704
6840
7455
3016
-1114
-2513
-3177
-2574
-1449
-3918
-8424
-9170
-7054
-6283
-6173
-5538
-5847
-6384
-5387
-3805
-2469
-849
337
401
310
902
2204
3799
4202
2883
1674
1716
2245
2555
2090
326
-1657
-2471
-2431
-2317
-2575
-3572
-4709
-5130
-5211
-5099
-4356
-3886
-4292
-4301
-3536
-2867
-1799
-242
294
-12
620
2256
3978
5463
6105
5775
5884
7339
9108
10033
10380
10784
10099
6938
4004
5009
7381
5867
1383
-1813
-2984
-2818
-1730
-2260
-5884
-9064
-8617
-6582
-5789
-5999
-6174
-6285
-6061
-4925
-3299
-1975
-829
226
420
106
960
2900
3929
3458
2453
1619
1569
2535
2959
1419
-845
-2027
-2223
-2222
-2409
-3172
-4263
-4880
-5068
-5214
-5013
-4475
-4109
-3933
-3817
-3530
-2449
-853
170
546
901
1542
3037
5270
6517
6248
6220
7324
8697
9676
10502
11466
11131
7653
3863
4650
7536
6224
1766
-1150
-2611
-3277
-2287
-2306
-5547
-8463
-8347
-7326
-6707
-5922
-5617
-5971
-5844
-5013
-3767
-2014
-382
330
403
435
1037
2492
3749
3584
2521
1723
1571
2014
2278
1301
-500
-1835
-2527
-2810
-2722
-3058
-4170
-4922
-5074
-5466
-5431
-4365
-3812
-4287
-4159
-3230
-2431
-1340
-81
257
344
1445
2927
4250
5596
6225
6007
6507
8132
9453
10015
10747
11222
9293
5346
3821
6282
7450
3942
-376
-2264
-2795
-2354
-1547
-3458
-7668
-9236
-7309
-5789
-5870
-6001
-5979
-5982
-5248
-3853
-2584
-1435
-195
583
498
496
1693
3387
3868
2902
1752
1343
1838
2527
1990
53
-1651
-2292
-2485
-2502
-2645
-3538
-4645
-5088
-5233
-5165
-4445
-3875
-4079
-4031
-3303
-2516
-1530
-324
291
542
1296
2487
3917
5413
6212
6188
6379
7465
8994
10105
10723
11105
9791
5919
3593
5899
7793
4547
-7
-1914
-2638
-2622
-1619
-2827
-6904
-9030
-7541
-6009
-5962
-5941
-5692
-5717
-5539
-4595
-3065
-1501
-329
193
101
76
1150
2965
3761
2880
1564
1096
1596
2260
2037
576
-1320
-2476
-2529
-2171
-2369
-3271
-4317
-5126
-5441
-4956
-4075
-3868
-4322
-4395
-3808
-2819
-1404
-160
52
-42
849
2430
4032
5527
6205
5869
6094
7719
9320
10166
11187
11727
9530
5479
4058
6429
7818
4873
331
-2484
-3199
-2206
-1227
-3207
-7268
-9138
-7994
-6451
-5718
-5645
-6099
-6198
-5500
-4534
-3139
-1230
9
152
106
324
1256
3079
4130
3111
1534
1116
1634
2236
2081
627
-1372
-2611
-2852
-2504
-2435
-3454
-4744
-5139
-5219
-5347
-4625
-3737
-4040
-4455
-3735
-2782
-1885
-403
673
510
706
2356
4275
5545
6249
6332
6375
7543
9363
10358
10888
11366
9620
5399
3525
6042
7495
4328
67
-2363
-3454
-2798
-1433
-3241
-7566
-9240
-7733
-6424
-5889
-5502
-5861
-6194
-5307
-4068
-2952
-1314
205
595
384
436
1282
2980
4042
3200
1646
1018
1324
1941
1955
497
-1570
-2645
-2808
-2818
-2880
-3433
-4477
-5131
-5283
-5342
-4817
-3774
-3442
-3803
-3692
-2843
-1544
-117
703
813
1214
2485
4194
5701
6418
6373
6711
7892
9053
10003
11247
11381
8364
4255
3668
6342
6908
3278
-1026
-3146
-3272
-2232
-1893
-4375
-7990
-8939
-7329
-5997
-5674
-5616
-5652
-5564
-4939
-3807
-2278
-593
481
630
383
608
1889
3501
3793
2612
1396
965
1315
1959
1532
-359
-2038
-2584
-2835
-2979
-2894
-3470
-4581
-5037
-4992
-4942
-4268
-3296
-3202
-3515
-3045
-1988
-800
441
1089
1052
1549
3078
4749
5883
6377
6323
6611
8017
9469
10053
10757
10857
7768
3723
4059
6972
6071
1833
-1100
-2492
-3183
-2214
-1816
-4812
-8060
-7958
-6484
-5948
-5602
-5195
-5231
-5090
-4422
-3473
-2072
-426
572
585
191
485
2012
3440
3214
1971
1068
815
1169
1606
869
-929
-2219
-2647
-2917
-3030
-3108
-3761
-4636
-4903
-4792
-4699
-4204
-3372
-3127
-3453
-3082
-1661
-289
359
688
1058
1806
3349
5069
5850
5947
6411
7266
8153
9213
10457
11190
10014
6523
3650
4600
6938
5661
1196
-2148
-3025
-2637
-1945
-2524
-5309
-8017
-8034
-6369
-5380
-5293
-5217
-5005
-4821
-4259
-2964
-1362
-9
794
741
251
696
2384
3612
3140
1726
686
632
1279
1462
352
-1362
-2547
-3032
-3106
-3072
-3410
-4114
-4680
-4926
-4969
-4627
-3827
-3059
-2918
-3215
-2902
-1470
174
998
1076
1082
1767
3513
5452
6206
5887
5890
6842
8186
9305
10272
10667
8711
4656
2798
5062
6635
3835
-297
-2631
-3569
-3052
-1746
-2906
-6546
-8279
-7030
-5812
-5446
-4859
-4530
-4813
-4581
-3536
-2321
-920
551
1118
552
184
1150
2708
3309
2585
1323
389
367
1032
1031
-357
-2002
-2820
-3178
-3373
-3247
-3357
-4105
-4813
-4959
-4834
-4309
-3197
-2447
-2798
-3213
-2393
-683
690
1215
1215
1360
2389
4242
5770
6078
5781
6131
7373
8686
9478
10171
10356
8107
4246
3202
5531
6050
2819
-610
-2496
-3433
-2810
-1827
-3639
-6932
-7709
-6452
-5682
-5174
-4488
-4455
-4605
-4034
-3135
-2069
-494
910
1147
518
284
1233
2717
3268
2344
850
32
393
1093
712
-891
-2412
-3084
-3153
-2979
-3063
-3711
-4384
-4553
-4547
-4539
-4057
-3071
-2411
-2550
-2642
-1812
-488
581
1310
1711
1948
2786
4409
5773
6159
6098
6431
7409
8609
9624
10459
10008
6798
3144
3319
5896
5492
1751
-1612
-3298
-3519
-2353
-2140
-4726
-7482
-7617
-6284
-5225
-4632
-4537
-4553
-4092
-3535
-2923
-1489
285
1236
1312
867
531
1457
3154
3418
1941
538
114
404
811
341
-1249
-2792
-3428
-3424
-3237
-3264
-3772
-4392
-4748
-4889
-4574
-3494
-2339
-2207
-2839
-2778
-1358
549
1676
1697
1392
1899
3669
5710
6590
6214
5933
6738
8200
9375
10176
10284
8192
4436
2950
4859
5741
3116
-237
-2366
-3766
-3730
-2539
-3255
-6194
-7799
-7043
-6053
-5365
-4388
-3843
-4108
-4108
-3255
-1912
-363
1049
1619
1113
567
1138
2494
3176
2531
1277
261
-125
83
193
-619
-2182
-3528
-4050
-3906
-3645
-3738
-4246
-4898
-5345
-5159
-4075
-2780
-2326
-2586
-2524
-1674
-227
1324
2106
2084
2504
3881
5360
6341
6826
6992
7436
8406
9305
10147
10652
8839
4935
3059
4584
5492
3305
-139
-2983
-4261
-3452
-2473
-3932
-6767
-8046
-7340
-6089
-5142
-4638
-4361
-3962
-3424
-2749
-1638
-96
1312
1966
1688
1197
1573
2759
3423
2780
1412
291
-43
226
160
-1018
-2689
-3733
-4070
-4148
-4115
-4248
-4712
-5072
-5153
-5130
-4536
-3200
-2276
-2309
-2351
-1665
-320
1339
2424
2456
2582
3732
5325
6541
7018
6960
7300
8335
9287
10146
10464
8168
4219
3177
5153
5226
2292
-721
-2906
-4063
-3346
-2726
-4619
-6958
-7268
-6753
-6445
-5533
-4429
-3875
-3388
-3025
-2831
-1597
671
2082
2087
1631
1303
1740
3108
3798
2691
1087
315
144
136
-162
-1328
-2921
-3938
-4321
-4446
-4458
-4549
-4866
-5288
-5665
-5517
-4380
-3012
-2462
-2494
-2272
-1486
-72
1548
2505
2866
3442
4388
5543
6704
7335
7556
8141
8878
9504
10593
10546
7113
3312
3653
5720
4498
864
-1943
-3653
-4234
-3430
-3436
-5729
-7890
-7759
-6559
-5850
-5397
-4635
-3818
-3389
-3011
-2085
-661
952
2355
2658
1826
1564
2683
3694
3524
2572
1314
330
284
410
-523
-1983
-3085
-4032
-4711
-4667
-4472
-4725
-5066
-5427
-5856
-5428
-3876
-2627
-2473
-2579
-2197
-1177
459
1978
2581
2777
3465
4654
5966
7038
7438
7506
8028
8850
9649
10567
10165
6698
2997
3294
5433
4346
699
-2113
-3842
-4507
-3455
-3212
-5915
-8193
-7379
-6149
-6135
-5501
-4247
-3769
-3350
-2510
-2012
-1132
970
2618
2478
1757
1674
2269
3253
3629
2507
798
-14
30
-60
-802
-2084
-3424
-4307
-4626
-4749
-4963
-5104
-5129
-5415
-5769
-5279
-3989
-2948
-2496
-2255
-1951
-1021
719
2201
2769
3206
4124
5403
6791
7555
7568
8070
9243
9956
10549
10849
8415
4290
3512
5701
5261
1683
-1297
-3145
-4248
-3594
-3146
-5517
-8066
-7761
-6561
-6385
-6042
-5083
-4263
-3496
-2844
-2460
-1403
648
2310
2682
2263
1957
2543
3789
4217
3140
1663
861
657
463
-177
-1340
-2640
-3678
-4365
-4700
-4833
-4962
-5243
-5769
-6150
-5651
-4444
-3505
-3016
-2612
-2229
-1406
286
1840
2378
2799
3867
5185
6562
7621
7787
7946
9032
10102
10761
11209
9501
5377
3269
4840
5653
3262
-220
-3241
-4863
-4093
-3133
-4804
-7451
-8367
-7877
-6912
-5797
-5294
-5081
-4036
-2960
-2748
-2001
44
1916
2668
2678
2197
2061
3227
4505
4061
2391
1017
377
371
453
-518
-2405
-3762
-4274
-4569
-4754
-5002
-5495
-5727
-5728
-5941
-5563
-4216
-3158
-2780
-2269
-1638
-842
716
2307
3039
3678
4812
5908
6815
7704
8549
9371
9985
10555
11277
10236
6362
3564
4744
5972
3755
352
-2294
-4286
-4418
-3318
-4342
-7168
-8315
-7703
-7186
-6605
-5677
-4928
-4116
-3292
-2950
-2236
-368
1626
2735
2841
2182
2008
3199
4365
4079
2977
1852
897
584
498
-445
-1968
-3098
-3873
-4485
-4786
-5004
-5317
-5679
-6005
-5903
-5247
-4557
-3821
-2876
-2285
-1906
-824
536
1504
2773
4243
5012
5701
6853
7689
8498
9802
10570
10886
11237
9346
5143
3632
5678
5760
2517
-589
-3020
-4903
-4243
-2920
-4913
-8170
-8690
-7726
-7241
-6298
-5141
-4940
-4620
-3457
-2568
-1766
54
2001
2694
2415
2048
2240
3286
4345
4077
2555
1136
650
794
621
-489
-2178
-3546
-4168
-4319
-4400
-4643
-5154
-5700
-5800
-5458
-4966
-4230
-3255
-2611
-2397
-1823
-625
756
2136
3335
3981
4557
5746
7000
7844
8800
9768
10387
11058
10746
7673
4205
4356
6178
4993
1437
-1450
-3421
-4310
-3534
-3370
-5686
-8018
-8119
-7261
-6661
-5859
-4877
-4239
-3866
-3442
-2616
-1067
836
2287
2711
2192
1791
2525
3811
4169
3304
2050
1062
628
601
334
-693
-2211
-3474
-4121
-4305
-4323
-4472
-5007
-5574
-5586
-5126
-4542
-3775
-3045
-2745
-2383
-1455
-266
1028
2449
3503
4191
5111
6058
6831
8081
9386
9913
10600
11197
9059
5199
4172
5686
5452
3084
472
-2523
-4673
-3864
-2578
-4267
-7071
-8007
-7720
-7127
-5898
-4811
-4593
-4339
-3570
-2858
-1984
-344
1480
2432
2357
1914
1926
2748
3845
4016
2784
1222
503
477
357
-194
-1328
-2779
-3758
-4001
-4035
-4186
-4492
-4933
-5058
-4717
-4391
-3949
-3042
-2345
-2132
-1547
-638
197
1493
2968
3711
4433
5667
6357
6861
8399
9792
10194
10506
9343
5696
3621
5272
6119
3664
681
-1700
-3771
-3846
-2658
-3618
-6133
-7110
-6890
-6810
-6122
-4836
-4040
-3628
-3231
-3081
-2555
-833
1318
2459
2209
1449
1374
2354
3505
3658
2601
1203
489
449
291
-335
-1298
-2401
-3334
-3802
-3971
-4106
-4278
-4503
-4602
-4536
-4410
-3855
-2729
-2042
-2146
-1787
-648
342
1282
2568
3568
4237
5204
6147
6907
8023
9166
9920
10201
8602
5172
3658
5170
5643
3324
551
-1850
-3676
-3456
-2630
-4036
-6197
-6758
-6784
-6800
-5793
-4690
-4366
-3710
-2883
-2874
-2478
-716
1075
1987
2248
1816
1375
2082
3186
3255
2423
1341
376
56
178
-320
-1480
-2460
-3142
-3657
-3860
-4064
-4450
-4389
-3936
-4007
-4268
-3618
-2446
-1748
-1363
-902
-387
529
1960
3340
4382
5084
5388
6016
7500
8851
9572
10335
9824
6462
3430
4160
5752
4487
1734
-824
-3399
-4402
-3114
-2883
-5164
-6892
-6876
-6764
-6392
-5037
-3921
-3539
-3093
-2737
-2516
-1321
773
2268
2534
2053
1559
1813
2760
3340
2893
1764
615
-50
-209
-413
-1037
-1976
-2954
-3677
-4007
-4226
-4433
-4250
-3830
-3853
-4129
-3805
-2857
-1917
-1205
-633
-221
314
1395
2843
4181
5170
5671
5869
6461
7715
9124
10109
9854
7442
4229
3177
4307
4629
2824
16
-2684
-4204
-3925
-3417
-4387
-5890
-6542
-6636
-6444
-5604
-4458
-3470
-2595
-2218
-2408
-1886
-54
1847
2716
2577
1844
1376
1971
2933
2941
2043
941
-111
-796
-876
-961
-1646
-2598
-3387
-3926
-4226
-4336
-4178
-3684
-3385
-3644
-3698
-3001
-2077
-1195
-305
136
339
1236
2613
3760
4940
5962
6149
6276
7311
8654
9773
10185
8235
4419
2673
4059
4687
2705
94
-2141
-3949
-4319
-3751
-4364
-5998
-6725
-6488
-6252
-5815
-4832
-3694
-2800
-2268
-2022
-1582
-411
1331
2776
3013
2236
1697
2040
2672
2879
2328
1118
16
-447
-756
-1338
-1910
-2522
-3364
-3895
-3996
-4340
-4612
-3971
-3256
-3476
-3745
-3160
-2246
-1340
-406
158
512
1370
2553
3678
4974
5991
6246
6607
7578
8541
9560
10068
7993
4233
2893
4186
4263
2176
-181
-2429
-4248
-4378
-3928
-4990
-6520
-6682
-6366
-6469
-6087
-4880
-3675
-2734
-2046
-1872
-1627
-305
1702
2972
2964
2346
1982
2288
2910
3032
2313
1234
294
-429
-1004
-1515
-2059
-2641
-3179
-3706
-4319
-4805
-4627
-3753
-3116
-3323
-3635
-3190
-2160
-1011
24
637
921
1528
2716
4222
5631
6444
6669
7001
7761
8797
9871
9708
7094
3897
3033
3788
3525
1756
-772
-3373
-4677
-4332
-4331
-5611
-6648
-6793
-6790
-6549
-5754
-4784
-3676
-2450
-1900
-1978
-1360
292
2016
3068
3126
2363
1890
2426
3106
2966
2189
1240
336
-337
-907
-1667
-2372
-2663
-2889
-3652
-4723
-5109
-4328
-3171
-2792
-3198
-3424
-2782
-1468
-345
130
574
1465
2517
3671
4975
5849
6309
7214
8259
8766
9418
9749
7699
4515
3694
4432
3542
1529
-154
-2340
-4350
-4394
-4146
-5602
-6858
-6662
-6743
-7113
-6194
-4798
-4113
-3291
-2334
-2142
-1726
-98
1563
2356
2694
2562
2099
2277
2956
2937
2178
1408
674
-129
-754
-1357
-2120
-2666
-2958
-3683
-4824
-5149
-4306
-3453
-3278
-3232
-3083
-2867
-1935
-318
732
949
1354
2287
3567
5251
6589
6795
6819
7726
9046
10113
10119
7886
4647
3529
4285
3920
1988
-178
-2421
-4075
-4167
-4172
-5522
-6747
-6795
-6690
-6632
-6065
-5378
-4603
-3315
-2277
-2093
-1711
-400
1137
2209
2530
2148
1784
2096
2668
2716
2056
1124
423
-114
-810
-1553
-2072
-2495
-2919
-3552
-4583
-5123
-4268
-3179
-3137
-3402
-3214
-2783
-1777
-321
419
645
1521
2712
3728
5160
6423
6677
7027
8133
9149
9864
9709
7333
4335
3674
4263
3564
1830
-366
-2922
-4179
-3878
-4413
-5907
-6415
-6425
-6865
-6702
-5918
-5372
-4325
-2775
-2338
-2550
-1695
-137
1198
2285
2580
1912
1558
1999
2352
2302
1978
1169
187
-493
-1081
-1741
-2166
-2384
-2874
-3863
-4789
-4715
-3747
-3019
-2905
-2934
-2965
-2631
-1393
81
890
1426
2211
3259
4701
6144
6791
7157
8030
9023
9862
10204
8626
5685
4351
4745
4203
2443
671
-1444
-3472
-3977
-3910
-4958
-6237
-6668
-6846
-6898
-6276
-5421
-4808
-4008
-3060
-2543
-2167
-1145
404
1610
2039
1895
1609
1554
1925
2261
1934
1072
271
-337
-918
-1481
-2065
-2566
-2992
-3745
-4606
-4616
-3851
-3407
-3338
-3037
-2759
-2479
-1552
-285
605
1329
2278
3399
4720
5929
6546
7037
7954
9041
9974
10148
8414
5556
4203
4619
4477
2904
697
-1643
-3354
-3666
-3563
-4468
-5895
-6663
-6684
-6407
-6018
-5422
-4468
-3441
-2880
-2727
-2297
-1196
367
1714
2106
1626
1183
1379
1876
2092
1679
731
-161
-675
-1198
-1864
-2211
-2424
-3324
-4443
-4555
-3986
-3785
-3637
-3124
-2956
-2970
-2077
-693
104
811
2073
3303
4315
5530
6579
7198
7965
9012
9951
10330
9119
6396
4597
4846
4958
3429
1221
-1013
-2956
-3682
-3618
-4354
-5653
-6290
-6484
-6687
-6403
-5594
-4695
-3750
-3006
-2816
-2564
-1466
45
1199
1741
1640
1257
1224
1564
1748
1526
946
82
-773
-1465
-2066
-2387
-2518
-3237
-4372
-4733
-4298
-4063
-3885
-3225
-2738
-2721
-2297
-1213
-116
923
2101
3226
4316
5495
6518
7266
7959
8783
9846
10461
9233
6385
4416
4519
4859
3608
1101
-1371
-2923
-3369
-3446
-4145
-5465
-6414
-6361
-5911
-5788
-5484
-4379
-3163
-2649
-2441
-1967
-1163
172
1690
2214
1652
1197
1326
1525
1594
1389
606
-363
-992
-1518
-2134
-2578
-3019
-3839
-4581
-4687
-4491
-4228
-3706
-3143
-2919
-2648
-1876
-857
143
1333
2830
4276
5268
5850
6438
7395
8637
9764
10229
9309
7153
5339
4874
4722
3629
1818
-104
-1947
-3211
-3671
-4081
-4972
-5727
-5901
-5962
-6076
-5707
-4625
-3457
-2748
-2325
-1971
-1526
-508
1098
2172
2044
1547
1428
1504
1599
1545
966
44
-713
-1394
-2068
-2527
-3112
-3931
-4262
-4184
-4457
-4645
-4075
-3437
-3105
-2526
-1826
-1269
-308
1120
2499
3918
5258
5985
6521
7383
8242
9264
10357
9755
7108
5125
4944
4672
3575
2195
143
-2109
-3118
-3477
-4428
-5215
-5382
-5794
-6261
-6168
-5814
-4983
-3440
-2449
-2546
-2379
-1463
-331
1117
2367
2297
1534
1391
1575
1569
1622
1313
254
-729
-1246
-2034
-3110
-3654
-3684
-3900
-4453
-4928
-4918
-4380
-3546
-2765
-2354
-2020
-1094
403
1900
3317
4734
5818
6538
7173
7867
8988
10343
10215
7957
5779
5185
4936
4042
2788
959
-1233
-2603
-3130
-3956
-5007
-5457
-5524
-5842
-6295
-6210
-5355
-4226
-3338
-2711
-2369
-2062
-1076
517
1644
2016
1968
1491
1167
1649
2014
1229
287
-118
-797
-1869
-2730
-3347
-3644
-3386
-3402
-4181
-4567
-3917
-2923
-2145
-1554
-1019
-208
1142
2703
4066
5072
5756
6344
6871
7316
8030
8533
7400
4983
3444
3059
2287
975
-208
-1578
-2988
-3566
-3651
-3991
-4136
-3782
-3510
-3405
-2955
-2102
-1074
-176
229
229
276
590
1078
1486
1365
734
83
-422
-995
-1484
-1757
-2157
-2710
-3102
-3516
-4110
-4295
-3718
-3113
-2986
-2916
-2647
-2244
-1530
-589
-53
110
593
1385
2147
3057
4071
4686
4879
5077
5361
5821
6502
6649
5401
3420
2237
2168
2081
1212
-26
-1063
-1708
-1864
-1761
-1997
-2338
-1972
-1395
-1542
-1782
-1236
-472
-91
121
-36
-592
-653
45
454
64
-543
-1084
-1645
-1977
-1988
-2031
-2257
-2462
-2756
-3385
-3880
-3550
-2783
-2523
-2670
-2621
-2487
-2273
-1541
-740
-575
-466
206
980
1766
2991
4081
4393
4461
4735
5201
6124
7014
6525
4843
3385
2630
2474
2709
2125
227
-1095
-1043
-1211
-1812
-1660
-1470
-2029
-2067
-1492
-1659
-1793
-687
136
-434
-932
-738
-619
-307
324
116
-955
-1625
-1736
-1823
-1816
-1812
-2135
-2605
-3061
-3494
-3501
-3014
-2640
-2567
-2518
-2490
-2371
-1803
-1100
-760
-585
-224
407
1328
2307
3065
3723
4170
4193
4435
5445
6286
6061
5178
4014
2837
2560
2998
2483
942
-10
-250
-665
-873
-715
-946
-1299
-1072
-913
-1231
-1129
-558
-308
-321
-433
-901
-1134
-651
-343
-699
-1136
-1633
-2249
-2336
-2029
-2224
-2649
-2743
-3038
-3478
-3367
-3087
-3079
-2784
-2236
-2149
-2206
-1845
-1369
-909
-230
391
799
1366
2169
2904
3450
3750
3934
4402
5151
5633
5321
4271
3239
2884
2826
2374
1621
922
302
-50
-146
-453
-855
-711
-261
-308
-654
-649
-309
51
262
92
-421
-754
-610
-401
-568
-981
-1446
-1967
-2418
-2625
-2745
-2875
-2954
-3180
-3600
-3759
-3560
-3404
-3201
-2752
-2448
-2336
-1931
-1414
-1216
-866
42
943
1409
1743
2288
3006
3575
3787
3920
4291
4852
5301
4946
3500
2305
2497
2770
1898
941
539
-76
-522
-170
-164
-742
-477
259
70
-306
65
357
407
783
687
-167
-470
-66
-108
-546
-899
-1561
-2280
-2388
-2410
-2887
-3222
-3270
-3507
-3775
-3836
-3853
-3639
-3061
-2641
-2577
-2450
-2094
-1598
-943
-291
331
1102
1752
2126
2688
3321
3487
3689
4407
4964
5049
4854
4085
3066
2726
2621
1963
1330
916
114
-491
-384
-497
-847
-575
-264
-535
-517
-9
223
419
821
700
162
24
125
106
38
-364
-1178
-1728
-1892
-2201
-2585
-2808
-3026
-3250
-3422
-3722
-3859
-3483
-3023
-2834
-2733
-2633
-2426
-1788
-1031
-572
13
922
1508
1729
2254
2930
3167
3261
3753
4401
4729
4594
3970
3060
2535
2709
2701
1762
694
381
327
20
-151
-260
-611
-555
-18
-55
-490
-157
500
377
-23
-84
-283
-507
-222
-159
-875
-1403
-1492
-1992
-2560
-2455
-2444
-2979
-3120
-2999
-3400
-3557
-2942
-2623
-2798
-2452
-1965
-1987
-1685
-884
-326
329
1307
1621
1491
2048
2630
2621
3097
3930
3953
3886
4141
3430
2318
2481
2868
2137
1442
998
119
-47
669
414
-493
-347
33
-220
-5
464
187
83
518
241
-485
-494
-313
-530
-645
-871
-1616
-2131
-2128
-2359
-2696
-2658
-2667
-3032
-3279
-3204
-3099
-2873
-2426
-2178
-2308
-2262
-1728
-1180
-719
91
939
1175
1338
1966
2385
2425
2856
3480
3727
3988
4070
3270
2455
2610
2752
2119
1419
874
313
213
340
-90
-503
-145
144
-165
-171
315
536
544
656
415
-136
-184
69
-204
-704
-864
-1125
-1809
-2370
-2569
-2745
-2832
-2773
-2889
-3182
-3227
-3004
-2807
-2582
-2300
-2168
-2108
-1732
-1106
-546
74
800
1221
1433
1864
2207
2245
2637
3357
3519
3387
3626
3549
2825
2574
2744
2238
1468
1215
772
8
19
516
360
-239
-692
-964
-657
266
730
451
205
144
57
117
173
-97
-304
-355
-824
-1657
-2249
-2402
-2338
-2318
-2577
-2968
-3133
-3015
-2704
-2350
-2178
-2195
-2116
-1933
-1735
-1292
-519
218
580
626
694
1077
1678
2130
2363
2553
2809
3138
3282
2933
2408
2429
2757
2566
1908
1069
-346
-1568
-694
1440
1717
249
-126
579
620
567
962
655
32
403
519
-769
-1545
-808
-324
-944
-1858
-2661
-2943
-2194
-1358
-1601
-2316
-2563
-2423
-2228
-2084
-2001
-1773
-1376
-1278
-1611
-1822
-1303
-148
757
745
384
494
925
1353
1734
1927
2076
2488
2747
2366
1989
2215
2559
2485
2056
1472
1154
1310
1473
1303
1034
831
722
774
686
329
221
505
490
18
-445
-738
-853
-753
-792
-1375
-2064
-2254
-2118
-2122
-2300
-2411
-2408
-2365
-2328
-2330
-2233
-1879
-1486
-1412
-1545
-1473
-1112
-645
-208
32
105
414
933
1108
989
1233
1751
1995
2110
2329
2398
2362
2473
2322
1674
1298
1527
1643
1379
1174
1011
733
774
1067
936
526
495
596
405
240
160
-171
-472
-478
-721
-1337
-1723
-1795
-1933
-2096
-2278
-2586
-2704
-2453
-2245
-2266
-2223
-2070
-1932
-1766
-1566
-1360
-1025
-556
-188
28
162
278
556
983
1245
1342
1505
1715
1861
2012
2088
1997
2024
2184
2031
1649
1550
1579
1415
1226
1068
832
792
966
865
565
542
600
445
308
189
-107
-315
-327
-551
-1031
-1323
-1433
-1615
-1802
-1954
-2170
-2363
-2411
-2395
-2351
-2274
-2253
-2224
-2040
-1762
-1528
-1318
-1068
-740
-277
138
305
421
742
1147
1401
1545
1693
1883
2159
2418
2339
1990
1862
2042
2010
1689
1531
1505
1286
1134
1212
1056
739
832
1066
806
469
521
520
213
57
-7
-396
-778
-791
-871
-1299
-1621
-1662
-1755
-1975
-2090
-2152
-2254
-2235
-2053
-2008
-2169
-2180
-1926
-1695
-1561
-1349
-1063
-773
-409
-102
51
274
674
988
1182
1464
1633
1664
1925
2229
2147
1970
2059
2044
1809
1709
1660
1505
1447
1443
1229
1026
1046
990
795
751
735
532
344
185
-104
-393
-522
-734
-1137
-1471
-1652
-1761
-1819
-1940
-2166
-2262
-2156
-2065
-2075
-2078
-2040
-1929
-1718
-1545
-1468
-1319
-956
-520
-220
-122
-53
211
618
914
1017
1120
1341
1615
1838
1965
1977
1937
1995
2131
2018
1554
1267
1470
1637
1429
1228
1183
1026
943
1154
1099
664
591
803
549
70
-70
-228
-593
-771
-980
-1551
-1888
-1709
-1784
-2223
-2338
-2208
-2283
-2320
-2164
-2127
-2091
-1792
-1572
-1668
-1616
-1206
-810
-592
-448
-332
-84
318
546
492
604
1012
1385
1591
1670
1590
1553
1852
2085
1835
1563
1712
1808
1533
1313
1334
1331
1314
1324
1092
729
706
900
801
424
187
85
-62
-206
-421
-833
-1154
-1164
-1280
-1741
-2074
-2022
-1911
-1910
-1937
-2073
-2197
-2015
-1706
-1657
-1653
-1398
-1089
-815
-519
-332
-243
81
500
591
529
680
877
963
1166
1422
1510
1553
1720
1814
1686
1591
1697
1793
1613
1379
1400
1471
1323
1168
1145
1023
832
797
719
326
22
93
62
-397
-871
-985
-979
-1102
-1353
-1636
-1880
-1945
-1847
-1851
-2020
-2075
-1899
-1759
-1773
-1751
-1570
-1297
-991
-745
-619
-498
-218
124
273
283
432
722
922
956
985
1073
1198
1339
1374
1290
1317
1535
1672
1540
1316
1180
1161
1255
1339
1225
996
901
883
719
481
354
301
157
-62
-257
-441
-625
-791
-960
-1197
-1462
-1612
-1642
-1680
-1766
-1773
-1717
-1721
-1737
-1650
-1505
-1328
-1063
-787
-695
-697
-532
-285
-77
166
405
504
593
776
860
813
920
1171
1353
1398
1327
1201
1203
1340
1359
1269
1239
1177
1044
1031
1096
1025
940
927
746
386
180
160
83
-85
-267
-523
-790
-939
-1050
-1203
-1302
-1311
-1368
-1519
-1598
-1531
-1439
-1352
-1260
-1201
-1152
-963
-721
-635
-574
-350
-154
-125
-20
202
297
335
506
633
615
709
880
875
852
1033
1129
974
895
988
975
870
870
878
788
761
786
654
460
421
468
369
133
-62
-140
-228
-426
-716
-957
-1030
-1008
-1046
-1207
-1364
-1365
-1258
-1213
-1241
-1162
-936
-664
-504
-553
-664
-543
-228
-35
-1
55
174
319
500
621
590
613
817
964
897
815
864
889
853
826
756
614
587
651
592
438
406
418
265
109
72
29
-45
-35
-64
-273
-443
-471
-568
-739
-730
-685
-815
-944
-941
-937
-976
-887
-727
-631
-549
-417
-362
-384
-295
-110
1
16
68
151
223
294
338
333
371
549
717
753
770
873
940
896
825
744
647
640
680
604
437
339
315
235
105
34
-10
-81
-161
-235
-333
-422
-492
-595
-725
-809
-818
-823
-878
-951
-976
-928
-851
-781
-679
-507
-308
-169
-134
-127
-66
82
235
285
264
236
249
306
393
467
515
587
668
664
589
513
530
619
665
619
519
468
454
418
343
250
190
197
187
91
-25
-64
-85
-186
-331
-455
-512
-536
-588
-686
-771
-811
-830
-853
-871
-834
-759
-670
-547
-435
-359
-270
-164
-106
-41
99
217
228
265
392
449
411
442
571
703
767
713
624
631
685
677
633
576
497
473
528
446
231
177
253
193
19
-87
-139
-174
-165
-191
-308
-395
-376
-386
-494
-595
-612
-618
-656
-668
-691
-759
-762
-642
-534
-489
-394
-272
-238
-225
-161
-75
3
111
171
135
120
175
245
323
405
458
520
626
668
582
571
660
674
583
532
537
479
425
384
294
206
185
124
-51
-158
-110
-102
-210
-331
-417
-480
-474
-450
-521
-599
-547
-504
-593
-704
-711
-637
-549
-457
-409
-383
-265
-104
-62
-87
-31
78
135
151
174
170
169
237
301
309
346
433
490
488
484
481
469
473
493
465
423
417
375
281
250
260
179
65
4
-45
-77
-60
-98
-221
-267
-210
-235
-350
-377
-332
-333
-368
-424
-499
-529
-478
-399
-385
-380
-302
-214
-171
-152
-133
-63
52
96
48
13
94
190
228
232
226
261
337
389
353
314
381
472
434
320
241
239
284
341
286
165
132
172
127
-20
-107
-99
-79
-138
-231
-299
-309
-291
-293
-356
-414
-382
-322
-336
-403
-386
-302
-267
-271
-252
-202
-116
-20
22
-10
20
117
142
86
60
103
167
211
213
190
182
239
322
342
315
313
335
315
241
190
175
166
183
204
178
150
147
134
66
23
37
44
8
-38
-77
-144
-212
-273
-354
-379
-351
-350
-392
-403
-367
-340
-328
-314
-271
-185
-85
-36
-29
7
61
75
61
70
108
168
243
268
216
160
167
207
229
235
252
302
323
269
175
95
64
88
104
68
10
23
59
20
-56
-56
8
41
7
-57
-85
-68
-55
-115
-193
-195
-135
-109
-152
-189
-172
-143
-159
-193
-185
-105
-14
8
-40
-69
-43
-16
-26
-43
4
92
147
157
147
111
75
94
139
165
164
169
165
163
144
57
-34
-23
41
49
-14
-66
-61
-20
-1
-69
-136
-119
-71
-67
-86
-97
-110
-108
-106
-135
-140
-65
-13
-39
-71
-61
-61
-84
-59
-2
28
46
52
64
56
23
24
46
55
71
101
116
119
113
103
64
50
94
116
103
108
148
169
126
53
6
31
65
37
-28
-69
-57
-59
-118
-174
-171
-103
-55
-66
-99
-108
-82
-67
-101
-138
-136
-85
-45
-31
-28
-45
-42
-6
30
30
30
65
104
116
105
77
53
54
75
69
36
53
107
136
121
111
120
143
157
144
111
99
121
111
72
36
23
8
8
15
-11
-34
-22
-20
-47
-83
-90
-96
-119
-149
-161
-154
-155
-144
-123
-114
-113
-85
-58
-54
-47
-19
13
19
1
-11
2
26
41
18
-9
19
80
91
63
60
90
112
112
88
46
31
51
49
24
14
45
80
88
71
39
32
59
79
67
49
38
48
19
-45
-98
-105
-94
-88
-93
-95
-63
-37
-38
-83
-115
-107
-72
-47
-31
-40
-51
-20
14
1
-27
4
57
94
103
87
43
36
64
83
66
32
42
69
85
64
34
19
20
30
12
-20
-36
-23
-24
-52
-72
-77
-60
-44
-9
17
6
0
10
22
7
-1
7
12
27
40
22
-22
-36
-31
-34
-38
-46
-33
-13
0
-9
-31
-26
-6
-4
-17
-23
-15
-8
-21
-32
-26
-22
-21
-16
9
36
44
35
18
-12
-19
-7
-13
-30
-39
-22
-16
-26
-41
-63
-71
-46
-21
-29
-37
-24
-14
-14
-19
-49
-61
-35
8
32
24
22
47
80
81
42
25
57
100
105
75
50
53
76
65
12
-27
2
33
20
-23
-46
-27
-3
7
0
0
-2
-2
-8
-23
-41
-29
25
35
1
-6
7
4
-11
-11
-29
-48
-20
10
4
-15
-23
-14
-14
-14
-14
-14
7
31
31
1
-22
-20
4
3
-10
-2
22
36
32
12
-10
-12
14
34
26
13
30
48
32
5
-14
-21
-2
-4
-38
-62
-58
-48
-57
-60
-63
-41
-9
0
-15
-28
-25
-19
-37
-55
-63
-45
-21
-14
-17
-12
-1
7
11
18
22
19
12
5
12
12
10
14
33
51
63
61
45
30
29
45
48
38
39
54
51
32
19
26
34
34
29
36
30
20
10
-9
-21
-18
-9
-7
-12
-6
-7
-22
-47
-62
-75
-75
-53
-51
-71
-78
-58
-49
-51
-58
-63
-49
-26
-26
-61
-73
-47
-19
-4
-6
-12
-6
20
53
27
-7
10
47
57
32
10
15
32
36
19
3
20
49
55
33
13
8
15
9
-11
-20
-7
6
1
-13
-22
-29
-13
-10
-34
-48
-43
-27
-37
-58
-59
-60
-43
-39
-29
-20
-14
-8
-10
-23
-19
-17
-15
12
23
39
31
34
30
23
21
20
24
23
26
19
0
6
11
0
-22
-21
-6
-15
-23
-30
-31
-14
0
-15
-20
-9
0
0
-10
-30
-44
-48
-39
-24
-19
-15
-12
-17
-35
-27
-13
-19
-14
-16
-27
-41
-51
-54
-62
-60
-43
-29
-6
15
36
39
42
43
31
33
26
26
36
35
20
2
8
25
42
55
45
40
40
29
1
-25
-20
-7
-1
-9
-23
-30
-24
-31
-33
-31
-16
-3
1
2
8
7
-3
4
12
3
-15
-17
-15
-21
-21
-14
0
7
-11
-5
-4
-18
-27
-32
-39
-50
-52
-29
-19
-16
7
33
37
27
27
41
53
38
22
20
14
7
1
-2
2
15
25
15
12
10
5
0
3
0
-7
-22
-31
-43
-41
-36
-34
-31
-27
-12
-8
6
14
10
-6
-19
-30
-38
-44
-45
-44
-42
-44
-49
-51
-40
-37
-44
-40
-31
-26
-29
-30
-34
-6
14
11
8
18
22
21
25
24
27
39
68
71
58
52
64
50
33
24
14
13
25
22
3
0
12
20
10
5
-7
-19
-15
-21
-21
-27
-25
-22
-27
-27
-30
-27
-32
-33
-35
-36
-29
-32
-39
-34
-32
-36
-38
-46
-61
-59
-47
-41
-39
-48
-30
-18
-19
-26
-27
-13
4
-2
-6
-3
15
36
48
52
47
43
40
40
24
24
25
23
15
8
7
6
4
18
5
-23
-37
-27
-9
-12
-17
-14
-9
-10
3
-17
-45
-49
-31
-22
-23
-27
-25
0
17
14
5
-2
-6
-3
-9
-25
-37
-32
-20
-20
-28
-15
-4
-11
0
14
0
-4
10
14
9
15
37
50
49
59
65
48
32
43
36
14
6
16
16
7
-4
-23
-34
-25
-12
-32
-39
-24
-8
-22
-33
-40
-37
-22
-8
-17
-15
4
12
14
15
23
28
13
-6
-4
1
-7
-19
-13
4
21
17
-3
2
31
23
-11
-34
-38
-21
-7
-13
-11
15
36
36
18
21
35
36
21
10
17
20
11
-7
-9
14
11
-7
-10
14
21
0
-13
-18
-8
-2
-19
-38
-22
-3
-9
-28
-32
-6
4
4
13
21
37
31
8
12
30
35
21
8
21
29
20
8
7
22
27
4
-5
-8
-5
-9
-25
-25
-22
-7
-16
-29
-20
7
1
-2
4
13
12
9
7
3
14
6
-10
-30
-16
10
17
-4
-5
15
20
5
-22
-20
-8
-4
-17
-31
-25
-7
3
-3
1
2
14
18
17
15
14
7
4
5
3
3
-5
-9
7
17
15
5
7
16
11
2
-14
-11
2
3
-5
-13
-15
-16
-12
-13
-17
-14
3
2
-5
-18
-15
-14
-14
-13
-18
-24
-30
-12
-12
-27
-14
-9
-15
-20
-19
-20
-25
-23
-18
-14
-26
-26
-15
-14
-7
-1
-10
-10
-12
-10
-19
-22
-14
-16
-13
-23
-22
-16
-14
-8
7
22
26
21
0
7
7
-2
-11
-17
-12
-1
2
-9
-8
6
14
10
2
5
9
6
-6
-18
-27
-28
-20
-16
-16
-2
9
7
5
7
8
-3
0
8
5
-8
-12
-12
-6
-8
-19
-24
-11
7
-12
-25
-23
-19
-17
-27
-34
-30
-20
-8
-15
-14
-9
-3
9
3
0
5
5
0
7
12
19
14
10
12
28
25
15
5
11
24
12
6
-1
3
9
12
0
-13
-11
-9
-7
-4
-4
7
11
-1
0
-2
-16
-11
-11
-12
-6
-9
-12
-19
-10
7
-1
-5
3
11
11
6
-1
-6
6
7
-7
-6
2
7
1
-1
3
13
16
10
11
17
21
10
5
7
6
-2
-5
-6
4
11
7
3
2
1
2
-4
3
6
6
6
2
10
11
14
3
6
9
10
2
-7
-3
0
0
-7
-1
5
7
-6
-8
-6
2
9
8
3
8
4
5
13
20
10
-7
-4
6
11
8
7
12
16
11
1
-1
9
12
4
3
2
1
2
-6
-11
-6
-3
-6
-8
-1
6
1
2
2
12
13
7
1
2
4
5
7
-1
3
4
6
2
-4
-2
2
8
5
-11
-7
-2
-9
-23
-20
-10
-5
-4
-6
-10
-7
1
-10
-9
-5
0
2
8
6
8
3
-11
-12
-7
-5
-4
-6
10
21
13
7
4
12
8
-4
-8
-3
12
12
3
-5
9
17
14
10
9
24
26
22
17
17
28
19
6
4
10
19
15
8
12
15
20
11
-6
-4
5
-4
-8
1
7
2
7
4
-2
11
9
4
2
7
12
12
10
8
11
10
3
-5
2
10
3
-4
-2
9
22
21
10
9
21
24
9
12
17
25
20
1
9
20
32
21
17
22
27
29
8
-3
6
15
4
-14
-12
11
13
-3
-14
-5
5
1
-11
-10
5
16
2
-12
-9
-2
-3
-13
-10
1
12
16
14
13
15
16
5
-1
0
-1
7
7
0
6
13
11
15
18
9
14
18
11
15
14
22
21
23
23
34
33
13
8
15
32
21
7
8
10
11
-2
-10
-2
9
10
-7
-16
7
16
2
-12
-2
21
20
0
-5
18
30
15
0
12
21
21
6
5
20
30
28
10
7
17
24
11
5
19
33
31
12
16
24
23
28
24
14
19
28
23
12
9
10
17
15
7
17
22
16
9
2
1
1
-3
-9
-15
-7
4
-20
-24
-9
9
8
-5
-3
12
25
11
-16
-5
25
24
1
-2
18
41
24
2
4
18
33
10
0
6
36
31
5
2
28
39
15
7
18
42
28
2
-3
12
21
14
-9
-8
15
17
5
-9
0
13
9
-9
-11
3
13
4
-12
-19
-4
2
-3
-6
6
12
2
-6
-6
11
27
17
12
14
25
30
7
5
17
29
26
6
-1
20
35
14
-5
2
24
30
12
0
10
19
7
-14
-16
6
16
-2
-17
2
19
8
-13
-12
7
14
0
-19
-12
9
11
-9
-20
4
18
-1
-19
-9
10
16
0
-10
6
14
11
-8
-14
8
21
6
-7
2
11
11
0
-4
4
6
4
-5
3
13
12
5
-3
3
10
15
8
0
11
19
15
3
-1
10
17
8
0
3
14
20
9
-8
4
19
5
-12
-13
10
17
2
-11
0
11
12
-4
-17
4
20
9
-12
-10
13
21
5
-9
2
20
29
7
-6
5
26
14
-10
-6
11
16
-4
-12
-8
10
10
-1
-9
5
15
5
-6
-3
14
7
-8
-15
0
16
13
-2
-9
1
13
6
-7
-2
10
14
1
-13
-5
10
20
5
-9
2
15
10
-7
-13
3
18
4
-10
-1
16
10
-9
-12
7
11
8
-7
-5
15
18
4
-12
-3
21
16
-8
-2
11
8
-7
-9
1
12
15
6
3
13
24
9
5
12
14
6
-1
-5
2
11
1
-6
-4
12
4
-2
-10
-3
10
12
5
-8
3
10
16
9
-3
0
14
17
1
-7
-3
11
11
-11
-20
-6
6
3
-14
-10
10
14
-2
-7
-3
9
10
-4
-6
4
13
6
-2
6
13
9
7
10
13
22
22
12
10
11
19
15
6
7
17
21
14
4
0
14
13
2
-5
11
20
13
2
1
11
18
5
-14
2
20
22
4
-3
9
22
15
-3
-7
8
12
-1
-8
6
22
12
-10
-11
11
20
5
-12
0
15
19
6
-9
-2
15
7
-13
-12
13
23
4
-2
-1
14
16
5
-2
9
20
17
9
1
14
21
9
-8
3
26
22
0
-4
11
24
17
-5
-6
17
25
3
-8
3
18
19
-5
-18
-1
9
5
-13
-14
9
19
-2
-16
-10
8
1
-12
-6
6
20
6
-14
-6
11
12
-3
-14
8
28
9
-8
-4
10
20
1
-15
-3
11
9
-12
-21
2
15
3
-14
-13
8
13
-4
-18
-6
15
15
-13
-9
11
17
7
-10
-3
9
15
2
-13
2
20
7
-13
-21
1
24
-1
-21
-12
6
13
-10
-27
-7
15
6
-20
-23
0
10
-4
-22
-23
10
8
-16
-23
-6
12
4
-17
-20
-1
10
-10
-25
-15
8
11
-11
-17
-1
14
-1
-16
-19
9
15
-9
-21
-9
13
16
-11
-29
2
13
2
-18
-17
8
19
3
-17
-5
15
12
-16
-11
9
14
-5
-25
-9
8
11
-8
-25
0
19
11
-19
-23
6
19
-6
-25
-6
14
12
-13
-20
-6
8
1
-20
-32
1
11
-1
-16
-10
19
13
-4
-13
3
25
14
-9
-13
13
23
-2
-19
-1
23
17
-3
-16
6
31
10
-9
-6
20
24
-4
-22
-9
16
15
-6
-13
5
16
-1
-16
-7
24
27
1
-14
3
30
15
-10
-3
20
29
4
-13
4
23
15
-3
-10
1
21
6
-14
-8
14
24
0
-16
-7
20
22
0
-11
2
18
10
-14
-7
9
14
4
-13
-2
18
15
-2
-4
2
15
4
-14
-12
7
11
2
-18
-4
15
11
-5
-10
5
23
13
-3
-1
9
12
-8
-11
-2
16
15
-2
-13
0
11
0
-10
-17
0
6
1
-9
-10
5
8
-2
-11
-4
7
9
-7
-4
3
11
1
-12
-1
2
8
0
-17
-5
7
6
-7
-20
-4
12
4
-8
-5
4
8
-3
-12
-9
11
9
-9
-10
4
20
14
-5
-8
9
16
3
-11
-9
6
9
-9
-22
-4
12
2
-19
-22
6
14
-2
-21
-23
3
5
-15
-31
-9
11
1
-20
-28
-3
10
-8
-33
-20
5
4
-18
-32
-7
11
-7
-26
-24
5
14
-13
-33
-18
7
8
-19
-28
-3
11
-1
-23
-31
-9
12
-5
-27
-19
11
13
-11
-21
-10
17
1
-24
-14
4
18
1
-20
-18
15
21
-10
-20
-6
18
5
-16
-18
0
13
-3
-18
-19
11
12
-7
-18
-9
17
0
-18
-21
2
13
1
-16
-15
15
13
-7
-22
-4
20
10
-18
-15
7
17
-4
-23
-9
15
14
-10
-22
1
25
13
-9
-19
10
24
4
-16
-4
23
18
-7
-14
-2
23
15
-10
-10
11
26
9
-5
-2
26
19
-2
-16
0
22
13
-1
-6
19
25
2
-15
-10
25
19
-4
-13
12
36
20
6
-3
25
25
8
-5
4
29
21
1
-7
9
24
11
-7
-6
25
24
4
-15
-1
26
15
-1
-10
16
21
2
-6
-5
18
22
5
-6
7
26
11
-1
-1
16
24
10
3
0
17
26
13
4
11
31
21
4
-2
18
20
11
-3
0
22
16
0
-13
2
17
4
-8
-14
8
13
2
-7
-5
15
4
-6
-10
6
13
-6
-5
-6
4
2
-5
-6
-3
6
1
-7
-15
0
10
1
-6
-6
4
5
3
-1
-1
11
6
5
-5
-1
7
2
-7
-10
8
10
6
-5
-2
6
1
0
-10
6
12
1
-2
-8
16
2
-11
-9
0
12
-3
-11
-10
5
2
-7
-12
-8
16
4
0
-5
1
8
-6
-9
-10
0
-4
-7
-8
-3
-3
-7
-8
-7
-3
-3
-10
-3
-5
-1
2
0
-2
-5
5
1
-3
-10
-2
4
-1
-3
-8
11
8
-11
-14
-9
2
-11
-14
-11
1
2
-18
-16
-8
2
-7
-15
-11
-4
0
-4
-9
-8
6
0
-17
-9
1
10
-4
-13
-4
2
2
-3
-8
-1
3
-5
-7
-8
-3
0
-12
-5
1
1
2
-5
0
-8
-4
-8
-5
-3
-8
-1
-3
-4
-2
-3
-4
-8
-8
-13
0
-4
-6
-8
-7
5
2
-2
-9
0
-3
-8
-10
-8
3
2
-5
2
6
4
-6
-6
2
3
1
-9
-4
3
5
-5
-9
5
8
-1
-11
-8
0
2
-6
-12
1
5
-4
-8
-3
-1
-4
-7
-8
-3
3
4
-9
-7
-1
-1
0
-6
-1
5
-2
-3
-9
-9
-3
-3
-3
-9
-1
-4
-4
-2
-5
3
3
3
-8
0
3
3
-7
-11
-4
1
0
-13
-9
3
6
-2
-7
1
11
2
-9
-7
4
1
-7
-9
-3
-2
-9
-16
-16
-15
-6
-10
-13
-15
-6
-11
-12
-9
-9
1
-4
-6
-5
0
-7
-6
-12
-8
-1
-2
-7
-11
-3
3
-2
-8
-6
-1
-2
-7
-8
0
5
-5
-7
-12
-4
4
-2
-4
-6
1
0
-8
-3
-6
5
-1
-5
-3
2
-2
-11
-9
-11
1
-2
-10
-10
-6
-7
-13
-13
-8
-5
-9
-7
-12
-9
-5
-6
-8
-8
-10
-11
-11
-6
-7
-1
-2
-7
-7
-6
-4
-8
-9
-12
-9
-11
-8
-8
-10
-2
-6
-8
-7
-8
-5
-9
-8
-8
-6
-6
-7
-11
-10
-5
-7
-7
-3
-6
-8
-10
-5
-8
-11
-7
-10
-7
-12
-13
-15
-11
-15
-15
-14
-15
-6
-7
-2
-12
-13
-6
-6
-14
-8
-5
-3
-4
-10
-6
2
-3
-6
0
-1
2
-2
-5
-4
4
-2
-6
-8
-5
2
0
-9
-2
3
-2
-5
-3
0
5
5
0
-2
-1
1
0
-5
-2
-1
-5
-4
5
1
6
0
-7
2
2
-2
-4
-5
0
3
-2
-1
-4
0
4
1
-1
3
3
-1
2
5
-8
0
6
-1
-5
1
3
2
-1
-5
0
1
-3
1
6
2
-2
-5
-2
0
-4
-6
-5
-4
3
2
1
3
3
4
0
-6
-2
-3
-6
-3
-1
1
-3
-5
-5
3
7
-3
0
2
5
0
-8
-4
-1
-1
-2
-3
-3
-1
1
2
1
9
3
2
5
0
-1
1
-4
-1
4
-3
1
0
-3
3
-1
1
2
1
2
2
-1
-2
-3
-2
-1
-6
-12
-6
1
-9
-6
-9
-3
4
2
-5
-5
8
1
-3
-9
-10
-4
-4
-6
-6
-4
1
1
-5
-5
4
-2
-4
-3
-3
-2
-6
-8
-7
0
3
-6
-2
1
3
-5
-11
-5
-8
-3
-7
-5
2
-1
0
-3
-8
-6
-2
-5
-6
-3
-4
-4
-3
-11
-12
-8
-2
-7
-10
-8
-2
-4
-10
-7
-7
-7
-13
-10
-7
-6
-7
-14
-10
-2
-6
-11
-15
-10
-4
-4
-3
-10
-8
-6
-9
-10
-10
-7
-4
-11
-12
-8
-7
0
-11
-11
-7
-1
-9
-19
-15
-14
-12
-8
-11
-10
-4
-6
-12
-13
-10
-9
-9
-11
-5
-10
-16
-13
-18
-12
-10
-11
-14
-13
-14
-11
-12
-16
-11
-11
-5
-11
-9
-7
-2
-9
-10
-1
-9
-12
-12
-14
-12
-12
-11
-9
-17
-17
-11
-10
-12
-10
-13
-14
-7
-10
-13
-12
-14
-9
-7
-6
-13
-9
-14
-14
-10
-13
-9
-13
-10
-9
-7
-15
-16
-11
-12
-9
-3
-6
-4
-2
-9
-5
-11
-8
-3
-5
-6
-10
-6
-10
-13
-9
-13
0
-3
-11
-11
-9
-10
-9
-6
-8
-1
1
-5
-1
-4
-4
-2
-5
-6
-3
-5
-5
-12
-11
-4
-3
-3
-7
-9
-4
1
3
-2
-2
-4
-4
0
-1
-4
-4
-1
0
3
2
5
2
4
0
2
3
0
0
-2
-2
-1
-1
-6
-3
-3
1
2
-7
-4
-2
-3
-3
-2
-4
3
-1
-5
-11
-10
-7
-8
-12
-9
-2
-4
-5
-12
-6
-5
-4
-15
-11
-1
2
-8
-16
-11
-5
2
-5
-3
-1
-1
-7
-10
-9
-8
-6
-5
-7
-10
-6
-6
-10
-8
-5
0
4
-2
-3
5
2
-4
-6
-6
-4
-8
-10
-2
0
-1
-6
-12
2
3
-4
-10
-9
-4
-3
-3
-12
-11
-5
-1
-8
-7
-10
-5
-3
-8
-10
-8
-6
-6
-6
-5
-2
-3
-3
-4
1
1
-5
-6
-1
-1
-4
-1
-6
-3
-1
-3
-7
-7
-8
-6
-12
-8
-6
-14
-8
-1
-8
-6
-12
-12
-7
-8
-7
-8
-6
-7
-7
-10
-11
-6
-7
-7
-16
-7
-2
-9
-5
-3
-4
-3
-4
-5
-10
-7
-4
0
-1
1
4
5
2
-4
0
-5
-4
-6
-6
-4
-1
-5
-10
-7
1
-2
-3
-2
10
1
-4
2
-1
2
-4
-4
-8
-1
-1
0
-1
0
-5
-10
-3
-8
-2
-2
-8
-12
-9
-3
-13
-14
-14
-10
-13
-17
-17
-10
-5
-11
-15
-11
-8
-13
-17
-22
-19
-19
-17
-14
-14
-14
-15
-14
-17
-10
-16
-18
-17
-13
-10
-17
-10
-12
-11
-10
-9
-11
-12
-12
-17
-17
-14
-12
-13
-15
-13
-13
-13
-7
-10
-11
-9
-9
-10
-6
-2
-5
-7
-1
-6
-8
-1
-3
-4
-4
0
-6
-6
-1
-8
-8
-11
-6
-8
-8
-11
-14
-10
-12
-5
-7
-10
-11
-9
-5
-9
-8
-2
-2
-8
-7
-8
-8
-6
-8
-7
-8
-8
-4
-5
1
3
-6
-4
-8
-7
-6
-5
-6
-8
-8
-4
-7
-9
-5
-8
-7
-7
-5
-4
-2
-5
-1
0
-1
-2
-5
5
4
3
2
-2
3
6
9
6
5
4
2
4
5
3
6
6
4
5
2
7
3
6
3
6
4
0
1
10
3
-1
2
-2
4
-1
-5
-1
0
5
1
-2
-2
-3
-1
-3
0
0
2
6
3
3
1
-3
0
0
-1
4
5
3
5
8
4
4
6
7
3
-1
0
6
9
10
8
-1
3
4
1
5
8
4
0
-2
-1
1
2
5
9
4
2
0
6
7
9
4
-3
5
6
5
6
6
5
-1
2
1
5
11
8
5
0
7
4
-1
1
1
1
0
4
2
5
4
4
2
0
3
-1
1
-1
2
7
5
3
5
1
-1
-4
-4
-2
2
3
6
5
1
-1
1
3
7
8
1
3
1
2
7
7
3
0
3
-2
2
5
6
9
2
0
1
1
2
1
-1
-2
1
-1
-7
7
7
2
6
7
8
2
8
6
2
3
2
1
9
5
9
9
8
8
4
9
2
1
4
10
9
5
6
3
5
7
3
3
6
5
6
7
5
3
7
2
3
0
0
6
-1
9
7
12
14
7
4
2
3
7
6
7
8
8
2
-1
4
10
4
2
2
6
10
3
2
3
8
2
6
6
8
14
11
5
6
7
8
8
6
6
6
3
4
6
10
12
9
7
5
10
4
3
6
12
5
3
1
7
5
5
5
7
8
4
9
6
10
8
13
9
11
11
3
7
5
7
14
12
12
11
6
7
11
9
10
10
11
2
8
8
8
10
6
8
8
9
2
5
4
2
3
0
1
4
3
1
5
7
7
0
1
7
4
9
1
2
8
13
8
2
7
8
10
10
9
6
7
8
6
5
3
7
3
5
9
7
7
2
5
10
4
3
11
5
4
5
3
8
3
10
8
6
1
2
9
10
12
4
6
6
9
9
3
1
8
10
9
14
10
12
13
11
17
11
10
10
8
9
7
11
13
11
11
10
13
13
9
13
14
15
9
11
14
11
9
7
11
12
12
11
10
14
18
14
12
6
10
14
9
2
10
10
10
13
10
16
17
10
15
16
11
15
15
13
13
19
17
22
16
25
17
11
20
16
20
17
11
14
13
12
7
11
15
10
12
7
13
17
13
11
7
6
12
7
8
3
9
4
0
4
11
12
7
6
6
10
0
1
3
-1
0
1
-2
0
5
4
4
8
0
-1
1
0
0
4
4
3
5
9
5
4
12
15
10
8
8
7
6
4
3
2
6
9
4
6
13
10
9
10
10
15
11
6
10
3
6
9
11
12
11
6
9
12
15
21
14
13
10
13
15
13
12
10
13
14
16
10
14
12
12
11
11
15
16
12
12
14
13
16
4
15
23
15
13
14
14
16
16
14
20
20
13
18
15
12
20
17
21
15
21
25
21
23
16
15
9
10
14
12
14
13
19
13
14
15
14
16
11
13
15
12
14
18
15
13
16
18
15
14
9
17
17
14
14
12
14
9
6
13
15
8
10
13
14
13
14
4
4
6
10
12
7
6
13
12
12
12
13
10
6
13
11
9
6
8
7
9
6
6
6
9
14
7
8
12
10
10
9
4
7
9
4
4
3
8
6
8
6
5
4
3
4
3
7
8
2
4
3
2
6
12
11
13
12
5
10
4
11
8
10
11
8
7
8
10
7
10
8
9
2
-2
7
6
3
8
8
8
0
5
9
7
7
10
12
8
8
7
7
8
4
6
7
3
4
6
7
9
13
8
7
12
10
3
3
9
4
3
9
7
10
7
10
9
6
8
9
14
11
7
4
9
10
7
6
0
6
6
5
4
8
11
7
4
4
9
10
6
9
14
9
3
2
5
11
4
7
7
5
6
5
-1
-7
3
4
4
8
3
0
1
4
1
-1
2
4
2
3
5
2
-5
-3
-1
-1
-1
-3
4
6
7
3
1
4
0
-5
-1
-1
-1
-1
-2
4
3
4
7
0
0
1
-6
-3
-10
-7
-3
-3
2
2
2
2
-2
2
3
1
0
0
2
-1
0
6
5
8
5
4
-2
0
6
5
3
-1
-5
-4
-2
4
-2
-8
-3
-2
-5
-8
-3
-7
-2
-8
-6
-5
-6
-2
-5
-7
-4
-5
-8
-4
-7
-5
-5
-4
-2
-1
-2
-7
-5
-1
-1
-3
0
-2
-1
3
-1
-3
0
-2
-2
-1
1
2
1
0
-5
-3
0
3
7
4
2
4
0
1
0
0
-5
4
1
-4
-4
-4
-3
-4
-10
-12
-9
-1
-4
-9
1
0
2
0
-8
-6
-4
-6
0
2
5
3
3
2
2
2
-1
-3
0
1
0
0
1
3
1
-4
-7
-6
-6
-3
0
-3
-3
-8
-3
0
-6
-6
-2
-1
1
1
-1
-3
-10
-5
-3
1
-4
-5
-1
-6
-2
-2
-2
-3
0
-5
-5
-4
-4
-6
-3
-3
-3
-2
-10
-12
-12
0
-7
-8
-3
-3
-3
-2
-2
-6
-3
-11
-5
-6
-6
-6
-4
4
-3
-6
-4
-6
-1
0
0
-2
-4
-4
1
-4
-2
-4
-3
-1
-7
-4
-4
-9
-8
-13
-10
-6
-12
-5
-9
-10
-10
-8
-3
-3
0
-3
-6
-10
-5
-2
-8
-7
-7
-8
-9
-8
-8
-12
-8
-10
-10
-11
-13
-10
-7
-9
-16
-16
-17
-16
-15
-12
-16
-9
-9
-16
-11
-14
-12
-10
-14
-5
-5
-11
-8
-9
-10
-7
-12
-9
-8
-10
-10
-18
-17
-19
-18
-7
-10
-12
-7
-10
-8
-4
-6
-6
-5
-5
-10
-9
-7
0
-10
-13
-14
-15
-9
-12
-8
-10
-14
-10
-6
-6
-5
-9
-10
-7
-8
-11
-10
-10
-7
-6
-9
-8
-4
-6
-10
-5
-1
-5
-5
-6
-6
-7
-3
-7
-6
-6
-6
-3
-9
-1
0
-2
-4
-5
-8
-7
-5
-3
-1
-2
-4
-2
2
-7
-4
1
1
-1
-4
-5
-6
-2
-3
-4
-6
-4
-3
-2
-5
1
-5
-5
0
0
0
-1
-7
-8
-7
-3
-5
-5
1
-5
-4
-3
-4
-4
-6
-10
-8
-2
-4
-5
-8
-9
-12
-11
-13
-9
-6
-5
-8
-8
-10
-13
-4
-7
-7
-6
-6
-8
-4
-3
-2
-7
-5
-9
-8
1
0
4
0
-4
-4
-3
1
-1
2
-1
-1
-3
-5
0
5
-1
-1
0
-1
3
-2
1
1
3
5
4
-1
-1
-1
0
-1
0
9
2
-5
-1
-3
2
10
0
2
-1
1
2
-5
0
1
0
3
3
-2
4
7
2
4
1
0
-2
-3
-1
4
-4
-2
-1
-3
-1
2
3
4
3
3
4
4
6
3
7
4
4
4
3
4
2
5
7
1
-2
4
5
7
11
8
8
8
6
5
11
8
8
11
6
9
9
3
4
4
12
8
5
7
3
5
7
9
9
13
12
8
7
3
2
6
5
10
6
8
4
11
15
10
11
9
11
7
3
2
6
4
2
5
3
12
8
5
4
-1
6
2
-2
-1
2
1
1
-1
-1
3
4
3
3
3
3
-3
-3
0
6
4
2
2
-3
2
-2
-5
3
3
4
-1
2
-1
1
3
0
2
3
4
4
1
3
2
2
-2
3
0
-1
7
-1
1
-2
5
2
-3
-1
3
4
1
5
3
2
5
5
1
4
3
8
6
6
12
9
8
8
9
6
7
6
7
10
6
9
5
4
3
7
5
9
13
12
15
10
16
10
6
9
6
12
16
12
18
13
11
13
14
13
11
7
10
7
6
12
3
4
6
5
10
11
5
6
9
6
-2
1
0
0
7
2
-2
0
2
8
8
6
5
6
7
10
8
10
11
4
6
6
8
10
4
8
7
9
3
4
13
10
12
6
11
13
7
2
8
11
8
5
9
13
11
8
10
10
8
8
9
10
10
10
13
11
10
12
5
12
14
15
11
10
9
7
9
11
10
8
13
13
15
12
10
8
10
5
7
3
11
11
8
14
10
9
6
4
6
10
10
5
4
1
8
8
6
6
8
5
4
-2
3
3
4
2
-2
4
3
5
3
8
1
3
2
4
0
-2
4
4
3
-2
1
-4
-4
-2
-5
-2
-2
-4
-4
-2
-2
-3
-2
0
-2
0
1
-2
1
2
2
5
4
3
0
-1
5
5
-2
1
7
4
3
3
4
4
-2
2
0
3
0
2
5
6
7
10
8
6
7
4
-1
-4
1
5
0
-2
4
-2
-6
0
3
2
0
4
2
-1
-2
2
-2
-8
-9
-5
1
-4
-6
-3
0
-1
2
-5
-3
-5
-4
-5
-5
-3
-7
-4
-3
-3
-5
-1
4
-2
-5
-2
-2
-7
1
-2
-2
-1
-2
1
-4
9
0
0
0
5
0
-5
-1
-3
-3
-4
0
2
-2
0
-2
-3
-2
-1
-2
0
2
-10
-4
-13
-8
-7
-11
-8
-7
-9
-12
-9
-14
-11
-14
-13
-16
-18
-13
-10
-7
-7
-6
-8
-6
-3
-5
-9
-14
-9
-9
-1
0
-6
-5
-4
-3
-10
-4
-6
-3
-2
-7
-3
-5
-6
-7
-8
-9
-4
-4
-4
-8
-5
-8
-8
-8
-8
-2
-4
-4
-10
-8
-12
-12
-9
-8
-11
-9
-8
-7
-5
-6
-4
-5
-5
-9
-1
0
-1
-2
0
2
-1
1
2
-2
-1
-2
-9
-6
-2
5
0
-5
-8
-3
-2
-4
-5
-1
2
0
-2
2
4
-2
0
3
1
4
-1
-3
-1
1
-3
3
5
5
8
1
9
7
4
6
10
8
2
7
3
11
12
10
8
5
9
9
9
7
8
7
9
13
9
7
9
8
8
8
3
4
8
9
12
6
8
10
7
9
3
0
3
0
4
1
-1
0
-2
4
2
0
-1
2
4
1
5
0
0
7
-1
2
4
1
6
-7
0
-2
-2
4
7
3
-1
1
-4
-1
-6
-5
-4
1
0
-9
-6
-3
-4
-8
-12
-8
-6
-1
-3
-6
-1
-6
-3
-3
-4
-5
-4
-5
-5
-1
0
-6
-2
-3
-1
-1
-6
-5
-1
-2
-4
2
4
-1
-1
3
-5
-1
-3
0
-1
-6
-1
-2
0
1
1
1
7
-4
-5
-4
-2
0
0
2
-1
2
4
5
5
1
1
1
3
9
3
5
2
5
2
0
4
2
4
4
1
-2
-7
0
-4
-1
4
-3
-2
-5
1
-7
-4
0
-1
1
-1
-2
-1
1
-5
-6
-4
-6
-2
-2
-6
-6
-6
-7
-4
-6
-3
0
-2
-7
-5
-6
-5
-7
-5
0
-7
-5
-4
-9
-4
1
-9
-4
-5
-4
-1
-2
2
0
4
2
5
0
-3
0
-2
-3
-4
-1
-1
2
-4
1
7
4
4
3
1
3
2
-1
1
0
1
-6
-4
0
-6
0
1
4
4
0
1
-1
4
-3
-4
4
5
4
7
0
4
6
3
8
5
8
6
1
4
4
3
1
4
5
6
-1
3
6
3
6
5
6
4
2
4
7
-3
6
4
4
8
1
5
3
5
3
2
2
5
0
6
8
11
5
2
3
-8
1
2
0
1
-4
-1
2
-2
1
3
5
1
4
4
7
1
1
-2
-2
-1
2
-2
-5
-2
-6
-6
-9
-9
-5
-6
-2
-3
-1
-6
-8
-7
-11
-11
-14
-11
-14
-6
-12
-8
-8
-11
-6
-14
-13
-11
-6
-12
-14
-13
-12
-14
-14
-11
-10
-6
-6
-5
-6
-7
-3
1
-3
-13
-7
-3
-7
-7
-5
-7
-8
-8
-8
-3
-6
-8
-1
-7
-5
-5
-8
-9
-6
-6
-7
-7
-8
-7
-10
-14
-7
-6
-11
-13
-10
-11
-16
-11
-17
-18
-9
-10
-6
-8
-11
-10
-6
-3
-7
-15
-5
-5
-12
-11
-13
-9
-7
-11
-14
-8
-8
-8
-10
-15
-13
-8
-9
-11
-6
-6
-5
-10
-9
-9
-11
-12
-13
-12
-7
-14
-6
-3
-12
-7
-2
-10
-9
-9
-8
-11
-8
-9
-17
-5
-8
-5
-8
-9
-9
-6
-4
-6
0
-8
-2
-10
-10
-14
-15
-15
-17
-16
-21
-20
-11
-13
-18
-16
-16
-15
-9
-11
-16
-12
-15
-16
-12
-15
-18
-20
-12
-14
-18
-13
-17
-13
-12
-17
-17
-16
-15
-14
-11
-18
-17
-13
-15
-12
-16
-17
-15
-17
-17
-13
-14
-17
-15
-15
-15
-15
-17
-18
-16
-17
-11
-13
-17
-13
-10
-19
-23
-17
-16
-15
-14
-16
-16
-16
-13
-8
-12
-18
-9
-15
-14
-12
-6
-9
-13
-11
-7
-12
-16
-13
-21
-12
-14
-13
-14
-11
-11
-14
-11
-10
-9
-12
-8
-10
-13
-10
-14
-7
-12
-16
-16
-14
-9
-7
-5
-2
-5
-8
-9
-10
-10
-10
-7
-13
-10
-10
-6
-10
-9
-10
-15
-15
-12
-14
-6
-11
-8
-13
-17
-12
-13
-8
-10
-6
-7
-11
-11
-7
-6
-4
-8
-10
-10
-9
-4
-12
-11
-8
-8
-8
-4
-8
-5
-10
-8
-11
-12
-6
-9
-5
-9
-7
-6
-6
-4
-4
-2
-1
3
-2
-2
-1
-7
-2
0
-5
-3
-5
-5
-8
-7
-7
-7
-6
-8
-8
-8
-10
-15
-11
-8
-7
-15
-9
-5
-10
-10
-13
-10
-20
-15
-13
-12
-10
-8
-7
-15
-17
-12
-12
-12
-4
-9
-13
-6
-7
-10
-14
-11
-6
-5
-6
-6
3
0
-1
-5
-4
-4
-4
-9
-10
-2
-5
-5
-6
-6
-2
-5
-4
-7
-5
-7
-6
-9
-12
-4
-11
-9
-12
-9
0
-8
-8
-13
-9
-3
-5
-5
-6
-7
-12
-6
-8
-6
-12
-12
-10
-12
-10
-8
-6
-8
-10
-9
-5
-16
-18
-11
-11
-9
-8
-4
-2
-7
-12
-10
-10
-12
-14
-12
-9
-10
-14
-14
-15
-11
-9
-13
-11
-12
-6
-11
-11
-13
-17
-14
-18
-12
-17
-16
-12
-8
-13
-12
-15
-15
-9
-9
-14
-11
-3
-8
-6
-10
-10
-7
-13
-10
-10
-7
1
-4
-5
-7
5
0
-4
0
-6
-3
-7
-7
-1
-5
-4
-5
-7
-3
-3
0
1
-3
-6
-4
-2
-3
-6
-4
-5
-11
-2
1
-4
-4
-4
-4
-2
3
5
5
-2
4
7
0
2
0
1
6
-1
-5
-2
-3
0
5
3
3
3
-1
0
-2
2
2
2
1
2
-3
-3
3
0
1
6
-3
-5
-1
-5
-2
0
0
-5
-4
-5
-2
-2
-7
-3
-12
-12
-11
-10
-4
-3
-4
-9
-1
2
-8
-9
-6
-5
-6
-4
-6
-5
-4
-1
-7
-3
-4
-6
1
-7
-5
-5
-5
-5
-10
-6
-3
-9
-3
-6
-3
-5
-4
-1
-5
-8
-9
-1
-1
-3
-5
1
2
-3
0
1
2
7
4
3
3
2
-2
1
-4
0
0
-4
-10
-1
3
-1
-2
1
2
1
0
2
-2
0
4
-1
-3
3
2
2
2
1
2
1
5
6
2
-2
0
-1
4
3
3
0
4
-2
-2
-3
-6
-6
-5
-3
-5
-7
0
-3
-3
-2
-3
1
-2
-2
1
-3
-6
-4
-7
-2
-4
-7
-1
3
1
6
-4
0
-4
-9
0
-9
-3
-1
-1
-3
-7
-9
-4
-5
-8
-6
-6
-8
-3
-5
-8
-10
-6
-4
-5
-7
-6
-3
-6
-5
-5
-6
-9
-4
-2
-5
1
-6
-10
-5
-7
-3
-4
-9
-3
-6
-8
-7
-5
-7
-7
-4
-6
-7
-2
-9
-8
-7
-7
-8
-6
-6
-8
-5
-1
-5
-3
-3
-8
2
-4
-4
-8
-11
-4
-10
-5
-9
-7
-6
-7
3
-5
0
-5
3
2
-6
-2
4
1
1
0
3
3
-2
-3
-5
-2
-5
-1
-1
-7
-7
-7
-3
2
1
2
-4
4
2
2
3
-3
4
4
0
2
2
1
1
-2
1
2
0
-2
-1
0
-1
-5
-2
0
-1
2
2
-1
6
-3
-2
1
2
6
5
8
7
9
3
5
8
9
11
8
9
13
11
5
11
11
10
12
12
11
12
18
11
9
16
11
12
13
11
13
17
7
13
15
12
11
9
12
6
9
17
16
14
10
14
14
13
9
6
10
11
13
8
10
5
5
6
14
19
12
12
16
11
8
12
9
10
6
7
11
4
3
8
9
9
6
6
5
5
12
12
7
2
6
9
9
3
11
7
3
8
14
12
4
5
6
13
6
7
6
8
12
9
14
10
7
9
9
7
10
7
13
10
6
10
8
10
6
8
6
5
7
5
9
6
6
8
5
8
5
-1
8
3
1
3
4
4
2
-4
2
5
6
5
7
1
1
4
0
1
4
5
2
3
1
2
1
3
6
9
3
-1
1
6
5
0
7
4
3
5
5
3
1
-2
-1
3
-4
0
2
1
5
4
3
3
5
9
-1
-3
-1
-1
3
-2
-2
-1
-8
-2
-3
2
-2
-9
-7
-6
-4
-1
-5
-9
-4
-5
-4
-2
-7
-5
0
3
-1
-5
-3
-6
-5
-5
-7
-10
-7
-9
-4
-9
-5
-8
-9
-9
-18
-8
-12
-9
-8
-12
-4
-6
-16
-14
-11
-7
-9
-6
-7
-6
-8
-11
-9
-7
-3
-7
-8
-4
-5
-3
-4
-8
-10
-7
-11
-11
-5
-11
-6
-6
-4
-6
-3
-1
-11
-7
2
-1
-1
-2
1
-4
-5
-5
-6
-4
-2
-10
-5
-4
-8
-9
-12
-4
-8
-1
-6
-10
-8
-10
-9
-13
-12
-11
-11
-9
-8
-11
-9
-5
-8
-4
-3
-5
-8
-5
-7
-11
-6
-4
-3
-3
-4
3
-5
-8
-5
-2
-7
-12
-5
-4
-6
-5
0
-3
-2
-2
-2
-5
-6
-6
-7
-4
-7
-8
-9
-4
1
-3
-8
-7
-7
-8
-7
-6
0
0
3
-1
-4
0
2
-8
-5
-3
-5
0
-3
-2
2
0
-3
1
4
0
-1
-3
-3
5
-2
0
6
0
1
1
1
2
-5
-3
-2
0
1
2
4
3
3
-2
-1
-2
3
2
4
6
3
3
-1
0
8
5
3
6
4
3
6
11
12
7
10
8
10
9
4
5
6
9
6
6
6
10
7
9
8
5
7
6
13
8
10
12
7
6
11
9
4
6
3
8
10
14
7
10
12
11
5
5
11
4
8
7
9
4
1
4
5
5
6
5
0
1
10
2
-3
7
2
-3
1
-2
-4
5
-1
-1
2
3
0
0
-2
1
2
0
0
1
6
1
5
-2
2
5
2
5
-2
-1
2
-1
2
0
-1
1
-3
-5
6
0
-3
-3
-1
2
-1
-5
-7
-3
-2
-6
-7
-8
-4
-8
-7
-5
-9
-6
-9
-8
-8
-2
0
-2
-1
-4
-7
-6
-7
-7
-5
-6
-5
-2
-2
-9
-5
-7
-3
-2
-10
-8
-7
-5
-4
-3
-5
-3
-3
-6
-4
-1
5
0
-2
0
2
3
3
2
1
2
1
-1
0
-2
-5
-3
-3
2
0
-1
0
-2
-4
1
-1
-1
8
1
-1
-4
-6
0
2
3
-2
-1
-2
-5
-1
1
3
4
8
8
1
4
5
-4
0
-1
6
8
-1
-1
5
1
2
7
1
1
5
6
0
0
7
11
2
0
2
0
5
4
3
-1
-1
2
2
5
2
-3
-2
-1
-2
-6
-6
-5
-1
-3
-6
-4
-5
-5
-2
-2
2
-2
2
-3
0
8
4
5
-2
-4
4
1
1
2
-1
-4
1
6
-4
-3
2
-4
-1
-1
-1
-3
-4
-4
-5
-7
-4
-2
-7
-3
-3
0
-2
-4
-1
-8
-8
0
-5
-2
1
-2
-3
-2
-1
1
-1
-4
5
1
-1
6
-2
-1
5
6
2
2
5
-4
-1
-5
-4
2
-3
-4
-8
0
-1
-1
4
2
3
0
5
5
2
7
4
6
5
3
1
1
1
2
5
5
-3
-5
2
3
4
-7
-2
0
2
-4
2
1
4
11
3
7
8
8
6
4
4
7
1
-1
4
12
10
11
6
11
15
7
12
12
8
5
5
5
5
12
11
9
7
11
7
8
13
6
14
10
7
2
2
4
4
12
8
4
3
5
7
6
0
1
4
8
11
6
8
0
1
9
8
5
8
5
2
4
1
2
4
3
1
5
10
8
-1
2
7
7
-1
2
2
6
8
2
5
7
8
10
8
7
12
7
8
5
5
6
6
4
2
4
3
5
2
-2
1
4
3
0
1
-3
4
3
-4
1
3
3
7
6
4
2
1
8
1
5
2
0
6
9
8
5
3
8
6
2
-1
-7
5
3
-3
5
-4
-12
-1
-2
1
0
-3
-2
1
-4
-4
-4
-1
3
-1
3
-7
-3
3
5
0
-6
-3
1
-1
-3
2
-5
-3
1
-1
-2
-3
-6
-5
-4
-3
-8
-5
-8
-3
0
-3
-4
-6
-3
1
1
-1
-2
-9
-6
4
3
-6
1
1
-4
5
3
0
-3
-4
4
5
4
-4
6
4
3
-1
-5
-3
-2
-1
-1
-1
-4
-1
-1
1
1
1
3
-3
1
6
4
1
3
0
7
8
4
5
2
8
4
7
9
7
1
