-1
4
4
5
2
9
4
6
6
-1
5
1
1
2
3
2
6
6
3
4
5
1
-2
2
5
0
5
4
4
3
1
-3
1
0
-1
2
0
-5
-4
-3
-10
-13
-10
-8
-3
-6
-5
-3
-9
-5
-8
-4
-8
-9
-2
0
-3
-5
-5
-4
-3
-7
0
-2
-5
-1
-4
-1
-4
-6
-10
-10
-4
-6
-5
-6
-9
-8
-3
-5
-4
0
-7
-15
-9
-2
-2
0
-2
-3
-3
-3
-7
-7
-5
-2
3
4
3
-3
-1
-1
-2
-1
-3
-3
-4
-3
1
-11
-10
-7
-3
-4
-9
0
-4
-1
-3
-2
-3
-1
-9
-7
-10
-10
-5
-7
-5
-10
-6
-10
-1
-6
-12
-6
-5
-4
-6
-2
1
-5
-2
-2
-4
-3
-3
-5
0
-3
-5
-3
-4
0
-6
-5
1
-2
-6
-3
0
-2
1
0
-2
1
4
5
1
1
-10
0
-3
0
1
-3
4
-2
0
-4
-2
1
-1
2
-3
5
2
3
2
-5
-4
1
-3
-4
-7
-3
0
-2
0
2
-1
0
3
0
3
1
1
3
2
1
2
1
4
5
4
4
2
7
6
1
2
2
1
3
8
6
6
6
1
2
2
8
4
3
4
1
5
2
2
6
0
0
-2
-4
-3
-2
-1
-3
-2
-2
-4
-1
3
0
-4
1
-2
-3
-5
-2
1
-6
-8
-3
3
1
-3
-1
1
-2
-2
-3
1
-3
0
2
-2
-1
-1
-5
0
0
-4
-5
-4
-2
2
-1
-10
-6
-3
0
-1
0
0
-1
-3
-2
-3
-8
5
1
1
-4
-1
2
-2
4
0
3
6
4
4
6
5
6
2
2
1
3
6
4
3
3
3
7
7
14
7
5
7
5
7
8
8
7
9
5
5
5
4
8
6
7
9
7
1
8
8
4
6
7
5
6
10
9
9
6
6
8
5
5
2
2
4
5
4
5
4
2
1
4
6
8
6
2
6
10
12
12
14
12
10
10
11
11
5
8
11
5
5
5
2
0
3
1
7
6
6
6
2
2
5
5
6
7
2
-1
0
-3
-1
4
2
2
-3
-2
0
4
0
-1
0
-1
-1
-1
1
-2
1
-4
-4
-2
0
2
0
-4
-4
-3
2
7
4
-2
1
2
5
3
4
3
2
3
3
0
-1
2
2
2
-1
1
8
6
5
4
7
10
9
4
10
11
13
13
11
10
6
9
8
8
6
6
8
4
10
7
8
12
7
14
13
15
6
11
15
10
11
11
12
13
9
12
11
14
13
15
17
10
14
14
11
11
10
14
13
10
11
14
14
8
13
13
14
14
11
11
12
7
9
15
12
5
8
7
6
7
9
13
10
14
14
5
4
9
10
12
6
6
6
9
11
5
7
5
9
13
8
9
13
7
9
5
9
11
13
9
3
11
9
5
6
13
8
8
9
1
5
9
1
8
9
12
12
9
10
9
9
16
9
15
12
14
18
10
16
11
15
13
17
19
17
12
15
16
16
9
7
11
12
14
8
6
9
14
16
12
12
5
12
10
8
13
17
12
17
15
14
19
11
14
7
9
8
10
15
9
9
14
8
10
10
11
24
18
16
14
16
15
7
15
16
14
8
12
12
11
10
8
10
16
11
10
13
12
15
11
13
14
10
8
8
8
10
8
14
13
7
10
13
9
7
9
3
7
10
7
10
4
7
7
9
6
8
8
9
9
8
9
5
9
6
8
7
7
10
7
8
4
1
10
5
7
7
12
7
6
4
2
7
-1
0
4
4
4
7
2
2
-1
2
0
3
0
0
3
3
4
-1
4
1
-6
1
0
-2
-3
0
-1
-2
-4
0
0
-10
0
-5
-1
-2
-1
-3
-7
-3
-11
-11
-5
-10
-8
-3
-8
-9
-6
-6
-7
-12
-11
-9
-4
-2
-7
-8
-7
-4
1
-9
-5
-4
-5
-1
-3
-3
-2
-2
-4
-4
-5
-8
-11
-8
-8
-7
-5
-5
-7
-8
-4
-10
-7
0
-3
-8
-11
-11
-12
-9
-9
-8
-6
-3
-3
-5
-9
-2
-1
-10
-11
-14
-9
-9
-15
-15
-10
-6
-9
-7
-7
-8
-4
-3
-10
-7
-2
-6
-10
-10
-6
-7
-10
-4
-10
-7
-4
-8
-4
-6
-5
-10
-10
-9
-8
0
-2
-6
-7
-2
-6
0
-5
-6
-2
-5
-8
-4
-5
-2
-6
-3
-3
-6
-5
-7
-10
-13
-5
-7
-4
-5
-6
-5
3
-6
-4
-4
-5
1
2
2
0
0
-3
-2
-2
0
-7
-3
-3
-5
-2
-4
0
-1
-4
0
2
-1
-1
1
2
2
-2
-5
2
0
2
0
0
1
0
4
1
-1
3
2
0
0
-2
1
0
1
5
5
0
-4
-2
-2
-6
-11
-9
-7
-8
-9
-4
-11
-5
-7
-10
-3
-5
-4
-2
-5
-10
-5
-4
1
1
-8
2
-2
-4
2
-3
-6
-7
2
-4
-1
0
-3
-3
1
-3
1
-2
2
-1
-6
-1
-3
-7
-5
-2
-4
-6
-8
-3
-4
-4
-3
-9
-2
0
-3
3
-1
-6
-5
-4
-5
-3
-3
-1
-1
4
-4
0
-2
-4
-3
-9
-4
-3
-1
-2
-2
-2
-1
-3
1
-1
-1
3
-1
5
-1
-2
1
4
-1
-4
5
7
0
4
4
2
0
0
3
2
1
2
4
0
2
0
-2
-1
-4
-3
-1
-3
-5
-4
-4
1
2
-2
-1
-5
-4
1
0
0
-1
-1
-3
-1
-4
4
-2
-4
-3
-1
-4
-6
-3
-3
3
-5
-5
-6
2
0
-1
-2
1
-2
-3
-4
-10
3
-5
-6
-6
-6
-6
-8
-3
-5
-7
-2
-1
-2
-1
-4
-7
-6
1
-1
-9
-1
-7
-9
-5
-3
-3
-9
-4
-10
-5
-3
-3
-4
-4
-1
-1
-3
-6
4
2
0
-6
4
-1
-5
-2
-4
-3
-2
-2
-4
-3
-8
-6
-2
-5
-5
1
-1
-3
-1
1
-4
-2
0
-3
-4
-6
0
-7
-8
-9
-9
1
-8
-3
-3
-9
-9
-10
-6
-6
-6
-3
-9
-4
-4
-8
-6
-3
-6
-7
-3
-8
-5
-3
-2
1
1
-5
2
-1
-5
1
-3
-5
-2
-6
-6
2
-4
-2
-3
-1
-11
-4
4
-2
-2
1
-1
-6
-8
-8
-7
-6
-6
-9
-3
-9
-7
-1
-5
-9
-5
-2
1
1
-4
0
-7
-3
-8
-5
-4
-2
-2
-8
-7
-6
-3
-3
-4
-8
-7
-8
-1
2
-7
-6
-5
-11
-8
-5
-6
-7
-8
-3
-4
-3
-6
1
-1
0
-4
-10
-3
-7
-6
-4
-1
-6
-2
3
-6
-1
-3
6
-1
-5
1
-6
-1
-5
1
-8
-6
3
-3
-3
0
-7
-5
3
-1
-2
-5
2
-1
-6
-4
-8
-9
-1
-1
3
-1
-3
-5
-12
-7
-6
-11
-10
-11
-8
-10
-10
-13
-9
-9
-6
-7
-6
-5
-11
-7
-8
-3
-4
-5
-6
-10
-6
-5
-6
-8
-6
-9
-6
-6
-11
-10
-8
-11
-13
-7
-6
-7
-5
-4
-11
-8
-4
-11
-7
-9
-12
-6
-9
-12
-13
-6
-6
-14
-4
-7
-5
-10
-10
-10
-7
-3
-8
-9
-10
-10
-10
-7
-11
-10
-10
-13
-9
-14
-12
-8
-10
-7
-12
-10
-12
-12
-15
-14
-14
-14
-20
-13
-14
-13
-11
-12
-11
-13
-10
-14
-10
-16
-14
-11
-14
-10
-13
-11
-13
-12
-11
-10
-13
-17
-11
-15
-16
-15
-13
-17
-15
-14
-16
-15
-10
-16
-14
-13
-17
-13
-15
-15
-14
-16
-19
-18
-19
-24
-17
-18
-21
-17
-23
-15
-16
-20
-17
-18
-11
-18
-17
-14
-15
-10
-15
-15
-18
-19
-21
-14
-17
-19
-18
-16
-16
-20
-14
-15
-17
-19
-16
-12
-18
-16
-12
-20
-16
-11
-16
-13
-14
-10
-15
-14
-18
-19
-21
-15
-9
-13
-10
-14
-13
-10
-12
-12
-15
-8
-10
-9
-11
-11
-11
-14
-9
-9
-11
-15
-14
-14
-15
-12
-16
-8
-14
-16
-10
-11
-18
-20
-15
-18
-18
-16
-14
-17
-15
-11
-11
-11
-10
-8
-10
-8
-8
-7
-14
-13
-5
-12
-8
-9
-11
-11
-12
-16
-12
-17
-13
-7
-10
-15
-16
-18
-17
-14
-17
-9
-10
-14
-10
-9
-10
-11
-8
-7
-8
-9
-8
-11
-4
-4
-14
-9
-10
-10
-5
-9
-7
-12
-10
-6
-9
-2
-3
-8
-7
-11
-13
-6
-4
-14
-7
-8
-10
-9
-10
-4
-9
-10
-12
-9
-10
-8
-8
-10
-9
-13
-13
-10
-11
-9
-6
-12
-7
-10
-4
-3
-2
-6
-9
-9
-11
-8
-8
-8
-8
-8
-14
-11
-8
-10
-6
-8
-9
-9
-13
-9
-9
-7
-5
-5
-4
-6
-4
-7
-4
-2
0
3
-1
3
-5
-3
-9
-9
-5
-6
-5
-17
-12
-9
-15
-15
-14
-9
-10
-14
-6
-10
0
-8
-11
-6
-8
-8
-9
-7
-7
-7
-8
-8
-9
-11
-8
-8
-7
-3
-8
-7
-2
-8
-4
-4
-5
-2
-6
-4
-5
-2
-1
-3
-5
-6
-7
-2
-4
-3
-2
-3
0
-5
-5
-10
-5
-7
-2
0
-7
-4
-10
-6
-9
-10
-12
-12
-9
-7
-5
-9
-10
-6
-9
-14
-13
-8
-6
-10
-9
-2
-9
-8
-9
-9
-7
-5
1
-4
-1
-7
-3
-7
-6
-5
-7
-4
-7
-4
0
-1
-8
-10
-8
-11
-5
-3
-5
-2
-3
-6
-6
-7
-8
-9
-13
-8
-4
-7
-6
-3
-6
-5
-5
-2
0
-1
-6
2
-1
-4
0
3
-1
-7
-3
-2
-4
4
7
5
-1
-4
1
-6
-7
-3
-3
1
-4
0
-2
-6
-4
-1
-2
-1
-2
-3
1
0
-2
-4
4
0
-4
1
0
1
-1
-3
-1
2
0
2
2
-3
-3
-5
-4
6
1
0
-1
-3
0
-2
-3
-6
-8
-4
-3
0
-4
-1
-4
2
3
-1
-1
-2
1
-5
-2
-5
-5
-1
3
-4
-7
1
-1
-4
3
0
2
2
-3
0
-3
-4
-3
-6
-6
-7
-7
-3
-9
-14
-10
-13
-9
-8
-5
-8
-4
-3
-10
-10
-10
-7
-10
-8
-11
-9
-12
-16
-8
-11
-16
-16
-13
-7
-13
-10
-11
-6
-5
-11
-5
-9
-7
-10
-11
-13
-7
-9
-13
-15
-14
-12
-11
-6
-10
-14
-7
-7
-11
-3
-8
-8
-14
-15
-11
-14
-11
-7
-5
-11
-12
-11
-7
-11
-10
-12
-14
-15
-15
-7
-15
-12
-12
-7
-6
-14
-12
-13
-18
-11
-11
-15
-13
-4
-13
-11
-7
-13
-15
-11
-7
-12
-8
-10
-9
-14
-11
-11
-11
-10
-9
-5
-8
-12
-10
-11
-12
-18
-15
-8
-14
-14
-12
-14
-17
-9
-12
-6
-10
-14
-17
-22
-21
-17
-19
-19
-21
-19
-20
-18
-18
-17
-13
-16
-16
-21
-17
-22
-19
-17
-22
-18
-18
-16
-20
-15
-14
-18
-13
-15
-19
-16
-14
-17
-22
-17
-17
-14
-8
-14
-13
-6
-13
-15
-14
-13
-5
-12
-8
-7
-14
-14
-17
-20
-18
-9
-13
-13
-13
-11
-10
-15
-14
-15
-12
-13
-12
-13
-12
-16
-12
-8
-10
-9
-15
-7
-7
-11
-12
-15
-13
-10
-3
-8
-14
-15
-18
-9
-12
-15
-8
-12
-10
-12
-7
-8
-13
-12
-13
-17
-14
-12
-12
-10
-11
-16
-13
-14
-18
-19
-21
-18
-11
-15
-11
-14
-16
-12
-12
-7
-7
-11
-12
-15
-15
-14
-17
-11
-6
-15
-9
-8
-8
-3
-6
-11
-13
-6
-3
-9
-9
-7
-8
-3
-6
-5
-4
-4
-2
-3
-4
-2
-4
-4
-1
-2
-4
-10
-8
-6
-5
-7
-7
-6
-3
-5
-2
-5
-2
-2
0
-1
-1
2
2
-1
-5
2
-1
-1
-2
0
0
-1
-4
2
4
1
-3
0
-3
-5
0
-2
-6
-3
-1
-6
-1
-3
3
-2
-7
-1
3
-4
-5
-7
-5
-3
0
-1
2
0
-3
-1
1
4
0
1
-2
3
2
-3
-4
-3
-1
5
3
9
4
2
-1
-3
-1
1
-1
-2
1
-4
-6
0
-4
-5
-2
-6
-7
-6
-3
-4
-4
-7
-7
-3
0
2
0
4
7
7
4
5
6
5
3
1
3
3
3
4
-1
0
3
0
5
3
6
2
-1
7
2
2
2
0
1
-3
-1
1
-5
-5
-5
3
-3
0
-3
-7
-6
-7
1
-1
-1
0
3
0
3
7
6
5
0
0
1
2
-3
3
4
6
5
-4
5
3
0
5
3
-2
2
-2
1
1
6
10
2
-1
-1
-1
-5
2
3
0
0
1
3
9
3
4
7
5
3
5
9
4
9
4
5
4
5
8
10
6
11
15
3
9
11
8
9
6
0
5
6
-2
8
10
9
11
11
11
6
9
12
5
8
6
6
5
4
6
2
2
-3
0
1
1
1
8
2
2
7
7
8
6
9
9
8
6
6
10
13
13
15
16
17
19
14
9
13
15
18
14
15
12
11
15
14
13
14
15
12
15
17
13
9
7
10
6
2
9
7
12
12
10
15
16
18
13
14
13
14
16
16
11
11
20
15
11
16
16
16
19
11
18
19
19
16
6
20
21
15
16
15
12
13
15
16
18
11
19
12
9
17
10
11
12
16
13
12
13
11
16
14
11
13
11
16
10
8
11
15
16
12
15
13
15
15
13
13
14
16
20
15
13
19
13
16
16
18
15
16
12
16
21
15
17
16
13
13
14
16
12
13
13
13
20
22
14
10
12
11
14
16
11
16
12
14
15
13
18
16
10
13
19
20
18
16
17
17
19
19
24
21
14
13
20
22
21
17
15
17
12
12
16
12
15
17
18
17
19
19
15
19
14
18
17
15
16
15
19
21
19
15
17
17
20
17
15
18
15
17
20
24
21
19
19
20
19
22
21
19
21
19
12
18
19
16
13
15
12
15
19
11
15
16
18
22
21
15
17
11
12
10
14
25
16
17
13
19
18
13
11
12
17
19
21
22
25
23
23
17
16
19
22
18
18
19
19
19
13
21
18
21
17
17
18
23
22
12
20
22
19
13
14
14
17
21
16
22
18
22
15
15
21
20
18
17
14
18
16
16
21
16
14
13
21
19
24
15
16
17
16
18
17
19
18
14
13
13
11
10
14
17
12
16
15
10
9
11
11
9
14
7
13
13
10
12
11
13
8
8
9
14
13
12
11
11
9
12
16
18
14
14
11
14
15
12
9
12
9
13
12
11
16
14
15
7
9
11
12
11
9
11
13
11
12
6
9
10
7
7
8
12
7
11
5
5
5
-1
2
5
0
4
4
4
5
2
4
6
6
5
8
6
5
6
4
1
6
2
5
6
0
5
7
5
3
4
4
11
8
5
9
5
5
7
7
7
8
7
5
12
5
4
3
-3
1
-2
0
1
1
0
-1
3
0
-2
1
5
5
4
9
4
4
5
4
4
4
0
4
5
7
3
4
8
4
4
6
1
6
3
3
2
-4
0
-4
0
-2
1
-1
3
-1
-2
1
-4
0
1
-3
-1
1
5
2
4
-1
0
3
-3
0
-1
-2
-1
-2
6
4
1
3
1
2
2
-1
4
-1
4
4
1
6
1
-1
2
0
-3
0
5
1
0
1
-1
1
3
1
-5
-1
1
-2
0
4
5
4
2
0
4
4
4
4
3
1
7
2
5
7
6
3
2
5
3
4
-2
1
1
6
3
-1
3
1
-4
2
-3
3
4
-2
7
2
3
3
4
7
2
-2
3
3
6
12
1
9
9
-2
-1
1
3
2
-1
1
5
9
5
4
5
2
3
2
-2
0
6
7
1
1
0
5
9
3
7
8
3
7
8
7
3
10
9
6
3
4
7
5
7
6
1
4
6
3
2
3
0
6
0
3
8
8
7
0
8
9
12
8
3
4
8
7
9
6
1
8
11
6
4
6
8
1
6
8
3
5
5
5
-2
6
4
3
4
2
5
5
-1
-2
10
-1
-1
0
-6
-4
0
-6
-7
-6
-6
-5
-7
-3
-5
-3
-3
-4
0
-3
-2
-2
-2
-5
-9
-5
-5
-5
-3
-4
-1
-3
-1
-2
-2
-6
-4
-2
-5
4
-4
-4
-3
-9
-10
-8
-6
-3
-4
-1
-5
-1
1
-7
-6
-5
-8
-9
-5
-3
-9
-6
1
-1
3
-1
0
2
3
2
-5
1
-2
-3
1
-2
-1
-3
-9
-5
-6
0
3
-2
-1
0
0
2
3
-3
1
2
1
2
-1
-7
-3
-2
-3
-2
-4
-4
-1
-3
-2
-2
-3
-1
-2
6
6
3
-2
5
0
-4
0
-4
-3
-4
-5
-1
-4
2
0
0
0
-2
1
-3
1
-5
1
-4
5
2
2
6
1
1
2
6
0
-1
-2
-4
-2
-1
-5
-3
3
2
3
-1
-4
1
-4
4
4
1
4
1
3
1
1
3
0
6
7
5
6
6
6
4
1
5
4
1
3
1
1
2
2
6
4
2
-1
6
3
-1
2
11
9
3
2
3
-2
-1
0
-1
2
0
7
5
1
4
5
4
2
7
10
4
7
11
9
7
6
5
10
11
9
6
7
7
1
11
7
12
10
5
9
4
7
1
6
7
6
10
9
6
10
10
10
5
10
3
10
12
6
8
8
9
3
6
12
10
10
3
10
11
12
11
13
18
6
11
8
7
10
8
6
8
7
7
10
7
12
12
7
6
3
4
2
14
9
7
6
7
6
3
4
5
5
7
4
4
7
6
8
6
6
6
5
8
6
7
8
12
11
11
14
10
6
8
12
8
9
13
11
9
8
11
8
5
5
6
6
5
8
7
11
7
6
4
4
7
5
8
5
4
8
11
13
6
8
7
4
10
3
7
2
5
6
2
8
2
4
5
1
8
8
2
6
10
4
6
6
3
3
-3
1
6
5
5
2
-3
3
7
-1
0
5
3
8
4
3
6
9
8
-1
1
-5
4
3
2
2
8
9
2
4
3
7
3
8
4
8
5
2
6
0
7
9
5
7
6
5
8
4
3
8
2
1
0
6
8
8
5
-4
3
6
3
1
5
2
1
4
-1
2
3
-3
-2
3
-2
4
3
2
1
3
1
0
3
5
-1
5
6
-2
2
0
2
4
8
4
1
4
2
3
-3
-1
-2
-1
4
2
7
1
-3
0
-2
-8
-8
-3
-3
2
-4
-9
-2
2
1
3
0
-2
-3
-3
-5
-4
0
-2
-6
-7
-2
0
-3
-7
-3
-3
-2
-3
-6
-6
-11
-4
-6
-6
-6
-10
-7
-4
-3
-4
-4
-11
-11
-4
-11
-14
-3
-3
-13
-10
0
-5
-4
-8
-8
-6
-5
-3
-9
-5
-3
-9
-11
-15
-10
-7
-7
-15
-11
-7
-6
-5
-12
-7
-3
-8
-8
-5
-6
-1
-10
-11
-4
-2
0
-10
-6
-5
-11
-8
-12
-4
3
-9
-9
-7
-7
2
-8
-6
-3
-2
-7
-16
-9
0
-6
-17
-12
2
4
-15
-18
-3
6
-5
-16
-16
-9
0
-8
-17
-11
1
-1
-10
-3
5
5
-3
-1
2
11
7
6
10
-7
-16
8
39
1
-28
-1
28
4
-18
1
9
-11
-15
7
7
-10
-18
-19
-6
9
4
-8
1
1
-13
-10
12
15
-4
-7
3
15
29
25
-4
0
19
19
15
24
14
-6
5
21
17
10
16
-3
-3
20
5
-10
6
4
-18
-11
-1
-23
3
34
-39
-98
-9
44
-41
-55
-20
-68
-67
24
3
-100
-74
-8
-44
-86
-52
-62
-96
-83
-63
-81
-119
-159
-124
-46
-162
-367
-268
-22
-123
-404
-404
-237
-183
-217
-313
-471
-409
-144
-109
-330
-406
-242
-111
-95
-98
-115
-126
-33
92
129
120
150
203
246
345
423
403
398
491
554
543
583
616
525
473
570
590
449
351
360
312
198
134
32
-112
-176
-200
-337
-492
-534
-578
-721
-886
-956
-959
-979
-1051
-1110
-1097
-1075
-1036
-932
-863
-831
-708
-582
-504
-367
-164
71
377
528
544
821
1211
1518
2254
2284
503
68
3277
4847
1345
-906
1861
3773
2330
1773
1558
-527
-138
3449
2934
-1570
-1824
1187
646
-1087
17
-193
-2708
-2066
408
-723
-2705
-1784
-1355
-2569
-1807
-400
-1668
-2948
-1899
-1212
-1651
-1300
-1140
-2259
-2258
-535
-64
-1287
-1748
-1070
-520
-112
106
-469
-1023
-383
685
986
604
215
475
1319
1955
2594
3197
1471
-1073
1522
6716
4639
-1827
-899
4618
4371
1688
2152
783
-1884
1682
5751
1000
-3973
-427
2439
-559
-930
1016
-2013
-4123
317
1800
-3005
-3791
-476
-1469
-3178
-518
-218
-3792
-3203
171
-766
-2744
-1353
-952
-2600
-1536
546
-753
-2371
-1065
-188
-1105
-680
401
-653
-1672
-314
684
-235
-700
-191
-81
359
1392
1339
458
749
2290
3538
2547
-378
-370
4478
6446
1335
-1846
2258
5346
3184
1747
1740
-191
232
4413
3790
-1956
-2269
2106
1557
-1415
-161
362
-2706
-2289
1044
-406
-3531
-2026
-653
-2803
-2774
-424
-1556
-3968
-2781
-1130
-2059
-2493
-1736
-2353
-3059
-1703
-672
-1788
-2578
-1733
-1091
-1104
-770
-711
-1413
-1333
-87
752
619
427
714
1402
2387
3732
4374
2194
-708
1847
7833
6962
71
-746
4842
6431
3986
3279
1841
-724
1963
6415
3150
-2703
-1213
2259
481
-1035
500
-943
-3829
-1934
560
-1634
-3466
-2251
-2671
-3961
-2079
-700
-3179
-4832
-3228
-2041
-2134
-2019
-2811
-4118
-3021
-758
-981
-2736
-2970
-1990
-1213
-652
-604
-1476
-1932
-968
171
410
452
572
623
1266
2683
3942
4686
3664
404
202
6478
9911
3274
-2408
2489
8097
6159
3437
2694
-70
12
5939
6618
-1139
-3814
1320
2366
-904
-361
127
-3623
-3980
245
-7
-3756
-3524
-2350
-4085
-3586
-685
-1970
-5393
-4627
-2214
-2230
-2454
-2390
-4023
-4592
-1793
-109
-2146
-3790
-2731
-1448
-970
-602
-1002
-2178
-2007
-328
552
179
170
638
989
1931
3445
4405
4761
3504
472
1286
8219
10251
1980
-2578
4475
9698
6014
2864
2492
111
1114
7181
6171
-2536
-3798
2373
2594
-1233
-459
-380
-4314
-3658
858
-513
-4568
-3723
-2721
-4602
-3291
-418
-2890
-6447
-4707
-1990
-2206
-2568
-3052
-5010
-4653
-1084
-73
-2911
-4353
-2887
-1443
-727
-415
-1541
-3008
-2052
363
964
10
-220
372
1298
2863
4073
4401
4775
3485
433
2539
10099
10043
457
-1925
6721
10489
5705
2994
2389
52
2568
8588
5298
-3782
-3096
3423
2409
-1363
-282
-1094
-4945
-2926
1382
-1308
-5360
-3992
-3063
-4545
-2912
-1064
-4232
-6875
-4410
-1978
-2473
-3159
-4075
-5476
-4207
-971
-833
-3642
-4711
-3178
-1446
-565
-917
-2534
-3260
-1524
557
681
-137
-320
329
1879
3595
4237
4819
5307
2748
181
5323
12394
8041
-1503
587
9539
10044
5173
3622
1816
100
5264
9639
2570
-4876
-738
4223
1043
-1176
147
-2659
-5456
-1358
1252
-3078
-5631
-3892
-4200
-4655
-1974
-2126
-6467
-7182
-3629
-2216
-3249
-4012
-5313
-5943
-3298
-712
-2282
-4977
-4672
-2692
-1328
-889
-1713
-3256
-3018
-701
877
377
-409
-199
997
2792
4131
4477
5326
5568
2669
1327
7558
12804
6547
-1355
2916
10925
9864
5062
3495
1694
1425
6928
8969
855
-4597
549
4258
647
-1203
-606
-3524
-4934
-742
434
-4074
-5958
-4389
-4486
-4170
-2197
-3589
-7301
-6779
-3367
-2553
-3787
-4830
-5930
-5477
-2426
-985
-3535
-5618
-4130
-1936
-1317
-1577
-2401
-3278
-2365
-182
525
-451
-659
395
1535
2641
3726
4268
5363
6367
3891
1149
6043
12992
8716
-571
1751
10767
10901
5375
3686
2703
1633
6101
9354
2286
-4407
19
4744
1165
-1670
-579
-2662
-4848
-1304
495
-3870
-6183
-4292
-4355
-4854
-2743
-3215
-7215
-7430
-3616
-2475
-4288
-5398
-5914
-5601
-3005
-1300
-3623
-5997
-4495
-1973
-1552
-2078
-2620
-3298
-2673
-509
400
-735
-1123
221
1391
2299
3566
4101
4516
6402
6057
2183
3202
11080
11971
2810
117
8444
12086
7214
4392
4159
2198
4193
9201
5779
-2677
-1807
4232
2825
-1409
-875
-1378
-4401
-2837
247
-2577
-6143
-4999
-4195
-5360
-4091
-3049
-6104
-8038
-5244
-3039
-4232
-5556
-6010
-6152
-4453
-2123
-2988
-5562
-5288
-2856
-1856
-2202
-2481
-2820
-2820
-1402
-9
-203
-839
-82
1168
2145
3130
3960
4474
6305
7341
4072
1720
7767
13667
7954
159
4256
11744
10270
5804
4802
3060
2504
7486
8869
993
-3461
1664
4259
167
-1411
-618
-3268
-4590
-1123
-705
-4928
-6115
-4533
-5298
-5441
-3217
-4246
-7995
-7522
-3905
-3362
-5222
-6166
-6405
-5691
-3278
-2208
-4455
-6142
-4285
-1853
-1847
-2768
-2893
-2640
-2051
-665
87
-680
-977
655
2142
2665
3360
4128
4759
7015
7780
3768
2114
9442
13862
6227
207
6680
12374
8621
5170
5384
3138
2923
8112
7628
-784
-2697
3141
3351
-1316
-1337
-648
-3954
-4277
-738
-1821
-5894
-5758
-4446
-5750
-5358
-3407
-5337
-8378
-6713
-3629
-4131
-5865
-6249
-6202
-5215
-2951
-2786
-5268
-5887
-3405
-1841
-2449
-2918
-2766
-2726
-1838
-231
-69
-1187
-749
1373
2580
2762
3356
4257
5713
7952
6876
2655
4102
12083
12570
3860
1732
9351
11994
7642
5608
5151
2779
4638
9052
5516
-1977
-860
3960
1912
-1659
-704
-1443
-4626
-3316
-650
-3291
-6294
-5242
-5029
-6318
-4879
-3824
-6805
-8484
-5792
-3964
-5310
-6295
-6249
-6213
-4948
-3076
-3779
-5739
-5142
-2869
-2393
-3027
-2905
-2514
-2480
-1590
-391
-345
-833
186
1708
2418
3014
4203
4985
6470
7985
5757
2647
6934
13590
10044
2128
4291
11442
10821
6743
5945
4472
2771
6587
9074
2862
-2461
1077
3910
499
-1415
-550
-2765
-4767
-2157
-1079
-4541
-6339
-5352
-5801
-5946
-4163
-4847
-8089
-8072
-5069
-4194
-5624
-6615
-6851
-6083
-3992
-3039
-4650
-5883
-4512
-2625
-2336
-2796
-2858
-2613
-2130
-991
-107
-290
-572
628
2058
2854
3621
4630
5284
7124
8007
4948
3143
9144
13720
7710
1677
6493
12059
9553
6260
5820
3668
3271
7896
8002
564
-2226
2373
3187
-574
-1133
-960
-3952
-4425
-1376
-2023
-5533
-6201
-5691
-6285
-5129
-3917
-6399
-8905
-7011
-4282
-4499
-6127
-7219
-7085
-5120
-3055
-3719
-5766
-5699
-3609
-2245
-2352
-2966
-3156
-2535
-1344
-445
-341
-616
-339
1063
2439
3160
3779
4642
5724
7799
7819
4184
3804
10801
13387
5832
1868
8464
12268
8314
5894
5773
3345
4022
8613
6526
-1043
-1364
3516
2368
-1507
-1050
-1202
-4348
-3883
-1104
-2987
-6322
-5968
-5390
-6259
-5185
-4394
-7054
-8659
-6113
-4130
-5340
-6802
-6949
-6297
-4735
-3478
-4354
-5762
-5052
-3114
-2345
-2755
-3093
-2774
-2036
-1200
-597
-445
-553
8
1491
2609
3144
3924
4922
6079
8058
7587
3901
4424
11591
12997
5272
2443
9062
11856
8051
6164
5625
3058
4379
8644
5736
-1306
-842
3369
1623
-1639
-946
-1676
-4750
-3855
-1379
-3751
-7011
-6177
-5082
-6261
-6319
-5591
-6737
-7713
-6389
-5402
-6076
-6391
-6043
-6007
-5437
-4077
-3836
-4742
-4664
-3256
-2285
-2315
-2499
-2189
-1684
-1019
-221
105
-202
392
2114
3043
3213
4224
5388
6384
8289
7640
3570
4464
12269
13138
4535
2066
9373
11958
7820
5926
5241
2650
4440
8826
5340
-1876
-839
3535
1344
-1899
-813
-1693
-5026
-3907
-1311
-3876
-6915
-6038
-5575
-6718
-5703
-4996
-7300
-8352
-6131
-5082
-6155
-6472
-6248
-6313
-5288
-3773
-4055
-5080
-4608
-3218
-2498
-2417
-2451
-2283
-1806
-972
-313
-178
-209
681
2054
2805
3296
4453
5547
6758
8335
6962
3431
5637
12990
12314
3860
2730
10233
12104
7717
5705
4970
2984
5228
8771
4547
-2007
-446
3403
1047
-1799
-1063
-2304
-5140
-3673
-1562
-4383
-7317
-6354
-5542
-6459
-6090
-5789
-7357
-8000
-6349
-5478
-6117
-6483
-6363
-6134
-5158
-4006
-4045
-4763
-4525
-3211
-2183
-2153
-2383
-2006
-1435
-879
-208
221
100
864
2363
3115
3429
4774
5983
7079
8342
6711
3384
6471
13656
11547
2942
3456
11217
11684
7037
5770
4865
2770
5687
8840
3496
-2526
211
3460
229
-1913
-800
-2887
-5599
-3142
-1559
-5292
-7434
-5682
-5813
-7172
-5826
-5327
-7794
-8347
-5953
-5233
-6310
-6383
-6176
-6298
-5095
-3473
-3892
-5103
-4456
-2767
-2111
-2267
-2132
-1827
-1637
-870
201
387
33
1012
2523
3131
3615
5074
6131
7333
8193
5939
3486
8084
14075
9847
2166
4904
12091
11010
6535
5525
4326
3134
6759
8358
1979
-2565
1126
3317
-274
-1813
-1101
-3537
-5313
-2565
-2009
-5916
-7331
-5717
-6116
-6793
-5440
-6025
-8413
-7696
-5283
-5530
-6642
-6265
-6129
-6091
-4547
-3405
-4374
-5027
-3842
-2578
-2292
-2183
-1954
-1895
-1509
-455
331
197
157
1348
2554
3161
3971
5238
5816
7268
8478
6010
3374
8211
13979
9440
2166
5425
12033
10304
6246
5745
4190
2866
6880
8250
1365
-2672
1586
3188
-854
-1860
-891
-3695
-5412
-2450
-2113
-6079
-7266
-5759
-6256
-6669
-5263
-6158
-8622
-7676
-5027
-5323
-6816
-6641
-6193
-5812
-4414
-3567
-4625
-5135
-3772
-2462
-2327
-2356
-2093
-1840
-1432
-493
303
205
72
1304
2706
3201
3857
5257
5981
7303
8382
5998
3544
8426
13904
9218
2324
5808
12009
10041
6189
5786
4263
3047
6800
7885
1303
-2389
1617
2906
-1014
-1835
-928
-3685
-5232
-2388
-2504
-6483
-6949
-5031
-6281
-7461
-5570
-5491
-7852
-7713
-5658
-5745
-6337
-5740
-6008
-6475
-4742
-3021
-4028
-5072
-3912
-2477
-2240
-2031
-1756
-1867
-1592
-343
398
87
222
1607
2485
2795
3949
5582
5977
7035
8227
5982
3516
8384
14003
9298
2004
5411
12144
10361
6098
5525
4191
2981
6765
8040
1395
-2692
1372
3061
-881
-1988
-1003
-3653
-5387
-2525
-2551
-6792
-7120
-4522
-6155
-8381
-6042
-4743
-7479
-8339
-6105
-5667
-6189
-5424
-5741
-6881
-5174
-2632
-3397
-5102
-4166
-2393
-2022
-1857
-1523
-1749
-1706
-346
656
244
238
1689
2528
2777
4108
5804
6143
7323
8088
5290
3656
9674
14061
7780
1562
6583
12515
9714
5802
5373
3785
3279
7363
7457
412
-2434
2001
2672
-1260
-1627
-1005
-4159
-5163
-2142
-3158
-7125
-6335
-4345
-7105
-8419
-5138
-4698
-8099
-8275
-5810
-5614
-5866
-5181
-6089
-6931
-4401
-2256
-3825
-5294
-3776
-2133
-1941
-1762
-1574
-1920
-1479
-23
544
-33
379
1892
2534
2761
4245
5865
6329
7397
7522
4641
4232
10720
13506
6206
1398
7758
12691
8823
5123
5060
3607
3745
7632
6414
-633
-1998
2612
2123
-1729
-1514
-1226
-4543
-4935
-2253
-3714
-6798
-5906
-5377
-7792
-7130
-4360
-5871
-8854
-7583
-5330
-5507
-5722
-5686
-6667
-6130
-3400
-2732
-4578
-4924
-3207
-2075
-1784
-1539
-1626
-1772
-968
193
553
446
1057
1967
2514
3385
5124
6126
6581
7675
6830
4018
6092
12640
11563
3518
2965
10389
11609
7012
5388
4890
2755
4876
8387
4144
-2235
-419
3283
488
-2048
-791
-2335
-5611
-3801
-1867
-5163
-7069
-5158
-6011
-8212
-5928
-4103
-7100
-8873
-6432
-4998
-5645
-5613
-5852
-6618
-5200
-2718
-3128
-4933
-4398
-2495
-1844
-1801
-1465
-1580
-1664
-622
486
438
272
1200
2216
2687
3504
5189
6031
6640
7636
6362
3607
6673
13065
10615
2461
3475
11062
11031
6277
5165
4490
2588
5377
8085
2896
-2549
223
3072
-274
-2217
-901
-2701
-5534
-3994
-3128
-5569
-5701
-4862
-7869
-8986
-4568
-3355
-7666
-9217
-6584
-5163
-4804
-4659
-6436
-7462
-4491
-1683
-3070
-4917
-3953
-2392
-1814
-1137
-912
-1700
-1595
-159
615
502
935
1686
1904
2589
4239
5872
6268
6909
7168
5186
4092
9127
13212
7748
1473
5758
11983
9638
5460
4796
3488
2918
6787
7216
608
-2596
1333
2440
-1056
-1706
-1185
-4063
-5745
-3575
-3354
-5212
-5438
-6532
-8947
-6931
-2924
-4773
-9220
-8881
-5667
-4201
-4241
-5623
-7523
-6430
-2680
-1514
-3788
-4865
-3396
-1868
-1095
-716
-1228
-1825
-1003
326
795
798
1060
1452
2063
3207
4763
6006
6100
6581
6865
5187
4670
9770
12398
6170
1564
7251
11963
8281
4701
4697
3366
3305
7037
6163
-586
-2361
1979
2037
-1627
-1768
-1428
-4701
-5995
-3267
-2830
-5261
-6647
-7463
-7901
-5446
-3410
-6208
-9638
-8195
-4624
-3653
-5074
-6795
-7079
-4964
-2316
-2235
-4102
-4649
-3170
-1440
-718
-1044
-1647
-1595
-765
322
1105
1031
841
1439
2577
3802
5357
6171
6159
6720
6247
4531
6674
11863
10075
3140
3621
10304
10686
6302
4908
4314
2710
5037
7691
3129
-2292
-266
2703
108
-1932
-1188
-2852
-5716
-4733
-2946
-3927
-5626
-7016
-8289
-6976
-3965
-4453
-8013
-9231
-6789
-4174
-3849
-5661
-7395
-6487
-3516
-1974
-3080
-4437
-4124
-2507
-952
-618
-1353
-1734
-1163
-254
773
1407
1135
1089
2031
3317
4700
6015
6396
6707
6538
4812
5237
10467
11986
5393
2041
7853
11537
7973
5218
4711
2918
3517
7220
5620
-692
-1701
1792
1267
-1452
-1218
-1840
-5045
-5794
-3610
-3206
-4648
-6502
-8545
-8290
-4697
-3307
-6723
-9607
-8209
-5008
-3479
-4602
-7043
-7490
-4741
-2041
-2352
-4002
-4330
-3160
-1524
-542
-782
-1467
-1420
-689
359
1373
1512
1149
1553
2736
4133
5729
6449
6514
6651
5531
4528
8195
12334
8409
2271
4960
10908
9837
5964
4873
3632
2822
5841
6994
1803
-2006
384
1921
-462
-1399
-1215
-3779
-5992
-4516
-2986
-3947
-5746
-7799
-8799
-6298
-3280
-4925
-8802
-9259
-6321
-3784
-3788
-5986
-7765
-6255
-2927
-1802
-3341
-4418
-3787
-2217
-799
-446
-1119
-1592
-1171
-135
1136
1652
1231
1168
2238
3619
5201
6391
6583
6596
5878
4587
6598
11483
10453
3836
3098
9297
10984
7182
4976
4134
2817
4521
7163
4051
-1256
-969
1743
506
-1376
-1010
-2546
-6000
-5759
-2678
-2677
-5727
-8028
-8264
-6579
-4085
-4336
-7809
-9625
-7105
-3809
-3677
-5837
-7277
-6329
-3922
-2263
-2702
-4017
-4158
-2672
-963
-530
-945
-1276
-1292
-738
800
1845
1302
906
1941
3384
4672
6020
6488
6631
6310
4895
5420
10129
11620
5770
2422
7431
11145
8267
5465
4659
3026
3487
6677
5587
46
-1504
1130
1029
-1102
-1090
-1880
-5093
-5976
-3672
-2965
-4813
-6766
-8269
-7954
-5123
-3709
-6588
-9269
-8045
-5195
-3949
-4685
-6408
-7073
-5162
-2685
-2350
-3575
-4055
-3307
-1874
-688
-481
-1061
-1543
-1091
310
1592
1683
1367
1712
2811
4414
6031
6773
6878
6267
4570
5272
10260
12064
6182
2297
6952
11149
8776
5743
4749
3083
3381
6588
5895
443
-1408
1166
1027
-1168
-873
-1332
-5133
-6237
-3343
-2879
-5531
-6607
-6976
-8020
-6556
-3985
-5495
-8923
-8407
-5604
-4502
-4864
-5596
-6583
-6046
-3484
-2032
-3103
-4225
-3477
-2132
-1192
-579
-622
-1510
-1591
64
1568
1749
1574
1905
2612
4288
6192
7182
7170
5848
3994
5957
11440
11590
5093
2780
8054
10933
8217
5804
4632
2878
3850
6785
4994
-91
-846
1334
374
-1276
-516
-1602
-5487
-6026
-3087
-2976
-5622
-6879
-7146
-7425
-5891
-4379
-6191
-8664
-7742
-5294
-4648
-5217
-5843
-6093
-5321
-3530
-2536
-3029
-3677
-3183
-2054
-1198
-549
-494
-1171
-1401
38
1544
1936
1798
1987
2668
4485
6530
7416
6928
5039
3877
7133
11957
10116
3998
3831
9034
10224
7452
5755
4305
2723
4458
6692
3761
-530
-240
1141
-416
-1130
-303
-2490
-6039
-5248
-2710
-3710
-6066
-6652
-7112
-7332
-5483
-4529
-6816
-8566
-7061
-5189
-4923
-5242
-5820
-6244
-5132
-3139
-2632
-3458
-3709
-2859
-1847
-1069
-538
-659
-1214
-941
412
1480
1864
2013
2206
2945
4873
6772
7625
6784
4361
3818
8592
12534
8408
2782
5075
10056
9536
6761
5492
3675
2840
5557
6489
2211
-827
594
915
-1005
-741
-326
-3723
-6601
-4543
-2155
-3719
-6528
-7753
-7507
-5790
-4140
-5539
-8417
-8381
-5589
-4162
-4990
-6122
-6308
-5402
-3765
-2781
-3165
-3722
-3322
-2292
-1422
-806
-603
-899
-1111
-384
868
1466
1651
1906
2339
3308
5322
6877
7244
6070
4153
4561
9302
11806
7105
2681
5837
10093
8948
6319
4933
3164
3122
5964
5896
1370
-892
659
673
-982
-717
-1096
-4402
-6331
-4139
-2408
-3990
-6662
-8013
-7473
-5251
-4009
-6020
-8587
-8073
-5372
-3992
-4798
-6297
-6556
-5102
-3226
-2615
-3202
-3687
-3296
-2103
-1079
-633
-668
-890
-1042
-209
1236
1923
1700
1698
2483
3996
5980
7163
6943
5139
3804
6101
10851
10455
4820
3170
7824
10072
7711
5763
4496
2799
3895
6508
4610
147
-372
1189
60
-1141
-356
-1908
-5553
-5463
-2672
-3124
-5465
-6243
-6984
-7563
-5342
-3693
-6334
-8798
-7164
-4862
-4625
-5005
-5687
-6405
-5242
-2815
-2251
-3510
-3792
-2790
-1895
-1271
-494
-582
-1256
-960
452
1349
1690
1921
2029
2622
4605
6572
7250
6423
4335
3999
8187
11702
8159
3209
5037
9403
9136
6755
5466
3694
2851
5198
6223
2550
-447
475
881
-761
-806
-665
-3652
-6197
-4424
-2410
-3792
-6097
-7323
-7575
-6056
-4076
-5198
-8075
-8256
-5927
-4458
-4633
-5617
-6421
-5705
-3698
-2528
-2948
-3489
-3195
-2414
-1508
-640
-334
-852
-1196
-341
1091
1824
1826
1670
2193
3806
5708
6730
6905
5425
3601
5664
10753
10513
4776
3290
7867
9805
7530
5958
4772
2916
3873
6418
4585
307
-119
1301
-23
-1129
-278
-2010
-5646
-5210
-2465
-3465
-6011
-6257
-6528
-7357
-5695
-4227
-6422
-8434
-6888
-5206
-5290
-5194
-5218
-6078
-5517
-3295
-2432
-3359
-3570
-2731
-2153
-1505
-354
-260
-1206
-1080
505
1508
1661
1849
2175
2787
4608
6557
7349
6215
3935
4192
8997
11737
7339
3020
5846
9771
8787
6587
5465
3580
3171
5758
6018
1955
-352
924
793
-1004
-627
-611
-3969
-6141
-3864
-2507
-4628
-6288
-6576
-7332
-6561
-4371
-5087
-7966
-8091
-5902
-5018
-5127
-5306
-5966
-6008
-4160
-2587
-2926
-3692
-3230
-2362
-1739
-822
-177
-731
-1261
-206
1151
1614
1872
2169
2331
3505
5788
7275
7052
5018
3495
6245
11210
10254
4513
3617
8262
9799
7462
5959
4701
3036
4157
6344
4256
359
80
1177
-249
-1118
-225
-1961
-5547
-5309
-2744
-3406
-5602
-6242
-6851
-7342
-5405
-4284
-6577
-8408
-6929
-5318
-5165
-5234
-5628
-6223
-5245
-3269
-2773
-3507
-3537
-2714
-2185
-1532
-526
-362
-1109
-959
379
1418
1827
2008
2208
2877
4747
6609
7465
6182
3793
4478
9613
11524
6616
3242
6774
9926
8268
6429
5676
3849
3522
5842
5529
1668
122
1379
557
-1280
-461
-474
-4086
-6141
-3780
-2558
-4703
-6369
-6728
-7264
-6295
-4480
-5612
-8209
-7879
-5608
-5003
-5501
-5819
-6049
-5699
-4135
-2971
-3282
-3779
-3248
-2365
-1869
-1118
-471
-835
-1321
-347
1097
1710
1706
1801
2395
3967
5873
7001
6945
4999
3514
6715
11616
9722
3931
4238
9191
9734
7109
6092
4833
3130
4729
6676
3749
97
727
1625
-419
-1113
-29
-2032
-5575
-5161
-2836
-3530
-5565
-6541
-7361
-7237
-4996
-4477
-7179
-8591
-6752
-5116
-5132
-5503
-6074
-6293
-4966
-3194
-2982
-3623
-3603
-2901
-2139
-1363
-633
-704
-1186
-900
424
1342
1664
1695
1887
2729
4766
6438
6968
6329
4508
4028
8001
11754
8490
3329
5004
9786
9608
6825
5544
4204
3265
5292
6465
2985
-259
640
1328
-460
-789
-385
-3089
-5922
-4419
-2421
-3999
-6172
-6744
-7197
-6728
-4764
-4929
-7653
-8473
-6375
-4956
-5194
-5765
-6225
-6108
-4657
-3145
-3096
-3751
-3628
-2791
-2011
-1268
-660
-805
-1245
-725
632
1415
1588
1680
2132
3204
5041
6411
7078
6353
4307
4313
8857
11669
7576
3296
5920
9903
9098
6811
5611
3846
3367
5840
6273
2305
-259
931
1099
-578
-474
-589
-3729
-5886
-3878
-2408
-4294
-6303
-6881
-7252
-6366
-4591
-5369
-8014
-8311
-6191
-4951
-5155
-5825
-6503
-6118
-4311
-3034
-3415
-3925
-3549
-2791
-2032
-1089
-652
-1122
-1385
-476
783
1341
1535
1684
2193
3487
5379
6574
7104
6174
4108
4829
9884
11639
6444
3111
7084
10429
8497
6440
5637
3698
3587
6373
5889
1386
-210
1436
783
-963
-216
-678
-4381
-6018
-3537
-2501
-4585
-6362
-7102
-7529
-6090
-4229
-5698
-8528
-8196
-5769
-4832
-5217
-5893
-6563
-5957
-3940
-2862
-3484
-3889
-3382
-2627
-1840
-880
-615
-1202
-1431
-391
963
1435
1347
1401
2083
3564
5388
6286
6687
6224
4483
4601
9114
11692
7197
3054
6302
10407
9007
6459
5550
3951
3433
6074
6434
1999
-616
1098
1439
-533
-540
-617
-3900
-6043
-3765
-2339
-4555
-6534
-6907
-7366
-6515
-4503
-5344
-8367
-8532
-5980
-4810
-5357
-5961
-6501
-6142
-4236
-2815
-3367
-4052
-3545
-2546
-1777
-974
-683
-1197
-1428
-469
800
1259
1330
1458
1852
3089
5074
6149
6336
6442
5342
4291
7254
11485
9357
3811
4384
9529
10188
7126
5541
4540
3394
5071
6907
3792
-389
178
1839
271
-851
-388
-2546
-5715
-4690
-2303
-3621
-6111
-6793
-7200
-6960
-4934
-4709
-7579
-8766
-6687
-5088
-5266
-5627
-6281
-6600
-5078
-3041
-3063
-4081
-4030
-3021
-2087
-1243
-708
-1133
-1678
-1026
474
1303
1282
1217
1568
2693
4507
5920
6282
6598
6025
4654
5927
10443
11018
5785
3363
7791
10852
8484
5864
4958
3809
4297
6671
5461
722
-610
1557
1235
-777
-760
-1575
-4659
-5323
-2916
-2963
-5554
-6717
-6777
-7201
-6040
-4571
-6309
-8807
-7856
-5399
-5002
-5682
-6219
-6680
-5824
-3562
-2816
-4053
-4492
-3371
-2194
-1527
-997
-1072
-1538
-1192
136
1133
1184
1092
1439
2320
3751
5362
5919
6134
6663
5925
4824
7473
11343
9227
4002
4841
9886
10192
6946
5392
4618
3783
5457
6800
3382
-558
386
2142
321
-1185
-901
-2665
-5453
-4475
-2301
-3903
-6721
-6973
-6671
-6686
-5417
-5267
-7705
-8715
-6463
-4954
-5703
-6248
-6243
-6291
-5086
-3333
-3423
-4373
-4048
-2805
-2098
-1597
-991
-1133
-1660
-906
695
1316
963
1147
1988
3000
4387
5695
5966
6505
6714
5259
5214
9443
11540
6961
3306
7129
10931
8785
5902
5326
4328
4081
6276
5999
1463
-721
1527
1817
-728
-1215
-992
-3657
-5878
-3863
-2226
-4704
-7355
-7241
-6776
-6249
-5175
-5962
-8571
-8701
-5890
-4710
-5957
-6809
-6677
-6023
-4449
-3239
-3694
-4508
-3917
-2482
-1683
-1339
-1088
-1345
-1530
-418
1171
1429
935
1403
2564
3562
4943
6042
6418
6790
6131
4853
6913
11302
10309
4769
4327
9471
10709
7577
5774
5054
3939
5124
6950
4365
-1
32
2080
864
-989
-815
-1932
-5017
-5185
-2614
-2968
-6147
-7404
-6882
-6697
-5842
-5219
-7041
-8961
-7579
-5171
-5201
-6367
-6773
-6597
-5524
-3775
-3281
-4191
-4532
-3412
-2116
-1531
-1299
-1374
-1692
-1163
305
1242
918
839
1758
2909
3981
5255
5797
6336
7068
6080
4850
7833
11685
9018
3966
5585
10344
9804
6819
5868
4814
3750
5739
6943
3061
-640
734
2252
218
-1131
-890
-2693
-5330
-4439
-2431
-3838
-6654
-7233
-6833
-6562
-5564
-5524
-7649
-8866
-6937
-4887
-5313
-6629
-6985
-6323
-4853
-3531
-3577
-4407
-4459
-3189
-1805
-1362
-1504
-1599
-1529
-784
609
1365
915
909
2068
3331
4348
5469
5954
6608
7167
5961
5224
8839
11771
7965
3622
6644
10878
9225
6344
5754
4513
3855
6299
6641
1973
-834
1426
2260
-344
-1354
-1102
-3125
-5257
-4210
-2938
-4345
-6351
-7095
-7454
-6717
-5030
-5474
-8254
-9098
-6600
-4584
-5322
-6869
-7296
-6312
-4332
-3222
-3960
-4839
-4283
-2809
-1769
-1519
-1602
-1681
-1501
-575
709
1287
805
906
2185
3434
4368
5450
5778
6369
7358
6411
5090
8209
11792
8470
3532
6238
11004
9368
6026
5681
4902
3860
5863
6699
2329
-917
1243
2438
-354
-1684
-1138
-2845
-5217
-4420
-3174
-4570
-6192
-6681
-7596
-7285
-5109
-5139
-8072
-9052
-6735
-4959
-5431
-6413
-7069
-6642
-4552
-3112
-3917
-4808
-4092
-2782
-1994
-1602
-1407
-1585
-1446
-490
519
969
932
1226
2045
3038
4172
5382
5777
6556
7328
6057
4910
8348
11883
8511
3577
6073
10821
9610
6452
5727
4789
4039
6194
6881
2465
-718
1326
2499
-100
-1307
-950
-2716
-4980
-4140
-3020
-4397
-6099
-6666
-7433
-6979
-5105
-5373
-8016
-8779
-6739
-5252
-5592
-6400
-6968
-6601
-4754
-3468
-4043
-4643
-4057
-3028
-2274
-1649
-1387
-1504
-1432
-658
266
898
929
1080
1838
2841
3947
5154
5607
6211
7396
6643
4778
7042
11580
9895
4215
4835
10074
10265
6918
5869
5223
3825
5303
7158
3722
-628
459
2520
444
-1354
-947
-2224
-4742
-4453
-3243
-4204
-5706
-6370
-7407
-7444
-5464
-5003
-7383
-8865
-7413
-5581
-5259
-6012
-6901
-6982
-5289
-3478
-3689
-4687
-4405
-3232
-2331
-1683
-1334
-1436
-1457
-834
44
827
1176
1054
1469
2587
3816
4818
5506
5971
7103
6971
5177
5987
10507
10898
5588
3949
8719
10779
7963
5983
5307
4041
4918
7072
5023
261
-179
2269
1525
-891
-1150
-1759
-3955
-4517
-3339
-3886
-5405
-6041
-6879
-7610
-6066
-4849
-6620
-8583
-7769
-6032
-5343
-5653
-6529
-7167
-5901
-3752
-3506
-4667
-4626
-3463
-2619
-2061
-1503
-1512
-1690
-1097
-158
383
820
998
1256
1988
3262
4441
5178
5360
6507
7558
5985
4573
8191
11754
8168
3538
6333
10674
9149
6330
5871
4729
3873
6135
6740
2237
-809
1422
2517
-218
-1427
-1012
-2782
-4666
-3804
-3418
-4879
-5629
-6135
-7598
-7146
-4972
-5421
-7913
-8314
-6742
-5655
-5418
-5958
-6996
-6798
-4672
-3320
-4131
-4866
-4051
-3009
-2348
-1681
-1508
-1825
-1445
-371
133
437
948
1178
1519
2722
4013
4818
5303
6214
7377
6512
4573
6469
11166
10295
4723
4320
9353
10371
7444
5988
5083
3708
5123
7094
4311
-140
145
2304
933
-1066
-964
-1934
-4204
-4235
-3325
-4303
-5316
-5528
-7056
-7906
-5647
-4566
-6886
-8475
-7391
-6111
-5306
-5258
-6539
-7443
-5662
-3400
-3519
-4694
-4503
-3490
-2599
-1759
-1326
-1688
-1787
-812
83
281
758
1183
1314
2022
3579
4724
5228
5642
7002
7235
5291
5110
9571
11653
6882
3451
7515
10793
8497
6354
5805
3967
3945
6883
6245
1090
-730
1894
1939
-587
-992
-1179
-3563
-4517
-3159
-3619
-5392
-5427
-5913
-7857
-7037
-4608
-5612
-8236
-8095
-6519
-5674
-5328
-5896
-7254
-6825
-4350
-3223
-4232
-4843
-4104
-3096
-2130
-1377
-1509
-1983
-1438
-244
232
530
977
1129
1484
2852
4313
5092
5322
6242
7384
6344
4625
7165
11504
9541
4155
5110
10058
9896
7009
6140
4986
3589
5659
7300
3501
-596
747
2579
524
-1133
-841
-2316
-4398
-3616
-3018
-4911
-5671
-5126
-6853
-8034
-5668
-4574
-7045
-8412
-7191
-6111
-5469
-5283
-6515
-7379
-5504
-3307
-3632
-4802
-4492
-3397
-2550
-1792
-1439
-1788
-1769
-725
51
264
723
1055
1239
2173
3635
4608
5206
5691
6823
7113
5515
5127
9209
11532
7141
3425
7159
10736
8756
6301
5642
4192
4121
6733
6295
1390
-825
1630
2142
-273
-1145
-1333
-3446
-4411
-3051
-3604
-5593
-5491
-5654
-7817
-7282
-4610
-5379
-8306
-8249
-6436
-5657
-5455
-5901
-7163
-6792
-4280
-3193
-4406
-5042
-3914
-2866
-2333
-1700
-1466
-1909
-1548
-279
250
315
864
1439
1691
2738
4285
5276
5486
6610
7459
5874
4504
8184
12179
8891
3478
5636
10678
9970
7022
6041
4543
3637
6485
7603
2859
-929
1107
2699
436
-935
-886
-2817
-4528
-3102
-2888
-5292
-5838
-5009
-7055
-8115
-5344
-4478
-7583
-8713
-6867
-5877
-5646
-5419
-6589
-7522
-5409
-3070
-3666
-5092
-4617
-3328
-2451
-1685
-1415
-1980
-2101
-763
314
374
477
1102
1461
2302
3896
5147
5338
6126
7519
6455
4379
6785
11724
10355
4442
4304
9689
10661
7638
6129
4975
3546
5536
7836
4416
-543
162
2754
1214
-929
-927
-2170
-4358
-3579
-2506
-4679
-6234
-5122
-6090
-8232
-6401
-4315
-6628
-8837
-7398
-5897
-5735
-5501
-6112
-7485
-6230
-3374
-3230
-4953
-4996
-3529
-2550
-1966
-1580
-1824
-2072
-995
163
206
333
1099
1576
1927
3263
4873
5592
5934
7296
7001
4801
5604
10714
11701
6081
3358
8185
11210
8629
6305
5446
3895
4573
7441
6038
589
-766
2193
2035
-658
-1074
-1432
-3832
-4441
-2839
-3672
-5811
-5662
-5875
-7922
-7018
-4505
-5739
-8578
-8086
-6158
-5529
-5506
-5947
-7152
-6686
-4037
-2999
-4361
-5057
-3996
-2799
-2001
-1471
-1613
-2057
-1371
-6
367
490
884
1264
1703
3022
4501
5416
5607
6774
7380
5471
4604
8959
12309
7914
2936
6258
11078
9498
6588
5748
4193
3757
6735
7172
2003
-1242
1339
2569
-65
-1152
-974
-3104
-4839
-3388
-2982
-5200
-5978
-5753
-7380
-7446
-5018
-5178
-7911
-8352
-6656
-5730
-5474
-5602
-6714
-6980
-4785
-3063
-3833
-4835
-4235
-3096
-2238
-1519
-1323
-1850
-1737
-349
421
463
723
1233
1612
2569
4013
5341
5705
6422
7390
6114
4453
7501
12190
9773
3617
4571
10380
10570
7285
5909
4620
3396
5857
7776
3699
-1108
224
2631
807
-1068
-978
-2520
-4773
-4078
-2913
-4482
-5966
-5950
-7149
-7799
-5579
-4679
-7249
-8870
-7452
-5757
-5243
-5560
-6691
-7352
-5483
-3133
-3323
-4737
-4667
-3412
-2232
-1481
-1299
-1707
-1764
-684
236
618
989
1263
1425
2338
3870
5306
5936
6428
7251
6274
4773
7130
11679
10300
4608
4233
9484
10721
7999
6132
4617
3364
5475
7583
4409
-481
-309
2092
1111
-831
-1153
-2458
-4647
-4396
-3098
-4250
-5995
-6130
-6878
-7839
-6205
-4812
-6632
-8598
-7839
-6160
-5276
-5279
-6236
-7230
-6088
-3584
-2929
-4075
-4580
-3789
-2549
-1359
-917
-1421
-1904
-1010
268
801
1027
1211
1422
2241
3721
5117
5842
6158
7344
6945
4788
5781
11041
11663
5745
3243
8309
11111
8641
6422
5041
3207
4565
7674
5805
170
-1059
1786
1693
-620
-1097
-1930
-4432
-4885
-3207
-3689
-5699
-6283
-6861
-7991
-6486
-4565
-6233
-8832
-8262
-6191
-5160
-5346
-6317
-7324
-6383
-3825
-2928
-4134
-4798
-3915
-2629
-1609
-1206
-1467
-1808
-1147
38
514
852
1237
1497
2012
3406
4852
5799
6152
7266
7006
4860
5383
10536
11972
6400
3068
7616
11026
8814
6559
5367
3227
3930
7406
6389
692
-1278
1424
1702
-512
-934
-1678
-4396
-5198
-3312
-3369
-5485
-6390
-6714
-7844
-6814
-4689
-5732
-8473
-8455
-6457
-5159
-5061
-5932
-7149
-6665
-4069
-2735
-3744
-4570
-3964
-2832
-1609
-943
-1203
-1693
-1220
-58
573
965
1336
1545
1877
3096
4756
6095
6290
6860
6897
5226
5393
10102
12075
6930
3035
7096
11146
9179
6497
5374
3483
3677
6981
6684
1198
-1541
999
1895
-335
-1120
-1689
-4307
-5490
-3637
-3190
-5263
-6634
-6960
-7755
-6833
-4862
-5732
-8398
-8543
-6541
-5158
-5081
-5889
-7008
-6714
-4290
-2711
-3494
-4433
-4012
-2930
-1650
-840
-1052
-1633
-1277
-83
619
1027
1321
1452
1819
3134
4690
5895
6200
6981
7072
5188
5023
9749
12243
7333
2986
6615
10930
9334
6661
5388
3402
3478
6779
6733
1433
-1512
820
1852
-246
-1088
-1653
-4291
-5583
-3636
-2936
-5268
-6895
-6848
-7348
-6840
-5043
-5712
-8287
-8454
-6287
-5091
-5424
-6003
-6623
-6459
-4427
-2785
-3421
-4310
-3831
-2690
-1736
-1079
-895
-1225
-1220
-176
721
1079
1236
1606
2101
3061
4465
5959
6327
6971
7075
5167
4840
9568
12263
7470
2968
6418
10752
9336
6750
5398
3321
3400
6696
6737
1523
-1494
679
1704
-331
-1112
-1715
-4439
-5810
-3811
-2997
-5402
-7080
-6937
-7402
-6966
-5123
-5674
-8223
-8508
-6374
-5122
-5399
-5910
-6501
-6416
-4455
-2766
-3240
-4141
-3901
-2719
-1602
-1004
-882
-1122
-1151
-261
746
1342
1396
1527
2182
3337
4685
6005
6483
7268
6905
4773
5173
10312
12099
6741
2858
6921
10857
9116
6567
5091
2999
3578
6988
6454
871
-1652
884
1554
-648
-1164
-1917
-4884
-5965
-3660
-3136
-5830
-7217
-6985
-7583
-6918
-4965
-5920
-8520
-8363
-6060
-5203
-5531
-5738
-6368
-6332
-4100
-2464
-3237
-4137
-3612
-2366
-1427
-843
-709
-1176
-1117
43
1076
1325
1357
1716
2442
3390
4985
6309
6682
7217
6419
4457
6119
11328
11183
5164
3220
8287
10669
8233
6151
4618
2737
4233
7149
5211
-158
-1191
1266
894
-1004
-1089
-2455
-5540
-5732
-3184
-3471
-6331
-7249
-7128
-7617
-6305
-4791
-6580
-8847
-7895
-5536
-5075
-5543
-5921
-6408
-5687
-3382
-2517
-3378
-3933
-3152
-1955
-1180
-714
-596
-1015
-833
248
1307
1577
1536
1921
2817
3758
5364
6559
7221
7221
5534
4367
7812
12094
9709
3934
4178
9243
10301
7883
5728
3642
2674
5277
7139
3746
-937
-704
1306
415
-997
-1422
-3477
-5959
-5056
-2897
-4237
-6878
-7236
-7232
-7449
-5860
-5190
-7323
-8788
-7192
-5472
-5428
-5640
-5911
-6392
-5365
-3320
-2749
-3427
-3806
-3073
-1987
-1064
-515
-704
-1203
-679
638
1512
1575
1693
2316
3142
4426
5999
6799
7508
6899
4660
5081
10253
12169
6933
2997
6712
10409
9063
6956
5303
2832
3144
6599
6428
1249
-1429
536
1033
-740
-1098
-1979
-5079
-6294
-3809
-3146
-5902
-7365
-6990
-7595
-7122
-5257
-5907
-8295
-8209
-6087
-5398
-5486
-5427
-6041
-6160
-4201
-2688
-2922
-3536
-3309
-2470
-1519
-589
-292
-921
-1027
55
1296
1674
1680
2041
2827
3768
5430
6432
7105
7522
5939
4227
7477
12044
9875
4104
4411
9074
9701
7677
6325
3998
2321
4832
7071
3802
-761
-480
1147
-101
-1084
-1137
-3627
-6275
-4975
-2906
-4751
-7118
-6877
-7108
-7903
-6148
-5146
-7228
-8649
-7068
-5576
-5477
-5405
-5686
-6408
-5290
-3150
-2732
-3407
-3539
-2886
-2020
-1171
-441
-655
-1257
-680
715
1379
1429
1819
2513
3138
4449
6089
6695
7416
7029
4788
5151
10322
11969
6750
3250
6960
10069
8650
6869
5359
2882
3251
6465
6039
1077
-1215
734
919
-947
-1087
-1935
-5188
-6190
-3571
-3324
-6282
-7330
-6686
-7516
-7246
-5466
-6112
-8282
-7952
-6081
-5569
-5542
-5379
-5883
-5929
-4139
-2707
-2861
-3412
-3114
-2282
-1424
-567
-197
-812
-1079
143
1457
1647
1777
2462
2967
3831
5695
6862
7395
7261
5345
4553
8910
12481
8499
3343
5620
9941
9245
6990
5810
3710
2779
5460
6569
2463
-1151
146
1189
-718
-1489
-1457
-4103
-6384
-4505
-3109
-5558
-7306
-6690
-7290
-7696
-5913
-5624
-7848
-8443
-6647
-5595
-5522
-5433
-5863
-6081
-4633
-3019
-2863
-3416
-3378
-2586
-1660
-763
-297
-757
-1146
-214
1150
1587
1691
2302
2935
3574
5170
6579
7450
7398
5523
4358
8114
12126
9330
4050
4957
9243
9590
7571
5970
3854
2811
5125
6534
3242
-616
-320
923
-242
-1193
-1622
-3944
-6007
-4625
-3329
-5215
-6962
-6803
-7301
-7580
-5921
-5654
-7599
-8196
-6684
-5786
-5513
-5173
-5553
-6012
-4766
-3053
-2782
-3156
-3074
-2538
-1847
-802
-123
-563
-1060
-264
958
1471
1893
2433
2841
3465
5079
6379
7230
7353
5518
4100
7697
11889
9238
4005
4859
9004
9212
7278
6007
3924
2543
4800
6414
3124
-694
-232
950
-496
-1404
-1552
-3898
-6082
-4580
-3305
-5379
-7100
-6604
-6972
-7568
-6283
-5777
-7354
-7825
-6544
-5846
-5652
-5120
-5233
-5778
-4857
-3060
-2554
-3036
-2963
-2437
-1736
-704
-8
-512
-1017
-177
1105
1587
1920
2496
3062
3904
5160
6396
7593
7206
4773
4456
9037
11780
7803
3744
6044
9300
8649
6938
5637
3320
2801
5485
5846
1705
-953
394
713
-1042
-1503
-2056
-4706
-5700
-3817
-3879
-6290
-6834
-6067
-6990
-7463
-6152
-5983
-7277
-7173
-6165
-5948
-5627
-4839
-4973
-5445
-4425
-2908
-2613
-2793
-2480
-2204
-1715
-536
34
-514
-756
168
1024
1555
2192
2768
3125
4037
5367
6698
7608
6319
4076
5596
10389
10685
5828
3969
7426
9332
7957
6478
4758
2875
3880
6106
4358
302
-447
942
148
-1379
-1816
-3297
-5089
-4419
-3511
-5464
-7004
-5953
-5767
-7414
-7260
-6086
-6542
-7084
-6371
-6169
-6329
-5313
-4533
-5130
-5086
-3621
-2811
-2861
-2451
-2032
-1982
-1323
-231
-152
-599
-182
793
1176
1672
2661
3298
3524
4389
5860
7415
7333
5090
4176
7889
11231
8570
4268
5334
8611
8805
7249
5765
3652
3000
5080
5634
2322
-416
159
712
-683
-2136
-2901
-3728
-4460
-4738
-5376
-5995
-5817
-5868
-7223
-7804
-6689
-5778
-6246
-6882
-6893
-6267
-4991
-4298
-4960
-5305
-4078
-2858
-2400
-2214
-2266
-2219
-1305
-188
-205
-504
-123
533
853
1416
2228
2970
3463
4004
4945
6386
7477
6186
4136
5642
9960
10100
5793
4209
7287
8895
7568
6247
4676
2842
3752
5806
4088
196
-550
876
38
-2114
-2665
-2779
-3974
-5101
-5251
-5516
-5779
-5708
-6422
-7946
-7584
-5674
-5334
-6769
-7408
-6561
-5241
-4371
-4504
-5183
-4891
-3408
-2179
-1998
-2367
-2402
-1588
-567
-148
-149
-138
169
765
1459
2131
2895
3502
3898
4628
6217
7729
6631
4174
5178
9652
10429
6295
4353
7139
8683
7568
6603
5187
3020
3501
5597
4359
656
-336
759
-358
-2402
-2247
-2209
-4290
-5592
-5008
-5211
-5962
-5673
-6134
-8099
-7826
-5504
-5166
-6743
-7245
-6598
-5569
-4462
-4170
-4979
-5170
-3720
-2176
-2013
-2424
-2247
-1584
-951
-387
55
39
92
718
1392
2000
2989
3647
3828
4587
6331
7551
6263
4307
5828
9666
9546
5876
4900
7545
8473
7352
6422
4921
3279
4173
5541
3600
516
220
941
-865
-2718
-2132
-2139
-4413
-5846
-5375
-5226
-5546
-5761
-6950
-8428
-7272
-5195
-5572
-7152
-7323
-6314
-5181
-4466
-4555
-5043
-4793
-3262
-2048
-2148
-2506
-2041
-1211
-749
-415
5
248
394
893
1605
2519
3290
3573
4023
5042
6772
7502
5734
4078
6812
10456
8804
4689
5156
8296
8414
7003
6044
4301
3064
4837
5781
2665
-320
546
982
-1559
-2623
-1641
-2779
-5451
-5582
-4714
-5361
-5962
-5907
-7334
-8314
-6416
-5006
-6339
-7584
-6837
-5731
-4984
-4485
-4641
-5117
-4278
-2612
-2117
-2375
-2222
-1657
-1192
-672
-117
95
132
552
1234
2045
3034
3509
3709
4303
5828
7441
6676
4367
5152
9140
9916
6292
4532
7038
8453
7446
6495
5208
3501
3951
5498
4051
793
179
1001
-804
-2507
-1629
-1946
-4720
-5915
-4930
-5026
-5763
-5808
-6850
-8364
-6994
-5075
-5885
-7438
-7124
-5974
-5236
-4591
-4380
-4851
-4600
-3020
-2151
-2325
-2193
-1520
-1223
-1102
-289
350
188
278
958
1678
2729
3572
3597
3736
5076
7159
6944
4586
4382
8071
10032
7173
4455
6219
8289
7776
6798
5543
3635
3623
5455
4878
1509
-28
569
-372
-1792
-1377
-1977
-4706
-5926
-4656
-4475
-5747
-6250
-6909
-7948
-6941
-5179
-5941
-7411
-7086
-5826
-5258
-4684
-4397
-4892
-4683
-3123
-2205
-2369
-2231
-1750
-1353
-943
-202
133
14
308
1005
1779
2743
3485
3511
3862
5186
7024
6670
4604
4590
7946
9646
7062
4645
6193
8125
7690
6733
5472
3719
3672
5298
4592
1542
245
484
-750
-1702
-999
-2098
-4956
-5705
-4377
-4559
-5693
-6213
-7120
-7950
-6544
-5122
-6206
-7505
-6842
-5650
-5166
-4580
-4471
-5125
-4692
-2835
-2082
-2498
-2315
-1655
-1323
-839
27
161
-134
267
1337
2205
2900
3241
3537
4283
5877
6973
5767
4054
5633
9007
8823
5570
4783
7135
8169
7336
6217
4699
3533
4486
5385
3506
942
466
210
-974
-1104
-1108
-3280
-5380
-4809
-3965
-4952
-5977
-6424
-7334
-7316
-5782
-5502
-6874
-7222
-6156
-5459
-5052
-4541
-4731
-5025
-3899
-2553
-2422
-2528
-2015
-1575
-1263
-515
117
-64
-80
871
1996
2545
2801
3234
4112
5268
6447
6149
4534
4725
7861
9305
6663
4428
6120
8199
7680
6389
5204
3886
3920
5228
4613
1832
138
275
51
-683
-1275
-2801
-4693
-4935
-4074
-4510
-5924
-6696
-6855
-6913
-6399
-5975
-6554
-7032
-6530
-5767
-5343
-4841
-4725
-4906
-4404
-3142
-2454
-2414
-2275
-1944
-1453
-715
-82
-76
-32
555
1764
2584
2813
2925
3810
5076
6240
5965
4593
4701
7447
8997
6964
4799
5869
7822
7896
6702
5177
3999
4225
5124
4453
2260
665
322
191
-172
-999
-2734
-4254
-4374
-4047
-4673
-5701
-6380
-6770
-6800
-6298
-6070
-6590
-6792
-6370
-5946
-5493
-4856
-4723
-4761
-4240
-3309
-2801
-2509
-2145
-1864
-1509
-792
-291
-175
140
988
1936
2414
2601
3187
4258
5515
6204
5338
4173
5453
8384
8644
5965
4739
6517
8016
7758
6423
4741
3811
4580
5297
4021
1763
543
209
21
-95
-1065
-3111
-4407
-4145
-3946
-4728
-5609
-6311
-6901
-6776
-5939
-5885
-6577
-6813
-6399
-5856
-5093
-4593
-4818
-4917
-4051
-2964
-2554
-2367
-2091
-1850
-1431
-589
-47
65
403
1328
2178
2501
2802
3709
4903
5840
5853
4742
4475
6749
8932
7535
4758
5047
7342
8083
6997
5435
3915
3704
4820
4984
2867
529
2
392
25
-1127
-2431
-3587
-4194
-4272
-4485
-5258
-5939
-6246
-6572
-6584
-6097
-5937
-6282
-6436
-6186
-5553
-4790
-4415
-4537
-4425
-3703
-2787
-2147
-1955
-2027
-1716
-875
-231
108
574
1264
1823
2221
2665
3509
4662
5736
5689
4480
4277
6682
8859
7517
4789
4860
6977
7875
7130
5549
3791
3428
4743
5028
2818
492
101
451
-124
-1192
-2227
-3347
-4178
-4313
-4448
-5130
-5736
-6036
-6501
-6645
-6022
-5668
-6073
-6433
-6171
-5459
-4624
-4250
-4481
-4545
-3762
-2683
-2063
-1962
-2001
-1703
-911
-131
361
825
1494
1932
2162
2826
4128
5241
5739
5149
4154
4928
7885
8999
6419
4200
5694
7882
7898
6547
4934
3525
3868
5292
4736
1838
-4
343
529
-433
-1480
-2590
-3835
-4335
-4144
-4554
-5481
-5932
-6163
-6584
-6352
-5704
-5707
-6208
-6317
-5819
-4972
-4226
-4100
-4462
-4237
-3104
-2066
-1736
-1809
-1747
-1242
-404
361
901
1356
1774
2037
2562
3718
4844
5541
5357
4341
4216
6608
8767
7413
4570
4656
6878
7835
6918
5267
3683
3409
4569
4790
2631
338
60
360
-412
-1469
-2274
-3280
-4273
-4580
-4769
-5236
-5672
-6010
-6613
-6701
-6054
-5532
-5713
-6109
-6079
-5299
-4246
-3727
-4003
-4239
-3533
-2299
-1499
-1459
-1609
-1291
-518
320
930
1358
1770
2076
2392
3303
4635
5551
5490
4512
4106
5760
8174
7918
5269
4202
6056
7591
7093
5471
3901
3199
3980
4669
3152
529
-227
245
-373
-1692
-2349
-3053
-4187
-4837
-4863
-5252
-5712
-5907
-6454
-7014
-6424
-5467
-5517
-6206
-6162
-5283
-4334
-3777
-3761
-3962
-3529
-2352
-1443
-1282
-1325
-945
-399
268
1198
1982
2022
1979
2567
3729
4761
5606
5578
4423
4023
6280
8534
7494
4810
4520
6274
7304
6853
5423
3590
3096
4203
4344
2343
633
328
-179
-1281
-1701
-2045
-3302
-4595
-5079
-5267
-5391
-5451
-6070
-7086
-7104
-6062
-5488
-5788
-6175
-6059
-5301
-4145
-3537
-3766
-3861
-3053
-1963
-1255
-935
-816
-555
143
1048
1839
2390
2560
2630
3238
4444
5564
5989
5339
4352
5046
7508
8354
6300
4559
5319
6630
6905
6095
4365
2787
3218
4299
3283
950
-36
-198
-1013
-1735
-2052
-3148
-4547
-4883
-4959
-5672
-6015
-5892
-6565
-7392
-6878
-5925
-5837
-6094
-6051
-5864
-5060
-3819
-3395
-3875
-3693
-2448
-1327
-914
-738
-473
9
1008
2252
2784
2498
2664
3775
4996
5822
6152
5385
4517
5778
8215
8193
5873
4904
6043
6914
6751
5890
4201
2814
3391
4213
2795
425
-239
-242
-1174
-2154
-2580
-3665
-4918
-5155
-5227
-6027
-6494
-6397
-6846
-7436
-7040
-6314
-6231
-6356
-6241
-5869
-5066
-4046
-3647
-3854
-3505
-2325
-1257
-834
-597
-296
330
1608
2810
2791
2451
3349
4801
5522
5942
6010
5254
5298
7222
8462
7144
5596
5860
6612
6772
6565
5500
3770
3258
4034
3709
1742
354
73
-615
-1653
-2167
-2909
-4220
-4975
-5154
-5711
-6341
-6442
-6748
-7388
-7390
-6792
-6505
-6539
-6502
-6283
-5709
-4800
-4146
-4006
-3763
-2915
-1938
-1198
-658
-243
219
1282
2543
2939
2765
3477
4835
5601
5972
6196
5872
5850
7223
8373
7532
6179
6259
6933
6979
6519
5594
4350
3787
3997
3469
1851
661
251
-526
-1702
-2429
-3025
-3950
-4814
-5460
-6117
-6435
-6387
-6798
-7621
-7825
-7299
-6778
-6593
-6784
-6940
-6320
-5105
-4363
-4295
-4120
-3445
-2421
-1362
-707
-464
208
1521
2403
2641
3239
4363
5217
5848
6404
6255
6032
7234
8699
8103
6651
6768
7720
7654
6981
6192
5150
4576
4828
4197
2356
1135
955
249
-1104
-2068
-2816
-3777
-4497
-4957
-5783
-6582
-6759
-6880
-7416
-7726
-7564
-7389
-7177
-6931
-6909
-6733
-5863
-5039
-4799
-4494
-3689
-2869
-2143
-1367
-764
-63
1075
1936
2145
2771
4099
5119
5542
5901
5982
5964
6952
8393
8141
6657
6398
7423
7773
7104
6221
5233
4563
4719
4575
3057
1462
897
480
-527
-1540
-2376
-3396
-4271
-4754
-5301
-6048
-6543
-6851
-7259
-7560
-7476
-7246
-7088
-7059
-7066
-6759
-5929
-5105
-4848
-4729
-4109
-3081
-2128
-1502
-1007
-234
805
1560
2095
2921
3952
4677
5302
5759
5738
5963
7218
8118
7434
6490
6883
7601
7442
6769
6044
5185
4802
4912
4303
2657
1408
1126
702
-417
-1521
-2387
-3216
-3832
-4278
-5000
-5832
-6273
-6423
-6657
-6923
-6986
-6846
-6667
-6579
-6518
-6124
-5455
-4842
-4480
-4179
-3671
-2747
-1778
-1136
-589
167
912
1571
2505
3459
4032
4603
5435
5612
5381
6124
7554
7593
6430
6147
6992
7321
6882
6175
5182
4477
4716
4696
3311
1786
1289
888
-23
-833
-1599
-2709
-3553
-3890
-4376
-5161
-5617
-5924
-6450
-6771
-6563
-6375
-6423
-6475
-6414
-6144
-5448
-4726
-4556
-4532
-3893
-2894
-2190
-1653
-953
-168
406
1015
1903
2882
3534
4082
4656
4937
5039
5820
6856
6752
5928
6026
6739
6678
6141
5838
5253
4406
4273
4273
3160
1791
1336
939
-150
-1006
-1450
-2359
-3417
-3783
-4093
-4892
-5483
-5635
-5980
-6346
-6326
-6245
-6277
-6081
-5855
-5828
-5430
-4591
-4103
-4038
-3626
-2804
-2066
-1390
-515
112
321
857
2137
3253
3604
3879
4489
4766
4921
5779
6633
6241
5474
5678
6293
6235
5828
5326
4482
3804
3881
3723
2577
1304
706
150
-572
-1166
-1919
-3053
-3778
-3961
-4378
-5092
-5539
-5849
-6141
-6122
-6021
-6188
-6165
-5747
-5536
-5496
-4959
-4184
-3829
-3645
-3082
-2314
-1568
-681
94
354
587
1609
2921
3536
3730
4195
4596
4783
5387
6250
6286
5554
5307
5882
6261
5881
5108
4424
3977
3861
3671
2817
1565
817
478
-182
-1075
-1772
-2479
-3297
-3889
-4233
-4650
-5132
-5549
-5854
-5951
-5884
-5820
-5748
-5609
-5452
-5236
-4753
-4103
-3657
-3439
-2962
-2152
-1453
-874
-92
579
895
1502
2593
3378
3687
4251
4823
4790
4863
5781
6504
5983
5283
5464
5954
5862
5410
4757
3941
3462
3510
3147
1966
874
365
-107
-867
-1590
-2263
-3065
-3797
-4205
-4481
-4874
-5368
-5773
-5934
-5869
-5725
-5648
-5568
-5401
-5173
-4806
-4174
-3529
-3180
-2912
-2323
-1465
-604
181
741
1009
1489
2608
3705
4132
4363
4777
5035
5264
6030
6663
6227
5522
5633
6027
5893
5549
5049
4089
3307
3321
3233
2189
933
277
-235
-934
-1481
-2092
-3122
-3953
-4130
-4291
-4833
-5316
-5582
-5856
-5918
-5617
-5380
-5409
-5415
-5154
-4642
-3941
-3378
-3133
-2868
-2168
-1205
-364
322
805
1124
1794
2965
3877
4120
4413
4931
5123
5379
6244
6671
6010
5474
5855
6177
5868
5365
4760
3933
3439
3373
2903
1799
799
161
-517
-1189
-1631
-2300
-3350
-4111
-4346
-4536
-4884
-5341
-5840
-6056
-5824
-5534
-5496
-5504
-5402
-5111
-4513
-3817
-3416
-3189
-2751
-2011
-1115
-236
386
700
1089
2038
3191
3847
4055
4352
4722
5093
5691
6208
6033
5586
5567
5812
5774
5519
5090
4400
3718
3348
3082
2529
1644
668
-213
-799
-1086
-1555
-2594
-3698
-4164
-4169
-4373
-4920
-5562
-5865
-5721
-5481
-5471
-5488
-5360
-5182
-4820
-4215
-3653
-3299
-2920
-2382
-1742
-895
73
691
882
1375
2465
3497
3947
4216
4521
4754
5165
5898
6204
5790
5395
5461
5624
5583
5245
4477
3668
3338
3177
2581
1701
916
112
-682
-1121
-1470
-2263
-3286
-3904
-4194
-4464
-4690
-5077
-5688
-5933
-5561
-5243
-5339
-5377
-5169
-4865
-4371
-3692
-3220
-2975
-2582
-1886
-1050
-199
480
860
1224
2036
3061
3755
4094
4362
4547
4866
5548
6030
5690
5236
5341
5478
5183
4933
4642
3844
2989
2768
2613
1847
827
30
-703
-1282
-1576
-2089
-3155
-4053
-4257
-4265
-4627
-5127
-5524
-5705
-5593
-5327
-5183
-5180
-5124
-4851
-4319
-3693
-3233
-2878
-2433
-1878
-1168
-255
507
836
1182
2012
2976
3589
3977
4357
4561
4752
5279
5792
5717
5311
5159
5187
5099
4928
4583
3815
2955
2534
2371
1857
898
-97
-872
-1364
-1678
-2191
-3098
-4000
-4420
-4519
-4713
-5076
-5438
-5728
-5767
-5470
-5091
-4998
-5048
-4847
-4284
-3592
-3012
-2653
-2338
-1782
-909
-23
578
972
1466
2194
2999
3633
4097
4416
4574
4816
5301
5691
5608
5315
5161
5123
5003
4784
4372
3702
3020
2564
2121
1487
802
56
-826
-1590
-2002
-2419
-3128
-3895
-4432
-4808
-5021
-5152
-5462
-5864
-5922
-5582
-5294
-5278
-5243
-4878
-4241
-3632
-3226
-2860
-2276
-1487
-671
22
556
1069
1812
2714
3345
3659
4131
4787
5099
5159
5464
5808
5717
5496
5530
5439
4950
4578
4406
3966
3178
2490
1986
1426
722
-12
-801
-1575
-2138
-2620
-3265
-3952
-4459
-4811
-5115
-5401
-5683
-5865
-5778
-5584
-5536
-5482
-5170
-4687
-4171
-3667
-3279
-2886
-2161
-1164
-411
-60
386
1273
2282
2939
3298
3662
4243
4923
5388
5441
5357
5512
5812
5858
5536
5138
4863
4651
4294
3752
3092
2378
1762
1247
595
-266
-1022
-1607
-2220
-2884
-3415
-3907
-4450
-4859
-5113
-5416
-5666
-5640
-5540
-5594
-5574
-5237
-4812
-4457
-4020
-3562
-3175
-2568
-1662
-874
-450
-17
767
1706
2444
2921
3272
3782
4535
5087
5182
5168
5402
5701
5714
5514
5288
5037
4761
4500
4077
3420
2777
2266
1658
884
244
-320
-1102
-1911
-2407
-2853
-3485
-4076
-4437
-4759
-5141
-5335
-5364
-5414
-5457
-5382
-5192
-4902
-4474
-4012
-3670
-3322
-2729
-1947
-1204
-655
-254
278
1166
2103
2628
2800
3167
3954
4690
4914
4794
4833
5158
5434
5387
5063
4675
4455
4388
4107
3436
2740
2296
1824
1115
444
-98
-777
-1502
-2040
-2528
-3126
-3603
-3922
-4405
-4929
-5041
-4924
-5056
-5308
-5304
-5093
-4768
-4343
-4019
-3853
-3523
-2809
-2028
-1471
-1030
-579
25
883
1727
2220
2511
2925
3520
4187
4671
4719
4517
4716
5258
5360
4885
4503
4442
4361
4034
3511
2866
2255
1890
1455
651
-133
-612
-1104
-1787
-2415
-2886
-3325
-3730
-4092
-4553
-4882
-4859
-4738
-4921
-5159
-5023
-4555
-4129
-3927
-3776
-3433
-2768
-1979
-1428
-1122
-696
44
924
1565
1913
2264
2834
3487
3990
4259
4358
4483
4727
4952
4961
4765
4510
4275
4128
3950
3475
2788
2319
1989
1430
728
163
-403
-1088
-1626
-2044
-2634
-3234
-3555
-3862
-4325
-4573
-4548
-4667
-4937
-4920
-4651
-4435
-4209
-3922
-3706
-3374
-2701
-2025
-1605
-1197
-638
-46
665
1449
1898
2076
2576
3355
3860
4078
4267
4397
4480
4769
5007
4710
4238
4202
4243
3848
3309
2898
2391
1822
1442
985
179
-523
-904
-1431
-2100
-2515
-2867
-3480
-4015
-4117
-4149
-4453
-4725
-4761
-4690
-4500
-4211
-4058
-3961
-3567
-2955
-2492
-2091
-1542
-1009
-547
96
819
1344
1741
2188
2708
3233
3695
3991
4089
4229
4538
4746
4635
4431
4316
4205
3971
3666
3297
2842
2357
1886
1408
908
356
-286
-892
-1367
-1796
-2252
-2795
-3339
-3650
-3737
-3919
-4303
-4521
-4408
-4250
-4188
-4104
-3929
-3649
-3202
-2723
-2385
-2032
-1437
-805
-368
98
748
1304
1723
2207
2683
3071
3462
3829
3972
4084
4344
4468
4314
4191
4133
3930
3647
3401
2997
2475
2100
1750
1166
508
11
-473
-1031
-1488
-1966
-2606
-3056
-3176
-3440
-3963
-4246
-4159
-4136
-4236
-4233
-4129
-3936
-3538
-3147
-2957
-2647
-1996
-1356
-1011
-613
40
679
1170
1634
2058
2469
3005
3506
3676
3695
3954
4269
4356
4266
4109
3842
3674
3675
3439
2776
2161
1913
1654
1087
389
-201
-682
-1093
-1562
-2130
-2666
-3000
-3280
-3647
-3949
-4059
-4102
-4187
-4233
-4142
-3880
-3549
-3307
-3091
-2658
-2040
-1518
-1149
-664
-17
618
1133
1535
1978
2571
3149
3414
3480
3731
4184
4425
4258
4012
3987
4053
3880
3426
2955
2603
2230
1784
1304
761
105
-468
-842
-1264
-1861
-2396
-2756
-3089
-3422
-3649
-3864
-4063
-4126
-4053
-4007
-3906
-3625
-3341
-3145
-2847
-2330
-1782
-1361
-961
-497
48
656
1193
1552
1880
2364
2849
3135
3342
3580
3729
3770
3804
3789
3700
3573
3331
2922
2634
2546
2193
1480
927
696
362
-178
-730
-1217
-1649
-1922
-2151
-2582
-3037
-3198
-3222
-3352
-3512
-3568
-3511
-3339
-3136
-3031
-2907
-2511
-1992
-1696
-1527
-1138
-524
26
377
606
953
1547
2111
2301
2309
2598
3069
3256
3210
3238
3279
3192
3133
3096
2835
2440
2196
2026
1674
1223
846
478
93
-310
-767
-1171
-1420
-1714
-2114
-2431
-2608
-2776
-2871
-2918
-3061
-3197
-3046
-2744
-2685
-2672
-2395
-2061
-1830
-1487
-1044
-771
-553
-105
395
694
965
1350
1646
1836
2090
2399
2593
2651
2651
2641
2710
2802
2713
2387
2080
1939
1878
1690
1280
746
371
281
133
-359
-908
-1192
-1344
-1542
-1814
-2108
-2336
-2402
-2431
-2559
-2598
-2478
-2427
-2454
-2258
-1928
-1757
-1622
-1297
-974
-741
-371
49
289
485
851
1200
1430
1668
1893
2005
2141
2333
2404
2376
2371
2308
2161
2083
1995
1737
1438
1242
1002
656
386
157
-172
-491
-708
-980
-1291
-1434
-1520
-1816
-2108
-2057
-1906
-2028
-2216
-2125
-1913
-1803
-1701
-1534
-1355
-1145
-834
-542
-349
-112
202
432
679
1022
1260
1330
1438
1747
2021
2039
1917
1895
2056
2198
2067
1745
1536
1549
1579
1304
815
527
562
430
-87
-515
-571
-621
-969
-1337
-1501
-1573
-1637
-1712
-1927
-2114
-1986
-1734
-1741
-1886
-1794
-1512
-1262
-1093
-970
-859
-599
-164
137
195
280
609
1006
1240
1264
1256
1455
1806
1987
1829
1634
1724
1920
1901
1648
1388
1255
1229
1186
938
496
223
207
133
-204
-642
-884
-890
-927
-1163
-1492
-1705
-1661
-1529
-1545
-1736
-1897
-1842
-1562
-1257
-1236
-1432
-1374
-890
-412
-331
-430
-288
154
577
731
715
779
1077
1459
1592
1410
1367
1692
1919
1723
1464
1488
1590
1498
1242
1045
885
754
617
369
49
-128
-203
-417
-728
-933
-1012
-1112
-1252
-1423
-1554
-1566
-1483
-1472
-1552
-1565
-1441
-1249
-1095
-1053
-1025
-794
-430
-234
-259
-174
205
549
580
582
802
1063
1145
1160
1234
1337
1411
1354
1234
1232
1362
1324
1040
746
737
851
792
430
-12
-160
36
75
-347
-790
-827
-690
-761
-934
-1071
-1209
-1255
-1096
-1017
-1117
-1165
-1055
-919
-830
-710
-568
-487
-426
-238
11
185
252
290
398
641
902
951
796
795
1064
1320
1255
934
795
1039
1305
1112
637
433
658
848
628
136
-115
19
240
106
-381
-717
-580
-301
-401
-773
-999
-893
-659
-601
-848
-1036
-852
-587
-594
-680
-585
-467
-379
-245
-107
-147
-154
120
412
341
180
342
670
734
564
518
654
829
840
666
552
679
768
597
360
360
510
453
156
-23
28
113
68
-183
-444
-445
-221
-195
-469
-707
-644
-468
-429
-534
-638
-622
-515
-415
-390
-397
-382
-301
-213
-134
-49
-9
-2
105
262
296
214
257
463
592
481
278
364
690
789
435
146
355
731
656
261
60
180
360
386
189
-172
-242
73
217
-125
-449
-356
-156
-212
-344
-393
-408
-421
-377
-323
-375
-432
-385
-294
-297
-258
-179
-183
-249
-180
23
108
-11
-79
74
266
296
182
121
189
369
472
357
150
202
432
468
275
146
206
300
300
184
33
16
147
115
-90
-159
-11
5
-180
-303
-253
-159
-127
-240
-465
-461
-179
-12
-264
-553
-488
-180
25
-36
-356
-552
-196
337
269
-308
-473
41
503
386
-28
-193
111
528
529
85
-112
260
595
384
48
89
335
340
151
48
66
189
210
-9
-209
-90
128
40
-284
-357
-125
4
-126
-321
-380
-275
-120
-94
-266
-410
-268
-38
-34
-201
-269
-177
-22
75
23
-128
-119
122
254
99
-49
68
241
240
139
132
203
216
140
77
147
274
226
15
-79
101
312
200
-136
-264
-18
240
157
-171
-354
-204
76
123
-140
-358
-294
-75
55
-7
-230
-362
-205
74
99
-136
-272
-134
90
150
-3
-172
-52
246
250
-69
-120
255
411
73
-172
88
448
369
-30
-196
122
481
308
-199
-292
150
412
137
-234
-251
7
193
74
-232
-327
-71
127
-60
-322
-274
-42
25
-134
-292
-242
-9
117
-69
-322
-237
123
296
16
-308
-150
323
429
32
-216
34
365
401
210
-13
-25
264
506
301
-67
-22
283
368
190
34
2
66
146
150
47
-56
-53
3
30
-8
-67
-106
-108
-88
-68
-64
-104
-163
-158
-57
-11
-104
-190
-133
-7
37
-49
-156
-121
57
158
27
-144
-58
191
234
54
-44
35
172
261
205
25
-59
150
351
220
-29
-32
120
178
149
111
-12
-129
-20
182
133
-94
-192
-138
-6
130
58
-242
-358
-73
194
55
-252
-340
-141
121
141
-142
-348
-152
138
134
-62
-174
-125
16
165
117
-64
-106
54
169
124
24
-16
59
158
123
-2
-6
146
177
18
-90
8
185
172
-61
-216
-48
208
163
-138
-252
-55
146
87
-114
-220
-139
26
62
-62
-182
-148
-32
32
15
-75
-126
-54
41
40
14
2
-48
-65
85
211
68
-103
-9
176
182
64
-2
47
136
134
26
12
161
170
-58
-128
116
257
57
-180
-140
69
196
99
-160
-283
-33
277
146
-223
-289
-9
197
119
-104
-238
-108
197
224
-96
-244
26
232
93
-88
-72
41
133
146
-24
-153
6
234
166
-94
-142
33
171
134
-29
-138
-22
141
94
-61
-42
81
41
-106
-79
122
186
-51
-292
-125
253
283
-82
-330
-145
210
331
70
-297
-263
167
394
105
-228
-167
102
211
125
-45
-115
9
147
58
-66
39
116
-25
-108
34
116
34
-32
-66
-72
50
148
-8
-175
-66
116
74
-40
-38
2
45
62
9
-63
14
135
69
-78
-47
92
145
80
-34
-91
29
193
144
-54
-90
38
116
83
30
-9
-30
-6
49
71
23
-28
-59
-55
-2
57
51
-68
-176
-96
72
87
-74
-187
-120
0
55
-1
-127
-172
-60
51
-10
-79
-50
-51
-95
-43
76
49
-89
-139
-33
105
119
-18
-170
-101
136
197
-31
-198
-68
144
154
-26
-154
-82
90
139
-17
-169
-121
73
161
-7
-223
-180
68
157
-36
-216
-165
-7
71
7
-137
-212
-107
33
2
-96
-115
-111
-114
-33
58
-14
-154
-134
4
59
17
-78
-135
-76
36
55
-47
-124
-86
1
28
-53
-141
-119
-20
4
-109
-210
-143
-8
-23
-187
-270
-152
10
-14
-193
-277
-163
-4
-5
-142
-221
-137
-25
9
-45
-111
-117
-43
52
44
-19
-36
7
37
52
84
68
7
3
78
129
110
51
-10
-4
104
167
47
-101
-54
82
112
2
-109
-99
-14
39
-19
-118
-139
-69
-19
-57
-127
-137
-84
-52
-90
-122
-90
-66
-112
-117
-78
-59
-55
-68
-114
-117
-13
32
-83
-160
-62
27
-12
-66
-66
-70
-40
19
-1
-101
-104
5
9
-75
-88
-20
-14
-60
-73
-40
-15
-12
-44
-92
-75
-2
23
-28
-85
-68
-1
25
-6
-55
-58
-24
1
12
3
-33
-70
-41
14
7
-36
-55
-39
-21
-13
-8
-38
-75
-78
-48
-22
-29
-73
-93
-75
-52
-53
-72
-78
-79
-65
-66
-76
-72
-56
-76
-96
-76
-39
-32
-75
-80
-44
-23
-40
-54
-47
-29
-6
-17
-40
-39
-11
0
-26
-38
-15
7
-6
-21
-11
-23
-26
3
28
-6
-51
-31
22
42
-2
-47
-51
0
44
15
-41
-46
11
41
7
-30
-20
16
25
8
-19
-35
5
33
7
-47
-53
2
39
11
-46
-55
-13
28
26
-19
-70
-36
29
38
-25
-55
-35
-18
9
18
-8
-66
-54
14
23
-13
-36
-45
-41
-5
34
9
-63
-60
2
27
6
-19
-30
-32
-2
26
0
-44
-36
7
7
-2
-20
-28
-7
5
-4
-30
-25
19
26
-25
-47
-9
27
18
-23
-50
-28
10
19
-3
-40
-58
-21
12
5
-28
-53
-40
-21
11
3
-48
-70
-37
3
-4
-25
-43
-48
-31
0
4
-34
-66
-45
-16
8
-6
-46
-52
-24
12
-10
-38
-22
-6
-8
-12
-19
-18
-2
5
-22
-39
3
24
-4
-29
-23
-11
13
21
-18
-51
-25
20
11
-41
-44
-20
-10
-11
-26
-36
-30
-26
-19
-27
-27
-16
-34
-39
-28
-1
-10
-38
-42
-7
24
7
-36
-40
-5
33
18
-45
-53
4
64
27
-44
-47
13
52
29
-27
-57
-26
33
43
-9
-58
-52
-7
23
10
-39
-82
-50
9
17
-26
-66
-64
-36
-2
6
-27
-61
-66
-23
21
14
-43
-80
-47
31
43
-21
-72
-50
7
38
7
-42
-46
-9
22
13
-11
-20
-23
-3
26
14
-19
-23
3
7
1
-1
-6
-17
-15
-3
-7
-14
-21
-19
-21
-25
-22
-22
-20
-24
-31
-33
-17
-20
-31
-24
-21
-15
-12
-13
-30
-34
-3
3
-20
-36
-15
12
12
-2
-19
-33
-10
24
19
-31
-42
-7
16
7
-21
-31
-29
-15
-9
-26
-45
-28
-21
-50
-63
-32
-15
-49
-81
-69
-37
-19
-38
-71
-79
-54
-15
-17
-51
-62
-52
-21
-18
-29
-34
-32
-18
-16
-11
4
12
-13
-22
0
32
27
4
-13
-16
17
46
20
-33
-35
9
30
7
-32
-54
-32
8
-5
-59
-76
-39
-6
-19
-59
-84
-72
-21
-12
-57
-96
-63
-24
-21
-34
-50
-41
-21
-6
-13
-17
-11
-18
-23
-1
33
28
-9
-23
14
56
39
-8
-28
8
53
58
10
-25
-19
22
42
20
-17
-34
-19
7
22
-5
-45
-63
-35
-2
-11
-45
-70
-59
-30
-15
-31
-69
-74
-46
-14
-7
-32
-57
-42
-6
-2
-23
-32
-24
-3
7
11
-9
-10
15
32
31
26
23
26
16
26
41
29
10
-2
17
45
49
8
-23
-3
38
48
11
-41
-27
15
42
10
-46
-46
-11
32
15
-41
-66
-38
25
28
-32
-65
-34
16
17
1
-27
-22
4
23
23
-2
-6
17
30
36
30
16
28
34
30
34
46
37
15
20
44
45
28
15
8
17
32
29
8
-11
1
12
10
1
-14
-20
-15
7
6
-21
-37
-26
2
2
-24
-43
-32
-10
-5
-16
-31
-33
-7
11
3
-21
-13
13
20
15
4
2
10
31
32
12
12
25
21
16
31
34
20
8
15
32
33
25
1
-15
11
29
29
-9
-40
-17
18
30
-17
-59
-53
-9
8
-26
-58
-60
-23
-7
-27
-47
-54
-39
-19
-22
-30
-47
-53
-30
-9
-26
-48
-44
-36
-28
-20
-22
-43
-34
-13
-4
-21
-32
-29
-20
-5
-1
-13
-37
-28
-5
3
-11
-23
-19
-12
-3
0
-14
-17
-29
-33
-9
3
-10
-33
-36
-15
4
-3
-26
-42
-19
11
11
-21
-41
-17
11
11
-8
-23
-7
15
17
6
-12
5
25
30
17
0
14
28
37
30
13
12
28
50
51
32
22
34
59
67
48
29
29
45
69
70
46
27
42
75
74
53
38
37
52
67
75
53
35
45
81
93
66
55
67
92
107
94
74
81
108
121
105
95
99
110
122
119
114
119
128
124
114
136
147
125
125
134
143
148
141
139
132
139
157
156
142
142
159
160
153
154
151
159
160
167
162
161
166
165
171
175
178
177
171
175
180
183
187
183
177
174
180
197
199
195
182
192
206
222
213
198
202
212
222
222
220
207
213
223
230
226
220
222
222
231
227
226
218
216
222
228
227
213
215
220
216
210
212
208
213
216
217
202
207
216
211
201
199
205
205
199
197
197
198
199
193
188
184
195
205
192
167
167
196
206
191
164
166
190
203
189
158
157
181
199
169
151
157
170
166
154
145
142
148
146
139
125
125
130
124
117
120
107
98
108
119
114
99
96
90
94
102
98
89
76
83
93
88
76
59
69
78
84
72
46
43
66
82
58
35
34
59
68
46
25
19
21
27
22
10
4
-1
0
3
-7
-16
-25
-27
-26
-24
-34
-34
-27
-38
-54
-66
-57
-47
-50
-65
-70
-65
-53
-58
-70
-78
-70
-61
-68
-64
-63
-60
-71
-70
-69
-71
-69
-60
-73
-84
-70
-55
-65
-94
-88
-79
-72
-71
-89
-103
-97
-74
-78
-100
-121
-117
-100
-100
-108
-125
-135
-121
-110
-116
-138
-146
-130
-118
-122
-138
-135
-128
-125
-137
-143
-134
-123
-123
-135
-133
-137
-119
-117
-134
-146
-134
-114
-120
-132
-137
-123
-127
-127
-141
-149
-143
-128
-130
-160
-179
-159
-136
-160
-184
-187
-164
-153
-167
-198
-207
-187
-170
-176
-205
-218
-202
-170
-180
-208
-223
-213
-184
-186
-209
-219
-207
-186
-189
-212
-226
-208
-186
-189
-216
-224
-198
-191
-207
-233
-237
-211
-196
-214
-239
-237
-212
-198
-223
-249
-239
-217
-207
-219
-244
-254
-235
-216
-228
-245
-251
-234
-214
-212
-235
-245
-229
-217
-214
-236
-240
-214
-196
-199
-232
-231
-203
-189
-204
-228
-219
-189
-173
-194
-209
-201
-182
-169
-180
-190
-190
-165
-151
-162
-184
-184
-159
-146
-148
-171
-176
-148
-134
-149
-166
-155
-131
-121
-137
-148
-140
-109
-107
-128
-142
-123
-96
-97
-108
-119
-99
-82
-81
-88
-96
-89
-81
-69
-81
-88
-81
-62
-53
-62
-83
-79
-48
-44
-55
-77
-60
-37
-29
-47
-62
-47
-16
-16
-39
-42
-24
-10
-19
-26
-32
-26
-6
-4
-22
-35
-21
0
0
-11
-17
-17
-3
3
-6
-15
-13
0
3
0
-8
-8
8
11
3
-3
11
26
13
6
10
19
23
25
18
16
29
41
40
24
21
38
52
40
24
23
39
53
52
33
25
41
58
51
27
25
39
62
50
25
21
42
67
56
31
21
43
55
54
41
39
48
61
67
61
51
55
67
71
67
64
70
79
79
78
75
79
84
80
88
93
100
98
89
87
93
104
103
89
78
97
116
111
92
84
107
117
118
100
96
107
116
116
107
96
104
123
123
115
107
109
122
122
114
115
123
126
123
129
130
123
124
129
131
130
128
122
120
135
142
136
116
115
130
129
127
118
109
117
132
126
113
99
119
130
117
109
105
111
116
105
94
93
98
97
88
89
86
84
79
78
83
74
63
62
60
68
67
57
44
51
62
55
37
30
46
42
43
31
23
26
35
42
24
11
20
25
26
28
13
4
9
28
24
4
-5
1
11
10
4
-9
-12
-10
-8
-13
-24
-25
-30
-21
-18
-13
-32
-51
-39
-17
-20
-43
-64
-58
-32
-34
-56
-72
-65
-42
-37
-49
-73
-78
-53
-38
-54
-74
-81
-66
-45
-48
-69
-79
-68
-41
-45
-66
-76
-69
-54
-51
-61
-69
-71
-65
-55
-65
-69
-74
-75
-68
-59
-64
-78
-88
-82
-74
-70
-70
-88
-92
-76
-65
-74
-92
-95
-88
-68
-64
-77
-98
-93
-66
-50
-59
-85
-89
-65
-36
-46
-75
-96
-73
-37
-32
-58
-81
-73
-38
-13
-41
-77
-69
-34
-8
-26
-60
-69
-43
-9
-5
-38
-66
-53
-12
-7
-38
-63
-53
-23
-9
-30
-52
-48
-34
-17
-24
-38
-41
-39
-29
-24
-28
-36
-32
-31
-19
-9
-21
-30
-33
-22
-1
7
-13
-25
-20
-4
20
4
-22
-33
-12
21
15
-17
-37
-15
24
21
-15
-45
-25
23
28
-13
-40
-24
13
23
-4
-37
-35
6
31
8
-26
-31
1
23
16
-16
-30
0
31
26
-6
-21
-3
25
30
4
-13
0
25
32
18
3
4
14
30
25
11
2
4
14
19
25
13
-1
7
24
24
13
2
2
8
20
21
9
-4
-2
19
30
21
4
-3
11
31
33
8
-8
8
37
46
19
-6
0
37
47
23
-4
10
35
54
42
8
15
39
58
50
22
12
35
58
52
32
15
29
59
64
42
31
39
53
61
60
43
42
54
63
61
48
48
54
61
60
60
51
50
61
68
72
61
62
65
63
73
71
63
60
61
73
86
73
61
61
75
84
70
60
56
66
84
82
58
48
63
78
71
50
43
51
63
69
51
28
37
53
62
50
27
28
34
51
42
24
15
19
38
33
15
0
7
20
15
0
-7
-14
1
3
-5
-17
-29
-27
-15
-18
-26
-46
-51
-42
-31
-35
-60
-62
-57
-49
-52
-62
-72
-77
-70
-59
-70
-84
-89
-80
-74
-84
-92
-102
-95
-84
-86
-94
-106
-106
-98
-95
-97
-108
-120
-114
-103
-109
-117
-126
-129
-117
-112
-117
-126
-130
-132
-119
-114
-128
-144
-138
-116
-117
-133
-144
-139
-128
-127
-126
-137
-141
-128
-121
-119
-127
-133
-134
-119
-110
-118
-125
-130
-116
-100
-101
-112
-118
-114
-100
-93
-101
-110
-114
-103
-91
-94
-101
-107
-101
-89
-81
-90
-102
-96
-83
-77
-84
-103
-89
-84
-76
-79
-88
-90
-91
-73
-72
-79
-88
-87
-75
-62
-67
-76
-81
-73
-60
-49
-63
-77
-69
-54
-44
-54
-65
-71
-47
-36
-39
-59
-62
-51
-37
-35
-47
-46
-45
-38
-31
-35
-45
-45
-34
-33
-27
-33
-46
-34
-29
-26
-30
-38
-36
-30
-27
-23
-25
-39
-38
-25
-22
-28
-38
-35
-21
-16
-21
-31
-35
-30
-17
-14
-23
-29
-20
-12
-7
-16
-27
-23
-10
-3
-15
-20
-22
-6
-2
-3
-10
-23
-15
3
-3
-9
-20
-14
-7
-10
-7
-19
-13
-12
-14
-12
-17
-20
-23
-18
-13
-14
-16
-28
-25
-11
-10
-28
-32
-19
-12
-12
-24
-27
-30
-18
-12
-20
-29
-31
-18
-11
-12
-18
-23
-21
-13
-10
-14
-17
-22
-13
-2
-12
-18
-21
-12
-2
-5
-11
-19
-18
-5
-3
-14
-18
-17
-4
-3
-12
-20
-18
-11
-8
-9
-16
-19
-5
-4
-10
-15
-15
-5
-6
-7
-14
-13
-15
-4
-1
-2
-6
-5
2
4
3
1
-2
3
3
1
4
-1
-3
1
8
4
0
-2
5
7
7
8
-5
-1
8
13
7
-5
-4
5
15
11
1
3
9
9
7
5
-1
3
10
17
11
6
5
9
16
11
17
8
11
19
22
18
13
14
15
24
25
16
9
15
20
24
18
16
17
26
26
14
10
12
23
19
19
7
9
17
20
23
8
11
18
23
19
16
12
10
17
21
21
17
13
18
18
18
14
9
17
24
19
16
18
13
17
23
23
17
11
16
22
25
15
13
12
19
23
22
14
8
21
26
22
7
7
17
24
16
12
13
19
21
22
17
7
12
17
21
17
12
15
10
17
19
12
10
10
11
13
17
15
12
8
11
13
7
8
6
10
13
16
11
4
11
12
13
13
12
5
0
6
10
7
6
12
16
17
12
12
10
15
18
9
2
8
15
13
10
6
11
13
12
11
12
19
22
14
15
16
14
13
11
19
19
24
22
12
17
27
27
19
16
25
33
31
29
27
21
27
36
34
26
21
31
36
40
28
17
23
34
36
31
25
28
36
38
33
23
25
31
35
34
34
33
30
27
38
44
28
30
35
43
39
28
27
25
36
34
26
17
22
27
30
26
16
20
18
26
30
15
13
17
20
23
13
15
14
23
25
15
3
5
11
16
15
0
-1
0
8
11
2
-8
-6
3
8
4
-1
-10
0
11
8
-3
-14
-17
-6
2
-10
-22
-18
-8
-7
-4
-14
-27
-17
-15
-10
-21
-31
-26
-16
-9
-21
-34
-38
-22
-14
-16
-27
-40
-30
-20
-14
-25
-42
-38
-21
-19
-27
-40
-40
-32
-22
-26
-40
-43
-37
-23
-19
-28
-42
-47
-28
-15
-24
-34
-48
-33
-24
-26
-35
-48
-42
-29
-14
-22
-39
-43
-24
-15
-16
-32
-44
-31
-24
-18
-25
-38
-40
-29
-18
-17
-29
-39
-36
-24
-17
-26
-39
-40
-18
-12
-24
-31
-37
-32
-14
-9
-23
-37
-32
-13
-4
-13
-31
-32
-16
2
-7
-28
-30
-19
-4
-5
-15
-27
-24
-9
1
-8
-25
-26
-13
-1
2
-19
-33
-17
-4
6
-7
-25
-19
0
5
2
-17
-27
-8
2
6
-8
-23
-13
0
7
-3
-20
-20
-7
-2
-2
-16
-29
-22
-3
4
-13
-24
-18
-7
2
-4
-18
-25
-16
-3
-5
-9
-19
-20
-14
-4
-1
-25
-32
-19
-3
2
-15
-25
-23
-5
0
-15
-28
-33
-16
-1
-9
-21
-40
-28
-3
2
-23
-43
-32
-7
2
-12
-30
-29
-11
-5
-12
-24
-31
-27
-18
-4
-17
-34
-36
-17
1
-10
-28
-30
-16
-4
2
-16
-21
-21
-10
3
-7
-24
-25
-5
4
5
-15
-25
-14
-2
2
-10
-19
-23
-8
5
2
-10
-20
-15
1
5
-14
-29
-23
2
13
-3
-14
-17
-2
15
4
-7
-9
-9
6
19
3
-14
-12
4
20
10
-3
-4
6
23
17
0
-1
4
16
20
16
6
-1
10
29
19
4
1
16
31
28
14
4
12
24
34
21
11
8
17
32
31
20
6
15
27
33
17
8
15
26
30
23
13
8
21
30
27
17
7
11
29
28
18
8
11
17
32
30
16
11
16
28
31
22
16
18
26
36
31
17
14
15
27
27
18
8
10
31
37
23
11
11
22
34
29
20
6
16
37
32
16
4
17
31
33
22
7
14
25
32
32
23
8
19
32
37
20
6
13
35
36
20
11
16
26
28
28
17
13
17
23
33
24
5
11
25
23
22
14
11
16
21
25
19
7
10
23
31
30
11
3
19
33
31
16
6
17
30
36
27
10
13
28
36
33
10
8
13
37
33
15
5
16
35
31
22
5
11
23
38
27
8
6
21
36
33
22
7
14
31
37
23
12
13
27
36
26
18
10
17
27
29
29
19
9
25
40
30
12
7
20
41
36
24
13
18
32
39
32
14
11
26
44
35
13
2
20
39
37
22
5
12
35
51
33
12
10
20
41
35
15
0
18
36
38
22
1
9
33
41
29
11
15
27
39
34
14
5
13
39
43
25
4
8
32
40
28
12
5
15
35
34
19
5
11
30
39
28
6
1
27
40
37
19
-1
12
40
43
23
-5
-5
24
41
29
-4
-15
20
43
38
6
-11
4
36
39
14
-13
-13
22
36
18
-14
-14
6
32
30
2
-15
-1
25
29
9
-15
-3
22
32
19
-5
-3
11
31
30
14
-5
-2
20
38
29
0
-8
7
38
38
14
-3
-1
28
36
22
-2
-8
19
42
39
-1
-14
17
42
40
11
-17
-3
31
51
22
-10
-12
18
50
28
-1
-7
15
40
39
13
-8
3
28
39
25
-7
-9
23
44
38
7
-6
10
38
45
25
2
2
28
45
27
3
-6
10
37
39
9
-8
3
29
46
21
-5
-15
9
36
30
0
-17
1
30
32
13
-13
-17
21
33
16
-13
-19
4
30
25
-4
-23
-6
23
24
-1
-23
-14
16
28
12
-11
-21
4
22
22
-2
-18
-5
11
19
5
-17
-17
8
21
8
-12
-21
-7
16
13
4
-13
-13
6
18
13
-7
-17
-1
17
14
-1
-16
-18
8
18
5
-17
-22
2
21
13
-13
-21
-7
17
19
-2
-17
-14
10
17
1
-13
-19
-2
20
11
-5
-10
-5
14
18
3
-5
-6
0
11
10
2
-10
-4
15
17
7
-4
-10
5
19
7
-5
-9
1
14
10
-1
-9
-8
5
14
4
-6
-11
2
17
9
0
-6
2
15
8
10
-5
-3
14
17
11
-1
-1
8
13
6
4
-2
4
9
17
7
-1
4
8
15
14
5
-1
8
16
17
9
-2
2
18
20
16
3
-2
0
13
19
5
-3
-4
16
21
12
0
-3
15
24
19
1
-2
16
24
19
5
5
9
18
24
19
7
9
21
24
17
1
5
11
24
26
14
7
11
21
25
22
10
10
17
26
28
10
8
8
22
31
24
10
6
22
36
25
6
-2
17
39
33
18
7
16
32
44
30
8
10
31
47
36
14
11
32
42
37
23
12
25
41
45
28
11
13
35
49
34
18
12
26
48
38
16
3
14
32
38
24
11
9
15
37
29
15
1
7
31
36
26
3
4
23
46
38
11
-1
12
45
51
22
-3
1
34
52
26
-4
0
27
52
30
-3
-4
15
46
42
10
-12
8
37
47
26
-3
-3
28
48
28
-1
-9
15
39
36
15
-5
2
26
39
25
0
-8
12
34
33
12
-7
5
25
36
25
-3
-10
13
38
34
5
-10
2
35
45
23
-8
-10
30
52
33
-3
-23
12
45
39
4
-24
2
41
44
19
-21
-10
29
48
21
-13
-12
16
40
29
-2
-17
6
31
38
11
-14
-4
15
35
19
-1
-13
3
26
26
1
-17
-10
5
27
15
-5
-22
-2
24
27
7
-16
-5
16
29
14
-13
-23
10
36
24
-8
-25
-1
33
35
1
-20
-9
23
33
8
-22
-20
10
27
20
-6
-22
0
25
28
-4
-24
-11
13
30
3
-19
-8
11
23
13
-5
-8
5
18
14
8
-7
-5
12
12
9
-2
-10
-7
9
15
8
-5
-12
2
19
13
-4
-15
-1
19
20
3
-17
-14
16
26
8
-16
-20
0
22
10
-18
-20
1
18
12
-6
-21
-4
18
16
-3
-16
-7
16
9
-2
-11
-13
11
10
-1
-9
-3
4
4
0
-6
2
3
-7
0
0
-1
-4
-9
-3
2
-1
-1
-7
-3
-2
4
4
-11
-6
0
10
3
-8
-9
-2
19
9
-6
-9
-3
11
4
-6
-6
5
14
10
-3
-12
-2
5
9
-5
-11
-3
4
6
-7
-9
2
12
4
-8
-9
5
13
4
-6
-7
3
11
8
-5
-10
-2
14
7
-5
-7
1
8
10
-4
-7
1
9
9
-6
-5
0
3
5
0
-4
-3
7
2
2
-3
-4
4
-1
3
-1
3
10
1
-3
-1
4
-1
-1
-5
0
5
-3
-3
-3
8
13
5
-7
-7
2
13
7
-5
-10
5
18
11
-6
-9
-4
15
12
-10
-18
-6
11
12
-6
-15
-5
8
13
3
-16
-12
7
15
7
-7
-5
5
10
9
-3
-3
3
11
12
8
1
-6
6
8
15
6
-6
-3
4
9
6
-3
-9
0
14
16
0
-3
-2
9
19
5
-11
-9
7
17
6
-1
-4
-1
16
16
2
-12
-4
11
13
3
-10
-6
6
10
4
-11
-13
1
6
2
-7
-13
-9
1
5
-3
-12
-10
2
4
8
-3
-19
-6
6
8
-3
-12
-9
1
9
0
-11
-12
-2
13
9
-6
-13
-5
6
9
-3
-11
-8
4
9
4
-4
-5
0
3
13
8
-4
-6
7
13
8
-5
-5
4
8
6
-6
-5
0
11
15
0
-7
-8
5
10
6
-4
-9
4
14
7
3
-4
-6
4
11
15
0
0
1
12
12
0
-4
0
9
15
7
-5
-5
4
11
4
-4
-6
-2
13
4
-2
-1
0
8
5
2
-3
1
6
13
6
5
-2
-1
9
3
1
-2
-3
2
6
4
1
-6
1
9
15
4
-2
2
9
9
2
-4
-6
-1
5
4
-8
-11
-7
4
3
-4
-11
-2
6
3
-1
-10
-7
0
4
-3
-9
-9
-3
4
-2
-9
-12
-7
-3
4
-7
-14
-11
-7
-7
-13
-10
-10
-18
-15
-16
-8
-9
-14
-14
-9
-3
-8
-10
-10
-7
-1
-8
-11
-14
-7
7
0
-12
-16
-7
-1
2
-5
-12
-8
-4
-1
-5
-11
-5
4
1
-3
-12
-15
-1
3
2
-4
-13
-5
-2
-1
-2
-3
1
-4
1
-8
-6
-1
-10
-9
-2
-8
-4
-7
-4
-4
-1
0
-9
-5
-4
3
0
-4
-6
-7
0
-2
-6
-13
-11
2
4
-6
-18
-10
1
4
1
-12
-10
4
9
-6
-7
-9
-2
3
3
-8
-12
-5
1
4
-12
-16
-15
-4
-2
-14
-18
-3
-3
-3
-4
-9
-10
-8
-7
-9
-9
-10
-12
-4
-3
-4
-6
-17
-15
-2
-2
-6
-14
-16
-13
-7
-3
-13
-18
-13
-2
-2
-12
-19
-17
1
8
-10
-27
-19
-6
1
-6
-17
-21
-4
5
-3
-14
-24
-12
2
4
-13
-23
-12
-2
0
-2
-13
-10
-7
3
-1
-16
-12
-6
5
2
-5
-7
-8
-7
-5
-6
-6
-9
-10
-6
-6
-5
-13
-13
-6
7
2
-8
-11
-12
5
2
-5
-15
-17
-4
2
-3
-15
-20
-9
5
1
-12
-23
-12
8
10
-10
-23
-11
5
13
-2
-26
-16
3
6
-4
-19
-19
-1
5
2
-16
-24
-14
0
1
-6
-19
-18
-6
-2
-2
-15
-13
-7
-7
-3
-5
-18
-20
-7
-1
-7
-15
-18
-21
-7
3
-8
-15
-17
-9
-1
-4
-19
-25
-10
4
3
-8
-15
-9
6
4
-4
-16
-16
3
7
-3
-15
-15
-2
12
7
-4
-11
-8
4
3
-3
-13
-10
0
7
-4
-16
-14
-1
5
4
0
-8
-10
5
9
-1
-4
-15
-8
0
3
0
-11
-5
7
8
9
-3
-7
8
15
6
-1
-2
-4
11
16
8
-7
-5
8
12
13
-5
-7
9
18
16
-4
-11
-5
12
9
2
-8
-5
10
12
1
-11
-7
3
9
6
0
-6
7
15
16
9
-7
2
8
12
6
0
-7
-2
9
5
5
-4
2
7
6
9
0
4
4
13
10
3
-5
-1
10
10
9
1
1
2
9
16
2
-5
1
20
21
6
-3
-8
6
16
10
-7
-3
4
13
11
-4
-8
0
9
11
-3
-8
3
2
5
1
-4
-2
1
6
1
-6
-3
1
4
-8
-10
-3
2
3
0
1
8
6
-2
2
6
7
-1
-4
-7
3
14
0
-13
-13
-2
4
-1
-5
-4
-2
8
3
-7
-6
-2
10
6
0
-12
-4
10
7
-3
-13
-5
4
1
-8
-7
2
8
3
-6
-12
-4
3
4
-4
-6
-10
-6
2
-11
-14
-5
3
0
-6
-8
-2
6
2
-8
-8
1
5
2
-14
-7
2
6
1
-9
-10
-2
7
-4
-12
-11
0
9
2
-9
-8
1
6
-2
-11
-10
-2
6
2
-10
-6
2
3
-3
-10
-9
3
3
-3
-7
-6
2
3
-9
-17
-3
0
-1
-7
-9
0
6
1
-13
-14
-5
-1
-2
-13
-13
-2
7
10
-13
-14
3
7
7
-11
-16
-6
0
1
-14
-20
-4
6
2
-9
-8
-2
4
7
-6
-12
-2
6
-5
-6
-7
0
1
-3
-9
-12
-5
-5
-3
-14
-10
3
-10
-10
-12
-8
4
-4
-14
-16
-5
10
6
-7
-15
-2
9
7
-7
-20
-8
17
17
-10
-19
-6
17
22
0
-10
-6
13
17
-5
-17
-8
6
11
-8
-13
-7
6
10
2
-8
-6
3
7
0
-6
-8
-1
0
-9
-2
0
7
0
-3
-1
5
9
-8
-10
-3
6
9
-13
-27
-12
10
14
-8
-30
-17
6
12
-4
-23
-19
6
18
-6
-30
-21
5
14
4
-17
-14
0
14
0
-18
-17
-2
10
-2
-14
-17
3
8
-2
-18
-19
-6
2
-3
-15
-11
4
-1
-5
-16
-9
5
-6
-14
-17
0
7
3
-16
-7
9
16
-2
-19
-16
3
24
6
-23
-22
9
25
5
-18
-25
3
22
8
-18
-20
2
19
11
-19
-23
-7
16
14
-9
-20
-3
15
6
-20
-24
-5
12
9
-15
-19
-2
6
5
-7
-10
2
3
2
-5
-14
2
8
-9
-17
-7
13
13
-5
-14
-4
16
10
-12
-16
-5
15
12
-18
-25
1
18
12
-11
-20
2
23
15
-14
-32
-5
17
15
-17
-34
-9
18
18
-14
-31
-11
14
12
-16
-28
-14
9
14
-14
-25
-8
13
9
-14
-25
-10
13
13
-11
-24
-11
6
7
-14
-23
-6
0
-2
-18
-19
-5
7
-4
-16
-17
1
12
2
-18
-25
-1
13
-5
-26
-21
2
14
-7
-26
-20
5
16
-5
-36
-21
10
19
-10
-32
-24
8
22
-5
-27
-21
13
22
0
-36
-22
9
24
3
-36
-27
4
27
2
-30
-21
8
16
-7
-34
-22
9
11
-10
-28
-17
15
19
2
-16
-3
22
20
-8
-26
2
20
20
-3
-19
3
23
17
-13
-22
0
28
19
-17
-29
-1
30
16
-17
-25
2
29
13
-24
-28
5
38
22
-18
-30
2
35
19
-20
-34
1
36
21
-18
-30
1
30
23
-25
-36
-2
29
13
-27
-32
6
39
20
-23
-26
8
35
15
-22
-24
16
40
9
-24
-23
18
32
6
-24
-17
17
34
1
-33
-19
19
36
1
-30
-14
27
43
0
-27
-6
32
40
-3
-30
-10
38
39
-1
-40
-19
35
38
-7
-40
-14
33
39
-9
-42
-15
40
37
-4
-42
-13
36
32
-11
-40
-7
38
38
-11
-37
-1
32
27
-13
-33
1
42
32
-18
-42
-7
35
25
-21
-36
8
42
27
-22
-33
6
45
20
-22
-36
11
47
19
-32
-34
17
49
17
-35
-34
19
46
10
-34
-36
21
50
21
-33
-33
23
53
15
-39
-30
23
51
13
-33
-32
18
49
10
-40
-30
21
44
6
-39
-29
22
46
5
-38
-24
19
42
7
-35
-23
27
40
-1
-44
-24
33
42
-2
-38
-15
31
38
0
-36
-9
38
42
2
-39
-7
48
47
-6
-37
-7
44
49
-2
-38
-8
43
49
-1
-38
-6
47
48
-13
-39
-7
44
44
-8
-42
-8
54
45
-7
-39
-3
51
43
-12
-38
-5
40
34
-8
-35
-2
45
38
-14
-34
4
44
35
-12
-32
5
53
42
-13
-33
10
48
33
-15
-28
8
47
26
-17
-28
6
51
31
-23
-31
12
44
31
-15
-31
10
47
28
-22
-35
12
48
25
-18
-29
17
50
28
-21
-29
19
48
23
-24
-25
18
46
25
-23
-24
21
54
23
-27
-25
22
52
23
-31
-24
26
49
20
-26
-16
32
54
21
-24
-18
30
45
10
-32
-20
26
45
8
-25
-21
24
43
10
-24
-16
29
46
10
-24
-17
29
42
9
-27
-15
24
35
2
-30
-14
28
31
-4
-34
-10
34
33
0
-29
-14
31
33
-4
-32
-18
28
29
-4
-40
-11
34
31
-7
-39
-15
28
32
-9
-37
-13
27
30
-6
-35
-20
26
27
-9
-29
-13
32
27
-11
-33
-13
28
25
-7
-33
-9
28
26
-10
-27
-9
26
28
-7
-30
-2
31
23
-13
-30
6
29
21
-14
-31
-3
26
23
-15
-26
6
35
26
-18
-30
2
35
23
-15
-26
-2
40
30
-16
-28
-2
32
24
-14
-31
-8
36
31
-16
-32
-4
33
26
-21
-37
2
37
28
-14
-36
0
40
28
-14
-29
2
32
17
-19
-31
4
32
21
-11
-30
7
32
18
-17
-27
8
33
15
-22
-22
14
31
10
-26
-26
16
36
4
-34
-24
18
37
2
-33
-30
29
42
6
-31
-26
27
44
11
-34
-29
22
46
13
-40
-31
21
48
20
-38
-28
22
47
15
-34
-36
22
44
11
-29
-20
22
42
15
-31
-27
16
37
11
-29
-19
23
37
10
-29
-19
25
33
1
-35
-10
24
27
-3
-30
-7
32
31
-11
-37
-6
30
28
-16
-40
-2
38
35
-15
-36
1
50
36
-16
-37
-1
52
40
-17
-45
-7
51
43
-17
-49
-9
47
40
-11
-49
-5
50
40
-13
-42
-1
48
40
-11
-37
-2
42
39
-7
-39
-3
40
28
-10
-30
-2
37
24
-16
-28
12
40
24
-18
-29
11
34
11
-24
-29
16
40
21
-17
-26
27
44
14
-32
-22
27
48
8
-37
-27
30
51
11
-35
-29
29
48
10
-37
-23
34
49
9
-38
-28
38
58
11
-33
-23
29
53
12
-29
-23
28
48
10
-23
-19
25
43
11
-24
-14
27
40
10
-27
-13
27
30
-3
-32
-9
31
29
-6
-32
-3
32
26
-12
-39
-10
32
25
-13
-35
-6
34
29
-18
-33
0
32
25
-18
-38
-5
38
20
-30
-39
0
33
22
-27
-43
-4
43
16
-31
-40
-9
35
18
-26
-42
0
37
14
-32
-38
0
35
15
-27
-33
2
31
10
-29
-39
3
36
14
-32
-25
14
33
11
-26
-26
8
34
7
-33
-25
12
27
-4
-32
-18
17
29
-2
-27
-18
21
27
-2
-30
-19
24
32
-3
-30
-11
28
30
-10
-35
-19
25
31
0
-34
-13
25
29
-7
-31
-10
25
31
-4
-29
-13
25
27
-5
-32
-11
27
22
-10
-26
-1
29
22
-4
-20
0
33
28
-3
-24
5
29
20
-9
-19
10
27
14
-14
-18
-4
18
18
-19
-18
1
22
5
-23
-21
5
24
6
-19
-20
3
20
4
-20
-24
7
30
10
-19
-21
12
24
7
-16
-23
8
26
13
-16
-19
10
28
10
-20
-15
6
19
1
-10
-12
6
28
10
-18
-18
12
14
1
-19
-7
14
15
6
-16
-6
14
15
-5
-16
-7
13
13
-2
-14
-2
19
8
-9
-19
-6
13
8
-14
-21
-5
18
11
-12
-19
-5
13
3
-15
-22
-5
8
4
-15
-18
-4
9
2
-12
-16
-4
7
8
-5
-11
1
10
8
-10
-10
-2
8
1
-3
-9
0
13
0
-5
-8
5
15
4
-6
-3
1
12
0
-3
-3
-4
6
0
-7
-5
6
9
4
-9
2
7
10
5
-5
-1
4
4
3
-3
-3
10
11
3
-10
-3
8
4
1
-2
-1
9
4
-2
-6
0
3
7
2
-6
4
12
3
-5
-3
3
5
4
-2
-3
-3
4
1
-9
-5
0
0
-3
-10
-6
1
-5
-2
-7
-1
2
-2
-2
-8
-4
0
4
-4
-6
-2
5
-3
-11
-10
3
12
2
-5
-4
-1
0
2
-12
-7
3
4
-2
-7
-6
1
7
-7
-10
-4
3
5
-3
-11
-6
4
2
-8
-15
-4
5
10
-8
-11
1
15
13
-6
-10
-6
12
8
-2
-13
-7
16
7
-13
-17
-4
13
1
-10
-14
4
15
5
-4
-15
4
13
9
-8
-8
7
14
4
-11
-7
2
16
11
-2
-5
10
21
1
-7
0
7
14
3
-11
-12
15
19
6
-11
-6
22
17
1
-15
0
21
23
3
-12
-4
18
26
-1
-13
-2
18
21
-1
-8
-1
20
25
0
-18
-5
27
22
-3
-13
-1
20
15
-8
-18
5
21
16
-2
-11
6
23
15
-5
-10
9
28
19
-7
-7
14
34
16
-6
-8
13
36
12
-11
-2
23
31
16
-9
-7
23
30
11
-12
-3
28
37
6
-21
-5
21
26
1
-18
-3
18
27
3
-13
1
23
27
-4
-20
0
22
27
-1
-18
2
24
22
-8
-19
6
31
25
-9
-19
7
31
18
-17
-19
7
30
15
-18
-20
8
32
17
-17
-19
10
29
7
-24
-22
16
28
7
-24
-20
13
30
4
-28
-12
19
32
8
-25
-20
13
23
-5
-30
-17
16
31
-1
-30
-14
18
30
0
-27
-12
20
31
0
-24
-11
17
20
-12
-34
-6
19
16
-11
-26
-10
17
17
-15
-30
-8
25
13
-14
-28
1
28
10
-25
-27
1
23
15
-22
-31
4
24
9
-22
-21
2
16
7
-21
-29
-8
23
6
-26
-25
4
24
4
-23
-30
3
23
6
-23
-21
12
27
7
-32
-20
7
24
6
-17
-5
13
24
4
-13
-7
17
22
1
-15
-9
11
20
0
-14
-4
13
18
5
-14
-3
20
18
-1
-16
0
22
20
0
-13
-1
19
16
-11
-16
-5
17
19
-9
-15
-1
22
17
-6
-16
-2
17
11
-6
-18
3
16
4
-7
-15
-4
16
11
-10
-13
3
16
6
-8
-11
2
14
9
-5
-9
6
15
6
-7
-3
11
14
6
-10
-4
7
12
-7
-15
-2
10
9
-3
-8
-4
13
14
-5
-11
0
17
18
4
-13
5
19
18
5
-6
6
17
13
-4
-8
3
21
14
-4
-9
7
23
9
0
-3
6
24
7
-6
-2
6
20
14
-8
-5
9
23
12
-8
-7
7
16
4
-7
-5
10
16
7
-17
-7
7
17
2
-14
-4
8
13
3
-13
-6
11
18
9
-6
1
14
20
6
-7
1
19
19
5
-10
1
12
16
0
-13
4
18
16
3
-7
2
17
9
-3
-8
4
11
13
3
-1
12
17
16
0
-3
10
21
19
2
-4
9
20
13
5
3
12
16
12
-3
-1
12
15
9
0
1
10
13
3
1
0
8
12
7
-1
-3
9
5
1
-1
-3
5
6
5
1
2
4
5
3
-5
2
7
10
0
-2
4
2
2
2
0
6
11
-1
1
2
3
-1
-5
0
1
10
12
2
0
3
4
6
-2
0
1
0
-2
6
4
1
8
8
5
-1
8
3
5
5
-3
7
9
2
-3
-2
4
3
-5
-3
2
5
6
-3
-7
-2
2
4
-2
-5
3
11
2
-2
-6
6
9
2
0
-1
9
7
3
-5
-3
6
17
4
-1
-3
1
12
0
-3
6
8
5
-1
-7
-3
5
3
-3
-11
-6
9
13
-3
-7
6
10
5
-1
-7
0
14
13
-1
-12
-3
3
0
-4
-11
-4
8
6
-3
-12
-3
8
6
-7
-17
-2
8
4
-4
-11
-3
9
1
-11
-17
-2
9
3
-13
-15
0
16
7
-9
-16
-3
18
8
-13
-8
5
16
5
-5
-8
6
12
7
-12
-13
6
14
11
-12
-9
4
14
2
-13
-13
12
20
6
-16
-13
12
15
4
-13
-12
7
20
-2
-20
-13
9
15
1
-20
-13
10
10
3
-15
-12
4
11
-4
-24
-10
5
7
-2
-20
-11
8
13
-1
-13
-9
12
15
-2
-15
-8
11
14
-1
-20
-10
9
10
-13
-23
-12
13
9
-15
-23
-10
10
6
-18
-22
-6
13
3
-14
-24
-10
16
4
-14
-24
-8
14
7
-18
-24
-8
14
6
-15
-28
-4
15
6
-14
-19
-3
15
11
-19
-22
1
18
6
-17
-20
2
14
3
-14
-20
-2
18
3
-20
-11
11
18
5
-20
-22
4
14
6
-19
-17
6
15
2
-19
-9
7
14
0
-24
-18
9
13
-9
-30
-17
13
16
-6
-28
-16
12
15
-8
-27
-14
9
14
-11
-27
-15
8
13
-11
-28
-17
10
13
-13
-30
-14
11
12
-10
-31
-15
14
11
-12
-29
-11
15
8
-20
-31
-17
8
6
-18
-32
-14
14
12
-15
-30
-11
14
8
-24
-30
-7
14
9
-16
-27
-2
20
7
-22
-23
2
18
9
-22
-24
0
18
6
-24
-24
0
20
3
-25
-29
3
20
1
-26
-24
9
24
6
-22
-22
7
20
1
-25
-19
8
25
1
-28
-17
10
23
0
-26
-19
10
25
-5
-32
-14
8
22
-2
-23
-11
10
23
-3
-24
-12
14
12
-9
-21
-14
15
14
-15
-29
-19
11
15
-14
-27
-17
14
17
-17
-31
-12
19
13
-14
-30
-11
15
10
-14
-28
-6
15
13
-16
-23
-10
20
10
-18
-26
-5
17
7
-16
-28
-2
17
9
-16
-23
-1
14
1
-23
-24
3
16
-3
-21
-25
-2
16
-1
-19
-19
4
19
-5
-20
-16
5
17
-1
-23
-16
10
15
-8
-27
-12
10
13
-6
-22
-18
10
16
-9
-24
-18
1
4
-15
-35
-24
-4
4
-16
-30
-17
1
2
-18
-27
-16
8
6
-17
-28
-15
6
-1
-23
-29
-18
-4
-3
-21
-28
-19
-3
-5
-28
-25
-13
2
-6
-18
-19
-6
3
-4
-19
-22
-2
13
-5
-20
-16
-5
8
1
-13
-17
1
7
0
-14
-14
-1
10
1
-18
-16
1
8
-5
-21
-13
3
6
-5
-17
-12
5
11
-6
-19
-9
3
6
-5
-17
-6
5
4
-10
-19
-6
7
8
-7
-11
-3
5
3
-7
-16
-8
5
0
-15
-13
-5
3
-3
-10
-14
-5
5
0
-13
-14
0
1
-2
-10
-9
-6
2
2
-10
-5
7
7
1
-2
0
7
12
3
-8
-8
3
16
5
-5
-1
10
13
-3
-5
3
9
8
1
-6
-6
9
3
-4
-7
-2
4
0
-7
-5
2
6
8
-9
-10
3
9
4
-5
-6
3
1
3
-1
-7
-5
10
1
-9
-7
1
13
3
-3
-3
2
7
-1
-2
1
6
14
0
-5
3
