0
-10
-18
-13
-2
2
-7
-15
-14
0
-6
-13
-13
-7
-7
-8
-15
-22
-14
-9
-10
-19
-19
-16
-9
-9
-16
-15
-12
-7
-11
-14
-11
-16
-13
-12
-14
-13
-15
-16
-15
-10
-11
-10
-8
-6
-3
-11
-12
-11
-9
-5
-8
-13
-13
-7
-7
-7
-12
-8
-7
-6
-2
-2
3
1
0
-5
-5
-8
-7
-4
-9
-6
1
-5
-3
-8
-3
-2
-5
-3
4
4
1
0
-7
2
5
3
-2
0
6
4
9
1
1
12
6
4
10
7
11
7
-1
3
11
8
13
10
15
18
4
-5
-6
-5
-4
-7
-7
-2
3
1
-11
-6
-5
-6
-11
-13
-14
-1
-2
-7
-11
-8
-3
-10
-16
-8
-3
-2
-10
-18
-13
-10
-12
-21
-19
-4
-3
-10
-10
-12
2
0
-14
-12
-12
-3
-13
-20
-18
-9
-7
-14
-23
-17
-10
-4
-14
-14
-14
-20
-23
-22
-19
-14
-12
-27
-16
-17
-11
-15
-29
-17
-4
-9
-17
-24
-14
-3
-15
-27
-22
-10
-10
-18
-22
-20
-11
-10
-20
-21
-13
-7
-10
-17
-23
-10
-9
-11
-21
-14
1
-8
-11
-13
-8
-3
-15
-18
-6
-8
-3
-10
-14
-1
5
-5
-12
-14
1
-2
-6
-13
-5
2
-2
-10
-12
-4
-6
-9
-16
-12
-5
-4
-20
-18
-6
-10
-13
-22
-11
2
-10
-14
-17
-7
0
-10
-24
-15
-8
-6
-6
-19
-9
0
-5
-19
-17
-8
3
-8
-18
-7
2
0
-15
-21
-9
4
-1
-15
-13
-5
-8
-12
-10
-4
4
-7
-18
-15
-9
0
-10
-21
-15
-4
-5
-15
-18
-6
2
-9
-25
-23
-9
-8
-22
-25
-18
-6
-10
-25
-18
-5
-2
-17
-27
-16
-6
-6
-18
-19
-6
0
-15
-24
-13
-5
2
-12
-18
-5
6
-2
-15
-18
0
6
-14
-23
-14
5
-2
-17
-16
-6
1
-4
-12
-21
-6
0
-12
-13
-5
6
0
-15
-12
-8
-13
-16
-15
-12
-8
-12
-18
-21
-8
-9
-16
-23
-17
-3
-9
-21
-24
-11
-4
-19
-28
-18
-7
-6
-17
-20
-13
-6
-9
-19
-14
-2
-4
-6
-11
-13
-11
-7
-17
-20
-10
-6
-11
-21
-18
-12
-10
-18
-15
-7
-2
-8
-13
-13
-5
-2
-4
-14
-8
-4
-9
-14
-13
-4
-2
-2
-9
-4
-1
-1
-1
-5
1
-1
-5
-4
-1
-1
-7
-5
-3
-2
-2
-8
-9
-7
-9
-10
-11
-7
-9
-4
-1
-14
-10
-4
-6
-4
-7
-7
-4
1
-6
-5
-6
-8
-5
-4
-2
-6
-9
-10
-6
-6
-8
-10
-3
-8
-11
-10
-7
-9
-11
-14
-10
-9
-10
-6
-11
-12
-14
-12
-11
-8
-10
-2
-4
-4
-5
-8
-3
-5
-7
-7
-4
-5
-7
-7
3
-4
-2
-2
-6
-1
-4
-1
-3
-1
-1
-4
-2
-3
-2
3
-6
-3
0
0
-3
-3
-5
0
2
2
1
2
1
5
2
-1
3
2
0
2
7
-2
2
-2
-4
0
5
1
4
5
-1
-2
-4
-2
2
0
-1
-2
-1
-2
-3
0
-2
-8
-8
-7
-4
-2
-4
-6
-9
-9
-6
-9
-7
-13
-7
-8
-7
-6
-15
-9
-13
-12
-17
-12
-4
-9
-8
-12
-9
-9
-18
-13
-9
-11
-11
-13
-10
-7
-10
-12
-13
-8
-4
-10
-7
-12
-6
-11
-9
-7
-11
-3
-3
-6
-8
-5
-2
-2
-5
-12
-8
-1
-2
-1
-2
0
-2
0
-10
-6
0
-2
-4
-5
-7
-13
-14
-13
-1
-3
-7
-13
-5
-1
-2
-9
-9
-7
-5
-9
-13
-5
0
2
-9
-9
-8
-2
3
-7
-9
1
3
-3
-8
-6
-7
0
-4
-6
1
1
-2
-9
-7
0
0
-6
-9
-4
5
0
-12
-12
-5
-3
-10
-13
-13
-5
-1
-11
-15
-8
0
-5
-11
-13
-6
-6
-13
-8
-9
-2
-3
-10
-12
-8
-3
-11
-12
-5
1
0
-5
-11
0
4
-5
-13
-8
1
1
-11
-15
-9
1
-2
-13
-15
-3
2
-4
-14
-15
-2
3
-8
-15
-6
-4
-4
-9
-14
-2
-3
-1
-9
-9
2
1
-6
-5
2
1
-1
-2
2
5
11
-3
-5
1
3
2
-2
3
8
13
7
-2
5
9
14
7
4
9
11
11
4
8
11
12
5
5
7
12
13
9
4
10
11
4
2
4
11
7
5
0
5
11
4
3
1
6
6
5
3
2
11
12
3
3
8
10
10
14
14
9
9
11
7
7
7
2
6
4
11
7
4
1
1
9
9
1
0
7
5
5
3
8
8
6
6
3
6
5
9
1
4
4
6
8
5
3
4
3
-4
0
4
6
1
2
1
-2
2
-2
-1
1
5
-1
-4
1
8
4
2
3
-2
1
9
1
-3
3
2
-1
-3
-3
-2
-2
-3
-2
-3
-2
1
-4
-3
3
2
-2
3
6
-5
-1
-2
2
0
-1
1
-5
-2
-4
-1
-3
-6
-2
-5
-6
-3
-3
1
1
0
2
-2
-2
1
-2
-1
3
-3
-5
-4
-4
0
-4
-6
0
-3
-3
-3
5
4
-2
2
1
-1
0
1
-4
4
0
-1
2
4
5
4
12
9
5
6
8
3
2
5
11
7
7
5
3
10
6
3
4
6
1
-3
4
2
7
5
2
5
6
3
7
1
-3
7
4
6
3
1
3
-5
6
5
-3
2
-1
-4
-5
1
-2
0
3
2
-3
2
3
3
5
0
-3
0
1
0
1
1
1
3
-1
-5
-4
3
6
0
0
-1
0
-3
-3
-6
-2
0
2
-3
-5
-3
-4
0
-6
-5
-4
1
-1
-7
-7
-1
-2
-2
-3
-2
-5
-11
-7
4
1
1
-1
-4
1
3
1
-5
-8
-4
-8
-11
-12
-9
-4
-11
-17
-16
-3
-7
-10
-6
-4
-2
-2
-5
-8
-5
-7
-7
-7
-3
-6
-8
-3
-8
-7
-2
-4
-8
-5
1
1
-4
-9
-5
0
-4
-11
-18
-6
4
-5
-6
-6
1
-3
-2
-6
-9
-4
-3
-2
-7
-3
-2
-5
-4
-6
-7
-8
-8
-8
-4
0
-6
-9
-11
-5
-7
-13
-12
-7
-8
-5
-7
-13
-3
-7
-9
-14
-18
-1
-3
-5
-13
-11
-8
-7
-9
-16
-7
-2
-6
-14
-12
-5
-2
-7
-10
-8
-6
-2
-7
-5
-4
-3
-8
-10
-5
2
0
-7
-13
-5
0
-5
-12
-13
-6
0
-7
-16
-11
-7
-6
-8
-7
-2
-1
-1
-9
-8
1
0
-1
-1
4
-1
0
-4
-1
5
3
2
-6
3
11
-1
-1
-2
7
4
2
-6
-3
8
9
4
-1
2
8
8
-3
-4
2
5
2
-3
-3
2
1
-8
-5
-2
-1
-3
-3
2
6
4
-4
-8
6
15
1
-2
-2
6
14
3
-7
-3
6
5
-7
-6
-1
4
-8
-12
-7
1
-2
-10
-18
-11
-7
-14
-19
-20
-4
-6
-18
-19
-10
-4
-8
-21
-19
-6
5
-13
-27
-21
-9
-6
-21
-21
-10
3
-9
-22
-15
-2
5
-12
-22
-8
-1
1
-6
-11
-1
0
-5
-13
-15
4
1
-15
-18
-6
5
-8
-18
-11
5
10
-6
-13
-4
7
3
-15
-21
-2
12
-3
-17
-10
8
8
-6
-18
-7
5
-4
-17
-19
1
9
-12
-15
-11
5
1
-18
-20
0
12
-7
-19
-5
10
9
-12
-28
-3
14
1
-26
-22
4
13
-8
-32
-17
10
8
-19
-25
-8
12
-4
-24
-21
0
11
-16
-28
-9
16
2
-20
-25
-2
8
-17
-31
-21
6
5
-24
-29
-9
13
-9
-37
-29
2
12
-21
-34
-18
8
-3
-29
-27
-8
8
-15
-35
-19
2
0
-21
-32
-9
13
-7
-34
-21
8
14
-16
-33
-9
19
0
-30
-26
4
22
-9
-33
-17
19
17
-23
-28
-4
23
2
-30
-22
13
21
-12
-30
-9
21
14
-24
-26
12
26
-2
-36
-16
21
12
-20
-30
2
27
0
-33
-24
13
23
-18
-39
-13
25
15
-29
-31
8
34
2
-35
-20
21
22
-20
-34
-5
29
8
-30
-25
14
26
-9
-28
-7
27
6
-29
-30
13
29
-5
-39
-17
22
20
-21
-34
8
36
12
-32
-25
14
28
-10
-36
-7
33
23
-23
-28
8
28
-5
-36
-17
22
18
-18
-28
1
30
8
-24
-21
19
27
-16
-37
-3
26
11
-24
-28
9
28
-4
-36
-11
21
17
-22
-36
4
32
4
-34
-25
12
24
-14
-33
-2
27
14
-21
-16
14
22
-6
-32
-9
18
19
-17
-26
0
17
-5
-34
-22
10
14
-14
-27
-6
20
5
-26
-25
5
17
-5
-33
-17
13
7
-20
-22
2
17
2
-26
-14
15
11
-16
-29
-10
13
8
-21
-22
-1
12
-7
-26
-12
10
10
-16
-22
-1
17
2
-20
-16
7
16
-6
-21
-2
14
4
-15
-18
6
13
-5
-19
-4
15
10
-5
-9
3
14
2
-11
-2
12
12
-4
-13
3
12
10
-6
-12
5
12
-2
-5
-7
5
12
-3
-7
10
17
7
-8
-4
8
12
-1
-12
0
13
7
-6
-9
-2
10
0
-7
-6
5
10
0
-9
-5
5
3
-1
-5
5
13
7
-4
2
7
10
6
-4
-1
13
8
-3
2
8
14
10
-2
3
15
11
1
-3
8
13
12
1
-7
3
9
5
-7
-4
8
6
-4
-7
-1
12
5
-2
1
6
12
2
2
5
9
9
0
-1
5
11
3
0
3
14
19
4
-3
4
22
17
5
9
13
21
11
4
6
11
24
11
0
14
19
18
5
4
19
19
13
-3
11
21
16
9
8
15
19
12
4
7
16
19
7
6
14
20
20
4
7
20
18
9
3
4
22
13
-2
-2
10
16
6
0
-2
7
11
2
-6
-2
7
8
-8
-6
1
7
4
-6
-5
11
5
-6
-10
0
10
-1
-12
-9
8
5
-5
-12
-1
10
2
-5
-8
4
13
-3
-12
-10
4
7
-2
-5
4
11
3
-4
-3
8
7
2
0
-1
7
3
-4
-6
6
9
1
-5
-5
10
12
1
-7
-1
7
8
-4
-2
11
11
1
-3
1
8
13
3
-2
0
11
5
-4
2
6
11
5
-1
6
6
4
7
0
12
13
9
4
0
13
7
6
1
9
15
8
6
6
9
10
9
-1
4
9
12
3
-4
10
12
5
3
4
9
9
-2
-4
5
6
6
-1
2
5
8
3
-1
3
5
7
-5
-3
2
10
3
1
5
15
19
2
2
10
14
12
3
3
11
12
9
5
5
12
12
8
7
8
12
6
3
4
11
6
4
4
3
14
11
6
3
12
14
10
-1
5
12
11
7
1
9
8
5
-7
1
5
9
1
0
6
8
6
0
2
0
6
2
3
5
2
6
1
3
8
7
6
-1
5
11
10
2
-4
6
4
-1
-1
4
8
6
3
-6
5
9
7
1
5
8
10
3
-4
10
8
7
5
6
10
7
7
4
4
8
8
1
1
1
6
4
4
5
12
7
4
2
3
9
8
5
4
8
7
0
-1
3
2
2
-1
1
3
6
6
6
4
9
4
-1
7
6
2
3
2
9
11
7
-3
3
6
7
-1
-3
-1
11
4
-1
0
6
5
3
7
3
8
4
3
1
-1
3
1
-2
1
1
-1
-3
-7
-7
-3
-7
-8
-1
-3
0
-3
-3
-1
-1
1
-3
-3
2
4
1
-1
-1
0
-2
1
-1
4
5
4
5
2
5
4
5
2
7
1
2
5
2
4
3
-7
-3
1
3
1
-8
-4
-1
3
-3
-6
-4
0
-1
-2
-4
2
7
-4
-4
-2
0
1
-7
-7
-3
-1
-7
-9
-1
-3
-1
-5
-8
-1
-9
-5
-6
-8
1
1
-4
-12
-2
1
3
-6
-6
-1
-6
-6
-10
-8
-3
1
-4
-2
-4
-5
-4
-6
-5
-3
-6
-7
-12
-9
-6
-6
-9
-9
-10
-3
-1
-9
-9
-6
-2
-3
-6
-7
3
3
-4
-2
-8
-3
-3
-6
-7
-7
-2
-1
-7
-5
0
-4
-3
-5
-2
-3
-3
-3
-5
-2
-2
-3
-8
-8
-2
-1
-8
-11
-6
3
2
-7
-4
4
-2
-10
-10
-7
-2
-1
-8
-17
-1
-1
2
-7
-10
1
1
-3
-10
-5
-2
-3
-10
-10
0
6
-3
-8
3
2
0
-5
-12
-6
7
4
-5
-10
3
4
-10
-8
-10
0
-1
-8
-9
-8
1
-1
-11
-14
-5
2
-9
-12
-7
-2
-7
-11
-11
0
2
-7
-11
-10
-4
1
-16
-19
-7
-1
-10
-14
-12
-8
0
-15
-19
-8
-3
-6
-13
-16
-9
1
-11
-15
-12
-1
-5
-13
-11
1
7
-8
-16
-13
-6
0
-13
-16
-5
10
-5
-13
-11
-3
5
-6
-6
-3
5
2
-15
-11
-2
3
1
-11
-7
-2
2
-9
-20
-5
-1
-9
-19
-16
-1
-5
-13
-15
-7
3
-4
-14
-13
1
-1
-6
-12
-14
0
0
-14
-17
-9
4
6
-9
-7
5
7
-1
-10
-3
11
8
-4
-3
2
13
5
-8
-1
8
5
-3
-5
1
12
6
-6
-3
4
10
2
-5
2
6
0
-7
-10
-1
5
-4
-5
-8
5
4
-6
-10
0
5
2
-4
-5
3
8
-1
-10
0
5
4
-8
-13
-4
2
-2
-7
-5
0
1
-3
-13
-7
0
3
-5
-6
-2
-5
-2
-9
-3
0
3
-6
-13
-4
-2
1
-13
-7
-1
-3
-5
-14
-10
2
2
-6
-8
-2
2
4
-1
-4
-1
-2
-2
-7
0
-7
0
-6
-3
4
1
0
-5
-4
5
2
-5
-1
1
2
0
-3
-5
4
8
1
-5
1
2
0
-4
-3
-2
0
-1
-2
4
1
4
2
-1
2
5
3
2
2
3
6
6
1
-1
4
8
2
-1
1
3
-1
-7
3
7
6
-1
-2
-5
4
0
-6
1
2
2
2
-4
0
4
3
-6
-9
0
-1
-1
-7
-3
-4
-3
-2
-7
-2
0
-5
-6
-7
-1
2
1
-6
-2
1
4
4
3
0
6
2
-4
4
4
8
0
-8
2
6
-2
-4
0
1
7
3
0
2
0
12
2
-5
1
4
1
-7
4
2
1
2
1
5
3
5
5
4
3
4
-1
-5
0
4
0
1
-3
4
4
0
-3
0
8
7
-1
-1
7
-1
4
2
2
6
3
8
5
1
8
6
2
6
6
8
6
4
3
9
7
1
1
3
2
4
-2
0
2
-1
2
1
4
4
-2
1
-7
-4
2
-1
-2
1
0
-2
-2
-3
1
0
-4
-3
-3
-1
6
-2
-2
3
-2
1
-2
0
6
1
-3
-7
1
4
1
1
-4
1
4
1
-7
-5
-1
-3
-4
-3
1
-3
2
-2
-7
-4
4
3
2
2
1
2
-4
2
2
1
-6
2
6
4
0
-3
1
3
3
-1
-2
-5
5
1
2
3
2
4
6
8
2
3
14
10
8
2
9
7
2
10
13
13
8
6
2
5
4
8
5
3
12
2
-2
3
1
6
5
7
-5
2
7
6
1
2
9
7
6
0
7
4
3
-2
-2
8
4
2
3
2
9
4
0
7
9
2
1
3
1
-2
4
6
2
3
2
7
3
-1
2
6
1
-8
1
3
3
0
5
4
4
2
-1
0
7
7
-1
-6
-3
2
0
-4
-3
0
-4
-4
-9
-4
-2
-3
-1
-6
-5
-1
-2
-7
-2
-3
-8
-2
-2
-2
-2
-3
-6
-2
-1
-1
-2
-7
-1
4
3
-2
-7
-3
3
2
-1
5
-3
3
-2
-4
-2
-1
2
-1
0
0
2
-5
2
0
0
-2
-3
-5
-3
1
3
-12
-9
-1
-4
-3
-5
-6
-6
-5
-10
-8
-7
-3
-9
-11
-8
2
-2
-9
-2
-2
0
-5
-9
-6
0
4
-4
-5
1
4
-1
-4
2
-2
-2
-4
-8
-11
0
2
-13
-11
-2
2
-9
-5
-3
1
0
1
-5
-3
4
1
-4
-7
1
-1
-11
-7
2
0
-2
-5
-4
-7
-1
-1
-4
-8
3
1
-7
-4
1
4
-8
-5
3
-4
-2
3
-7
-6
2
5
-3
-5
3
0
-7
1
4
1
-1
0
-7
-7
0
0
-4
-8
1
0
-11
-7
1
0
-6
-6
-4
-2
-3
-3
-12
-10
-1
1
-7
-9
2
1
2
0
2
4
5
-2
-4
1
1
-5
5
4
0
3
8
5
-1
10
7
-2
-6
7
7
-4
-5
5
-3
-5
3
0
-13
-4
7
-3
-13
8
8
-12
-8
-1
-8
-19
-4
-3
-11
-2
8
1
-14
-2
7
-11
-14
5
-1
-21
-1
6
-4
-9
4
6
-14
-6
7
-4
-16
2
11
-4
-4
14
7
-9
2
10
0
-4
13
4
-8
1
11
-5
-14
4
2
-12
-11
-1
-8
-16
-6
-2
-9
-10
5
-4
-13
-3
2
-3
-8
0
3
-6
-4
3
-5
-5
3
5
-6
-8
-6
0
-9
-10
8
6
-7
-1
6
-2
-7
4
2
-7
-6
0
0
-7
-4
-5
-6
-6
4
3
-6
-6
6
-4
-16
-7
0
-8
-7
5
-2
-13
-3
9
-8
-14
7
-1
-19
-10
6
-10
-11
4
0
-15
-8
9
-3
-12
5
12
-12
-14
6
-1
-9
3
13
-6
-10
13
3
-11
3
17
-4
-8
6
9
-3
2
13
5
-5
6
15
-6
-12
7
-4
-8
1
7
-5
-13
3
3
-10
-14
7
-7
-19
-1
3
-10
-11
7
-1
-14
-4
13
-4
-11
9
1
-9
-4
6
-10
-12
8
8
-12
-4
7
-10
-14
0
13
-11
-10
4
-7
-16
-3
10
-13
-17
4
-1
-14
-8
4
-6
-18
-1
-1
-18
-10
4
-10
-19
-3
7
-11
-10
0
-4
-15
-6
4
-8
-6
4
2
-14
-1
10
-2
-2
11
6
-1
-1
9
8
-5
7
11
-1
0
14
11
-1
8
16
9
2
12
16
5
1
16
6
2
12
9
2
0
13
7
-1
0
2
0
-6
6
9
1
-1
1
-4
-1
1
4
-5
-1
5
5
0
-4
6
0
-6
-1
7
0
1
4
-1
-3
-1
4
-2
-2
8
6
-2
3
6
5
-7
3
10
2
0
7
2
-7
-3
4
-3
-4
4
1
-1
-4
4
0
-3
-4
5
-8
-5
6
-4
-7
2
4
-4
-1
5
5
-4
2
6
-2
-5
5
4
-5
-2
8
1
-5
1
2
0
3
6
5
-1
3
7
-3
7
10
7
-4
4
12
2
-1
7
9
4
4
6
4
5
7
0
-5
0
6
3
0
4
8
3
2
1
1
-1
9
12
4
7
10
8
5
13
10
9
3
7
10
2
1
3
2
-1
4
3
1
-4
6
2
-7
3
3
4
-1
9
4
-3
2
0
-2
-3
2
5
-4
-3
8
5
-6
-5
-3
-9
-2
2
-4
-6
3
3
-1
-6
1
0
-4
0
7
0
-4
-4
-1
-3
-1
6
1
-3
-2
4
-3
-3
3
5
2
4
10
4
1
5
8
5
4
9
5
0
9
9
-1
2
4
7
7
4
7
6
1
0
-1
-2
-7
5
7
0
1
2
1
0
-2
0
3
-1
4
1
1
-3
4
1
0
6
3
-5
-4
8
6
2
4
8
3
-3
-4
-6
-9
-3
0
-12
-11
-3
-6
-10
-8
-1
-7
-8
-2
0
-4
-4
3
-1
-1
3
1
-8
-6
4
1
-9
-4
-5
0
0
-4
-2
2
2
4
8
9
1
7
10
-3
-1
11
6
-5
1
6
-4
0
8
-1
-2
-3
6
3
-1
6
2
-1
-1
1
-7
-4
6
4
-6
0
7
-5
-2
6
2
-3
-1
1
0
1
3
-6
-11
-1
0
-13
-7
2
-9
-8
0
0
-3
-1
0
-8
1
3
-5
-7
-3
-5
-4
0
-6
-6
-4
-1
-9
-6
4
-4
-9
-6
-4
-8
-6
3
-6
-9
-2
-4
-17
-4
5
-5
-8
3
1
-11
1
9
-8
-8
10
4
-8
-5
7
-5
-7
6
0
-2
3
5
-1
-2
6
-5
-4
6
5
-5
-1
2
-5
-1
3
-3
-1
9
-2
-9
-1
3
-6
3
4
-9
-3
9
-2
-10
9
7
-10
-1
13
-4
-4
9
4
-9
0
7
-9
-9
11
4
-12
-4
3
-12
-12
11
-3
-18
4
5
-15
-10
5
-7
-18
-4
-5
-22
-12
4
-9
-14
-2
-3
-15
-8
4
-8
-14
4
0
-7
2
-3
-9
-2
2
-4
-9
0
-2
-11
4
3
-13
-4
3
-3
0
8
-1
-7
3
6
-7
0
9
-6
-9
7
1
-16
0
8
-9
-5
8
-7
-14
8
1
-20
-9
13
-13
-13
9
9
-11
0
10
-11
0
20
2
-9
11
8
-10
2
14
-1
2
12
6
-5
10
14
-1
1
17
9
-6
11
6
2
13
14
-3
2
13
2
-2
9
8
-15
6
14
-7
0
18
-1
-15
7
10
-10
-3
17
-7
-10
16
5
-16
3
15
-15
-10
17
2
-15
12
14
-7
-3
14
1
-15
12
8
-10
5
12
-10
-13
10
1
-15
7
10
-18
0
11
-7
-8
15
-1
-19
4
5
-19
-10
12
-10
-18
8
5
-21
-5
11
-14
-15
6
-6
-26
3
5
-25
-5
16
-12
-20
8
3
-22
-2
14
-17
-12
15
-1
-23
12
18
-13
-5
23
0
-13
24
7
-21
10
20
-13
-9
24
2
-17
15
17
-15
7
24
-10
-11
26
10
-21
8
15
-17
-7
24
-2
-15
17
11
-20
6
21
-17
-19
20
0
-20
6
10
-22
-7
26
-8
-18
17
6
-28
2
25
-16
-13
22
0
-28
12
20
-29
-6
29
-13
-27
18
6
-28
4
19
-19
-21
20
0
-32
16
18
-25
-8
22
-11
-17
21
9
-24
9
32
-22
-13
26
-1
-29
16
15
-30
-4
30
-14
-23
24
5
-34
10
26
-26
-8
27
-4
-32
16
11
-31
4
31
-13
-24
20
7
-31
4
19
-24
-14
27
-6
-31
11
12
-33
-5
24
-12
-16
22
1
-29
12
19
-29
-11
28
-7
-25
20
17
-26
5
28
-17
-18
25
0
-31
12
23
-29
-9
28
-10
-26
17
10
-31
-1
23
-18
-15
28
11
-21
13
26
-19
-7
24
3
-16
20
14
-21
6
28
-10
-17
19
8
-15
12
22
-16
-7
23
0
-15
13
5
-20
5
23
-7
-11
22
9
-20
11
12
-15
-1
17
-2
-10
18
11
-14
2
18
-7
-9
19
0
-12
11
8
-19
1
21
-11
-15
17
7
-15
13
25
-4
-1
22
7
-13
18
22
-9
-5
26
1
-12
14
15
-11
2
22
-4
-9
14
12
-10
7
21
0
-7
19
10
-7
6
15
0
2
10
5
1
8
13
7
6
12
2
-1
14
3
-1
13
10
-2
9
13
0
5
9
4
0
12
14
-5
4
28
4
-4
19
18
-9
3
26
0
-11
20
12
-9
3
22
1
-12
15
9
-9
0
26
-4
-6
16
7
-12
7
18
-8
-2
10
6
-8
7
9
-12
-3
13
-2
-13
9
9
-3
0
10
2
-7
6
-2
-6
12
8
-1
-2
9
0
-8
10
1
-13
2
12
-12
-2
14
0
-12
8
15
-12
3
13
-6
-11
11
11
-11
-1
5
-8
-9
8
2
-13
6
12
-12
-10
13
1
-16
7
3
-17
6
12
-8
-8
10
1
-9
5
13
-9
-1
12
-5
-13
5
5
-17
10
18
-12
-6
14
1
-15
5
20
-14
-3
23
-3
-18
8
6
-21
-1
18
-11
-15
19
0
-20
1
20
-14
-7
16
0
-11
5
7
-13
3
14
-2
-10
11
3
-9
3
9
-2
-2
15
-4
-7
14
9
-15
7
20
-9
-1
24
4
-9
14
13
-7
-4
23
-5
-10
22
9
-18
1
15
-9
-12
16
-5
-21
5
7
-14
-13
15
-8
-20
6
3
-17
1
14
-10
-9
4
0
-12
3
2
-15
-7
5
-10
-11
5
-4
-14
1
2
-18
-10
3
-9
-14
11
0
-16
1
9
-7
-5
15
1
-21
6
11
-18
-5
6
-7
-17
12
10
-14
1
13
-5
-15
15
6
-14
2
11
-9
-1
10
-3
-8
3
5
-7
1
5
-1
5
10
6
0
-2
3
-2
3
7
-10
-4
6
-3
-6
4
0
-8
-1
9
-6
-5
4
0
-10
4
5
-9
-6
7
-3
-5
6
3
-4
-4
6
-3
0
3
5
-4
7
6
-4
1
6
-1
-6
10
4
-3
4
3
-7
-2
8
0
-4
6
3
-1
3
5
-3
-5
9
2
-1
5
7
-6
4
12
1
-3
5
4
-6
0
9
-2
-4
12
3
-4
3
10
-2
-2
7
2
-3
7
7
-1
5
13
5
2
8
6
1
5
11
2
2
9
9
2
3
10
4
4
9
7
5
6
7
4
7
5
5
8
8
2
6
8
3
6
8
10
2
4
14
3
2
14
5
2
11
11
5
2
8
5
-1
7
11
2
2
9
2
0
7
5
-6
1
5
3
2
8
6
2
10
2
-7
-2
4
0
-5
-1
1
-5
-5
-2
-2
-1
3
1
-2
-4
-4
1
-1
-4
-2
-3
-4
0
0
-1
-3
-2
-1
2
-9
-6
-5
-3
-4
-1
-8
0
-5
-3
-2
-5
3
-2
6
-3
1
3
4
-3
4
1
-5
5
4
1
-6
8
3
3
2
6
8
2
7
6
5
5
11
4
5
8
12
4
9
8
1
7
9
9
3
4
8
10
1
7
3
0
5
8
0
2
9
2
-2
0
2
-1
4
1
-5
4
9
1
1
9
7
-1
7
16
-3
1
17
8
-3
6
15
2
1
15
7
-3
6
8
-3
-4
9
5
-7
5
4
-4
-5
1
0
-4
4
0
-7
-4
4
-3
-3
1
-3
-5
-1
-1
-2
4
-1
-9
-6
4
-10
-9
4
-4
-11
-3
1
-5
0
12
-3
-12
-2
3
-12
0
8
-3
-5
5
2
-10
-2
8
-1
-10
6
1
-7
0
4
-6
-5
4
-6
-11
0
4
-11
1
10
-2
-5
5
2
-8
3
8
-4
1
9
-6
-8
6
0
-11
0
6
-6
-5
7
-4
-8
3
6
-12
-5
11
-4
-6
9
6
-8
4
8
-7
-7
6
2
-9
1
12
-2
-2
10
4
-11
10
7
-10
0
8
-3
-14
7
-2
-10
0
11
-7
-6
11
-6
-7
8
8
-9
-6
1
-9
-4
3
2
-11
-1
3
-15
-2
5
-2
-13
5
5
-10
2
10
-10
-10
8
0
-13
-1
11
-16
-10
11
-3
-13
4
10
-18
-7
13
-5
-14
8
10
-11
-1
10
0
-6
14
1
-9
4
12
-2
-6
12
-1
-5
7
7
-1
-2
7
-5
1
13
-5
-6
7
6
-15
2
10
-13
-15
9
-3
-16
8
14
-15
-7
21
-2
-14
12
18
-15
-7
29
-1
-12
17
14
-16
-3
26
1
-15
12
8
-19
-1
15
2
-11
14
13
-10
1
2
-1
-1
13
8
-4
5
-1
0
3
8
6
9
13
3
8
18
6
0
19
14
-5
10
28
-1
-6
22
16
-12
6
29
0
-6
33
22
-12
15
38
1
-9
34
23
-13
10
28
6
-3
24
19
-6
2
23
4
-11
15
20
-4
-4
13
6
2
11
11
6
6
4
15
10
3
12
18
10
-5
16
19
-1
1
23
14
-5
18
32
-4
-4
22
10
-17
14
37
-12
-10
38
23
-14
1
34
6
-10
28
24
-9
5
37
13
-8
21
33
-3
-3
24
13
-10
5
29
6
-6
17
22
6
-1
20
17
-8
1
29
12
-17
13
29
-10
-10
29
19
-15
7
31
-3
-19
28
26
-20
-2
38
9
-17
23
38
-5
-2
41
22
-13
19
40
4
-10
38
25
-10
12
36
8
-13
25
27
-10
1
33
12
-10
17
34
0
-3
27
19
-6
7
27
9
-14
15
25
0
-3
26
16
-14
7
23
5
-6
26
25
-4
-1
26
16
-13
15
32
4
-5
34
22
-9
11
29
11
-5
28
27
-2
4
22
11
0
19
22
-3
0
22
7
-6
8
14
-1
4
11
8
0
7
14
5
2
6
2
4
7
8
-1
-3
2
2
5
-3
2
6
14
4
3
14
8
4
6
14
6
8
17
13
11
14
16
16
4
11
16
11
9
8
16
12
6
11
14
6
8
16
14
-3
9
22
4
-4
20
16
-4
3
23
9
-8
11
21
-7
-3
24
1
-17
9
18
-7
-6
24
18
-14
7
25
-1
-7
25
17
-8
6
28
9
-13
16
31
-5
-4
25
16
-6
10
25
7
-6
20
27
-7
-3
24
14
-12
9
24
0
-7
21
19
-12
-3
25
9
-11
16
26
-11
-15
23
8
-22
8
30
-7
-17
27
22
-15
1
31
5
-19
24
28
-13
2
36
11
-19
16
28
-13
-15
27
18
-16
6
28
-4
-21
14
17
-10
0
25
11
-13
12
27
2
-6
25
22
-11
3
29
1
-14
16
26
-7
-2
26
9
-16
4
33
-2
-18
17
14
-15
-2
25
-1
-25
7
19
-13
-11
25
11
-20
7
27
-7
-9
17
12
-11
3
22
-5
-10
18
14
-4
5
24
1
-6
15
13
-6
-5
13
6
-4
7
13
1
1
10
1
-5
4
13
-4
-8
4
-2
-6
-2
11
-2
-7
-8
0
-5
-9
8
-2
-7
5
7
-8
-12
5
-1
-12
3
6
-13
-9
7
0
-18
-6
8
-11
-11
2
1
-15
-9
2
-10
-16
5
5
-19
-11
7
-2
-17
-7
5
-11
-19
11
0
-16
0
14
-8
-19
10
6
-13
-9
13
-1
-19
6
16
-7
-11
14
9
-14
1
16
-5
-24
6
8
-25
-14
16
-6
-28
4
18
-13
-23
11
4
-27
-9
13
-13
-26
7
7
-23
-11
16
-5
-25
3
12
-17
-17
10
0
-23
-5
14
-13
-18
8
12
-18
-15
13
3
-22
-4
17
-11
-25
8
4
-27
-10
11
-11
-29
-1
11
-25
-21
8
-9
-31
-9
8
-19
-32
-1
-2
-35
-12
8
-18
-39
-9
2
-33
-28
2
-9
-33
-13
6
-11
-24
-5
-2
-24
-17
3
-6
-24
-12
-3
-15
-23
-8
0
-21
-15
-1
-7
-14
-10
4
-11
-24
-6
-2
-18
-16
2
-4
-19
-13
2
-9
-15
-3
-2
-17
-10
2
-4
-19
-10
4
-10
-14
-9
0
-14
-13
-1
-6
-17
-18
-1
-11
-26
-9
1
-11
-18
0
1
-23
-11
12
-2
-26
0
8
-19
-19
17
1
-33
-7
17
-9
-22
12
17
-19
-13
22
-3
-31
9
23
-14
-18
18
14
-26
-3
27
-4
-24
18
21
-25
-18
26
-2
-38
4
23
-20
-28
18
9
-33
-10
24
-12
-38
4
14
-36
-29
16
-10
-46
-9
20
-26
-37
11
1
-43
-23
22
-13
-44
4
13
-35
-33
16
-4
-48
-12
17
-27
-38
16
12
-37
-15
24
-16
-38
7
14
-30
-24
19
-2
-32
2
23
-22
-26
17
7
-34
-8
27
-12
-33
4
13
-29
-24
19
0
-36
-4
20
-17
-27
14
5
-27
-8
19
-14
-31
6
15
-23
-20
17
-6
-37
-8
15
-19
-18
11
3
-28
-5
19
-14
-20
9
10
-24
-6
24
-4
-21
7
16
-9
-13
14
3
-14
5
15
-14
-15
24
15
-21
-14
13
-2
-19
-3
6
-11
-11
10
-2
-28
-5
11
-15
-26
3
2
-21
-21
-1
-10
-22
11
7
-37
-33
12
4
-18
-7
3
-28
-23
14
2
-26
-11
6
-26
-30
7
17
-18
-27
-11
-18
-26
9
15
-22
-28
-5
-17
-32
-8
14
-5
-29
-20
-9
-9
7
13
-18
-34
-15
-2
-9
-15
-1
-9
-34
-26
1
3
-10
-9
-17
-37
-22
17
4
-28
-16
9
4
-12
1
7
-15
-10
-7
-24
-18
22
30
-15
-22
3
-2
-14
4
-3
-44
-28
-10
-31
-42
1
26
9
6
16
-1
-19
-19
-26
-30
-27
-26
-29
-25
-25
-14
7
23
25
18
2
-19
-20
-19
-51
-57
-14
6
3
23
22
-10
-6
27
26
5
8
2
-29
-26
-18
-30
14
70
46
-14
-16
-7
-27
3
36
-10
-36
3
-1
-48
-24
30
21
-7
-27
-50
-27
42
37
-42
-57
-1
42
76
74
7
-57
-63
-52
-62
-40
0
30
12
-28
-45
-10
41
25
-52
-106
-73
-1
19
-54
-122
-111
-90
-48
7
18
87
185
-140
-923
-1178
-410
382
214
-492
-876
-742
-341
-37
-105
-314
-236
-45
-135
-346
-328
-88
165
198
-39
-197
58
484
627
454
184
93
356
711
715
509
475
527
573
768
963
970
987
800
41
-408
447
1354
671
-594
-757
-287
-234
-391
-446
-610
-717
-582
-566
-743
-734
-541
-356
-240
-426
-732
-532
47
69
-488
-763
-632
-485
-353
-235
-287
-421
-430
-376
-339
-299
-274
-208
-120
-59
107
434
698
737
726
904
1440
2285
3177
3880
3245
104
-2855
-702
4756
5353
-119
-3524
-1264
1134
300
-856
-762
-1022
-1630
-1173
-427
-1149
-2409
-1539
1021
1384
-1276
-2464
89
2481
1805
305
-12
-28
126
1333
2264
1082
-801
-638
919
812
-854
-1217
-563
-1408
-2443
-1275
-332
-1690
-2193
-693
-793
-2502
-2134
-474
-522
-1177
-935
-1042
-1330
-457
401
94
-143
138
149
311
841
840
773
1413
1532
570
302
1340
2196
2431
2928
3839
4009
1923
-1933
-3217
1226
6449
4747
-2214
-5243
-1682
1931
1214
-1162
-2121
-1932
-1305
-549
-748
-1787
-1702
-185
424
-873
-1982
-974
1126
1831
377
-1418
-1530
8
1543
1629
238
-1152
-1179
-275
215
-64
-534
-762
-745
-919
-1526
-1724
-940
-144
-412
-1255
-1678
-1416
-671
-174
-445
-830
-531
-45
24
126
575
1097
1514
1684
1481
1374
1882
2735
3367
3661
3970
4007
2515
-156
-601
2497
4507
1927
-1561
-1808
-548
-345
-685
-1176
-2162
-2574
-1867
-1491
-1965
-2131
-1613
-1066
-991
-1408
-1488
-418
761
583
-287
-612
-374
281
1181
1239
252
-331
-75
47
-129
-160
-358
-776
-861
-879
-1279
-1516
-1212
-955
-1069
-1281
-1513
-1602
-1150
-504
-377
-631
-619
-345
-26
551
1275
1588
1548
1755
2071
2243
2718
3602
4228
4593
4666
3022
70
-367
2752
4581
2096
-1212
-1834
-948
-477
-581
-1330
-2579
-3074
-2416
-1844
-2119
-2479
-2136
-1484
-1432
-1856
-1621
-478
439
504
77
-396
-400
476
1507
1465
566
-78
-137
-17
111
192
-69
-825
-1461
-1266
-862
-1336
-2017
-1738
-1298
-1732
-2057
-1532
-1085
-996
-687
-498
-722
-399
645
1385
1640
2001
2337
2370
2509
3120
3941
4632
5262
5659
4444
1280
-401
2134
5018
3243
-928
-2376
-1374
-727
-709
-1296
-2925
-4076
-3321
-2240
-2460
-3058
-2780
-2005
-1686
-2003
-1964
-794
601
853
236
-220
-117
735
1893
2091
1019
26
27
500
603
212
-286
-679
-1318
-1857
-1518
-1048
-1684
-2553
-2387
-2077
-2240
-1890
-1205
-1380
-1719
-1142
-345
13
470
1049
1447
1965
2625
2902
2972
3492
4340
4912
5173
5665
5795
3817
690
531
3604
4510
1179
-1966
-2237
-1571
-1181
-1068
-2358
-4418
-4637
-3151
-2531
-3018
-3127
-2633
-2165
-1943
-1686
-900
333
1064
890
435
312
838
1920
2514
1850
717
272
479
782
626
-84
-758
-1144
-1729
-2120
-1622
-1317
-2277
-3154
-2791
-2278
-2124
-1648
-1286
-1620
-1660
-832
43
524
894
1187
1568
2162
2731
3145
3462
3690
4065
4721
5344
6016
6185
3891
251
161
3749
4643
769
-2653
-2772
-1831
-1387
-1577
-3121
-5090
-5121
-3483
-2660
-3164
-3371
-2669
-2093
-2134
-1781
-420
887
1132
791
594
738
1465
2496
2611
1488
448
477
917
804
121
-610
-1282
-2060
-2533
-2229
-1925
-2721
-3834
-3887
-3252
-2881
-2421
-1785
-1823
-2297
-1855
-365
1006
1483
1462
1873
2934
3925
4433
4739
5071
5550
6302
7337
8391
7867
4031
-86
1136
5659
5212
-703
-4450
-3458
-1848
-1861
-3110
-5477
-7240
-6250
-3962
-3390
-4339
-4444
-3247
-2328
-2185
-1341
656
2052
1801
1057
1182
2258
3514
3872
2891
1466
850
1164
1461
772
-743
-1856
-2015
-2253
-3155
-3668
-3371
-3540
-4484
-4744
-3995
-3239
-2553
-1925
-2167
-2564
-1384
816
2013
1954
1812
2455
3896
5140
5330
5138
5566
6329
6925
7756
8963
8277
3680
-895
852
5949
5071
-1666
-5537
-4221
-2428
-2370
-3666
-6129
-7757
-6575
-4261
-3461
-3983
-4058
-3182
-2365
-1902
-526
1707
2731
2069
1376
1511
2491
3983
4437
2914
1076
606
1009
1169
528
-946
-2469
-3077
-2976
-3085
-3611
-4024
-4390
-4987
-5029
-3965
-2950
-2766
-2648
-2375
-2143
-1087
800
1891
1816
1918
2782
3994
4989
5300
5287
5783
6606
7077
7560
8741
8907
5161
-161
-24
5244
6137
-154
-5304
-4790
-2671
-2178
-3347
-5835
-7678
-6843
-4713
-3682
-3953
-4240
-3478
-2333
-1985
-1190
1218
2887
2382
1625
1618
2040
3462
4749
3603
1176
288
862
1281
770
-746
-2477
-3314
-3165
-2790
-3251
-4559
-5104
-4561
-4472
-4563
-3624
-2784
-2769
-2357
-1755
-1462
-100
1940
2352
1778
2351
3763
4940
5605
5528
5305
5993
7093
7768
8609
9277
7100
1890
-745
3003
6856
3282
-3703
-5796
-3567
-2059
-2368
-4197
-7119
-8190
-5923
-3395
-3283
-4282
-4199
-3116
-2335
-1572
367
2384
2566
1737
1510
1806
2867
4524
4480
2116
336
614
1385
1318
102
-1932
-3400
-3355
-2674
-2699
-3952
-5594
-5951
-4895
-4083
-4019
-3797
-3333
-2901
-2242
-1474
-623
734
1960
2195
2278
3283
4651
5531
5835
5706
5750
6637
7805
8462
9142
9032
5340
21
77
5378
6345
-66
-5564
-5270
-3168
-2383
-2958
-5544
-8541
-8135
-4924
-3274
-4072
-4651
-3865
-2890
-2221
-811
1481
2800
2285
1572
1810
2543
3638
4659
3952
1586
224
927
1662
843
-946
-2573
-3423
-3360
-2923
-3139
-4506
-6018
-6065
-4774
-3912
-3980
-3846
-3274
-2862
-2321
-1262
-41
1075
1911
2204
2540
3746
5259
6009
5944
5709
6152
7484
8566
8904
9517
9008
4625
-66
1588
6597
5589
-1375
-5796
-4863
-2683
-2114
-3604
-6735
-8894
-7654
-4735
-3651
-4597
-5006
-3928
-2880
-2329
-820
1534
2567
1914
1357
1769
2735
3912
4513
3537
1482
375
1080
1838
794
-1323
-2778
-3339
-3313
-2856
-3117
-4785
-6052
-5389
-4109
-3816
-3958
-3379
-2513
-2933
-3998
-2496
1258
2469
483
-31
2037
4012
5367
5816
4444
3698
5873
8129
7978
7174
7634
8920
8218
3537
-268
2788
7192
3976
-3122
-5456
-3535
-1919
-1900
-4023
-7466
-8585
-6201
-3651
-3631
-5023
-5204
-3775
-2664
-2112
-482
1462
1696
1040
1221
1991
2873
3786
3824
2532
1083
795
1554
1740
277
-1572
-2390
-2690
-2881
-2754
-3174
-4527
-5410
-5288
-4925
-4291
-3581
-3529
-3682
-3295
-2539
-1369
52
879
1202
1756
2609
3826
5158
5627
5529
6011
6873
7624
8533
9410
10006
9071
4762
501
2573
7412
5467
-1858
-5443
-3964
-2200
-2213
-4184
-7399
-8880
-7180
-4872
-4414
-5225
-5443
-4481
-3390
-2586
-1027
1100
2004
1481
1161
1849
3100
4089
4200
3342
1937
1019
1386
1925
881
-1079
-2276
-2878
-3296
-3151
-3291
-4674
-6134
-6290
-5378
-4337
-4054
-4459
-4246
-3258
-2465
-1430
215
1162
1291
2060
3445
4532
5510
6361
6643
6812
7482
8416
9311
10308
10809
8422
3066
564
4542
7809
3231
-3950
-5775
-3603
-2238
-2908
-5450
-8597
-9292
-6928
-4721
-4768
-5613
-5286
-4200
-3395
-2152
166
1912
1892
1368
1578
2511
3876
4812
4327
2870
1656
1400
1977
1982
292
-1772
-2780
-3202
-3304
-3064
-3869
-5682
-6371
-5917
-5544
-4749
-3849
-4190
-4531
-3507
-2261
-1068
539
1242
1065
1935
3570
4663
5635
6341
6250
6460
7555
8460
9077
10081
10633
8348
3232
585
4196
7743
3682
-3566
-5726
-3749
-2385
-2620
-4724
-8256
-9636
-7168
-4342
-4246
-5508
-5582
-4440
-3357
-2038
185
1768
1556
1127
1675
2527
3532
4594
4386
2784
1439
1357
2015
1997
365
-1750
-2904
-3260
-3110
-2893
-4109
-6016
-6108
-5421
-5680
-5111
-3608
-3830
-4615
-3618
-2310
-1277
576
1560
961
1551
3660
5198
6118
6650
6389
6539
7836
9046
9993
11059
10460
6580
2146
2279
6407
7025
1104
-4636
-5113
-3223
-2333
-3232
-6423
-9621
-9097
-6119
-4746
-5312
-5785
-5411
-4510
-3302
-1518
729
1993
1585
1101
1855
3262
4486
4954
4106
2373
1331
1841
2613
1729
-474
-2173
-2982
-3239
-2836
-2962
-4852
-6605
-6156
-4952
-4827
-4950
-4293
-3763
-4537
-4936
-2331
1164
1129
-821
-110
2453
4333
5670
5813
4647
5144
7500
8611
8527
8826
9334
10035
8955
3927
485
4298
8159
3792
-3461
-5578
-3637
-1814
-2125
-5175
-8841
-9430
-6654
-4030
-4377
-6175
-5982
-4090
-3102
-2268
-56
1590
1407
1202
1732
2455
3655
4741
4195
2490
1422
1657
2355
2035
137
-1924
-2722
-2651
-2676
-3177
-4283
-5603
-6317
-6080
-5283
-4709
-4704
-4718
-4273
-3641
-2763
-1221
280
830
1009
1910
3650
5389
6345
6468
6396
6895
8326
9865
10470
10714
10371
7028
2386
2705
7032
6659
196
-4715
-4708
-3055
-2478
-3901
-7096
-9510
-8899
-6462
-5017
-5429
-6098
-5535
-4397
-3299
-1341
1062
1937
1407
1296
2216
3582
4653
4736
3831
2557
1699
1938
2501
1572
-664
-2303
-2872
-3083
-3327
-3939
-4955
-5890
-6574
-6715
-5779
-4621
-4428
-4649
-4461
-3723
-2134
-151
773
702
1113
2559
4494
6016
6469
6454
6855
7593
8698
10004
10545
10597
9931
6250
1818
3038
7450
5761
-1305
-5125
-4334
-3108
-2858
-4254
-7674
-9865
-8286
-5575
-5003
-5955
-6046
-4838
-3792
-2947
-942
1349
1981
1646
1844
2460
3429
4753
5071
3752
2217
1737
2158
2336
1129
-1024
-2629
-3298
-3388
-3264
-3815
-5361
-6578
-6700
-6192
-5346
-4598
-4612
-4757
-4115
-3045
-1834
-257
944
1184
1534
2941
4834
6264
6865
6880
6991
7799
9195
10342
10857
10781
8732
4212
1726
4777
7548
3490
-3079
-5134
-3850
-3058
-3328
-5245
-8558
-9778
-7556
-5296
-5239
-5837
-5559
-4710
-3825
-2356
13
1879
2029
1567
1846
2735
3928
5059
4940
3265
1744
1706
2346
2050
408
-1655
-3176
-3748
-3472
-3335
-4360
-5850
-6607
-6794
-6361
-5010
-4047
-4456
-4739
-3911
-2735
-1200
641
1385
1132
1826
3779
5706
6789
6911
6729
7424
8851
9874
10618
11452
10387
5953
1972
3413
7336
6125
-390
-5117
-5066
-3293
-2660
-4325
-7894
-10136
-8697
-5995
-5253
-5947
-6057
-5219
-4136
-2880
-980
1117
2165
2001
1758
2295
3582
4905
5198
4080
2483
1748
2190
2488
1277
-862
-2579
-3536
-3729
-3426
-3921
-5572
-6863
-7033
-6490
-5494
-4749
-4871
-4923
-4213
-3254
-1843
69
1163
1307
1937
3437
5205
6751
7288
6918
7234
8704
9944
10606
11482
11124
7129
2361
2951
7255
6615
-34
-4762
-4471
-3200
-3241
-4561
-7407
-9758
-8987
-6640
-5752
-6137
-6004
-5092
-4257
-3441
-1577
1013
2355
2141
1999
2586
3597
4843
5366
4384
2940
2300
2429
2482
1489
-465
-2088
-2960
-3589
-3767
-3909
-5078
-6431
-6586
-6045
-5386
-4701
-4498
-4339
-3958
-4240
-3551
-115
2219
593
-525
1684
4188
5705
6613
5763
4764
6515
9059
9482
8981
9420
10068
8296
3622
1316
4823
7391
2924
-3387
-5256
-3938
-2334
-2301
-5311
-9015
-9360
-6812
-4674
-4484
-5588
-5937
-4637
-3215
-2009
115
1789
1511
1066
1800
2829
3953
4817
4032
2344
1784
2182
2339
1763
97
-1969
-2952
-2994
-3127
-3539
-4414
-5668
-6341
-6109
-5522
-4807
-4443
-4692
-4559
-3655
-2615
-1269
227
738
827
2053
3904
5207
6110
6642
6832
7486
8637
9484
10320
11589
11152
6859
2225
3190
7462
6611
219
-4275
-4499
-3542
-2833
-3653
-7309
-10335
-9095
-6266
-5552
-6124
-6149
-5536
-4609
-3346
-1429
759
1880
1810
1862
2455
3416
4749
5262
4128
2730
2225
2158
2184
1679
-122
-2225
-3229
-3357
-3337
-3734
-4992
-6281
-6503
-5952
-5234
-4628
-4332
-4081
-4320
-5050
-3478
640
1990
-363
-756
1917
4254
5889
6541
5212
4853
7191
9059
9220
9220
9403
10017
9386
4967
1418
4179
7189
3729
-1783
-4331
-4590
-3067
-1896
-4597
-8562
-9180
-7405
-5563
-4436
-5080
-6151
-5138
-3325
-2143
-364
1429
1603
1339
1835
2616
3730
4689
4287
3086
2149
1704
1975
2082
602
-1529
-2638
-3050
-3221
-3409
-4480
-5787
-6011
-5973
-6142
-5440
-4548
-4580
-4548
-4000
-3342
-1843
112
725
585
1464
3162
4850
6099
6417
6392
7041
8150
9254
10254
10899
10851
8756
4384
2273
5301
7388
3129
-2844
-4813
-3915
-2902
-3224
-5912
-9092
-9402
-7321
-5837
-5782
-5999
-5577
-4752
-3985
-2523
-60
1657
1828
1745
2004
2671
4248
5413
4474
2853
2387
2402
2170
1687
403
-1450
-2688
-3224
-3532
-3768
-4501
-5807
-6759
-6820
-6052
-5022
-4743
-5064
-4716
-3728
-2702
-1296
66
605
1150
2399
3721
4952
6096
6718
7059
7604
8267
9190
10390
11425
11297
8109
3064
2224
6441
7343
1620
-3771
-4804
-4022
-3119
-3389
-6372
-9573
-9459
-7159
-5572
-5515
-6014
-5628
-4525
-3692
-2175
490
1990
1734
1707
2261
3027
4403
5201
4268
2906
2244
2037
2189
1746
-90
-1902
-2758
-3396
-3684
-3645
-4627
-6159
-6681
-6501
-6026
-4984
-4379
-4682
-4546
-3623
-2436
-845
519
846
1192
2409
3865
5273
6398
6722
6834
7436
8260
9290
10335
10871
10686
8323
3639
1792
5362
7201
2324
-3539
-5125
-4207
-3134
-3304
-6105
-9344
-9397
-7077
-5427
-5306
-5794
-5616
-4559
-3474
-2013
321
1857
1760
1632
2160
2897
4118
4954
4039
2571
2100
2041
1774
1254
-60
-1876
-3094
-3637
-3806
-3879
-4667
-6036
-6824
-6735
-5975
-4830
-4438
-4943
-4683
-3451
-2305
-1013
294
681
973
2315
3883
5032
6008
6564
6722
7149
8130
9403
10289
10556
10679
9109
4577
1922
4986
7349
3146
-2603
-4490
-4093
-3243
-2992
-5462
-9031
-9530
-7310
-5571
-5352
-5882
-5849
-4741
-3580
-2408
-290
1551
1789
1635
2040
2765
4016
4991
4255
2871
2416
2341
2091
1657
411
-1374
-2572
-3261
-3657
-3676
-4274
-5805
-6854
-6755
-6099
-5168
-4561
-4795
-4856
-3961
-2681
-1294
-40
400
645
1845
3450
4672
5657
6356
6627
6963
7789
8959
9876
10279
10764
10356
6692
2321
3046
6869
5906
-65
-4405
-4695
-3270
-2482
-4052
-7524
-9585
-8438
-6034
-4910
-5506
-6095
-5264
-3994
-3063
-1302
980
1759
1422
1614
2262
3137
4363
4657
3407
2141
1859
2037
1851
750
-925
-2303
-3233
-3688
-3529
-3863
-5344
-6559
-6740
-6431
-5536
-4559
-4734
-5133
-4270
-3030
-2034
-686
306
521
1196
2599
4026
5420
6271
6217
6369
7292
8402
9560
10185
10029
10190
9218
4977
1907
4465
6855
3083
-2287
-4140
-4108
-3554
-2887
-4738
-8565
-9599
-7124
-5018
-5044
-5726
-5584
-4530
-3286
-1966
-222
1253
1759
1862
2058
2473
3480
4496
4217
2887
1887
1718
1831
1346
-67
-1720
-2946
-3616
-3666
-3699
-4694
-6168
-6851
-6606
-5892
-5143
-4917
-4986
-4498
-3565
-2570
-1331
-140
469
966
2058
3526
4829
5741
6236
6510
6894
7806
9148
9884
9854
10395
10552
7207
2472
2723
6699
6050
-18
-4170
-4132
-3308
-2951
-3658
-6769
-9611
-8509
-5628
-4892
-5671
-5677
-4850
-3998
-2898
-1044
868
1595
1520
1801
2334
2953
4009
4504
3537
2281
1723
1478
1314
766
-869
-2754
-3648
-3801
-3836
-4189
-5315
-6723
-7140
-6305
-5234
-4911
-5179
-4914
-3899
-3008
-2144
-803
224
633
1443
2735
3873
4985
5941
6261
6465
7106
8097
9257
9974
10053
10447
9806
5829
2174
3996
7085
4474
-1190
-3909
-3910
-3280
-2720
-4217
-7780
-9332
-7375
-5310
-5184
-5678
-5425
-4553
-3640
-2489
-702
1003
1659
1691
1821
2206
3170
4235
4114
2980
2053
1573
1385
1313
425
-1494
-3105
-3677
-3753
-3888
-4541
-5856
-6972
-7009
-6153
-5232
-4922
-5050
-4717
-3789
-2786
-1629
-341
482
1076
2067
3136
4142
5419
6376
6482
6490
7145
8440
9677
9859
9760
10476
9089
4098
1649
5080
6986
2627
-2409
-4127
-4212
-3305
-2654
-5099
-8678
-8930
-6662
-5146
-4951
-5262
-5158
-4219
-3117
-1883
43
1564
1819
1806
1937
2279
3562
4670
3806
2284
1818
1575
1140
901
-96
-2089
-3471
-3725
-3815
-4197
-4890
-5851
-6749
-7069
-6271
-4828
-4352
-4893
-4676
-3539
-2587
-1400
186
908
1036
1963
3502
4813
5807
6283
6317
6658
7670
9060
9966
9858
10093
10677
8072
3039
2467
6425
6424
943
-3202
-3857
-3671
-3222
-3345
-5968
-9009
-8734
-6121
-4770
-5288
-5607
-4846
-3978
-3121
-1329
727
1586
1694
1907
2092
2683
3968
4466
3451
2276
1746
1481
1295
620
-990
-2631
-3444
-3839
-4169
-4527
-5359
-6523
-7099
-6716
-5819
-5113
-4930
-4712
-4082
-3303
-2206
-686
381
817
1657
2927
4033
5218
6209
6349
6494
7389
8273
8817
9287
9630
10359
10511
7217
2464
2429
5997
5703
733
-3425
-4667
-4008
-2653
-3272
-6666
-9053
-7960
-5664
-4630
-4880
-5234
-4649
-3444
-2430
-1137
699
1865
1993
1853
1860
2576
3995
4368
3068
1857
1504
1278
994
339
-1197
-2760
-3539
-3982
-4256
-4385
-5047
-6104
-6661
-6694
-6086
-4696
-3901
-4387
-4429
-3246
-1957
-746
488
931
996
2030
3680
4862
5510
5770
5935
6503
7279
8139
9021
9195
9232
10131
8979
4055
1419
4721
6829
2821
-2057
-3763
-3856
-3020
-2374
-4651
-8092
-8376
-6118
-4630
-4646
-5124
-4979
-3984
-2974
-1932
-257
1116
1444
1512
1588
1794
2892
3980
3429
2092
1369
1025
942
823
-391
-2293
-3386
-3661
-3727
-3810
-4595
-6130
-6882
-6205
-5358
-5078
-4874
-4510
-4147
-3544
-2398
-1035
-26
573
1045
1758
3020
4611
5672
5801
5715
6222
7290
8464
9204
9203
9366
10369
9562
5110
1933
4328
6852
3610
-1481
-3397
-3488
-3240
-2748
-4232
-7627
-8699
-6558
-4850
-4975
-5260
-4808
-4166
-3592
-2359
-297
1222
1414
1322
1558
1984
2981
3987
3519
2082
1400
1361
1037
451
-452
-1911
-3248
-3765
-3914
-4279
-4865
-5713
-6591
-6653
-5830
-5141
-4853
-4487
-4097
-3633
-2594
-1194
-59
678
1161
1714
2823
4310
5481
5978
5881
5895
6846
8269
9027
9012
9063
9885
9823
6256
2012
2953
6515
4932
-581
-3454
-3475
-3174
-2678
-3543
-6682
-8409
-6770
-4809
-4526
-4878
-4820
-4148
-3265
-2409
-964
824
1581
1456
1523
1842
2486
3468
3574
2384
1275
960
860
561
-299
-1845
-3187
-3713
-3943
-4221
-4546
-5438
-6647
-6686
-5571
-4954
-4992
-4632
-4014
-3475
-2515
-1308
-375
472
1206
1710
2624
4098
5289
5750
5726
5771
6635
7991
8641
8474
8455
9365
10126
7725
2772
1561
5293
6176
1305
-2993
-3729
-3393
-2700
-2682
-5445
-8243
-7296
-4934
-4428
-4830
-4732
-4250
-3485
-2604
-1539
48
1354
1578
1372
1392
1873
2985
3582
2595
1254
895
969
748
4
-1357
-2689
-3384
-3696
-3894
-4114
-4714
-5485
-5976
-6102
-5409
-4081
-3590
-4012
-3822
-2814
-1625
-275
553
406
776
2247
3497
4210
4882
5223
5335
5901
6697
7463
8172
8215
8014
8949
9548
6784
2539
2140
5193
5441
1090
-2761
-3232
-2584
-2436
-2899
-4855
-7184
-6885
-4605
-3747
-4582
-4907
-4127
-3157
-2399
-1447
-135
729
823
981
1346
1529
2029
2668
2161
1008
680
705
185
-520
-1319
-2448
-3389
-3658
-3563
-3878
-4808
-5364
-5124
-5196
-5394
-4388
-3237
-3422
-3504
-2456
-1503
-741
353
884
955
1927
3297
4027
4592
5144
5349
5796
6688
7310
7626
7942
8390
9345
9368
5982
1695
2243
6111
5706
382
-3430
-3431
-2316
-1721
-2657
-5635
-7841
-6658
-4271
-3843
-4879
-5233
-4265
-3137
-2617
-1763
-163
793
728
729
920
1307
2362
2882
1808
685
608
621
340
-192
-1408
-2686
-3166
-3271
-3483
-3835
-4469
-4937
-5064
-5380
-5095
-3588
-2800
-3481
-3439
-2236
-1290
-308
825
967
854
1999
3601
4529
4985
5124
5257
5997
7006
7604
7879
8006
8574
9777
8865
4354
1345
3950
6822
4144
-874
-3243
-3097
-1952
-1289
-3287
-6769
-7674
-5581
-3879
-4125
-5010
-5002
-4055
-3237
-2627
-1351
66
479
344
378
632
1514
2610
2348
918
232
562
701
256
-703
-2036
-3005
-3172
-3113
-3416
-3973
-4674
-5381
-5525
-4785
-3981
-3918
-3991
-3399
-2607
-2026
-1187
-207
317
630
1353
2403
3470
4420
4975
4967
5078
6038
7288
7725
7536
7812
8927
9771
8130
4002
1822
4274
6507
3717
-1061
-3185
-2820
-1708
-1403
-3663
-6978
-7473
-5212
-3718
-4270
-5237
-5108
-4020
-3133
-2556
-1452
-212
249
358
515
650
1397
2499
2355
1021
304
618
918
450
-731
-1932
-2619
-2910
-2959
-3168
-3921
-4559
-4717
-5138
-5238
-4111
-3214
-3480
-3442
-2758
-2210
-1131
260
496
282
1121
2406
3462
4460
4909
4754
5025
5961
6980
7700
7839
7859
8869
9843
7844
3607
2261
5115
6493
2988
-1357
-2784
-2395
-1646
-1652
-4138
-7300
-7177
-4860
-4208
-5034
-5288
-4963
-4366
-3526
-2771
-1718
-332
319
161
173
640
1597
2556
2229
989
591
948
979
599
-378
-1835
-2535
-2424
-2669
-3235
-3687
-4227
-4678
-4927
-5061
-4410
-3222
-2994
-3452
-3148
-2212
-1100
117
554
253
871
2458
3622
4222
4653
4833
5318
6357
7018
7158
7616
8438
9313
9649
7575
3543
2404
5643
6870
2583
-1850
-2439
-1738
-1583
-1904
-4109
-7156
-7115
-4663
-4006
-5132
-5494
-4951
-4402
-3786
-2868
-1578
-387
-5
-123
-24
490
1594
2587
2043
641
363
1042
1213
550
-641
-1895
-2522
-2468
-2380
-2816
-3783
-4444
-4517
-4784
-4867
-3867
-3109
-3542
-3578
-2741
-2083
-1159
94
314
97
920
2192
3186
4143
4657
4591
4853
5726
6766
7551
7653
7556
8463
9829
8992
5275
2456
3973
6630
4994
272
-2539
-2447
-1429
-1138
-3141
-6497
-7415
-5450
-4191
-4925
-5857
-5781
-4854
-3907
-3449
-2685
-1271
-348
-219
-96
240
1022
2212
2366
1206
688
1272
1409
822
-5
-1110
-1962
-2063
-2172
-2729
-3317
-3763
-4048
-4377
-4957
-4767
-3381
-2732
-3428
-3530
-2608
-1664
-508
363
62
110
1616
3026
3585
4079
4444
4667
5346
6128
6802
7616
7904
7722
8693
9986
8145
3813
2372
5221
6676
3283
-1043
-2499
-2182
-1667
-1773
-4021
-7077
-7197
-5094
-4620
-5713
-5983
-5407
-4822
-4108
-3277
-2311
-1123
-275
-115
-120
329
1394
2356
2208
1279
881
1170
1253
771
-125
-1235
-2045
-2193
-2118
-2518
-3443
-4137
-4228
-4300
-4617
-4364
-3484
-3065
-3242
-3155
-2534
-1566
-422
259
257
555
1730
2999
3729
4149
4514
4892
5493
6363
7220
7725
7859
8373
9704
9758
6372
2695
3563
6598
5748
1456
-1760
-2804
-2316
-1119
-2036
-5680
-7830
-6608
-5098
-5058
-5514
-5882
-5800
-4884
-3728
-2732
-1630
-687
-238
-96
99
914
2196
2622
1902
1282
1208
1240
1239
767
-480
-1612
-1956
-1993
-2239
-2813
-3575
-4195
-4636
-4754
-4176
-3523
-3592
-3734
-3366
-2903
-2082
-843
-263
-296
210
1162
2111
3239
4076
4234
4367
4858
5710
6889
7661
7510
7353
8341
10059
9746
5634
1940
3705
6881
4940
335
-2021
-2705
-2388
-1279
-2711
-6697
-8021
-6074
-4992
-5487
-5964
-6091
-5520
-4397
-3726
-2991
-1533
-426
-106
63
218
901
2314
2851
1877
1088
1206
1389
1302
742
-539
-1773
-2090
-1952
-2188
-2903
-3718
-4414
-4822
-4618
-3984
-3649
-3687
-3572
-3324
-2877
-1820
-688
-236
-6
633
1547
2613
3625
4334
4837
5104
5290
6229
7498
7786
7571
8063
9175
9947
8456
4311
2106
4743
6573
3087
-1219
-2564
-2723
-2393
-1983
-4159
-7653
-7959
-5843
-5069
-5669
-5980
-5740
-5055
-4189
-3348
-2135
-885
-298
5
345
681
1567
2613
2434
1457
1140
1423
1538
1192
231
-922
-1741
-2258
-2331
-2306
-3081
-4206
-4648
-4760
-4650
-3857
-3360
-3771
-3785
-3065
-2330
-1361
-367
-107
77
893
1854
2847
3935
4586
4762
4891
5297
6483
7770
7833
7394
8002
9361
9869
7708
3575
2247
5242
6334
2296
-1712
-2627
-2594
-2311
-2273
-4684
-7783
-7671
-5624
-5066
-5742
-6010
-5627
-4948
-4145
-3099
-1780
-804
-315
199
516
756
1810
2864
2432
1476
1417
1650
1476
1079
340
-814
-1837
-2196
-2081
-2244
-3194
-4341
-4938
-4870
-4246
-3703
-3900
-4099
-3581
-2932
-2259
-1199
-500
-344
350
1427
2152
3013
4119
4697
4879
5258
5962
6946
7686
7716
7774
8745
9931
9168
5446
2177
3566
6505
4669
-386
-2866
-2697
-2407
-2361
-3652
-6649
-8096
-6618
-5316
-5737
-6240
-5898
-5202
-4556
-3890
-2665
-1050
-122
82
284
628
1427
2760
3196
2161
1388
1688
1917
1510
844
-28
-1112
-1975
-2207
-2065
-2427
-3563
-4607
-5004
-4791
-4056
-3485
-3702
-3931
-3480
-2721
-1745
-613
-22
111
589
1476
2573
3762
4527
4702
4841
5310
6236
7298
7754
7591
7652
8626
9798
8419
3974
1705
4522
6313
2749
-1441
-2683
-2825
-2502
-2266
-4542
-7673
-7634
-5728
-5312
-6024
-6277
-5742
-4737
-4030
-3552
-2318
-797
-28
283
439
689
1844
3064
2756
1799
1672
1830
1722
1440
528
-825
-1537
-1641
-1932
-2569
-3357
-4011
-4364
-4700
-4781
-4223
-3781
-3853
-3680
-3167
-2599
-1512
-392
-245
-136
965
2138
2834
3638
4367
4684
5091
5733
6381
6996
7442
7640
7931
8728
9276
7407
3378
1972
4769
5748
1902
-1733
-2530
-2795
-2690
-2362
-4469
-7538
-7430
-5523
-5234
-5741
-5535
-5164
-4780
-4027
-2997
-1662
-395
153
237
404
973
2154
3077
2674
1722
1500
1717
1683
1240
257
-976
-1707
-1805
-1989
-2674
-3434
-3940
-4445
-4830
-4537
-3973
-3905
-3836
-3406
-3045
-2474
-1371
-568
-299
253
1166
2068
2985
3806
4387
4819
5119
5599
6519
7249
7422
7600
8062
8865
9022
6355
2444
2372
5259
4849
795
-2167
-3072
-3171
-2543
-2912
-5717
-8059
-7281
-5443
-5212
-5968
-5873
-4956
-4450
-3971
-2493
-994
-411
223
833
654
1163
2925
3507
2408
1733
1789
1715
1595
1135
7
-1113
-1983
-2502
-2310
-2390
-3532
-4602
-5020
-5137
-4435
-3462
-3735
-4259
-3632
-2734
-2050
-1019
-261
-38
617
1657
2553
3577
4479
4855
5056
5407
6164
7274
7811
7563
7784
8881
9558
7989
4203
2038
4147
5973
2997
-1276
-2767
-2885
-2813
-2585
-4161
-7201
-7990
-6235
-5151
-5583
-5957
-5539
-4809
-4140
-3143
-1669
-646
-195
477
924
971
1947
3338
3069
1880
1676
1857
1598
1383
718
-955
-2124
-1936
-1892
-2781
-3565
-4021
-4857
-5331
-4594
-3883
-4178
-4271
-3631
-3239
-2777
-1519
-561
-427
90
1233
2156
2946
3979
4769
4976
5122
5910
7026
7549
7581
7818
8308
9041
8970
6012
2306
2841
5629
4339
66
-2286
-2947
-3141
-2450
-3189
-6382
-7999
-6561
-5362
-5504
-5642
-5593
-5202
-4202
-3254
-2319
-1025
-67
313
603
885
1601
2885
3243
2207
1540
1828
1943
1568
821
-409
-1439
-1649
-1810
-2563
-3281
-3573
-4086
-4908
-5033
-4278
-3767
-3782
-3663
-3425
-2992
-1866
-668
-335
-161
667
1733
2678
3578
4224
4582
5009
5607
6362
7098
7517
7704
7890
8470
9219
7976
4092
1969
4129
5586
2682
-1091
-2813
-3242
-2756
-2526
-4587
-7234
-7425
-6138
-5479
-5407
-5508
-5400
-4690
-3870
-3018
-1572
-220
217
344
645
1196
2319
3247
2846
1895
1643
1793
1794
1432
321
-1078
-1677
-1707
-2215
-3003
-3379
-3805
-4775
-5225
-4532
-4020
-4228
-3935
-3270
-3300
-2958
-1421
-349
-224
350
1276
1872
2903
4327
4931
4897
5195
5909
6804
7615
7853
7769
8283
9175
8338
4950
2354
3582
5397
3470
-399
-2614
-3202
-2900
-2375
-3828
-6910
-7901
-6317
-5244
-5490
-5676
-5407
-4863
-4070
-3131
-1921
-632
181
509
665
990
2012
3257
3273
2185
1573
1798
2042
1768
741
-724
-1626
-1666
-1849
-2708
-3461
-3768
-4437
-5242
-4945
-4119
-4142
-4260
-3716
-3465
-3205
-1803
-507
-461
-204
885
1797
2682
3970
4797
4850
5010
5826
6950
7607
7633
7837
8575
9247
8720
5932
2699
3029
5612
4497
-66
-2554
-2493
-2591
-2752
-3454
-5975
-7796
-6640
-5114
-5320
-5737
-5355
-4754
-4113
-3272
-2140
-802
136
443
629
1015
1778
2809
3139
2379
1751
1868
1856
1398
841
-141
-1438
-2012
-1993
-2538
-3336
-3582
-4232
-5448
-5298
-3961
-3826
-4532
-4182
-3429
-3051
-2096
-977
-803
-505
670
1704
2362
3300
4292
4877
5170
5515
6282
7256
7787
7892
8165
8840
8956
6687
3164
2693
5077
4742
831
-1977
-2627
-2956
-2799
-3073
-5486
-7671
-7053
-5623
-5430
-5605
-5419
-5025
-4399
-3627
-2492
-978
-3
212
524
952
1472
2525
3193
2548
1761
1751
1827
1660
1174
28
-1169
-1649
-1923
-2456
-2905
-3250
-3981
-4956
-5195
-4366
-3631
-3814
-4000
-3613
-3119
-2269
-959
-340
-437
201
1499
2437
3272
4269
4812
4913
5328
6253
7210
7740
7763
7797
8540
9353
7897
4080
2210
4263
5535
2654
-1134
-2815
-3053
-2477
-2296
-4541
-7446
-7508
-5725
-5090
-5598
-5894
-5500
-4574
-3729
-3049
-1838
-511
78
357
691
1030
1959
3073
2837
1749
1503
1848
1780
1325
387
-964
-1713
-1701
-2030
-2869
-3420
-3788
-4569
-5220
-4834
-3991
-3845
-4003
-3713
-3369
-2879
-1627
-477
-351
-175
867
2029
2977
3956
4616
4768
5075
5946
6979
7571
7672
7833
8584
9398
8348
4821
2403
4098
6099
3597
-793
-2584
-2578
-2461
-2307
-3685
-6748
-7859
-6116
-4879
-5388
-5854
-5487
-4783
-4070
-3226
-1893
-539
59
281
651
1026
1871
3076
3088
1938
1495
1871
1888
1542
779
-615
-1620
-1647
-1818
-2618
-3212
-3642
-4526
-5219
-4814
-4025
-3932
-4088
-3763
-3424
-3073
-1893
-557
-296
-287
633
1802
2743
3873
4753
4830
4899
5693
6767
7602
7965
7895
8109
8946
8681
5864
2987
3474
5308
4005
335
-2056
-2720
-2688
-2391
-3481
-6153
-7380
-6325
-5399
-5381
-5449
-5524
-5143
-4107
-3284
-2442
-996
-11
127
462
1032
1636
2596
3000
2166
1475
1699
1879
1550
814
-399
-1536
-1868
-1791
-2199
-3136
-3919
-4354
-4811
-4888
-4180
-3779
-4075
-3896
-3292
-2994
-2198
-733
-125
-260
302
1479
2671
3849
4558
4608
4790
5584
6701
7624
7824
7595
8040
9196
9113
6343
3109
3059
5249
4855
1170
-1888
-2742
-2705
-2494
-3081
-5355
-7347
-6923
-5509
-5135
-5456
-5470
-5028
-4439
-3759
-2557
-1026
-173
29
428
921
1457
2482
3069
2370
1666
1814
1888
1496
878
-154
-1214
-1641
-1955
-2634
-3099
-3312
-4084
-5166
-5224
-4241
-3677
-3901
-3915
-3635
-3319
-2212
-685
-279
-486
239
1432
2381
3531
4560
4791
4866
5499
6423
7311
7886
7916
8082
9064
9222
6426
2939
3174
5634
4841
945
-1760
-2629
-2754
-2113
-2742
-5902
-7847
-6471
-5124
-5404
-5551
-5347
-5214
-4443
-3369
-2549
-1351
-66
318
327
762
1602
2629
3060
2356
1595
1657
1882
1725
1035
-330
-1520
-1703
-1769
-2529
-3283
-3630
-4156
-4873
-5090
-4570
-3924
-3761
-3842
-3713
-3295
-2393
-1079
-306
-371
-54
1152
2333
3223
4161
4761
4897
5363
6327
7119
7620
8001
8394
9095
9236
6980
3587
3030
5166
5338
2197
-1135
-2772
-2905
-2084
-2256
-4803
-7363
-7349
-5863
-4997
-5085
-5582
-5650
-4869
-3769
-2718
-1487
-420
4
167
499
1250
2401
3073
2530
1592
1385
1790
1956
1326
72
-1142
-1937
-2222
-2076
-2377
-3507
-4487
-4937
-5192
-4621
-3502
-3584
-4412
-4125
-3174
-2403
-1246
-312
-427
-280
953
2272
3376
4467
4894
4737
5096
6231
7526
8220
8027
7955
9012
9649
7506
3955
2984
4887
5402
2480
-1103
-2718
-2677
-2159
-2552
-4863
-7370
-7372
-5622
-4986
-5754
-6038
-5300
-4570
-4023
-2965
-1621
-675
42
552
567
928
2267
3094
2418
1586
1579
1809
1792
1218
-94
-1292
-1632
-1725
-2313
-3130
-3646
-3923
-4521
-5205
-4931
-3996
-3680
-3807
-3676
-3494
-2839
-1249
-210
-460
-300
932
2122
3143
4286
4791
4639
4971
6111
7287
7820
7768
7948
8885
9508
7824
4325
2739
4638
5895
3089
-921
-2512
-2393
-2130
-2367
-4259
-6983
-7435
-5675
-4934
-5681
-5871
-5205
-4664
-4165
-3181
-1829
-625
103
389
474
923
2075
3033
2719
1822
1593
1816
1790
1355
434
-830
-1619
-1783
-2134
-2797
-3219
-3699
-4718
-5334
-4703
-3821
-3793
-3980
-3761
-3438
-2768
-1449
-427
-357
-160
918
2170
3146
4143
4863
4871
4994
6092
7341
7789
7788
8041
8904
9548
7732
3969
2850
5199
5639
2258
-969
-2241
-2580
-2132
-2383
-4993
-7312
-6793
-5597
-5582
-5763
-5704
-5476
-4699
-3881
-3233
-1944
-505
54
269
654
1118
2072
3004
2664
1740
1619
1850
1674
1143
162
-1034
-1650
-1842
-2343
-2994
-3391
-3896
-4782
-5337
-4880
-4058
-3825
-3953
-3848
-3527
-2782
-1430
-419
-320
-96
905
2086
3133
4178
4775
4723
4885
5874
7117
7845
7972
7952
8421
9165
8237
5073
3094
4402
5438
3171
-54
-1760
-2350
-2252
-2297
-4045
-6393
-6820
-5822
-5318
-5409
-5527
-5379
-4727
-3937
-3216
-2087
-759
-3
289
513
886
1860
2899
2771
1853
1487
1694
1725
1279
260
-958
-1577
-1690
-2116
-2932
-3458
-3756
-4513
-5259
-4940
-4158
-4072
-4088
-3646
-3498
-3215
-1846
-557
-369
-81
893
1802
2840
4189
4842
4684
4881
5806
6896
7649
7818
7732
8408
9526
8445
4662
2555
4522
5918
3135
-437
-1858
-2436
-2445
-1946
-3596
-6947
-7589
-5548
-4831
-5686
-5832
-5338
-4919
-4155
-3068
-2103
-1159
-202
400
495
675
1666
2798
2738
1843
1423
1553
1613
1333
410
-924
-1645
-1780
-2260
-2859
-3034
-3519
-4702
-5374
-4870
-4124
-3876
-3856
-3882
-3884
-3184
-1712
-678
-553
-296
640
1748
2781
3861
4666
4803
4792
5559
6868
7639
7867
8146
8507
9193
9351
6693
3017
3417
6131
4817
674
-1298
-2017
-2824
-2173
-2376
-5740
-7892
-6261
-4892
-5512
-5871
-5547
-5153
-4356
-3481
-2728
-1567
-384
235
478
566
1072
2390
3015
2130
1397
1613
1706
1324
592
-630
-1594
-1747
-2029
-2906
-3519
-3738
-4337
-5183
-5289
-4653
-4181
-4026
-3791
-3687
-3507
-2356
-792
-224
-205
468
1579
2744
4028
4858
4834
4838
5618
6758
7583
7874
7860
8269
9442
9508
6452
2872
3265
5831
4900
872
-1728
-2478
-2731
-2177
-2568
-5650
-7989
-6666
-4876
-5314
-5985
-5531
-5038
-4630
-3637
-2455
-1523
-574
298
541
452
1148
2472
2864
2100
1554
1647
1655
1352
709
-416
-1410
-1699
-1944
-2787
-3442
-3416
-3848
-5050
-5398
-4466
-3801
-3726
-3535
-3616
-3612
-2188
-461
-305
-518
379
1547
2542
3716
4443
4535
4887
5631
6383
7169
7802
7998
8163
8956
9633
7897
4034
2648
5037
5782
2529
-707
-2176
-2956
-2358
-1732
-4242
-7547
-7346
-5397
-5033
-5588
-5797
-5646
-4921
-3928
-3141
-2147
-966
-186
221
365
587
1649
2799
2508
1509
1337
1629
1509
989
64
-1133
-1811
-1902
-2261
-3014
-3552
-3998
-4770
-5203
-4682
-4080
-4049
-3892
-3502
-3393
-2907
-1573
-499
-197
187
1036
1995
3091
4328
5046
4968
5042
6083
7362
7941
8167
8512
9049
9579
8343
4735
2867
5025
6084
2825
-549
-1682
-2585
-2884
-2231
-3686
-6930
-7668
-5952
-5246
-5630
-5560
-5381
-5351
-4578
-3040
-1717
-977
-369
205
460
864
1956
2879
2584
1802
1587
1710
1616
1278
463
-960
-1987
-1948
-1936
-2774
-3584
-4160
-5128
-5456
-4456
-3937
-4457
-4334
-3670
-3471
-2777
-1351
-644
-444
349
1351
2258
3479
4601
5027
5074
5465
6513
7677
8165
8138
8429
9430
10095
8080
3939
2553
5174
6123
2750
-1022
-2792
-3216
-2398
-2021
-4472
-7609
-7768
-5883
-4948
-5478
-6024
-5478
-4505
-4029
-3245
-1634
-415
99
597
683
717
2020
3419
2870
1529
1272
1591
1532
1020
-10
-1265
-1982
-2214
-2557
-3083
-3689
-4551
-5345
-5364
-4857
-4535
-4261
-3920
-3842
-3605
-2615
-1429
-536
201
662
1163
2454
4074
4998
5270
5379
5774
6897
8102
8331
8129
8868
10344
9992
6200
2657
3838
6514
4925
760
-1875
-3134
-3035
-1688
-2823
-6785
-8260
-6483
-5615
-5984
-5786
-5624
-5526
-4652
-3733
-2931
-1363
132
383
125
430
1544
2895
3236
2292
1357
1299
1709
1747
919
-430
-1589
-2285
-2365
-2202
-2778
-4005
-4933
-5392
-5284
-4371
-3721
-4019
-4120
-3646
-3179
-2186
-711
-77
-86
427
1367
2613
4235
5212
4960
4698
5480
6865
8027
8500
8317
8384
9489
9819
6794
2978
3543
6344
5007
658
-1632
-2254
-2709
-2172
-2709
-6036
-8078
-6533
-5118
-5607
-5978
-5703
-5364
-4635
-3658
-2741
-1575
-465
84
252
459
1255
2537
2910
1975
1289
1488
1683
1398
588
-678
-1609
-1809
-2059
-2754
-3338
-3787
-4557
-5291
-5220
-4565
-4193
-4095
-3876
-3708
-3374
-2272
-1012
-471
-141
636
1627
2767
4004
4797
4993
5188
5915
7041
7949
8288
8422
9067
10053
9453
6077
2936
3711
6051
4984
877
-2459
-3400
-2470
-1664
-3372
-6604
-7914
-6819
-5512
-5196
-5675
-5979
-5312
-4308
-3620
-2592
-1148
-125
326
431
541
1475
2829
3085
2259
1552
1302
1436
1590
847
-694
-1850
-2282
-2432
-2587
-3085
-4040
-5024
-5465
-5044
-4303
-4100
-4148
-3816
-3477
-3105
-1991
-701
-106
330
1070
1919
3183
4671
5276
5130
5471
6444
7437
8098
8337
8655
9682
10304
8316
4467
2919
4991
6266
3407
-959
-3153
-2952
-1914
-2073
-4728
-7744
-7895
-5996
-5079
-5576
-6070
-5818
-4939
-3979
-3209
-2177
-819
144
432
415
745
1876
3067
2960
1767
1006
1262
1773
1495
80
-1520
-2153
-2126
-2386
-3027
-3684
-4331
-4969
-5290
-5025
-4460
-3992
-3661
-3541
-3546
-2882
-1409
-327
9
505
1305
2153
3444
4830
5283
5178
5536
6325
7309
8275
8593
8526
9393
10207
7978
3844
2945
5574
6099
2624
-1013
-2641
-2875
-2084
-2026
-4717
-7687
-7420
-5518
-5115
-5703
-5690
-5223
-4729
-4114
-3200
-1907
-502
350
348
96
660
2146
3144
2706
1603
1018
1177
1608
1384
55
-1459
-2134
-2254
-2484
-2825
-3333
-4294
-5261
-5365
-4672
-4123
-3957
-3771
-3632
-3538
-2800
-1425
-431
-31
386
1013
2099
3698
4858
5004
4999
5576
6544
7624
8376
8468
8778
10066
10232
7009
3274
3668
6334
5692
1717
-1527
-2791
-2755
-1948
-2512
-5604
-8079
-7380
-5626
-5267
-5713
-5789
-5481
-5001
-4157
-2818
-1372
-411
33
215
405
1131
2469
3199
2509
1409
1142
1525
1654
1027
-280
-1584
-2205
-2343
-2614
-3061
-3679
-4639
-5434
-5298
-4645
-4309
-4063
-3716
-3631
-3413
-2430
-1256
-450
229
826
1410
2498
4010
5094
5450
5486
5874
6972
8078
8450
8673
9572
10432
9218
5598
2975
4327
6605
4883
251
-2790
-3078
-2179
-1813
-3636
-6916
-8271
-6744
-5141
-5205
-5883
-5922
-5214
-4281
-3473
-2511
-1073
177
496
282
479
1476
2790
3284
2371
1089
879
1524
1656
733
-799
-2058
-2393
-2319
-2876
-3656
-3925
-4519
-5566
-5547
-4616
-4193
-3964
-3527
-3596
-3516
-2236
-755
-90
251
736
1618
3054
4326
4984
5380
5593
6069
7354
8414
8367
8556
10065
11021
8653
4093
2598
5571
7187
3776
-885
-3132
-3239
-1982
-1514
-4361
-8057
-8281
-6203
-5226
-5497
-5853
-5870
-5245
-4275
-3427
-2166
-522
396
291
51
535
1943
3290
3156
1806
854
977
1540
1565
463
-1276
-2536
-2844
-2592
-2540
-3419
-4861
-5606
-5385
-4909
-4477
-4121
-4040
-3999
-3559
-2709
-1616
-483
193
442
992
2250
3820
5079
5465
5195
5507
6823
8016
8439
8657
9113
10045
10244
7397
3337
3339
6392
5941
1437
-2077
-2981
-2562
-1812
-2802
-6103
-8309
-7274
-5424
-5133
-5876
-6087
-5370
-4524
-3834
-2745
-1347
-272
449
654
435
1020
2594
3299
2482
1465
1052
1191
1461
968
-448
-1767
-2374
-2483
-2637
-3348
-4194
-4404
-4589
-5229
-5171
-4206
-3591
-3423
-3234
-3232
-2780
-1209
160
281
295
1121
2452
3833
4671
4652
4649
5554
6886
7688
7805
7876
8728
10332
10395
7001
3118
3412
6242
6067
2297
-1296
-2875
-2627
-1558
-2186
-5294
-7700
-7098
-5546
-5326
-5789
-5692
-5246
-4947
-4400
-3217
-1755
-529
180
161
-114
486
2075
3067
2497
1409
1034
1197
1336
1099
144
-1287
-2283
-2607
-2767
-2899
-3245
-4340
-5522
-5530
-4702
-4102
-3764
-3598
-3820
-3698
-2564
-1227
-448
71
584
1203
2316
3785
4846
5151
5248
5839
6878
7726
8206
8729
9552
10441
9812
6454
3210
4015
6665
5776
1432
-2145
-3114
-2340
-1595
-2889
-5982
-7964
-7256
-5660
-5184
-5608
-5697
-5261
-4778
-4093
-2785
-1164
36
449
173
26
941
2553
3321
2534
1245
864
1379
1644
984
-289
-1638
-2427
-2381
-2452
-3361
-4164
-4371
-4921
-5547
-5088
-4245
-3937
-3591
-3333
-3538
-2846
-1013
81
186
680
1627
2755
4196
5089
5054
5308
6222
7093
7910
8460
8539
9415
10782
9273
4891
2893
5023
6589
4409
324
-2772
-3392
-2019
-1544
-3918
-7089
-8034
-6726
-5288
-5131
-5841
-6038
-5301
-4345
-3559
-2512
-1057
126
429
143
286
1407
2801
3220
2280
1022
768
1424
1679
791
-711
-1959
-2588
-2667
-2479
-2704
-3870
-5300
-5628
-4852
-4169
-3945
-3782
-3780
-3770
-2994
-1604
-638
-181
343
1023
1926
3208
4384
4909
5026
5415
6276
7274
8044
8462
8742
9532
10235
8421
4300
2612
5111
6627
3599
-859
-3166
-3158
-2078
-1930
-4267
-7316
-8026
-6432
-4926
-4957
-5834
-5903
-4893
-4024
-3360
-1996
-537
31
201
355
444
1349
2952
3182
1690
624
822
1285
1296
420
-1256
-2482
-2626
-2515
-2636
-3153
-4410
-5525
-5239
-4374
-4169
-4098
-3678
-3513
-3422
-2652
-1455
-432
288
712
1125
2090
3620
4880
5225
5073
5468
6618
7724
8329
8693
9248
10034
9389
6042
3207
4524
6726
4924
752
-1928
-2708
-2115
-1410
-3178
-6572
-7725
-6395
-5322
-5190
-5474
-5850
-5444
-4335
-3571
-2758
-1229
-96
-20
-42
332
1107
2301
2952
2168
986
758
1193
1364
825
-456
-1920
-2700
-2564
-2234
-2656
-3924
-5064
-5327
-4880
-4122
-3649
-3845
-4010
-3475
-2731
-2020
-916
9
224
648
1820
3045
4147
5084
5264
5127
5903
7329
8214
8385
8589
9560
10142
7921
4050
3202
5567
6069
3075
-465
-2685
-3143
-1969
-1777
-4469
-7376
-7551
-6074
-5084
-5083
-5577
-5650
-4977
-4115
-3208
-1906
-651
-8
210
211
420
1525
2847
2865
1719
854
800
1183
1301
365
-1356
-2470
-2499
-2303
-2502
-3245
-4463
-5344
-5081
-4193
-3812
-3981
-3968
-3570
-3088
-2389
-1315
-473
-154
425
1531
2539
3481
4608
5227
5153
5551
6752
7794
8261
8616
9375
10114
8872
5312
3289
4950
6357
4217
688
-1805
-2894
-2254
-1452
-3276
-6510
-7609
-6416
-5162
-4887
-5363
-5689
-5194
-4380
-3555
-2306
-1066
-389
58
243
175
954
2463
2891
1984
1090
716
904
1356
927
-690
-2184
-2690
-2459
-2189
-2774
-4118
-4899
-4915
-4790
-4248
-3470
-3472
-3735
-3322
-2729
-1980
-648
294
315
695
1853
3132
4372
5162
5096
5175
6129
7303
8193
8739
9095
9764
9395
6279
3330
4377
6451
5000
1423
-1246
-2684
-2460
-1287
-2382
-5831
-7678
-6774
-5347
-4798
-5180
-5862
-5619
-4541
-3652
-2768
-1563
-607
-54
201
116
556
1972
2815
2212
1265
825
887
1278
1119
-209
-1692
-2329
-2335
-2259
-2670
-3757
-4606
-4637
-4462
-4290
-3918
-3646
-3471
-3050
-2675
-2229
-1181
-117
398
910
1630
2521
3878
4996
5089
5174
6049
6997
7777
8482
8873
9550
9684
6899
3287
3707
6341
5584
1894
-1058
-2585
-2489
-1160
-1827
-5245
-7452
-6741
-5382
-4763
-4853
-5490
-5539
-4564
-3750
-3067
-1692
-438
-85
-61
-27
325
1554
2637
2191
1028
579
788
1068
908
-129
-1428
-2115
-2482
-2810
-2782
-2851
-3706
-4747
-5055
-4531
-3613
-2968
-3036
-3392
-3237
-2306
-985
-19
257
410
1164
2436
3704
4565
4928
5191
5746
6597
7610
8440
8969
9617
9596
7174
3891
3700
5958
5909
2612
-745
-2377
-2324
-1326
-1698
-4550
-7122
-7046
-5578
-4629
-4655
-5301
-5608
-4938
-3909
-2959
-1797
-715
-199
-51
5
309
1327
2409
2355
1335
527
535
1023
1036
11
-1432
-2357
-2621
-2515
-2554
-3208
-4134
-4636
-4749
-4547
-3851
-3126
-3000
-3135
-2917
-2202
-1061
79
598
754
1430
2697
3893
4658
5110
5448
5903
6701
7608
8272
9001
9851
8988
5698
3304
4435
6075
4606
1270
-1188
-2261
-2172
-1654
-2567
-5091
-6766
-6324
-5245
-4803
-4684
-4579
-4683
-4621
-3690
-2175
-945
-235
78
-20
-13
773
1852
2255
1889
1124
405
376
831
583
-478
-1537
-2429
-3050
-2820
-2408
-3109
-4376
-4940
-4766
-4159
-3217
-2731
-3117
-3382
-2754
-1565
-374
327
447
703
1649
2848
3842
4616
5099
5333
5761
6606
7520
8231
9052
9582
8099
4764
3133
4682
5858
3981
789
-1696
-2741
-2023
-1228
-2815
-5646
-6807
-6063
-4950
-4375
-4591
-4925
-4608
-3968
-3278
-2123
-863
-144
80
-77
-199
602
1875
2199
1481
562
98
390
775
228
-936
-1881
-2497
-2560
-2398
-3083
-4056
-4050
-3954
-4505
-4293
-3200
-2739
-2828
-2658
-2445
-1750
-126
1068
989
994
2056
3544
4623
5108
5287
5571
6298
7403
8228
8729
9646
9598
6461
3074
3845
6287
5291
1864
-794
-2480
-2695
-1242
-1499
-4837
-7191
-6377
-4966
-4585
-4525
-4630
-4841
-4393
-3223
-2092
-1217
-327
382
317
-84
416
1686
2320
1877
944
105
39
628
559
-632
-1948
-2601
-2536
-2347
-3019
-4051
-4151
-3967
-4461
-4481
-3586
-2952
-2605
-2269
-2518
-2416
-761
904
1220
1214
1669
2494
3836
5082
5340
5140
5463
6499
7724
8368
8718
9151
7807
4422
2928
4600
5315
3395
828
-1670
-3228
-2259
-1100
-2905
-5717
-6479
-5727
-4850
-4186
-4101
-4392
-4323
-3719
-2703
-1575
-603
274
634
13
-259
912
2131
2089
1327
361
-337
-14
521
-144
-1557
-2565
-2939
-2781
-2619
-3153
-4067
-4574
-4589
-4203
-3551
-3097
-2795
-2513
-2479
-2182
-998
294
924
1381
1892
2509
3666
4886
5279
5356
5873
6611
7421
8299
9030
9346
8156
5051
2976
4193
5525
3794
757
-1539
-2896
-2565
-1543
-2819
-5571
-6459
-5710
-5090
-4402
-3924
-4325
-4379
-3531
-2750
-1803
-303
579
444
229
261
717
1796
2400
1555
315
-155
-70
73
-221
-1434
-2888
-3340
-3006
-2989
-3471
-4020
-4560
-4884
-4541
-3727
-3084
-2743
-2499
-2304
-1934
-980
379
1354
1726
2090
2913
4004
4965
5627
5884
5952
6532
7634
8339
8781
9276
8045
4438
2231
3759
5255
3410
68
-2396
-3482
-2904
-1959
-3202
-5982
-7051
-5838
-4521
-4154
-4107
-3935
-3677
-3230
-2357
-1142
50
984
1267
705
277
1067
2257
2295
1307
379
-121
-262
-269
-753
-1928
-3013
-3434
-3519
-3644
-3781
-4073
-4599
-4843
-4410
-3698
-3108
-2565
-2148
-1974
-1521
-454
739
1619
2206
2707
3437
4481
5362
5805
6080
6465
7007
7588
8199
9105
9272
6868
3372
2663
4346
4448
2139
-648
-2829
-3439
-2441
-2424
-4532
-6316
-6333
-5571
-4660
-4043
-4045
-3705
-2862
-2588
-2234
-700
813
1255
1249
1010
748
1422
2412
2131
918
48
-323
-454
-591
-1356
-2614
-3432
-3638
-3792
-4096
-4377
-4582
-4735
-4684
-4362
-3837
-3145
-2406
-1948
-1741
-1239
-154
1129
2050
2553
3131
4106
5095
5646
5951
6405
7049
7551
7757
8339
9340
8629
5238
2510
3202
4654
3532
589
-2069
-3508
-3315
-2515
-3249
-5512
-6876
-6203
-4909
-4391
-4233
-3652
-2992
-2680
-2131
-945
353
1402
1951
1600
1020
1437
2501
2763
1917
816
31
-305
-338
-740
-1981
-3273
-3724
-3783
-4187
-4635
-4815
-5063
-5136
-4693
-4284
-3982
-3107
-2086
-1847
-1733
-761
691
1813
2452
2908
3654
4739
5720
6278
6400
6516
7228
8252
8751
9080
8972
6677
3383
3004
4743
4082
1118
-1125
-2692
-3849
-3339
-2810
-4692
-6916
-6756
-5535
-4958
-4489
-3859
-3571
-3339
-2518
-1224
27
1019
1730
1827
1397
1490
2439
2939
2410
1587
690
-120
-286
-379
-1405
-2733
-3493
-4017
-4417
-4446
-4582
-5116
-5500
-5345
-4760
-4000
-3305
-2707
-2177
-1796
-1203
24
1302
2040
2684
3555
4316
5044
5840
6302
6547
7168
7881
8087
8408
9183
8615
5689
2977
2948
3871
3107
926
-1495
-3553
-4114
-3246
-3325
-5155
-6592
-6349
-5338
-4559
-4127
-3822
-3396
-2869
-2161
-1016
255
1202
1807
1816
1272
1378
2433
2898
2216
1281
412
-249
-379
-800
-2106
-3151
-3461
-3969
-4567
-4674
-4940
-5441
-5353
-5005
-4892
-4247
-3037
-2409
-2301
-1791
-830
311
1495
2371
3027
3955
5024
5752
6167
6585
7242
8055
8462
8713
9546
9483
6647
3416
3225
4448
3705
1375
-1083
-3409
-4223
-3093
-3068
-5452
-7188
-6674
-5663
-5006
-4372
-4148
-4044
-3180
-2072
-1360
-342
1167
2131
2049
1543
1578
2449
3237
2941
1842
772
146
39
-180
-1327
-2807
-3507
-3801
-4333
-4772
-5035
-5419
-5555
-5242
-4992
-4692
-3758
-2687
-2239
-1985
-1196
71
1350
2367
3193
3965
4693
5491
6423
7059
7256
7625
8352
9032
9615
9172
6463
3349
3082
4472
3771
1013
-1473
-3153
-3855
-3333
-3432
-5351
-6927
-6538
-5527
-5036
-4648
-4156
-3660
-3018
-2241
-1347
-200
1060
1959
2045
1534
1527
2423
3003
2568
1798
1055
319
-44
-360
-1365
-2512
-3079
-3588
-4325
-4813
-5054
-5225
-5183
-5138
-5139
-4658
-3746
-2940
-2371
-1967
-1434
-258
1163
2142
3075
4163
4766
5146
6051
7057
7762
8416
8845
9125
9579
8711
5677
3468
4068
4617
2783
126
-1945
-3324
-3505
-3183
-4328
-6446
-7180
-6308
-5392
-4964
-4680
-4393
-3886
-2960
-1896
-908
164
1279
1936
1887
1732
2132
2787
2952
2504
1760
1002
492
174
-483
-1562
-2520
-3096
-3565
-4072
-4600
-5057
-5168
-4946
-4808
-4774
-4278
-3290
-2516
-2187
-1767
-862
335
1624
2870
3792
4371
5010
5775
6551
7471
8326
8682
9072
9747
9007
6138
3785
3899
4517
3373
933
-1546
-3209
-3472
-3166
-3994
-5794
-6869
-6583
-5682
-4920
-4551
-4281
-3738
-3076
-2354
-1287
31
1099
1689
1748
1546
1793
2535
2888
2416
1621
903
414
78
-471
-1357
-2244
-2979
-3606
-3990
-4331
-4772
-4900
-4680
-4717
-4842
-4280
-3278
-2572
-2202
-1858
-1305
-274
1155
2436
3263
3852
4509
5305
6160
6995
7689
8236
9012
9671
8468
5396
3590
4382
4922
3209
547
-1628
-2686
-2471
-2428
-3941
-5729
-6204
-5778
-5119
-4465
-4190
-4008
-3421
-2876
-2384
-1213
235
1067
1366
1347
1180
1580
2464
2737
2159
1308
554
183
39
-522
-1404
-2129
-2834
-3520
-3862
-4054
-4248
-4217
-4236
-4475
-4274
-3472
-2672
-2010
-1513
-1345
-944
313
1938
3111
3712
4011
4410
5277
6516
7472
7796
8111
8886
8649
6179
3711
3870
4917
3842
1217
-1081
-2558
-2893
-2440
-3065
-5080
-6215
-5723
-5055
-4694
-4182
-3732
-3427
-2923
-2302
-1534
-293
958
1355
1126
1042
1344
1863
2320
2182
1341
510
193
-44
-724
-1506
-1930
-2367
-3145
-3819
-4142
-4264
-3994
-3533
-3709
-4217
-3812
-2552
-1560
-1212
-1163
-895
137
1755
3012
3569
3888
4278
4859
5733
6610
7262
7977
8612
7873
5353
3268
3638
4748
3776
1048
-1254
-2420
-2689
-2424
-2789
-4387
-5817
-5693
-4769
-4149
-3691
-3132
-2883
-2889
-2371
-1133
144
1061
1517
1209
593
819
1856
2325
1799
983
255
-334
-621
-868
-1441
-2133
-2670
-3237
-3817
-3985
-3658
-3350
-3487
-3830
-3760
-2983
-1821
-959
-859
-997
-469
862
2316
3359
3884
4060
4282
4993
6105
6946
7237
7636
7995
6818
4397
3335
3887
3561
1966
379
-1373
-2898
-2839
-2531
-3878
-5368
-5372
-5058
-4828
-3992
-3321
-3283
-2823
-1970
-1570
-952
444
1513
1610
1310
1131
1286
1810
2123
1629
643
-115
-484
-907
-1516
-2065
-2588
-3266
-3818
-3998
-4046
-3993
-3686
-3499
-3617
-3404
-2458
-1350
-622
-186
222
919
2118
3495
4391
4728
5013
5631
6385
6965
7448
8070
8286
6959
4491
2917
2928
3005
2023
97
-2275
-3866
-3737
-3275
-4131
-5477
-5935
-5756
-5277
-4384
-3430
-2804
-2344
-1906
-1395
-552
693
1926
2402
1885
1327
1625
2209
2267
1841
1055
75
-556
-991
-1752
-2402
-2613
-3120
-4020
-4521
-4452
-4084
-3538
-3317
-3604
-3474
-2399
-1128
-363
-46
160
772
2031
3444
4397
4772
4893
5290
6175
7001
7311
7658
8208
7455
4815
2601
2632
3263
2398
288
-1996
-3693
-4016
-3431
-3713
-5141
-6134
-6016
-5412
-4671
-3723
-2859
-2445
-2307
-1857
-786
559
1699
2187
1859
1331
1476
2124
2416
2082
1344
377
-452
-924
-1299
-1773
-2267
-3004
-3959
-4427
-4106
-3692
-3633
-3651
-3598
-3320
-2435
-1207
-407
-78
331
1025
2090
3506
4694
5229
5338
5552
6283
7269
7798
8175
8526
7091
3952
2707
3757
3283
1014
-465
-1811
-3674
-3926
-3292
-4547
-6209
-6003
-5530
-5747
-5156
-3898
-3238
-2853
-2303
-1849
-1103
285
1610
2043
1650
1243
1474
1963
2124
1878
1170
207
-373
-739
-1449
-1996
-2148
-2827
-3891
-4222
-3980
-3770
-3378
-3160
-3506
-3406
-2272
-1094
-425
115
595
1255
2470
3745
4499
5057
5536
5888
6530
7287
7582
7993
8335
6760
3878
2754
3238
2761
1377
-14
-2151
-4068
-3825
-3142
-4360
-5795
-5756
-5518
-5542
-4767
-3682
-3275
-2952
-2268
-1763
-1204
99
1494
1817
1323
1015
1140
1466
1825
1755
987
63
-552
-1063
-1465
-1636
-2092
-3082
-3790
-3753
-3489
-3299
-3128
-3156
-3266
-2846
-1888
-928
-205
357
991
1908
3031
4014
4752
5292
5730
6342
7070
7531
7955
8187
6992
4730
3588
3586
3000
1868
595
-1471
-3255
-3234
-3077
-4323
-5412
-5508
-5610
-5392
-4499
-4081
-3991
-3152
-2312
-2163
-1636
-423
570
1151
1314
920
628
1022
1421
1174
644
69
-651
-1307
-1524
-1640
-2254
-3110
-3540
-3489
-3315
-3081
-2928
-2930
-2740
-2195
-1540
-788
16
579
1212
2314
3390
4063
4764
5530
5918
6323
7113
7773
8020
7915
6770
4573
3170
3391
3374
1909
-25
-1583
-2791
-3369
-3423
-3834
-4745
-5375
-5344
-4959
-4485
-3876
-3156
-2734
-2691
-2313
-1315
-338
352
923
993
511
445
963
1078
620
226
-274
-1207
-1851
-1790
-1944
-2773
-3417
-3526
-3585
-3488
-3062
-2916
-3040
-2611
-1781
-1206
-623
195
897
1651
2701
3616
4263
5056
5841
6314
6673
7061
7544
8165
7937
5898
3523
2985
3546
3065
1311
-698
-2373
-3152
-2976
-3117
-4234
-5121
-5071
-4808
-4580
-4048
-3375
-2814
-2384
-2190
-1883
-972
127
774
924
633
213
369
884
869
346
-311
-1201
-1895
-1981
-2165
-2778
-3165
-3382
-3810
-3864
-3377
-3059
-2829
-2318
-1980
-1761
-909
289
1233
2166
3074
3637
4260
5174
5941
6560
7176
7431
7629
7984
7306
5485
4248
3818
3010
2090
1207
-545
-2341
-2738
-2790
-3638
-4393
-4752
-5148
-4926
-4005
-3488
-3304
-2765
-2281
-1964
-1289
-526
47
688
979
537
193
358
443
369
130
-814
-1986
-2245
-2087
-2596
-3266
-3487
-3747
-3973
-3627
-3265
-3351
-3074
-2288
-1867
-1568
-665
405
1383
2625
3561
3760
4300
5489
6295
6687
7162
7427
7727
8044
6969
4674
3453
3510
3122
2007
423
-1540
-2540
-2316
-2807
-4161
-4673
-4570
-4624
-4193
-3597
-3547
-3033
-1885
-1509
-1611
-960
-33
654
1239
1112
380
266
618
468
88
-398
-1371
-2140
-2330
-2858
-3562
-3567
-3579
-4100
-4175
-3824
-3692
-3212
-2391
-2238
-2179
-1136
193
1221
2303
3110
3453
4296
5563
6257
6531
6923
7449
8187
8414
6966
4751
3830
3862
3322
2167
660
-1179
-2481
-2752
-2980
-3787
-4506
-4770
-4774
-4539
-4041
-3400
-2714
-2132
-1815
-1547
-941
55
1038
1489
1273
795
610
707
791
589
-144
-1189
-1875
-2215
-2852
-3488
-3616
-3877
-4386
-4421
-4095
-3873
-3342
-2613
-2508
-2442
-1333
232
1550
2645
3345
3763
4569
5759
6482
6837
7310
7917
8371
7688
5690
4055
3822
3735
2562
1004
-475
-2026
-2802
-3015
-3577
-4525
-4846
-4439
-4360
-4288
-3656
-2655
-1854
-1516
-1191
-781
-44
1097
1820
1563
814
555
653
518
342
-204
-1319
-2122
-2314
-2700
-3404
-3554
-3524
-3893
-3901
-3552
-3389
-3041
-2275
-1791
-1630
-960
213
1494
2638
3138
3346
4052
4873
5380
5845
6119
6079
6329
6223
4510
2717
2508
2591
1694
468
-666
-1654
-1874
-1692
-2181
-2838
-2826
-2485
-2154
-1805
-1528
-1165
-624
-351
-463
-341
88
473
756
526
-258
-771
-714
-740
-1051
-1516
-2299
-2948
-2936
-2844
-3061
-3069
-2989
-3123
-2985
-2417
-2014
-1687
-1178
-974
-950
-436
481
1476
2353
2607
2424
2875
3789
4253
4482
4843
5068
5197
4975
3816
2510
2251
2525
2112
930
-349
-946
-793
-911
-1480
-1709
-1757
-1909
-1603
-1155
-1245
-1061
-353
-397
-940
-709
-231
-144
37
28
-689
-1263
-1143
-1063
-1263
-1612
-2288
-2846
-2777
-2573
-2679
-2821
-2855
-2797
-2503
-2199
-2098
-1830
-1411
-1158
-869
-357
371
1324
2144
2328
2459
3211
3846
4054
4469
5014
5285
5325
4673
3165
2339
2731
2624
1703
946
-35
-1171
-1165
-618
-1110
-1795
-1620
-1570
-1786
-1349
-737
-638
-571
-500
-752
-765
-224
168
27
-397
-974
-1337
-1268
-1146
-1412
-2052
-2635
-2796
-2600
-2621
-2913
-2883
-2567
-2402
-2353
-2190
-1954
-1630
-1116
-745
-592
21
1213
2039
2118
2288
2929
3478
3864
4379
4876
5134
4996
4257
3288
2919
2995
2749
2103
1066
-55
-327
126
-135
-1104
-1321
-1086
-1318
-1357
-949
-860
-846
-449
-563
-1195
-1073
-426
-312
-597
-934
-1427
-1674
-1392
-1367
-1952
-2520
-2693
-2634
-2594
-2725
-2852
-2701
-2424
-2287
-2201
-1976
-1640
-1242
-940
-826
-506
394
1412
1810
1871
2222
2701
3050
3462
3858
4067
4395
4441
3479
2446
2442
2693
2433
1942
1178
316
192
386
112
-85
-45
-375
-596
-296
-200
-219
151
52
-715
-948
-655
-659
-757
-850
-1436
-2048
-2054
-2101
-2566
-2850
-2722
-2676
-2937
-3187
-3120
-2775
-2380
-2092
-2031
-2099
-1841
-1195
-716
-562
-191
586
1222
1470
1792
2360
2727
2702
2846
3448
3963
4008
3667
3027
2323
2094
2266
1935
1108
681
653
363
-5
-39
-108
-160
173
359
38
27
588
790
500
224
-60
-342
-303
-232
-592
-1144
-1543
-1891
-2374
-2897
-3033
-2755
-2767
-3221
-3423
-3268
-3030
-2594
-2169
-2201
-2210
-1718
-1256
-994
-520
131
724
1216
1456
1711
2324
2748
2708
2996
3551
3619
3600
3595
2763
1850
2162
2405
1409
606
602
211
-221
33
-54
-654
-465
141
21
-151
261
545
462
481
406
106
39
182
73
-380
-871
-1288
-1821
-2371
-2465
-2226
-2424
-2991
-3174
-3021
-2875
-2596
-2339
-2369
-2272
-1765
-1373
-1276
-926
-185
468
696
734
1184
1969
2316
2216
2418
3027
3527
3769
3477
2611
2110
2431
2548
1804
987
638
476
360
184
-110
-256
-140
-72
-140
-102
43
272
489
314
-172
-342
-146
-100
-267
-493
-903
-1491
-1983
-2153
-2045
-1983
-2207
-2523
-2688
-2749
-2569
-2163
-1972
-2070
-2018
-1770
-1500
-1032
-415
93
431
561
648
1191
1938
2104
2100
2516
2707
2674
3171
3347
2495
2007
2180
1632
905
1134
1071
244
114
356
-140
-302
371
377
-146
101
479
243
219
434
98
-304
-223
-326
-791
-1014
-1192
-1746
-2222
-2280
-2254
-2301
-2354
-2430
-2460
-2386
-2313
-2186
-1917
-1645
-1485
-1317
-1109
-785
-142
553
778
709
956
1490
1903
2146
2336
2465
2602
2853
2975
2694
2301
2147
1930
1414
1036
1024
824
353
149
179
68
35
222
160
-36
188
485
336
157
210
62
-232
-271
-360
-742
-1113
-1540
-2050
-2145
-1954
-2127
-2479
-2569
-2605
-2576
-2330
-2287
-2375
-2058
-1695
-1722
-1591
-1117
-709
-130
478
416
291
1005
1728
1803
2019
2389
2294
2419
3192
3450
2821
2408
2375
2021
1672
1825
1696
883
431
737
729
256
151
242
-23
-124
186
146
-205
-176
-49
-301
-584
-644
-757
-1037
-1421
-1777
-1821
-1738
-1898
-2089
-2134
-2202
-2209
-2073
-2048
-2116
-1958
-1749
-1738
-1649
-1387
-1072
-599
-134
-40
23
483
972
1234
1607
1997
1984
1945
2447
2972
2830
2446
2323
2116
1760
1775
1850
1312
880
1166
1153
499
346
661
466
212
392
193
-296
-134
89
-392
-749
-669
-1037
-1679
-1736
-1573
-1782
-1990
-2056
-2272
-2385
-2073
-1771
-1926
-2089
-1808
-1489
-1473
-1436
-1161
-936
-731
-278
-25
-231
-121
598
1068
1022
1136
1424
1492
1666
2140
2458
2359
2133
1968
1871
1860
1886
1779
1451
1127
1104
1172
989
801
883
830
478
280
279
210
133
33
-343
-742
-917
-1157
-1534
-1631
-1609
-1914
-2266
-2323
-2290
-2261
-2082
-2009
-2257
-2271
-1805
-1513
-1567
-1430
-1052
-800
-487
-89
-19
20
542
969
899
1002
1417
1495
1462
1816
2078
2063
2145
2035
1569
1541
2028
1980
1401
1153
1168
1077
1053
1011
791
709
805
636
282
159
192
173
-38
-511
-975
-1054
-980
-1166
-1483
-1796
-2032
-2014
-1902
-2033
-2198
-2105
-2045
-2142
-2084
-1870
-1723
-1518
-1218
-1066
-856
-357
-6
-40
93
570
887
1038
1268
1321
1249
1574
2095
2106
1854
1904
1992
1913
1902
1829
1443
1234
1408
1361
995
801
795
750
738
745
505
191
144
223
43
-414
-732
-775
-917
-1243
-1400
-1487
-1788
-1996
-1951
-2100
-2349
-2156
-1946
-2193
-2236
-1854
-1711
-1765
-1505
-1172
-933
-510
-186
-240
-116
367
658
804
1127
1338
1402
1643
1822
1761
1979
2402
2267
1738
1645
1969
2032
1707
1343
1073
991
1103
1097
692
384
649
738
82
-451
-220
41
-171
-479
-859
-1280
-1272
-1129
-1482
-1835
-1688
-1687
-2077
-2218
-2095
-1999
-1805
-1676
-1851
-1803
-1278
-919
-841
-618
-394
-317
-131
71
164
490
927
959
880
1075
1242
1366
1695
1860
1650
1521
1450
1098
1098
1734
1862
1152
738
981
1201
1289
1280
877
444
591
759
262
-223
-63
72
-352
-877
-1132
-1159
-1023
-980
-1324
-1765
-1861
-1712
-1631
-1676
-1726
-1657
-1584
-1636
-1615
-1282
-861
-656
-569
-592
-680
-487
-28
169
94
179
311
358
623
1024
1099
1093
1294
1367
1308
1469
1662
1630
1588
1534
1265
1108
1271
1318
1113
963
772
547
590
661
395
191
247
59
-284
-330
-371
-640
-770
-826
-1124
-1367
-1327
-1395
-1644
-1696
-1619
-1632
-1626
-1553
-1475
-1276
-966
-774
-730
-696
-604
-346
-35
70
65
230
377
322
376
651
837
881
951
892
764
1020
1475
1432
1063
1045
1190
1076
992
1133
1108
899
817
697
425
375
580
508
112
-114
-103
-149
-254
-335
-493
-713
-800
-810
-950
-1098
-1104
-1134
-1307
-1389
-1317
-1269
-1192
-989
-817
-746
-649
-629
-697
-532
-163
-1
-94
-110
0
97
222
355
382
459
708
842
749
699
874
1092
1117
913
665
679
974
1190
1008
662
547
658
769
671
386
195
283
399
127
-283
-286
-66
-173
-503
-624
-618
-675
-699
-793
-1024
-1044
-841
-899
-1203
-1172
-780
-560
-579
-596
-586
-569
-416
-194
-192
-295
-164
60
26
-56
72
145
78
274
592
544
415
680
908
746
647
750
696
668
949
1027
693
485
613
674
571
492
347
170
204
288
111
-119
-187
-238
-297
-269
-292
-453
-590
-659
-706
-667
-637
-782
-915
-797
-635
-650
-681
-611
-581
-550
-405
-306
-365
-321
-157
-79
-96
-51
28
49
138
296
329
271
352
527
510
423
565
676
495
437
672
693
522
641
736
424
310
591
535
172
177
318
82
-99
-6
-140
-407
-291
-115
-338
-555
-473
-418
-520
-584
-597
-593
-538
-512
-518
-457
-389
-416
-443
-434
-393
-248
-116
-226
-320
-127
77
60
45
160
214
259
397
434
330
381
539
497
365
420
486
367
351
508
479
300
352
473
374
297
366
286
56
38
134
57
-52
-34
-71
-220
-300
-305
-362
-379
-323
-340
-440
-461
-390
-354
-346
-329
-323
-300
-260
-261
-295
-230
-125
-166
-240
-188
-97
-55
30
94
39
28
182
295
253
238
309
325
265
240
233
245
273
248
181
163
211
240
218
185
172
191
219
185
122
111
131
82
4
-30
-42
-59
-94
-115
-137
-166
-189
-192
-173
-180
-221
-210
-186
-213
-221
-187
-191
-238
-218
-186
-197
-193
-155
-158
-151
-43
56
17
-16
77
153
151
153
181
192
216
231
195
120
114
141
130
93
64
67
69
67
56
33
41
74
70
39
20
35
37
6
-35
-51
-51
-40
-10
-18
-29
-20
-24
-55
-60
0
51
46
2
-20
-22
-32
-67
-97
-102
-95
-72
-64
-89
-115
-75
-15
-15
-42
3
50
20
17
75
88
53
103
159
99
88
156
135
41
63
132
79
42
66
40
14
57
68
9
-14
13
17
26
15
-50
-89
-48
-13
-49
-50
2
-10
-18
40
35
-7
42
105
31
-34
13
9
-74
-66
-1
-30
-53
-21
-64
-100
-4
54
-44
-110
-38
-6
-32
-34
-34
-41
-2
67
18
-46
19
117
79
-10
-22
15
37
69
96
72
49
63
68
27
40
105
91
-6
-60
-48
-38
-65
-80
-77
-95
-100
-64
-42
-58
-40
-9
-32
-51
-7
49
51
19
19
37
63
50
11
-1
20
57
45
-17
-72
-51
13
7
-44
-36
38
75
52
45
45
51
81
74
35
23
41
40
34
24
-4
-5
45
68
22
23
49
15
-32
-38
-47
-72
-33
2
-48
-74
-47
-51
-84
-68
-29
-40
-36
-1
2
-27
-14
20
17
29
42
23
20
63
70
27
5
12
26
50
68
43
29
41
40
6
7
15
8
10
10
1
5
16
2
19
62
69
11
-29
-8
-4
-20
-21
-33
-81
-92
-56
-46
-65
-35
4
-30
-53
-4
36
12
13
24
-10
-34
15
34
14
43
86
68
27
48
65
57
66
76
25
-20
5
40
20
17
35
12
22
82
93
57
73
99
60
23
24
13
-4
-1
-22
-77
-102
-90
-81
-79
-63
-71
-96
-113
-118
-108
-111
-113
-119
-121
-135
-119
-70
-40
-10
23
32
28
44
84
111
107
94
75
78
96
115
111
107
117
120
112
116
126
122
124
92
12
-18
34
59
35
23
44
38
18
29
33
21
29
49
37
-3
-21
-6
-11
-28
-55
-73
-70
-60
-39
-16
-46
-105
-132
-124
-128
-106
-65
-65
-95
-87
-67
-79
-67
-16
12
0
10
22
28
46
80
88
83
82
87
94
93
113
127
97
53
39
53
54
55
42
4
-24
-19
-33
-56
-36
3
-6
-37
-56
-52
-29
-1
9
-11
-33
-39
-23
-20
-34
-44
-56
-55
-59
-79
-78
-57
-39
-49
-54
-63
-68
-38
1
1
0
14
15
17
25
38
40
44
37
3
-12
6
25
34
41
26
0
13
38
44
62
93
81
44
30
32
46
69
63
19
0
6
-7
-5
7
3
-26
-45
-42
-47
-37
-23
-38
-62
-48
-28
-38
-49
-31
-30
-42
-64
-75
-77
-57
-23
-9
-17
-35
-34
-16
17
35
40
24
8
15
17
20
20
5
-6
2
7
-2
-7
3
-5
-12
5
16
22
34
46
25
9
22
33
13
6
24
34
15
2
13
23
26
34
40
20
15
19
5
-18
-16
-6
-32
-44
-38
-38
-60
-49
-17
-14
-33
-25
-13
-17
-11
-4
-11
-20
-16
-18
-20
-2
15
10
-6
4
18
22
7
-11
-25
-40
-30
-21
-21
-26
-19
-30
-30
-14
-14
-19
-23
-13
-11
-20
-34
-37
-39
-33
-8
14
0
-20
-9
11
17
17
26
20
20
48
52
21
5
16
16
4
19
8
-15
-6
1
-22
-27
-9
-5
-1
24
17
-1
11
21
6
9
19
-8
-17
-16
-14
-20
-5
2
-18
-10
5
1
-19
-21
-27
-39
-39
-49
-59
-63
-59
-46
-43
-52
-52
-30
-3
7
2
-5
1
25
42
27
22
38
52
33
21
22
33
52
55
47
21
5
8
23
17
3
9
2
-16
-19
-6
1
-14
-13
-13
-16
1
11
4
-13
-6
-4
-4
-3
5
13
6
-1
-18
-25
-35
-37
-30
-31
-36
-43
-48
-51
-42
-40
-31
-31
-27
-13
1
18
17
28
28
31
39
57
62
51
40
37
23
18
24
22
14
7
19
17
12
7
-2
-7
-3
6
-1
-5
-8
-15
-17
-19
-23
-35
-32
-16
-11
-13
-12
-13
-11
-18
-24
-27
-23
-14
-13
-27
-29
-33
-25
-24
-32
-25
-13
-11
-17
-18
-18
-13
-7
-2
7
18
21
16
13
28
35
33
33
29
32
45
49
32
17
21
20
22
21
4
2
0
2
-2
0
-2
-2
-2
-4
-10
-13
-5
-15
-25
-26
-14
-18
-19
-6
-14
-23
-14
1
-2
-1
-2
-11
-6
1
1
-4
-13
-6
6
12
19
13
7
5
14
21
6
8
10
6
-3
-5
12
18
12
12
12
12
12
13
9
5
4
13
4
-15
0
15
7
-14
-21
-13
-4
-2
-13
-16
-22
-25
-21
-13
-5
-5
-6
-16
-14
-10
3
4
3
7
23
28
9
6
7
12
19
24
20
11
16
23
19
8
11
12
9
-2
-3
16
17
2
-6
-5
2
10
13
3
-2
8
9
-10
-17
-8
6
12
8
-5
-5
-2
9
11
-15
-21
-12
-7
-17
-20
-6
-11
-18
-5
10
4
0
4
-1
2
11
10
1
2
13
8
4
5
10
10
21
21
18
27
25
16
15
25
20
16
6
7
2
-5
-5
-3
3
-1
-4
-11
-6
1
7
-2
-5
-15
-19
-5
6
-6
-19
-7
-11
-9
-3
1
-9
-6
10
7
2
2
14
9
-3
-3
8
16
19
19
20
21
18
26
16
9
27
32
33
20
9
13
16
15
7
17
15
7
0
3
13
8
6
6
2
7
14
12
2
-5
-2
10
13
6
15
13
4
6
-3
-6
8
6
2
0
-3
-13
-12
-2
-6
-9
2
-4
-5
1
0
-5
-3
5
13
12
15
15
16
24
31
34
34
31
28
36
41
37
27
27
31
26
17
9
11
0
-5
-5
-6
-13
-23
-22
-30
-27
-18
-21
-27
-33
-25
-18
-26
-20
-19
-15
-13
-8
-7
-19
-19
-12
-21
-20
-15
-15
-18
-18
-12
-15
-13
-9
-8
-5
3
10
8
8
12
14
24
37
41
41
41
40
45
42
32
39
46
42
35
29
12
8
9
7
-7
-16
-14
-11
-12
-18
-22
-19
-13
-22
-21
-14
-10
-16
-15
-10
-9
-9
-14
-11
-7
-12
-9
-1
3
-2
-2
0
-1
-5
-6
-3
-11
-17
0
10
-2
-8
-4
-1
-7
3
12
5
8
13
15
7
23
28
26
32
32
26
16
18
20
17
12
1
-3
-6
0
-10
-17
-22
-25
-23
-16
-15
-25
-26
-26
-27
-19
-10
-16
-11
-13
-16
-13
-1
2
-8
-2
9
5
-7
4
5
2
-6
-13
-12
-12
-5
-2
-2
-14
-12
-7
-13
-14
-5
3
7
2
3
3
10
11
12
13
11
10
11
14
17
10
8
-1
-15
-9
-2
-13
-16
-21
-20
-25
-32
-19
-15
-17
-12
3
0
0
4
8
5
12
7
-3
5
16
11
0
2
6
9
8
13
3
4
3
1
4
4
-2
-5
-8
-18
-12
-18
-19
-17
-18
0
0
-6
-11
-11
-1
-5
-2
-4
-8
-3
3
2
-2
-9
-7
-6
-18
-15
-12
-14
-18
-18
-18
-26
-17
-11
-15
-14
-10
-10
-3
-5
-8
-4
2
0
-3
4
7
-4
7
14
8
3
6
5
0
6
-2
-7
-9
-8
-13
-20
-15
-11
-11
-19
-8
-5
-8
-7
-7
0
-2
-1
-2
-3
-1
-2
-5
-3
3
0
-9
-13
-12
-5
-9
-14
-13
-13
-15
-23
-19
-16
-22
-13
-17
-17
-15
-14
-12
-9
-4
-5
0
1
2
6
5
2
-4
-2
3
5
4
-1
-5
-5
-7
-1
-5
-13
-16
-7
-8
-16
-7
-11
-8
-8
-13
-13
-19
-15
-8
-8
-9
-7
-6
-3
-1
6
2
1
2
0
-3
-2
0
4
5
8
1
4
6
1
-3
0
-1
-2
5
-4
-2
6
2
-8
-7
-4
-2
0
3
0
3
0
-10
-5
0
0
-1
-4
-4
-5
-1
-5
-5
-2
-1
-4
-16
-15
-7
-8
-12
-14
-20
-17
-9
-11
-14
-9
-2
-2
-3
-3
-3
-7
1
3
2
5
7
6
6
4
9
6
5
2
5
14
12
4
4
2
2
5
1
12
5
14
10
6
6
9
7
11
13
7
5
-3
4
5
1
-5
-5
-5
-4
0
-5
-10
-4
1
-3
-12
-5
1
0
0
4
3
2
6
2
-3
4
12
2
0
4
2
5
11
16
8
11
16
18
23
20
13
13
16
9
8
7
4
9
8
5
-1
1
3
-3
-4
0
4
-2
-2
-3
-8
-7
-12
-3
-4
1
-4
-8
-5
-5
-6
-11
-9
-7
-4
-8
-7
-10
-8
-6
-7
-7
-5
-6
-6
-10
1
1
-4
2
1
-1
2
8
-1
-1
1
4
-4
0
-2
-3
-14
-19
-10
-9
-12
-13
-4
-12
-15
-13
-10
-8
-15
-11
-9
-16
-14
-9
-8
-10
-12
-12
-9
-10
-4
-7
-7
-9
-14
-8
-5
-6
-7
-2
-4
1
4
4
-4
-4
0
-1
2
-4
1
-5
-1
2
-7
-2
-14
-10
-6
-2
4
-5
-10
-10
-14
-11
-4
-10
-9
-2
-5
-9
-9
-20
-16
-10
-17
-18
-23
-21
-16
-19
-21
-21
-15
-11
-20
-18
-11
-10
-13
-18
-15
-13
-10
-14
-17
-13
-11
-11
-4
0
-8
-8
-4
-9
-12
-5
5
-9
-12
-9
-15
-9
-7
-9
-6
-5
-1
-12
-8
-6
-7
-8
-6
6
0
-2
-5
5
-1
-11
-7
1
-9
-12
-9
-11
-14
-16
-7
-5
-8
-13
-7
-1
-15
-13
-12
-11
-13
-13
-5
-9
-8
-11
-13
-14
-9
-12
-1
-1
-6
-3
-2
-2
-5
-2
2
7
9
7
3
-3
-6
3
7
9
2
0
3
-2
2
0
-6
-1
-6
-7
-8
-7
-9
-13
-14
-10
-10
-7
-4
-7
-6
-13
-8
-8
-12
-8
-4
2
-2
1
-1
-2
-3
-4
0
-3
-10
-11
-2
-5
-4
1
-2
-7
-7
-5
-3
7
3
-1
-4
-7
-8
-4
1
0
-6
-6
-5
-1
-1
0
-5
-6
-3
-5
-4
-2
-4
-12
-10
-11
-8
-6
-3
-10
-7
-11
-14
-5
-6
-6
-4
0
-5
-6
-2
-8
-7
-5
-1
0
-7
-4
-5
-2
2
7
2
-1
4
-1
0
4
6
-2
2
2
-2
-4
-3
2
-2
1
-3
-2
-4
-5
-8
-6
-1
-5
-9
-11
-9
-7
-14
-14
-10
-8
-15
-20
-18
-17
-20
-21
-20
-18
-21
-17
-14
-18
-15
-7
-7
-10
-6
-6
-6
-4
-3
-6
-5
-4
-4
-4
-6
-5
-2
-8
-11
-5
-3
-5
-11
-10
-14
-10
-7
-10
-13
-7
-9
-9
-10
-13
-5
-7
-9
-6
-9
-5
-6
-7
-7
-15
-9
-14
-12
-19
-15
-11
-13
-15
-18
-17
-15
-15
-14
-16
-14
-13
-20
-12
-16
-10
-5
-8
-10
-16
-6
-11
-11
-7
-9
-10
-7
-6
-2
-6
-4
0
-7
-12
-11
-4
-6
-5
-5
-8
-13
-14
-8
-7
-7
-4
-6
-2
-5
-2
-7
-11
-7
-14
-11
-10
-6
-9
-14
-6
-6
-15
-15
-7
-5
-12
-10
-17
-17
-11
-9
-8
-15
-16
-6
-11
-14
-10
-2
-1
-7
-7
-9
-14
-8
-7
-16
-19
-11
-9
-16
-15
-8
-10
-17
-16
-15
-11
-7
-8
-7
-13
-6
-6
-6
-4
-6
-9
-12
-12
-8
-14
-14
-11
-17
-13
-13
-13
-6
-15
-12
-9
-15
-12
-13
-13
-14
-12
-13
-13
-10
-5
-7
-11
-13
-16
-9
-11
-18
-11
-12
-14
-15
-19
-15
-10
-12
-11
-14
-16
-11
-13
-13
-13
-13
-11
-14
-7
-10
-9
-4
-9
-6
-6
-11
-5
-5
-9
-14
-5
-8
-6
-7
-7
-5
-11
-12
-9
-5
-5
-7
-9
-6
-8
-10
-8
-12
-10
-9
-10
-8
-14
-11
-13
-16
-12
-16
-12
-11
-10
-13
-14
-12
-14
-12
-18
-15
-11
-9
-6
-7
-9
-12
-8
-12
-6
-2
0
-5
-10
-3
-10
-2
-7
-4
-4
-5
-3
-8
-6
-7
-11
-10
-10
-9
-14
-12
-12
-13
-10
-17
-13
-11
-10
-8
-4
-6
-6
-11
-8
-7
-12
-9
-9
-8
-6
-5
-9
-11
-11
-10
-8
-9
-14
-15
-7
-8
-8
-13
-7
-6
-10
-10
-6
-2
-1
4
0
2
-2
-4
-2
-1
-1
3
-3
-6
-6
-9
0
1
-2
-8
-3
-5
-1
-7
-10
-3
-4
-2
-1
-8
-5
-3
-4
-7
0
-4
0
3
7
-2
-3
5
-3
7
6
4
0
-2
4
7
7
1
8
9
-1
3
4
0
0
2
4
2
3
-1
1
3
2
-3
-3
6
2
3
-1
8
8
1
3
6
4
4
6
3
2
1
8
5
5
7
5
6
3
6
7
5
0
6
1
-3
3
0
4
-1
-1
2
-3
3
3
-1
1
0
-1
0
-8
-6
-1
-8
0
0
-6
-1
-2
-5
-4
0
-2
-3
-3
0
-1
3
6
-3
0
3
1
1
1
4
1
1
3
0
2
0
2
2
0
2
3
-1
1
4
3
4
7
3
6
8
3
2
4
5
-3
-1
5
-2
1
7
3
6
-2
4
5
2
4
-5
0
-1
0
-3
-5
4
2
3
-1
5
3
1
2
1
5
5
1
1
4
7
9
5
5
6
7
2
1
3
-1
-1
-2
-5
-1
4
4
0
4
4
0
0
-3
-6
-5
-5
0
1
-5
-3
-3
-3
1
5
2
2
3
2
2
2
2
-4
-1
1
-3
1
3
1
5
6
9
7
0
5
7
5
9
6
4
2
12
6
3
5
9
13
7
12
9
12
12
12
17
16
17
10
8
7
11
9
6
8
11
8
7
7
3
5
5
8
3
10
9
1
7
11
7
8
3
8
7
6
4
-2
6
4
6
3
2
8
5
3
3
9
4
8
10
0
1
4
3
0
3
9
5
5
4
0
2
-2
3
1
3
5
0
-1
-2
-5
-2
-3
3
4
0
4
8
0
-2
3
8
6
5
7
7
7
11
5
5
5
1
3
7
8
0
0
2
1
0
4
0
2
8
10
4
-4
2
-4
-6
0
2
0
4
3
-6
1
1
1
1
2
5
6
1
4
4
0
2
1
6
6
9
13
9
6
8
4
9
9
6
10
6
3
9
8
11
10
4
11
6
6
9
9
12
11
7
2
10
5
4
3
8
8
5
3
8
9
6
11
14
16
21
16
14
20
19
22
17
17
14
10
16
13
12
9
7
8
12
8
11
9
10
6
7
7
7
5
4
11
12
9
10
7
2
2
5
0
5
8
1
6
2
2
6
4
9
7
6
8
9
5
9
6
8
8
5
9
2
10
4
7
8
7
10
7
9
1
6
6
5
7
6
8
4
5
5
2
-1
6
12
8
8
11
12
6
6
9
8
12
10
10
6
5
11
13
9
7
8
3
10
10
7
9
5
9
3
8
10
8
9
9
4
7
13
11
10
3
8
10
8
10
7
11
7
7
10
6
4
4
12
7
5
8
11
10
10
6
5
7
5
10
7
10
8
15
12
12
8
9
15
8
12
10
7
4
9
10
4
6
6
8
7
7
4
8
7
7
9
4
11
8
4
7
10
6
7
8
12
4
9
2
2
7
1
10
3
-3
1
6
0
3
2
5
2
-1
2
5
1
6
2
1
-1
-4
1
-2
-2
-4
-4
5
2
-1
6
-2
6
1
3
2
-1
-4
-3
2
-4
0
-4
-2
-4
-4
-3
-5
0
-4
-2
-3
4
-1
-1
-2
1
0
-8
2
7
-1
-5
5
-5
-4
-3
-1
-2
-12
-8
-1
-3
-7
-3
0
-1
-5
-3
2
-1
-6
3
-4
-2
2
0
-5
0
-2
-1
2
-5
0
-4
-5
-3
4
-1
-2
2
1
3
-1
2
-3
-3
0
0
-1
-3
-1
1
1
1
1
2
-1
-1
4
0
-3
3
1
3
1
-3
-3
-3
-3
-5
-7
0
-3
-7
0
-2
-2
-2
-3
-8
0
-4
-4
-5
-3
-3
2
1
-3
0
-7
-5
2
2
-1
-4
-4
-2
-6
-8
-3
-5
-6
-1
0
-5
-6
-5
-1
-3
-3
-3
-4
-4
-10
-6
-1
-3
0
-1
-2
-3
-3
1
0
-4
-3
-1
-2
-7
0
-3
-5
-3
-6
-3
-3
3
-5
-1
-2
-4
5
-5
-4
0
-5
-5
0
2
-2
-3
-1
5
3
0
11
14
11
7
9
7
7
11
9
8
5
7
8
5
1
5
2
5
3
1
0
2
5
-1
1
-3
-5
-2
-2
-1
-1
-4
-2
5
-2
2
-3
-3
1
4
6
-3
-1
3
1
-5
2
2
-2
1
4
3
2
-2
-5
-6
-1
-1
-2
1
1
5
7
2
2
3
-2
-2
2
1
-3
6
-2
4
5
0
2
-3
2
-5
3
-1
0
-5
-5
5
0
4
-2
3
2
0
3
2
4
-3
0
8
7
-4
8
3
7
9
10
15
8
7
3
6
-1
3
-1
0
4
5
8
6
1
0
5
0
5
0
3
4
9
7
0
6
4
1
2
6
0
3
7
-1
4
5
3
7
4
3
-1
1
1
-1
4
5
6
4
7
3
8
-5
0
6
-1
0
-2
9
1
8
2
-1
2
-3
-4
-2
4
1
0
-2
0
-1
-1
1
-4
-6
-5
-7
-6
-3
-8
-4
0
1
-4
-8
-4
-2
2
-2
1
3
-1
-1
-5
3
-1
0
-4
-2
1
-5
-3
-1
1
-1
2
-1
3
0
-4
3
5
7
-1
1
-1
-1
3
-2
-5
-2
4
-4
0
0
-2
-1
-3
1
-3
6
0
3
-1
1
9
3
7
6
0
-3
3
2
3
1
0
2
3
3
3
5
2
5
5
7
1
5
4
3
3
-6
-2
3
-4
-5
-5
-1
-2
1
2
-1
0
-4
1
1
2
-4
0
4
-3
4
1
-2
0
1
0
-1
1
2
4
-4
3
1
-1
-3
3
-4
-3
5
0
2
1
3
-4
3
-4
-1
-5
0
4
1
2
-2
4
0
4
3
5
6
5
7
4
11
5
6
2
6
3
0
5
-3
9
5
2
6
7
4
1
7
2
0
1
3
4
6
6
6
7
7
5
4
4
2
9
4
0
11
13
11
7
12
10
5
6
4
10
5
5
8
8
7
6
7
0
4
3
3
3
-2
0
1
-1
0
1
1
-2
0
4
-1
2
2
4
5
0
5
4
8
5
3
6
6
12
7
5
3
4
7
-2
2
1
4
2
0
9
4
8
7
4
3
5
2
6
0
-1
2
2
7
6
4
3
3
-3
6
5
-2
4
4
3
0
0
1
5
7
3
-3
0
5
6
4
1
7
5
6
5
1
5
3
7
7
9
7
7
10
7
11
10
6
5
4
2
5
5
3
0
0
3
1
6
5
9
5
3
4
-1
6
3
8
10
10
0
1
11
4
3
1
2
3
-5
4
0
0
-4
4
2
3
-1
3
7
6
5
-1
3
1
5
1
4
0
1
3
3
3
-2
0
-4
-1
2
2
3
-8
0
-6
5
7
3
0
-4
4
-3
0
2
7
4
-3
2
8
-2
-4
1
2
5
5
1
2
-4
1
3
3
-2
-4
-3
-2
-2
-9
2
-6
-1
-1
2
6
1
2
-3
6
-2
3
2
1
2
0
0
3
9
3
2
1
0
-1
-7
-3
2
-3
-3
4
4
-5
-2
1
-3
-5
-3
-4
1
-3
-2
1
4
1
-4
-6
-6
-2
-4
-2
-2
-7
-1
-2
-3
1
-2
-1
-4
-4
-7
-7
-8
-8
-6
-9
-1
-11
-9
-4
0
-1
-3
-1
-3
-5
-5
-9
-4
0
-3
-9
-4
-6
-8
-11
-8
-1
-9
-10
-4
0
-6
-3
-4
-7
-6
-6
-10
-4
-9
-8
-4
-7
-7
-8
-6
-7
-3
-8
-4
1
-6
-7
-2
-3
-7
-8
-9
-4
-8
-8
-4
-8
-6
-8
-8
-8
-7
-4
-2
-7
-4
-3
-5
-5
-9
-5
-4
-8
-6
-5
-4
-4
-2
-2
-3
-3
-6
-5
-4
-9
-6
-8
-7
-4
-11
-10
-7
-6
-3
-14
-6
0
-2
-2
-6
-5
-7
-6
-2
-1
-7
-6
-1
3
-3
-6
-2
1
-2
-4
-8
1
2
4
3
-3
0
1
-6
-8
-1
-2
-1
-2
0
-3
-4
1
-1
1
3
1
1
3
1
2
1
-1
4
-4
-1
5
-1
6
2
-1
0
3
-3
-4
0
-1
-1
-1
-4
-4
-4
-5
-6
-6
-1
-5
-5
-1
-8
-8
-7
0
-1
-3
-1
-4
-9
-7
-2
-5
-1
0
-4
-3
-5
-2
-4
-11
-5
-8
-8
-6
-4
-6
-5
-5
-8
-10
-12
-7
-11
-12
-10
-12
-9
-13
-12
-12
-12
-7
-9
-6
-3
-7
-7
-7
-7
-3
-5
-2
-5
-5
-3
-4
-3
-3
-4
-2
3
-5
-6
-7
-4
-3
-3
-8
-4
-6
-5
-7
-1
0
-7
-2
-7
1
5
-2
0
5
3
1
2
4
2
2
3
4
4
4
0
-1
3
0
-4
3
1
1
1
2
-1
-6
0
-1
-7
-3
1
-1
-5
-2
-6
-9
3
-2
-2
-1
-5
-4
-4
-1
2
-1
-2
-1
-3
-1
-7
-3
-4
-5
-3
-7
-10
-7
-5
-3
-6
-9
-6
-8
-5
-3
-9
-5
0
-6
-3
-2
-4
-4
-8
-6
-6
-7
-4
-4
-8
-7
-6
-5
-14
-5
0
-6
-8
-9
-5
-7
-7
-6
-5
-6
-7
-8
-5
-5
-3
-6
-5
-11
-9
-5
-5
-5
-5
-1
-2
-3
-4
-4
-4
0
-1
-6
-6
-2
-3
0
-6
-6
-2
-7
2
0
3
-2
-2
-3
-7
-6
-7
-4
-3
-2
-9
1
-3
-4
-4
2
5
4
3
-3
1
-5
0
0
-1
1
2
1
0
-3
-3
-6
0
1
0
0
-1
-4
-7
-2
-1
-2
0
-1
-5
-5
-6
-3
-6
-7
-9
-5
-3
-8
-5
-8
-5
-11
-9
-3
-3
-5
-7
-4
-6
-6
0
-5
-4
-12
-9
1
-2
-7
0
1
-4
-2
-3
-4
-6
0
-6
-7
-7
-3
-4
-3
-2
-7
0
-4
-5
-3
-1
-5
-8
-7
-9
-5
-5
-10
-4
-5
-7
-6
-2
-2
-4
6
-1
-3
3
1
-1
1
5
2
-2
-3
-2
1
0
1
1
-5
-2
-7
-2
-6
-9
-6
-6
4
-3
3
2
-4
-2
-3
0
-6
-3
-2
0
-3
-5
-8
-4
-5
-4
-5
-3
-1
-7
-3
-9
0
-4
0
-3
-3
0
-5
-6
-10
-1
-3
-3
-8
-2
-4
-6
-4
-1
-4
-4
-6
-9
-4
-4
-3
-6
-2
-3
1
-6
-6
-1
1
-1
4
0
4
6
5
5
0
5
3
4
4
4
-2
3
1
1
0
0
0
-1
0
-1
6
5
1
2
1
2
5
5
0
3
5
8
4
6
9
2
5
3
4
5
3
9
3
12
4
0
10
2
2
8
10
4
5
8
9
6
6
8
7
10
11
11
11
9
9
13
6
11
10
12
15
8
10
13
16
13
12
13
4
6
7
7
15
10
11
12
13
10
10
9
11
13
7
13
14
12
16
7
7
5
6
7
5
4
6
3
6
8
4
3
5
5
2
0
-2
3
2
4
3
6
6
11
12
3
2
6
3
4
3
6
6
6
9
6
4
4
6
4
7
6
7
7
8
4
7
8
3
9
3
-1
2
3
8
4
3
3
-2
0
1
4
0
-3
4
2
2
4
4
3
2
7
1
-1
-3
-3
-4
-3
1
1
1
2
3
2
1
-3
4
2
4
3
1
-2
0
-2
-7
1
4
4
-1
5
1
2
5
5
1
2
2
-4
-3
-2
-4
-3
1
-1
-2
-1
-1
5
-2
5
4
1
0
4
6
0
5
0
2
1
7
1
2
-1
2
7
-1
6
4
7
8
12
5
2
3
-3
5
3
3
4
3
-1
3
3
-3
1
1
3
0
-1
1
-1
3
-2
0
0
6
4
5
7
1
2
3
3
-1
2
-1
4
0
4
7
-2
3
-2
3
3
9
-2
1
-1
-4
3
5
3
2
7
-3
6
6
2
6
3
3
8
3
2
1
1
-1
8
6
1
4
10
12
9
11
5
10
6
2
8
11
12
6
6
3
3
6
5
5
7
7
5
3
3
4
1
4
1
1
7
1
0
-3
5
5
12
8
6
8
2
8
12
7
9
10
7
15
7
8
7
3
9
2
7
7
8
3
4
2
4
11
6
12
5
6
12
6
7
4
7
6
4
6
6
1
12
14
11
15
9
10
11
12
11
15
17
12
18
2
9
11
17
20
10
12
9
13
6
8
11
8
6
12
11
9
6
8
15
9
6
7
7
4
1
4
3
4
4
2
7
6
5
4
8
6
6
7
8
4
4
5
5
5
3
6
5
5
9
5
4
8
-2
6
3
2
4
3
13
8
7
9
14
13
10
11
8
11
6
10
9
6
8
9
8
9
8
10
13
12
13
12
11
10
7
9
11
12
8
6
10
13
12
12
11
1
11
7
4
3
5
12
7
3
7
6
9
8
6
7
4
1
10
5
6
6
4
9
5
4
3
5
2
2
0
1
1
-2
-2
1
4
1
-1
3
2
1
4
-2
2
3
2
7
7
8
7
7
2
-1
6
5
1
5
-3
6
5
1
2
1
3
-1
0
4
3
-1
1
2
4
-2
-2
-4
0
2
-2
0
0
2
1
0
-1
0
2
4
-2
-2
2
-1
4
3
5
3
6
4
6
3
2
2
4
2
5
6
5
2
-1
4
4
7
1
0
4
2
3
11
4
8
4
4
1
1
11
6
9
9
9
6
6
8
6
4
3
5
6
6
5
4
4
6
7
4
7
9
3
7
4
4
8
8
8
5
6
6
2
6
9
10
2
7
4
1
5
-1
6
8
9
4
4
10
13
6
9
11
8
9
11
5
7
11
5
7
9
9
4
4
8
8
3
4
12
11
13
9
10
9
9
13
14
10
10
11
5
8
5
7
4
8
8
9
7
7
8
10
12
4
11
11
8
4
7
13
9
3
4
9
6
6
5
5
5
2
6
3
5
7
3
6
9
9
10
4
6
10
6
11
11
13
11
2
8
3
4
11
7
6
7
10
7
7
8
3
4
3
6
4
4
5
7
7
10
10
7
4
0
6
4
0
8
4
4
4
1
0
0
0
7
-1
-1
-2
1
1
-6
0
-2
-1
-4
5
2
5
7
4
4
0
0
4
3
2
3
3
9
6
4
9
8
5
13
7
4
3
9
6
6
8
6
4
7
8
2
6
2
3
2
6
3
4
3
5
8
6
3
-3
3
3
6
6
6
5
3
1
8
10
9
11
7
13
6
7
12
7
9
8
9
7
0
7
7
9
10
7
-1
3
5
4
3
-1
4
3
1
3
2
-1
6
3
6
2
3
2
2
4
1
3
-1
2
3
4
3
5
3
4
4
7
5
6
6
4
6
5
3
9
3
6
5
5
8
2
8
6
6
4
1
0
0
4
7
7
7
5
3
7
5
4
5
7
4
9
7
3
6
2
11
3
8
9
0
7
4
8
6
5
1
2
3
4
4
2
5
6
7
4
1
2
3
-1
0
2
2
2
4
9
5
6
-2
-4
2
2
4
-3
2
5
0
2
-6
1
-1
-1
0
0
2
-6
-1
-3
0
-4
-1
-4
-3
2
-7
-4
0
-2
-3
-5
-12
-1
1
-6
0
5
4
5
1
-2
-2
-3
-5
-3
-3
1
-2
-2
-4
-5
-9
-1
-5
-7
-4
-7
-2
-4
1
-3
-7
-2
0
-5
-5
-2
0
-8
-3
-9
-9
-6
-8
-11
-7
-7
-14
-6
-6
-10
-7
-8
-8
-10
-8
-6
-9
-11
-10
-9
-11
-13
-4
-9
-13
-11
-10
-12
-13
-10
-16
-14
-14
-9
-13
-14
-8
-10
-9
-10
-9
-12
-8
-8
-4
-3
-8
-4
3
2
-7
-6
-2
-3
-8
-7
-1
-6
-5
0
-5
-5
-11
-3
-7
-4
-4
-4
-9
-9
-4
-10
-7
-12
-8
-10
-6
-6
-9
-7
-11
-4
-10
-10
-6
-6
-8
-8
-5
1
-2
-9
-5
-5
-6
-6
-9
-8
-8
-6
-2
-9
-7
-13
-11
-8
-7
-7
-6
-8
-5
-1
-11
-8
-5
-3
-4
-2
-3
3
2
-6
-7
-2
2
-2
-3
-1
4
3
2
0
6
-3
2
0
5
4
5
5
1
1
-4
3
1
-2
2
4
2
1
-2
-2
1
3
3
-2
5
5
3
9
6
11
8
8
11
9
10
7
5
7
2
2
7
5
5
2
0
4
3
3
0
5
3
2
3
5
12
3
6
7
8
-1
1
6
4
4
1
-2
0
0
2
2
3
4
1
0
3
0
2
0
6
0
5
4
0
1
2
4
3
5
3
-1
-2
5
0
2
1
2
5
2
2
5
4
4
3
4
0
3
5
4
11
5
-1
5
5
6
5
15
9
7
6
4
8
0
-3
-1
3
2
0
1
4
2
4
4
5
0
5
5
1
2
5
6
6
7
4
6
5
6
6
6
3
5
6
2
7
10
7
0
8
3
2
0
6
8
1
6
2
6
7
4
3
7
7
3
4
4
6
7
10
9
10
9
5
5
6
4
5
9
10
4
10
10
5
7
6
7
5
5
4
0
3
7
6
3
5
11
10
7
6
9
6
-1
1
-5
1
5
-2
4
4
3
5
9
2
1
9
6
6
-1
4
9
5
6
7
6
9
10
13
9
8
8
5
1
2
1
1
4
-1
-3
3
8
4
0
1
2
5
1
3
7
3
7
8
8
5
1
8
3
7
8
13
9
9
3
3
16
5
6
6
2
10
12
9
5
5
10
12
3
13
10
11
15
9
8
4
13
10
10
7
3
6
0
6
6
3
6
3
8
4
3
4
6
2
5
7
8
9
1
8
3
5
8
8
3
4
9
11
3
-1
0
3
4
3
10
8
5
-1
5
10
5
5
6
8
7
4
1
-1
2
3
-1
1
-2
4
4
-1
-1
3
1
-2
4
5
3
-3
-1
3
1
-2
-3
-1
0
-2
-3
-2
-5
-3
3
4
-3
2
1
2
0
-3
-2
-10
-1
0
-2
-2
-4
-2
-6
-8
2
-5
-4
4
-1
0
-7
-3
-2
-8
3
-3
-2
0
-4
1
0
0
-1
0
0
-1
0
-2
3
2
3
7
4
4
8
6
2
4
6
1
1
2
-1
2
2
-4
1
0
-2
-4
-2
-2
-5
0
3
0
0
-2
-4
-5
-6
-3
2
5
0
4
1
0
5
4
3
3
2
3
0
2
4
-1
5
5
6
3
7
6
4
-2
-1
3
-3
-1
-1
-2
-1
-2
-6
-1
-6
-7
-2
-1
0
-2
-2
-8
2
3
1
1
0
-1
0
0
3
-3
-5
3
-2
0
1
4
2
-1
2
0
-7
-1
-2
-5
3
4
0
1
3
2
3
1
3
7
4
3
5
2
0
1
0
2
6
2
1
0
5
1
3
5
1
5
0
5
2
2
1
1
0
0
-1
1
1
1
2
-5
-1
4
2
1
5
3
8
3
1
7
2
3
0
-2
-3
-5
5
2
0
2
1
4
0
2
6
2
2
2
-2
3
6
5
3
4
5
2
3
5
2
2
-2
3
4
2
3
7
3
-3
6
2
4
-1
2
8
1
6
2
7
6
0
2
-5
0
-2
1
6
2
3
-3
2
0
1
7
7
3
0
4
2
-1
0
-2
2
7
3
0
2
2
0
-3
-1
2
-2
-5
0
2
4
2
2
0
1
2
5
1
-1
0
3
0
-2
0
-2
0
2
-3
2
-1
-1
2
-2
2
3
5
5
3
-2
-3
-3
-3
1
1
1
3
4
2
2
8
7
2
5
2
1
7
8
7
7
5
8
-1
1
11
1
-1
0
7
3
6
7
4
6
2
5
10
9
6
1
6
0
6
8
7
10
-1
5
-1
-3
-1
0
-2
-2
1
-2
-3
-7
-5
-2
-3
-4
-5
-2
-2
-8
-1
-2
-5
-2
-7
-3
-2
-2
-4
-6
-4
-5
-11
-7
-9
-10
-2
-5
-4
-4
-6
-10
-4
-1
-5
-7
-8
-6
-6
-3
-4
-7
-3
-6
-5
-5
-5
-5
-4
-11
-10
-10
-8
-7
-10
-4
-3
-4
-6
-1
-6
-8
-2
-8
-1
-5
-2
0
0
-1
-7
1
0
1
-6
-4
-8
-3
-3
-7
0
2
-2
-9
-1
1
2
-1
-4
0
-2
2
3
2
-2
0
1
-3
0
1
-4
-5
-5
-11
-4
-5
-3
-1
-5
-1
-3
-3
-2
0
-1
-4
-1
-4
-1
-3
-5
-5
-7
-5
-4
-2
-1
-2
-1
1
-1
-4
-4
-7
-12
-10
-12
-6
-10
-11
-4
-9
-14
-10
-12
-17
-11
-8
-8
-5
-9
-2
-3
-5
-6
-6
-2
-8
-8
-7
-9
-7
-6
-12
-8
-7
-12
-4
-7
-6
-1
-8
-5
-6
-9
-4
0
-1
-7
-2
1
-7
-5
-5
-5
-2
-9
-6
-5
-11
-5
-9
-3
-6
-7
-7
-8
-7
-10
-10
-11
-10
-11
-8
-7
-6
-5
0
-5
-10
-9
-8
-7
-9
-13
-12
-6
-13
-13
-10
-14
-13
-7
-10
-8
-9
-12
-12
-13
-12
-15
-9
-9
-13
-10
-9
-14
-11
-9
-12
-10
-12
-6
-6
-7
-10
-9
-9
-11
-13
-7
-12
-10
-11
-10
-10
-12
-15
-15
-11
-14
-12
-12
-11
-13
-9
-10
-10
-12
-13
-11
-5
-10
-13
-8
-8
-10
-9
-11
-10
-20
-17
-16
-16
-11
-11
-12
-14
-16
-16
-10
-14
-12
-13
-12
-11
-12
-12
-10
-8
-8
-10
-7
-6
-9
-6
-7
-7
-9
-10
-7
-8
-11
-4
-6
-7
-5
-9
-4
-8
-10
-8
-11
-9
-8
-8
-3
-9
-1
-3
-9
-12
-8
-1
-11
-3
-3
-7
-6
-6
-9
-8
-9
-7
-1
-4
-5
-8
-12
-9
-4
-6
-9
-2
-5
-1
-1
0
0
-5
-2
-4
-2
-5
-6
-5
0
-2
1
-7
-3
1
1
1
-2
1
0
2
-5
-6
-7
-3
2
2
2
4
-1
2
3
-3
3
2
-3
-3
-1
-2
-2
0
2
-1
8
5
0
1
1
1
4
4
-3
2
3
-4
-2
-4
-4
-3
-6
3
1
-6
-3
-3
-3
-1
0
-4
-3
-1
-3
2
1
-5
-8
-6
-4
-2
-3
1
-3
0
0
0
4
-2
-6
4
3
-3
-3
-5
-8
-5
-5
-7
-4
-4
-2
-4
-3
0
-5
-6
-4
-1
-3
0
2
3
5
-2
-2
-2
1
2
-1
1
0
-4
-3
-5
-1
-2
-1
-5
-1
2
-1
5
2
-4
-8
-1
0
-3
-4
-7
-4
1
-4
0
2
-2
-3
-2
1
1
0
0
-3
-5
-4
-2
-7
-1
-1
-4
-1
-1
-2
-1
-1
-5
-2
-7
-5
-12
0
-8
-12
-5
-9
-9
-4
-4
-11
-10
-11
-13
-12
-8
-8
-4
-3
-5
-7
-10
-2
-5
-7
-6
-8
-9
-6
1
-4
1
-3
-3
-2
-3
0
-3
-5
-5
-5
-4
-1
-1
-2
6
4
0
4
1
-3
0
-1
2
-3
-5
-3
3
1
-6
0
4
-1
-3
-1
2
1
1
2
-3
2
1
1
-3
-4
0
-3
0
-3
-2
3
0
-1
3
4
2
4
8
1
1
8
4
4
-1
2
5
3
5
4
1
5
1
4
5
0
2
2
5
-5
-2
-2
-1
1
4
5
2
0
0
2
0
2
1
-4
3
4
4
8
0
1
4
3
4
-1
4
-1
5
8
2
-2
-3
-2
-4
2
5
4
3
1
-1
2
-3
0
0
-4
0
-6
-1
-3
-3
4
-5
-5
-5
-7
-4
-6
-9
-10
-6
-7
-3
-6
-5
-7
-3
5
-3
-8
-1
3
-4
-4
2
3
1
0
1
0
2
0
1
0
1
-5
-4
1
-1
-2
-3
0
-1
0
0
6
7
5
3
-2
2
-1
0
5
3
0
4
6
-1
6
7
1
4
8
2
5
9
10
10
7
4
8
12
3
13
14
9
7
2
11
9
6
7
7
9
9
8
3
4
3
-4
4
7
4
2
1
4
-1
-2
0
7
3
1
2
1
2
-5
-2
2
0
-1
2
0
7
5
4
4
6
7
11
8
5
10
2
6
10
3
1
1
3
5
9
5
8
5
7
5
-1
7
9
8
8
5
5
11
11
9
3
4
0
-3
4
2
-1
6
4
1
3
5
-1
6
2
0
5
6
0
0
1
2
1
-2
-1
4
-1
2
6
1
4
1
2
5
3
2
2
4
2
1
-1
0
4
7
5
7
7
0
2
0
2
0
2
1
2
9
10
4
2
2
4
3
2
-1
-3
3
2
2
3
0
0
2
2
-2
1
7
0
1
7
6
0
-1
5
9
8
2
-1
1
2
-3
-1
2
0
3
-2
-1
3
-2
3
0
1
-4
-1
3
1
1
3
-2
3
1
-4
1
4
6
2
-5
-11
-3
-4
-5
-1
-5
-5
-1
-2
-8
-6
-1
-6
-6
-9
-7
-4
-8
0
-8
-8
-10
-6
-5
-8
-8
-6
-11
-14
-14
-12
-11
-16
-18
-13
-15
-11
-10
-16
-10
-13
-13
-15
-13
-9
-9
-11
-15
-9
-13
-11
-19
-17
-16
-13
-10
-12
-11
-13
-15
-12
-7
-12
-10
-11
-11
-12
-13
-7
-7
-1
-4
-11
-7
-6
-8
-11
-9
-7
-11
-8
-3
-7
-6
-8
-9
-4
-7
-6
-10
-7
-2
-6
-6
-7
-4
-8
-8
-7
-11
-5
-6
-9
-8
-10
-1
-3
-6
-7
-7
-6
-5
-7
-8
-8
-5
-6
-9
-9
-5
-8
-5
2
-7
-4
0
-2
-1
-1
2
-1
-6
-6
-2
2
0
-1
0
-3
-1
1
-3
-4
1
2
-3
1
4
3
2
0
3
-3
-4
-2
5
5
2
-3
1
1
-5
1
-1
1
-4
-3
-1
3
3
-6
-4
-5
-3
-2
-7
-4
-4
-1
-4
1
-2
0
4
-2
-1
-4
2
5
1
-1
-3
-6
-5
-2
-6
-3
-3
-9
-6
-3
-6
-7
-5
-5
-1
-2
-2
1
-8
-7
-5
-5
-6
-14
-6
-9
-5
2
-8
-7
-8
-7
-9
-12
-12
-12
-4
-5
0
-9
-3
-9
-10
-8
-9
-9
-11
-1
-4
0
-4
-2
-6
-4
-4
-1
-6
0
0
-6
0
-4
-7
-5
-4
-4
-3
-7
-5
-4
-2
0
-6
-7
-3
-7
1
-4
2
-1
-9
-1
-2
1
-1
1
-4
-1
-1
-2
3
2
0
3
3
-5
-3
3
1
-3
-1
-2
2
2
0
-2
-5
-4
-5
1
2
0
2
1
4
3
1
1
1
5
4
-5
-5
2
0
-2
2
7
3
4
1
4
2
2
4
1
-1
4
3
3
0
-1
1
-1
-1
-2
2
0
0
-5
-7
-1
3
-4
-5
-7
-6
-1
-4
-2
-6
-3
-1
-7
-4
-2
-3
-3
-7
-2
-4
-8
-6
-8
-3
-6
-11
-4
-9
-7
-4
-8
-1
7
2
-4
-2
-8
-2
-1
-2
0
4
-3
-1
3
-2
0
-6
-1
-8
-4
0
0
0
-1
-2
-2
6
-2
-2
0
-1
5
4
5
0
-1
0
-2
-1
3
3
8
6
2
5
3
0
3
-3
5
0
-4
1
-3
-1
2
-1
2
-1
0
4
3
0
0
-4
0
-6
-6
-1
0
0
-2
-1
-6
0
1
-4
-2
1
-3
-2
0
-3
0
-1
-2
-3
2
4
-2
3
3
3
4
7
0
8
5
3
3
2
5
5
5
3
-2
-1
9
3
7
3
3
5
2
8
6
6
8
6
8
7
5
3
1
2
1
-1
-3
2
-2
-2
-1
2
0
0
0
-4
6
-1
-2
-1
2
2
-1
-3
-1
-2
-1
-1
-1
-2
-6
-3
1
6
-1
-1
6
7
5
3
0
1
2
1
1
4
1
0
0
5
5
2
9
11
8
8
8
3
7
10
11
9
8
7
5
4
7
5
7
6
10
9
3
6
2
0
7
9
6
10
6
8
9
7
1
7
3
4
8
-1
1
4
5
-3
2
1
6
8
7
12
9
13
9
10
7
4
4
3
5
7
4
4
2
2
2
3
8
5
0
3
3
2
0
2
5
-2
-2
4
3
7
1
2
0
3
2
0
6
4
4
4
5
4
3
0
3
4
0
6
3
6
6
4
5
6
1
3
4
3
-1
5
1
-5
4
4
6
6
-1
0
3
-1
0
4
6
5
4
8
6
5
4
6
5
6
4
3
6
7
4
2
6
5
7
7
10
11
8
11
13
6
7
7
1
8
8
2
6
7
5
1
0
5
7
5
6
5
1
3
8
3
2
4
9
8
6
5
9
11
3
0
4
5
6
6
9
9
4
1
0
7
5
0
0
1
-1
7
5
2
1
5
4
-2
-1
-2
3
6
-2
0
7
6
9
7
6
5
5
1
3
4
2
7
8
11
8
2
3
5
1
6
6
7
5
6
0
2
4
5
8
7
3
9
11
10
5
4
14
5
6
5
5
7
8
10
10
11
13
11
8
8
9
10
12
5
10
13
16
12
13
12
13
14
8
11
13
6
12
10
9
10
11
11
12
16
8
13
13
7
11
6
13
14
5
11
12
12
10
10
11
7
15
6
8
12
7
10
6
4
7
12
10
8
9
9
12
6
3
7
3
3
7
1
7
4
2
4
2
-4
-3
-4
-2
3
-1
6
-2
-5
2
-1
0
0
-4
-1
2
4
3
-2
2
5
4
1
0
5
2
3
7
5
4
0
0
1
-1
0
1
-3
4
-5
-2
1
-5
-4
-4
-2
-3
-2
0
6
2
-3
-5
-4
3
-2
0
0
-1
0
-2
1
-2
1
-2
1
3
1
4
4
3
0
0
4
4
3
0
-3
3
2
-4
5
3
2
3
4
0
0
3
0
2
0
1
1
6
3
6
0
0
-6
-1
3
-2
2
-7
-4
-4
2
2
2
2
2
3
-6
3
4
-1
5
2
3
7
3
0
-2
4
0
3
1
0
1
-1
-1
1
3
0
2
-2
0
-2
-3
0
5
-1
1
4
-5
-1
3
0
0
2
-2
-3
1
1
3
3
-1
3
2
1
1
-1
4
-2
-3
1
5
3
-2
5
-2
-2
4
-2
3
3
1
-1
-5
7
0
-2
0
2
-1
0
2
-1
-2
-4
3
-2
-1
1
-1
2
-2
-2
-6
-7
0
-2
-1
-1
0
0
-2
-3
-4
-4
-4
-6
-2
-4
0
2
0
-1
4
-1
4
1
-1
4
-4
-2
1
-3
3
5
-1
-4
-5
-2
-2
-4
4
0
-8
-7
-4
-4
-10
-6
-6
-7
-13
-10
-8
-13
-11
-12
-9
-10
-13
-12
-14
-11
-17
-14
-14
-15
-6
-11
-10
-9
-6
-13
-12
-8
-9
-7
-8
-13
-13
-15
-13
-9
-13
-15
-12
-11
-10
-8
-8
-12
-14
-13
-10
-15
-14
-11
-7
-14
-12
-11
-6
-8
-10
-11
-14
-13
-12
-7
-13
-9
-10
-12
-14
-9
-8
-12
-12
-11
-12
-9
-12
-15
-5
-8
-7
-5
-12
-9
-9
-3
-6
-10
-7
-8
-8
-10
-7
-13
-9
-6
-8
-8
-11
-14
-13
-14
-9
-8
-4
-8
-8
-7
-10
-12
-6
-10
-10
-9
-9
-8
-9
-9
-6
-9
-10
-12
-8
-9
-8
-5
-7
-11
-10
-8
-8
-7
-9
-8
-11
-11
-11
-8
-14
-11
-6
-11
-7
-4
-7
-5
-8
-7
-7
-7
-8
-10
-5
0
0
-4
-8
-9
-7
-8
-6
-7
-7
-9
-10
-7
-8
-6
-1
-8
-5
-5
-5
-5
-6
-10
-6
-6
-9
-10
-4
-4
-6
-6
-10
-3
-3
-5
-7
-2
-6
-2
0
0
-2
-1
0
0
0
-2
0
-2
3
1
1
3
3
0
-2
-4
0
3
1
-3
-1
3
1
0
2
1
3
1
2
5
3
7
8
4
1
10
7
6
7
7
3
8
7
6
-1
-6
-1
-7
-1
0
0
-1
0
2
3
2
4
1
0
4
6
1
5
3
-2
0
5
7
4
7
2
-3
10
5
1
-2
-1
5
4
4
3
4
3
0
2
2
3
2
-6
3
-1
-1
2
-4
-3
-1
-1
-1
5
0
0
2
3
-1
1
1
3
4
2
3
1
0
-6
-2
2
-1
-6
-4
1
-1
3
-1
-1
-7
-2
-3
-5
3
4
4
1
1
4
4
7
7
1
4
6
3
7
4
4
