-28
-44
13
41
-8
-43
-5
47
19
-39
-30
21
35
-17
-43
4
41
13
-40
-18
36
31
-24
-44
12
41
3
-38
-10
35
22
-34
-29
30
38
-6
-37
4
42
10
-27
-14
29
34
-17
-30
14
45
9
-29
-7
32
23
-23
-25
18
40
-2
-28
5
29
11
-26
-14
26
23
-8
-29
7
37
9
-22
-13
23
25
-10
-25
12
39
4
-30
-9
22
23
-12
-14
22
33
3
-25
3
29
17
-9
-5
26
33
-1
-19
15
36
18
-17
-13
26
29
-4
-22
2
23
5
-28
-17
27
25
-13
-21
7
31
1
-32
-18
25
23
-15
-21
9
32
-3
-33
-9
31
17
-24
-24
18
30
-5
-38
-6
34
8
-33
-24
32
39
-8
-35
12
41
10
-39
-23
32
28
-21
-37
17
44
-4
-47
-20
38
28
-32
-31
27
45
-6
-50
-1
52
20
-46
-33
35
40
-24
-48
10
48
7
-50
-19
40
36
-33
-43
24
44
-13
-54
-10
46
21
-47
-41
24
41
-24
-54
4
51
11
-53
-27
45
40
-31
-49
19
55
-2
-55
-10
52
32
-43
-42
35
45
-16
-55
-6
56
15
-50
-34
33
44
-24
-51
9
53
10
-52
-28
42
31
-36
-52
16
52
-5
-59
-16
43
20
-48
-45
33
51
-18
-59
-10
49
10
-55
-37
33
39
-28
-50
1
47
4
-52
-29
33
29
-36
-55
11
49
-6
-60
-25
38
31
-33
-48
16
49
-10
-54
-12
51
24
-44
-40
21
45
-18
-56
-4
54
22
-47
-36
32
48
-16
-56
3
53
12
-51
-33
44
44
-30
-55
14
62
8
-61
-19
57
42
-32
-52
31
65
-5
-61
-15
65
37
-51
-49
38
62
-13
-66
-1
66
21
-57
-42
48
54
-24
-67
3
67
7
-69
-29
57
46
-41
-64
22
67
0
-69
-20
66
39
-59
-62
36
63
-17
-72
0
73
26
-64
-44
48
57
-30
-69
16
74
14
-69
-26
65
52
-47
-66
32
77
-6
-75
-10
68
34
-59
-59
40
66
-24
-75
1
70
18
-70
-38
60
60
-38
-74
21
74
10
-70
-28
64
39
-55
-61
27
68
-15
-76
-16
59
30
-63
-57
31
56
-27
-74
-3
66
10
-71
-43
47
41
-52
-72
10
66
-5
-79
-32
56
39
-52
-66
22
59
-17
-71
-18
59
25
-65
-51
37
54
-31
-66
1
65
13
-65
-35
46
51
-40
-66
12
60
-1
-70
-33
47
32
-47
-58
24
59
-9
-68
-19
53
25
-58
-50
34
48
-21
-66
-3
62
21
-58
-44
44
55
-27
-58
4
66
7
-68
-33
53
49
-41
-56
24
70
3
-64
-22
54
39
-47
-53
33
67
-5
-63
-11
60
26
-58
-48
36
54
-25
-62
3
59
14
-65
-41
49
51
-38
-66
9
62
-1
-73
-36
49
37
-54
-63
23
62
-10
-74
-22
54
31
-61
-53
35
58
-23
-71
-9
61
14
-67
-38
45
54
-39
-76
11
68
6
-73
-33
56
48
-38
-61
23
58
-20
-80
-23
60
32
-53
-55
28
55
-25
-75
-5
62
18
-67
-51
37
40
-47
-75
3
58
-3
-75
-31
48
31
-52
-65
23
56
-12
-70
-14
60
24
-59
-53
36
50
-25
-72
-4
66
21
-57
-35
44
52
-32
-55
9
64
5
-63
-27
48
47
-43
-58
16
57
-7
-72
-21
59
32
-59
-56
29
54
-22
-76
-11
57
15
-60
-46
41
56
-30
-67
6
57
14
-59
-30
45
44
-34
-60
14
57
0
-65
-27
52
39
-47
-56
23
55
-13
-55
-12
52
30
-52
-53
28
47
-24
-69
-14
54
21
-54
-48
37
43
-32
-62
-5
55
11
-59
-34
46
40
-34
-53
13
53
1
-57
-23
51
37
-35
-56
18
57
-5
-55
-19
55
28
-42
-48
27
53
-16
-64
-13
56
19
-52
-44
32
48
-16
-57
4
57
14
-52
-35
38
43
-30
-56
10
54
7
-62
-28
46
44
-34
-51
21
62
5
-58
-11
48
29
-48
-46
31
52
-10
-56
-1
56
17
-55
-32
39
48
-24
-56
10
65
14
-49
-22
50
43
-42
-52
23
67
3
-55
-10
62
29
-49
-43
33
58
-15
-55
6
69
17
-48
-36
38
44
-26
-48
18
62
-3
-56
-24
46
22
-39
-44
27
57
-8
-54
-8
52
13
-52
-39
43
47
-24
-44
15
58
3
-57
-19
50
31
-38
-35
29
42
-15
-49
-3
37
11
-37
-21
43
31
-24
-37
9
34
-7
-43
-5
45
27
-23
-29
12
23
-13
-30
5
33
11
-28
-11
25
19
-15
-24
8
25
1
-21
2
22
5
-20
-11
13
8
-13
-15
7
19
-2
-16
-4
13
6
-11
-4
14
16
3
-5
7
11
-1
-14
3
10
1
-6
1
13
1
-6
-10
6
9
-2
1
11
20
3
-8
7
13
1
-10
5
15
10
-2
1
14
4
-12
-7
12
12
2
-5
3
13
0
-12
-9
7
11
-1
-3
16
13
-5
-24
-14
15
6
-12
-6
11
19
-6
-17
4
15
0
-23
-3
22
17
-13
-17
15
12
-15
-21
7
27
3
-15
-4
12
4
-20
-20
6
19
-2
-20
-4
15
3
-17
-15
8
15
-6
-21
-2
21
2
-24
-17
10
7
-25
-30
6
19
-9
-29
-13
15
6
-21
-16
8
16
-10
-24
-3
10
3
-21
-18
5
11
-11
-19
-4
12
5
-13
-15
2
13
-7
-21
-5
17
10
-15
-12
16
14
-10
-11
15
25
-4
-22
-2
22
9
-16
-18
14
20
3
-17
-2
28
17
-8
-13
11
20
2
-25
-11
24
19
-20
-15
16
26
-6
-26
3
31
3
-32
-12
25
26
-15
-24
11
30
-8
-31
-10
26
24
-17
-18
9
22
-9
-32
-8
27
11
-23
-24
7
25
-13
-36
-2
31
1
-42
-18
23
21
-24
-33
9
36
0
-43
-13
20
12
-33
-31
15
23
-14
-32
5
30
8
-32
-18
21
22
-17
-29
7
31
3
-35
-15
25
19
-28
-32
5
25
-10
-39
-6
30
4
-32
-23
17
28
-11
-26
3
31
3
-27
-18
16
19
-14
-19
8
25
-1
-23
-14
14
18
-15
-15
10
27
2
-22
-3
21
15
-13
-12
11
24
-3
-22
-3
16
11
-15
-14
12
14
1
-3
-3
5
10
-8
-5
10
13
5
-3
-6
7
6
-11
-8
2
25
10
-6
-5
15
13
-9
-14
5
24
13
-2
-3
21
14
-7
-13
10
25
8
-11
-5
28
23
-7
-11
11
29
12
-17
3
34
27
-9
-13
27
32
-1
-22
15
41
23
-16
-11
30
33
-6
-22
14
41
14
-20
5
39
28
-15
-18
27
42
8
-16
13
45
16
-17
-12
33
35
-4
-17
19
45
13
-23
-6
34
25
-17
-18
29
34
-2
-22
7
35
8
-17
-2
37
31
-13
-17
19
28
-3
-26
4
35
9
-17
-7
25
26
-10
-17
18
27
2
-18
-3
22
11
-15
-13
14
20
-17
-22
5
16
1
-22
-3
18
11
-16
-7
22
16
-10
-18
11
18
-1
-19
-1
22
4
-14
-3
16
16
-13
-13
17
15
-7
-19
4
22
0
-22
-10
16
10
-17
-11
15
21
-2
-18
7
21
4
-21
-2
32
14
-17
-18
14
23
-12
-29
2
30
8
-25
-5
29
18
-26
-27
23
31
-9
-26
12
42
14
-32
-12
36
31
-22
-25
22
44
0
-41
-4
39
24
-26
-22
30
42
-7
-35
11
45
5
-34
-12
44
40
-21
-27
25
44
-1
-40
6
48
17
-36
-18
37
37
-19
-40
12
48
5
-36
-4
47
31
-32
-33
21
42
-5
-42
3
53
24
-36
-21
37
42
-17
-39
14
43
4
-44
-9
36
23
-25
-29
23
40
1
-38
-3
42
17
-24
-19
30
36
-12
-30
18
45
13
-22
-7
32
28
-12
-15
13
26
-2
-28
1
26
15
-21
-16
13
20
-3
-12
10
21
6
-11
-10
4
10
-8
-11
2
5
1
-7
-3
6
10
0
-12
-1
4
9
1
-4
-7
1
7
-7
-6
-5
13
7
-12
-12
2
15
-8
-19
0
19
8
-20
-17
12
14
-7
-27
-1
34
7
-28
-12
27
29
-23
-37
12
41
2
-46
-13
43
26
-38
-37
28
47
-14
-50
0
53
14
-51
-36
37
42
-36
-58
21
64
-4
-63
-26
72
44
-49
-52
37
67
-20
-76
-6
77
28
-67
-51
52
65
-46
-79
23
82
7
-84
-29
70
49
-70
-70
45
82
-26
-93
-4
91
31
-87
-52
67
71
-60
-94
26
100
1
-96
-35
88
57
-76
-76
48
97
-28
-104
-6
104
34
-86
-60
83
86
-55
-93
31
109
10
-96
-28
98
60
-75
-79
63
98
-23
-106
3
106
34
-85
-52
78
81
-47
-84
32
105
12
-94
-20
93
63
-71
-65
59
101
-25
-85
13
108
39
-77
-36
84
83
-41
-67
35
99
4
-73
-12
93
52
-49
-44
62
76
-22
-65
10
92
26
-64
-24
72
51
-41
-58
32
71
4
-59
-4
73
31
-52
-29
54
54
-22
-54
25
70
12
-46
-7
58
36
-36
-28
39
51
-13
-38
13
52
14
-36
0
38
29
-21
-19
27
41
-12
-27
6
38
8
-36
-7
31
21
-26
-18
20
26
-14
-29
2
33
-2
-31
-1
33
14
-30
-14
25
20
-23
-23
20
31
-16
-34
5
35
4
-31
-14
34
27
-26
-29
21
37
-10
-35
-2
43
9
-35
-16
32
29
-24
-35
25
47
-8
-47
-2
48
15
-45
-31
45
45
-17
-44
23
59
-1
-54
-13
50
32
-39
-38
33
46
-16
-52
3
54
15
-48
-21
40
38
-31
-38
22
56
-2
-55
-13
48
30
-42
-39
25
45
-23
-51
1
47
2
-52
-26
39
28
-34
-40
10
39
-7
-44
-16
27
8
-35
-39
12
21
-26
-39
-14
20
3
-39
-26
17
14
-11
-36
-5
21
-1
-29
-23
11
2
-31
-29
-2
12
-10
-26
-10
5
5
-13
-16
-2
2
-8
-17
-19
-3
1
-6
-18
-14
1
1
-11
-18
-1
7
0
-15
-11
5
5
-12
-22
-4
15
1
-23
-14
12
14
-12
-22
2
18
-2
-25
-15
21
17
-16
-28
1
27
-1
-32
-16
21
14
-24
-30
8
32
-1
-37
-6
33
11
-38
-26
17
28
-14
-43
-5
28
0
-39
-18
24
21
-31
-42
5
31
-6
-44
-13
30
17
-33
-36
14
30
-14
-41
-5
30
6
-39
-23
23
28
-23
-44
3
28
0
-38
-17
29
21
-20
-28
11
31
-5
-29
-2
31
20
-27
-19
19
31
-2
-27
3
32
5
-24
-10
31
24
-16
-23
6
28
-1
-24
-10
27
13
-17
-21
9
21
-1
-16
3
23
7
-20
-12
18
17
-16
-28
0
20
6
-20
-12
19
13
-9
-16
11
22
0
-14
-1
21
10
-12
-11
11
17
-4
-18
-7
16
7
-12
-8
13
13
0
-7
5
20
-2
-15
-9
11
12
-7
-14
3
18
0
-15
-3
15
10
-14
-9
15
17
-10
-21
2
19
12
-10
-4
20
16
-13
-15
9
17
-3
-17
3
18
6
-19
-12
12
12
-5
-14
12
20
3
-10
1
24
14
-11
-9
15
18
-1
-17
8
27
11
-13
3
26
15
-10
-3
17
18
-8
-18
11
18
0
-22
-4
24
12
-23
-12
24
23
-8
-20
9
30
5
-28
-3
32
15
-18
-20
18
28
-15
-28
5
33
-2
-31
-4
33
18
-33
-30
25
28
-19
-37
2
38
2
-35
-14
35
27
-32
-36
19
44
-6
-43
-3
45
15
-36
-25
39
43
-26
-42
12
46
2
-49
-14
41
24
-45
-38
27
45
-24
-60
3
50
7
-51
-25
38
36
-37
-42
24
50
-8
-52
-12
51
30
-41
-31
38
49
-23
-49
12
49
6
-48
-18
43
32
-32
-37
23
45
-13
-52
-5
41
15
-45
-33
28
30
-28
-46
3
31
-10
-50
-20
25
16
-33
-29
16
25
-10
-38
-2
27
2
-32
-20
17
16
-23
-30
7
23
-5
-26
-5
18
2
-25
-14
10
8
-17
-21
4
10
-9
-18
-7
5
-6
-16
-9
-1
-9
-13
-10
-3
-8
-15
-8
2
-2
-10
-6
4
4
-14
-12
5
8
-8
-14
-1
8
-5
-29
-13
14
4
-27
-24
6
19
-19
-35
5
23
0
-32
-18
17
17
-31
-30
6
31
-2
-43
0
35
13
-36
-27
27
26
-24
-40
7
40
-1
-46
-16
30
19
-35
-42
14
43
-13
-50
-8
44
16
-42
-30
35
39
-26
-46
9
51
6
-50
-19
45
34
-36
-43
22
50
-6
-50
0
52
25
-48
-33
32
42
-19
-47
4
43
11
-43
-21
34
30
-27
-44
17
45
-7
-47
-18
38
15
-39
-35
20
38
-10
-40
-8
41
6
-42
-22
25
26
-17
-32
3
31
0
-38
-18
22
16
-22
-35
1
21
-9
-37
-20
16
15
-22
-24
17
24
-5
-32
-3
21
10
-24
-16
14
17
-5
-27
2
26
5
-25
-14
18
19
-8
-22
4
24
3
-23
-10
17
15
-16
-22
9
21
1
-21
0
21
5
-19
-10
15
15
-7
-20
-1
23
13
-17
-7
19
14
-6
-17
7
20
-1
-18
-4
17
12
-8
-10
11
16
-6
-15
3
16
6
-8
-6
21
12
-15
-13
13
15
0
-14
4
28
11
-10
-9
12
17
2
-10
12
19
3
-10
-1
19
6
-9
-5
9
14
-2
-4
8
12
3
-5
7
17
9
-2
-5
14
18
3
3
13
14
8
-8
3
15
11
-2
1
15
6
6
-1
5
13
4
9
9
9
8
3
3
9
11
-1
4
12
4
-6
0
11
18
3
-10
3
12
2
-5
2
13
3
-11
-7
10
14
3
-3
11
23
15
1
8
20
17
-1
1
21
18
-2
-6
9
20
7
-16
-9
22
17
-8
-9
15
23
5
-16
-1
23
10
-12
-13
12
24
-1
-19
4
17
9
-10
-10
15
14
-10
-16
5
17
3
-15
1
23
10
-12
-9
17
18
-5
-9
4
29
9
-19
-2
22
24
-2
-16
13
29
13
-17
-5
23
15
-7
-16
10
20
-1
-13
3
14
6
-9
0
11
7
-13
-7
12
17
3
-15
-1
16
6
-18
-13
5
14
-6
-17
1
18
9
-10
-10
12
24
3
-12
-1
13
9
-4
-3
9
10
0
-10
1
7
4
-6
-2
11
6
-3
1
8
6
0
-1
8
8
8
-6
-5
12
9
0
-5
2
11
10
-7
-7
7
14
5
-7
-2
9
5
-6
-7
-2
2
4
-3
-6
5
2
3
-9
-12
5
-8
-1
-3
-3
5
-1
-1
-2
1
0
-5
-7
3
2
-3
-3
7
11
-1
-4
5
9
8
-9
-12
4
9
2
-4
-1
12
13
-9
-5
9
11
-4
-16
-3
10
5
-4
-5
5
8
-9
-14
-5
1
-5
-10
-4
7
4
-9
-5
4
7
-4
-7
1
14
0
-11
-9
13
15
-9
-11
2
15
2
-11
-1
10
13
-5
-11
3
12
3
-13
-4
11
8
-5
-2
9
11
-1
-5
15
10
0
-4
-5
7
4
-5
-4
12
19
3
-6
1
15
4
-5
0
16
12
0
-7
4
16
3
-2
2
12
15
3
-1
13
8
2
1
9
8
-1
0
2
3
4
-3
-5
7
-1
-6
-2
4
7
0
-6
-3
-1
1
-1
-2
7
5
3
-6
-1
5
4
-2
-2
2
0
2
0
1
5
3
1
6
7
-1
-6
3
2
0
-1
-4
-3
5
1
-5
-7
1
-2
-1
-4
-1
6
-2
-2
-5
-2
1
8
-4
-6
5
12
6
-5
4
9
8
5
-3
1
13
0
-3
2
11
11
5
2
15
12
4
-4
3
19
2
-1
6
21
19
2
-4
11
25
8
-10
6
28
14
-6
-5
20
20
-4
-11
6
24
13
-8
4
25
24
-2
-3
17
24
12
-3
12
26
12
-10
-2
27
23
-4
-13
13
30
4
-18
-4
27
16
-18
-16
26
33
2
-25
4
35
12
-19
-10
27
25
-7
-16
10
29
2
-22
-3
23
17
-15
-10
19
27
-4
-21
10
34
15
-16
-5
29
22
-18
-23
16
29
-2
-23
4
26
15
-21
-18
24
27
-8
-26
4
24
2
-17
0
22
16
-14
-14
21
33
-1
-15
9
34
10
-15
-4
24
24
-5
-17
15
26
1
-13
-5
25
20
-15
-10
17
21
-3
-20
3
27
8
-11
-5
11
15
-7
-17
12
18
3
-15
0
22
5
-12
-6
11
13
-7
-15
2
15
7
-9
-6
14
5
-8
-9
3
12
-1
-12
-5
4
3
-10
-16
2
3
-7
-13
-7
7
-4
-14
-5
2
1
-12
-13
0
1
-8
-11
-10
-2
-2
-7
-3
-6
5
-2
-12
-3
-7
-2
-2
-7
-7
-5
-7
-10
-11
-8
-2
-10
-1
-5
-3
3
-13
-8
-5
-4
-5
-3
-9
-1
-10
-8
-2
-10
0
-6
-7
-3
-11
0
-8
-7
2
-7
-5
-1
-2
1
-2
-6
-4
-2
-1
-1
0
1
0
0
-1
-2
3
0
-9
-5
0
-3
-4
-10
-5
-4
-9
-5
-7
-5
0
-5
0
-9
-10
1
-9
0
-5
-5
-5
-8
-6
-1
0
0
-3
-6
5
2
-8
-7
-2
-2
-3
-8
1
6
0
-5
-10
-2
0
-6
-6
-2
2
2
-9
-5
-4
-1
0
-4
4
-5
-5
-10
-7
1
-10
-10
-9
-3
-1
-3
-13
-9
-4
-3
-10
-15
-8
-10
-12
-10
-9
-8
-7
-14
-12
-6
-8
-17
-13
-2
-10
-17
-15
-9
-4
-4
-12
-5
2
-1
-5
-12
0
-1
-5
-11
-4
1
-7
-12
-9
4
-2
-10
-8
4
4
-9
-11
-2
3
0
-8
-5
6
2
-5
-7
5
7
-11
-13
-7
3
1
-11
-7
5
1
-18
-19
-5
2
-9
-16
-3
5
2
-14
-6
2
7
-3
-10
1
11
1
-9
2
12
10
-7
-4
13
9
-5
-13
-5
9
3
-11
-7
4
7
-9
-16
5
11
-8
-18
-10
8
2
-16
-15
-6
9
-12
-24
-4
9
-2
-15
-12
5
7
-15
-10
2
7
-9
-17
-5
8
-5
-18
-15
5
7
-19
-18
-7
4
-5
-17
-8
1
2
-11
-17
-4
2
-15
-25
-8
-2
-4
-23
-19
9
-2
-17
-13
-3
-2
-8
-10
-4
1
-9
-17
-13
-12
-5
-10
-15
-12
-5
-4
-11
-14
-6
1
-13
-10
-7
-5
-7
-7
-3
4
-5
-12
-2
3
-6
-8
-6
0
-3
-14
-10
-2
-3
-13
-14
-1
0
-5
-14
-11
6
-2
-6
-10
1
7
-13
-8
-3
4
-3
-17
-9
6
-5
-11
-7
4
2
-6
-14
4
14
-1
-14
-9
6
7
-6
-12
5
13
-1
-18
-3
5
0
-12
-17
4
9
-13
-15
5
8
0
-20
-11
2
7
-15
-21
1
5
-5
-16
-6
9
4
-19
-17
5
8
-10
-21
-1
10
-3
-17
-15
11
8
-17
-18
-2
6
-15
-20
-9
14
4
-16
-19
7
10
-10
-15
1
11
-2
-23
-15
12
4
-10
-17
1
9
-8
-27
-10
7
0
-20
-9
7
6
-4
-21
-5
8
-6
-18
-18
5
6
-20
-13
5
11
-8
-20
-4
2
-9
-21
-11
4
5
-16
-19
4
7
-8
-16
-8
0
1
-11
-12
1
2
-11
-24
-9
1
-6
-16
-14
5
8
-12
-12
-8
3
-5
-11
-7
-1
-2
-15
-11
-2
5
-5
-9
-4
1
-2
-16
-13
-6
-1
-8
-11
-4
2
-3
-16
-12
-1
-1
-11
-12
-6
-3
-4
-9
-15
-7
-2
-2
-10
-12
-5
-2
-7
-14
-15
-10
-10
-12
-12
-13
-12
-13
-19
-14
-8
-14
-16
-11
-2
-3
-6
-10
-2
5
-10
-17
-8
1
-6
-15
-19
-4
-1
-7
-19
-16
0
4
-13
-21
-11
3
-4
-18
-14
1
1
-12
-17
-8
-1
-12
-18
-9
-2
-3
-17
-16
3
1
-11
-19
-4
7
-5
-23
-11
6
3
-15
-19
2
9
-13
-28
-12
10
-3
-21
-24
-1
12
-6
-19
-13
-3
-6
-20
-15
-1
-9
-18
-26
-15
-5
-17
-26
-12
-1
-4
-27
-25
-4
-6
-18
-29
-16
5
-4
-29
-20
0
6
-8
-29
-6
10
-4
-25
-22
5
3
-13
-18
-1
10
-2
-18
-10
2
-6
-15
-11
2
8
-10
-15
-2
13
-3
-24
-10
6
4
-13
-16
0
12
-1
-23
-13
7
5
-16
-12
6
6
-2
-21
-14
0
0
-12
-11
1
8
-2
-16
-4
4
-10
-15
-5
13
-1
-12
-12
0
9
-12
-18
-1
10
-4
-14
-8
6
12
-9
-13
-1
8
-2
-11
-7
8
10
-4
-12
2
5
-7
-12
-9
10
4
-13
-13
3
1
-12
-16
-6
2
-6
-17
-2
1
8
-10
-19
2
5
-8
-18
-4
-2
4
-7
-18
4
6
-4
-12
-2
8
-2
-15
-10
5
3
-12
-14
0
4
-4
-6
2
8
3
-6
-7
1
6
-10
-13
0
6
-1
-7
-1
3
2
-12
-13
0
3
-11
-13
-8
6
1
-15
-11
-7
-5
-18
-16
-1
-2
-3
-5
-13
-1
-1
-12
-10
-3
1
-3
-16
-7
2
-8
-9
-10
2
1
-11
-11
-3
1
-6
-10
-10
0
1
-7
-3
1
-2
-2
-9
0
0
-1
-8
0
11
4
-8
-8
6
7
3
-14
-8
1
-5
-4
-9
0
3
-4
-11
-9
2
-5
-6
-2
-2
3
-11
-1
2
0
-8
-10
2
-3
-12
-14
-3
4
2
-9
-7
-1
3
-7
-14
-6
-3
-8
-20
-17
-9
-5
-14
-19
-7
2
-10
-14
-6
-8
-9
-12
-7
-3
-5
-17
-18
0
3
-9
-12
-9
0
-6
-17
-13
-3
2
-12
-21
-7
3
-10
-27
-10
3
-4
-20
-16
-5
0
-16
-27
-8
3
-8
-21
-12
2
-1
-21
-19
-4
6
-8
-21
-4
10
-4
-16
-16
7
7
-17
-21
-1
12
-10
-23
-12
8
0
-23
-22
0
2
-14
-24
-8
6
-7
-29
-18
-1
0
-18
-30
-6
5
-11
-33
-13
9
-6
-28
-21
1
5
-23
-33
-12
7
-11
-32
-16
5
-4
-27
-29
-5
7
-14
-35
-20
11
-2
-28
-27
-1
14
-17
-31
0
17
-3
-30
-22
8
6
-27
-33
-6
6
-12
-32
-16
9
-2
-26
-26
1
4
-25
-40
-10
12
-11
-36
-24
5
1
-31
-31
-3
4
-18
-35
-14
6
-11
-38
-30
-2
-4
-27
-37
-12
3
-18
-34
-13
2
-2
-21
-24
-2
2
-14
-32
-10
5
-12
-27
-21
-2
-3
-21
-25
-7
5
-12
-30
-14
1
-14
-26
-24
-3
-2
-24
-30
-19
-7
-14
-26
-13
-3
-8
-21
-13
-1
-10
-21
-21
-9
-2
-17
-23
-9
-4
-11
-21
-16
-8
-10
-20
-14
-11
-5
-20
-27
-13
-2
-12
-26
-15
-5
-10
-20
-14
-4
-8
-11
-17
-5
-3
-20
-23
-10
1
-14
-21
-13
3
-2
-21
-21
-4
4
-18
-25
-7
8
-7
-26
-16
9
3
-23
-24
-1
6
-15
-25
-6
11
-15
-32
-19
4
2
-29
-26
1
8
-14
-30
-11
13
-3
-28
-20
10
13
-21
-29
1
17
-7
-34
-11
18
4
-25
-26
9
16
-18
-30
1
24
-2
-33
-18
21
9
-28
-30
7
22
-12
-26
-5
26
3
-34
-20
16
13
-17
-34
7
24
-2
-28
-8
22
3
-27
-23
12
15
-11
-32
3
20
-2
-26
-16
21
13
-18
-23
13
20
-12
-26
-7
23
9
-22
-12
15
19
-13
-26
6
24
-6
-31
-7
19
10
-19
-16
16
21
-4
-18
8
23
9
-17
-11
22
18
-3
-13
7
20
2
-16
3
21
9
-15
-7
17
16
-4
-13
6
18
5
-15
-5
19
8
-12
-12
8
8
-10
-14
4
20
6
-12
-7
12
14
3
0
8
15
3
-6
1
9
7
-8
-5
6
8
-4
-11
2
4
2
-11
1
8
3
-7
-8
10
7
-3
-1
4
4
2
-7
-6
0
-2
-3
-4
-1
3
-3
-2
2
9
2
-2
5
5
-1
-1
-1
7
3
1
3
0
-1
1
9
4
3
1
-4
4
3
1
-1
1
9
7
2
3
7
10
3
5
13
7
4
3
6
15
8
-1
6
9
7
-3
0
10
8
-3
-6
4
9
-3
-8
-2
3
3
0
0
4
10
-2
-6
6
10
3
-4
1
7
9
-1
-8
1
5
2
-3
0
5
3
-4
-6
1
3
4
-3
1
8
6
-1
2
7
2
-1
2
6
7
8
6
1
2
4
-4
-3
8
9
7
2
-1
1
1
3
-2
3
3
9
8
-2
2
5
4
-2
-3
7
6
-4
-1
6
8
1
-10
1
8
6
-5
-7
5
5
1
-2
-3
7
4
-4
-8
6
11
-5
-12
-2
15
10
-7
-4
14
15
0
-3
7
21
1
-12
5
16
12
-10
-11
9
19
-8
-17
3
14
5
-17
-8
19
12
-9
-13
3
19
-4
-18
-1
25
10
-15
-18
12
27
-5
-20
10
26
5
-15
-3
27
22
-12
-17
18
24
-5
-19
1
27
11
-23
-4
26
21
-8
-16
18
26
-5
-18
-1
26
13
-15
-11
23
30
-6
-15
11
33
7
-27
-5
28
14
-18
-12
19
20
-5
-20
5
30
7
-18
-5
29
22
-11
-10
15
27
-6
-22
5
29
8
-24
-10
20
13
-11
-19
11
23
-7
-16
-1
20
9
-21
-12
17
18
-11
-16
14
21
-7
-21
1
28
15
-13
-8
16
17
-5
-17
13
26
4
-13
-2
25
12
-11
-5
13
25
2
-6
10
24
9
-12
-4
17
21
-9
-13
10
18
-1
-14
0
18
8
-12
-4
13
16
-5
-7
15
24
4
-8
0
21
13
-9
-8
10
19
-6
-10
6
15
3
-7
1
9
10
-2
1
11
11
1
-3
5
10
5
-2
1
11
9
-11
-4
6
10
-3
-7
7
7
8
-4
1
9
4
0
-3
8
5
0
-4
5
11
8
4
2
1
7
1
5
8
6
3
2
11
5
9
8
7
5
4
2
5
5
5
11
17
14
2
8
12
15
13
11
15
12
9
8
9
5
6
2
3
9
8
7
7
10
16
12
3
7
5
5
7
4
5
14
5
-1
8
7
4
3
10
11
8
-1
2
9
9
6
1
10
13
4
-2
7
15
12
-6
-7
11
8
3
0
6
11
0
-6
2
9
4
-1
0
11
11
0
-4
9
14
5
-1
5
15
14
-1
2
15
9
-1
-7
3
13
3
-4
1
17
10
-2
6
11
18
7
-3
8
9
1
-6
3
14
6
-5
-4
7
15
4
-3
9
16
7
-9
-3
15
20
-5
-3
17
15
5
-6
3
13
4
0
8
18
18
1
1
14
21
2
-5
11
19
12
-3
-1
17
14
1
4
17
17
10
0
10
23
9
0
3
17
24
9
1
10
17
6
3
12
26
11
-5
1
19
18
5
-1
10
18
7
-1
6
21
9
-4
4
16
16
1
-3
8
12
0
-6
4
14
8
-1
4
15
6
3
0
8
15
3
3
12
21
14
5
5
19
19
13
4
10
7
4
2
6
12
11
1
1
7
0
0
-3
6
8
4
1
-1
5
0
-6
7
10
3
-2
1
7
8
2
2
6
10
8
3
4
10
6
-3
6
9
8
2
1
8
11
4
-3
0
9
7
-2
2
12
7
1
1
7
9
3
-1
5
12
8
0
4
15
9
3
6
8
10
8
2
14
18
13
2
8
20
16
7
6
19
14
10
4
12
15
7
7
7
15
14
4
5
15
19
13
6
16
21
7
4
8
10
8
4
5
13
17
7
8
17
19
12
6
15
18
11
8
8
12
13
10
4
10
14
12
11
9
14
11
6
8
14
13
10
5
8
14
6
4
7
15
11
1
1
13
7
11
5
5
11
5
3
12
7
6
6
4
9
1
4
-4
0
1
0
1
5
12
0
-1
3
11
7
1
5
12
9
2
3
5
7
3
5
7
5
8
9
7
10
6
8
7
15
20
15
13
13
16
12
7
9
14
11
8
9
10
15
7
12
16
22
10
7
8
11
15
7
6
14
15
3
5
10
19
9
1
2
13
17
10
0
14
11
7
9
5
20
8
-3
1
13
17
4
8
15
17
12
10
12
21
10
2
5
9
16
0
1
12
10
8
3
5
11
5
3
4
12
11
6
-2
1
14
2
-7
-5
8
7
-4
-2
3
13
0
-3
9
15
9
3
7
16
12
0
0
8
14
3
-2
6
10
9
0
-2
10
2
-6
-6
-3
3
-4
-3
-7
5
2
-2
-2
3
6
0
2
-1
9
-2
-3
-7
7
7
-9
-3
3
6
1
-5
-3
8
2
-2
-2
2
2
-3
-2
2
4
4
-4
-5
1
-4
-3
-4
-5
1
-8
-4
-1
-3
-1
-6
-6
-5
0
1
-5
2
3
4
-1
1
1
0
-1
-3
-6
-4
-1
-6
-10
-2
0
-5
-7
-4
4
1
-4
-4
-2
-2
-8
-8
-7
-4
-12
-10
-9
-8
-2
-6
-9
-9
-1
-6
-10
-9
-5
-1
-6
-6
-9
-5
-3
-10
-5
-3
-7
-8
-7
-4
-1
-5
-5
-1
1
-1
-8
-11
-5
-5
-10
-9
-12
-5
-4
-14
-14
-4
-3
-8
-12
-13
-2
0
-15
-14
-6
-1
-7
-11
-8
-5
-6
-10
-11
-4
-6
-14
-14
-9
-5
-8
-16
-9
-3
-6
-11
-10
-4
-6
-7
-15
-10
-1
-6
-11
-13
1
3
-8
-11
-4
3
0
-4
-13
-2
3
-7
-14
-9
-3
-7
-12
-15
-9
-2
-8
-11
-6
-5
-9
-13
-13
0
-6
-12
-8
-6
-2
-7
-9
-4
2
-5
-13
-12
-1
4
-5
-8
-10
2
0
-8
-7
-4
-1
-8
-5
0
4
-1
-15
-7
3
1
-8
-8
-3
2
3
-8
-6
2
5
-7
-3
0
8
-1
-10
-4
1
6
-10
-16
-6
2
-1
-9
-12
-2
-3
-15
-15
-4
-2
-14
-13
-7
5
-5
-27
-15
10
12
-14
-18
0
1
-19
-22
-5
6
6
-10
-18
-9
11
1
-10
8
12
-4
-21
-14
13
12
-11
-19
-2
2
-26
-28
2
26
8
-24
-26
5
7
-7
4
6
-10
-23
-15
-11
2
9
-6
-25
-20
-6
-8
-2
-2
-1
11
-5
-41
-16
18
-2
-30
-6
14
-26
-38
-8
11
-2
-25
-26
-17
-11
-17
-14
10
12
-15
-36
-21
-4
8
13
-2
-22
-25
-9
-13
-32
-14
27
8
-41
-30
13
24
-2
-16
-5
12
5
-36
-7
40
27
-19
11
41
-13
-48
13
67
34
-24
-57
-29
13
18
-9
1
44
35
-24
-32
-7
16
6
-43
-64
-27
14
-2
-10
28
33
-21
-29
6
-7
-27
-9
2
-25
-36
-11
29
42
19
19
44
41
-14
-35
6
18
-10
1
28
-5
-38
42
132
62
-52
-21
69
18
-91
-42
71
28
-87
-79
16
24
-56
-60
18
39
-23
-1
86
55
-72
-110
-67
-20
46
71
43
8
-24
-47
-13
11
-27
-39
20
72
-113
-529
-565
-20
168
-309
-515
-335
-266
166
404
-970
-2108
-499
1134
-97
-1350
-700
-456
-514
586
563
-1077
-723
1070
686
-401
240
644
135
568
1139
603
535
1288
1248
807
1427
2773
2726
-113
-2761
-564
3764
3253
-887
-2400
-1379
-486
934
1580
-883
-3114
-1714
281
277
-205
-709
-1380
-833
236
11
-148
752
956
488
76
-1385
-1945
1314
3769
514
-3079
-1869
270
820
1468
274
-2957
-2502
1219
1314
-1232
-1154
-372
-1064
-511
317
-1224
-1642
686
780
-1640
-1497
319
310
59
450
-622
-1465
380
1836
610
-265
596
924
695
1463
2155
1951
2721
3776
1475
-2166
-691
4209
4356
-62
-2211
-1391
-485
1006
1805
-847
-3549
-2150
127
-36
-727
-1051
-1770
-1549
-398
-340
-603
274
614
-230
-438
85
439
1044
1313
201
-803
-255
565
575
260
-302
-947
-824
-192
-146
-594
-836
-860
-836
-764
-655
-420
-294
-776
-1314
-915
-105
-59
-483
-646
-699
-598
-78
243
-127
-386
-139
-71
-170
182
568
475
471
746
845
1005
1454
1613
1516
1874
2477
3031
3561
2751
212
-641
1942
3763
1775
-1013
-1672
-995
59
771
-418
-2640
-2931
-1421
-611
-928
-1442
-1970
-2001
-1160
-559
-625
-376
121
3
-274
-51
271
586
957
715
-99
-285
251
447
107
-345
-789
-933
-580
-326
-584
-916
-1035
-1059
-1000
-911
-882
-841
-896
-1113
-1044
-583
-293
-359
-448
-455
-342
90
556
587
335
414
898
1307
1476
1581
1681
1940
2520
3087
3528
3876
2994
532
-456
1939
4045
2444
-597
-1873
-1427
-173
855
-52
-2445
-3391
-2088
-794
-801
-1379
-1898
-2053
-1511
-674
-321
-292
-119
-29
-256
-320
167
786
890
425
-208
-509
-198
367
337
-457
-1082
-1053
-801
-603
-551
-921
-1395
-1384
-1256
-1317
-1078
-688
-978
-1537
-1395
-736
-309
-240
-260
-292
-239
77
634
1029
1142
1272
1440
1601
1957
2505
2988
3403
3962
4605
4297
2085
-51
1045
3892
3829
555
-2039
-2083
-557
859
219
-2458
-4139
-3152
-1433
-922
-1567
-2511
-2744
-1957
-1070
-629
-278
-82
-213
-252
-58
279
950
1411
829
-75
-161
304
642
615
-115
-1035
-1050
-513
-471
-708
-994
-1584
-1837
-1356
-1114
-1366
-1346
-1328
-1731
-1770
-1092
-574
-660
-876
-848
-555
-115
317
552
607
714
1054
1417
1755
2201
2491
2568
2942
3600
4234
5143
5389
3040
-127
396
3921
4823
1596
-1785
-2584
-1260
642
700
-2025
-4496
-3934
-1990
-1153
-1527
-2448
-3092
-2527
-1455
-1075
-690
187
266
-525
-533
416
1256
1651
1311
143
-529
160
1015
796
-161
-1024
-1332
-984
-543
-721
-1369
-1907
-2037
-1805
-1509
-1418
-1419
-1484
-1826
-1969
-1318
-493
-356
-689
-875
-609
144
825
877
732
979
1369
1686
2087
2415
2528
2830
3474
4013
4545
5580
5853
3399
188
725
4238
5104
1747
-1755
-2573
-1305
351
259
-2329
-4668
-4251
-2534
-1790
-2055
-2752
-3447
-3222
-1986
-1030
-679
-275
-169
-527
-281
730
1403
1424
1113
411
-97
427
1119
704
-406
-1129
-1289
-1140
-908
-1105
-1922
-2599
-2481
-1963
-1761
-1864
-1958
-2039
-2000
-1701
-1267
-795
-476
-528
-571
-76
576
885
1094
1330
1455
1763
2340
2773
2969
3303
3874
4392
4886
5852
6683
4999
971
-130
3878
6569
3030
-2168
-3378
-1424
616
610
-2414
-5680
-5255
-2444
-1333
-2408
-3625
-3877
-3031
-1750
-874
-282
141
152
-62
-509
-324
1853
3474
1112
-1741
-604
1466
1307
580
-813
-2905
-2245
175
-518
-2837
-2993
-2611
-2743
-2005
-1953
-3172
-2757
-1269
-1715
-2567
-1622
-473
-279
-287
-412
-255
892
1987
1911
1586
2026
2985
3784
4010
4120
4811
5680
6629
8150
7616
2651
-992
2964
8237
5452
-1761
-4453
-2202
580
1120
-2040
-6516
-6842
-3305
-1476
-2711
-4100
-4425
-3723
-2139
-950
-519
266
741
97
111
1581
2772
2857
1645
-537
-654
2076
2775
-201
-2292
-2043
-1580
-1071
-1185
-3106
-4342
-3240
-2553
-3216
-3187
-2500
-2529
-3224
-3504
-2242
-389
-247
-1236
-1314
-644
571
2050
1659
126
868
2795
2983
2829
3444
3245
3106
4611
5943
6274
7610
8657
5300
-132
252
6378
8312
2253
-3920
-4043
-638
1757
475
-4230
-7522
-5677
-2046
-1280
-2895
-4462
-4691
-3244
-1403
-590
-92
575
381
-208
486
2213
3190
2608
1198
174
70
684
1399
912
-1307
-3154
-2747
-1533
-1511
-2470
-3774
-4818
-4356
-2739
-2145
-2951
-3316
-2740
-2691
-3121
-1862
519
476
-1538
-1530
335
1467
2067
2028
565
409
2942
4364
3325
2844
3373
3812
5068
6702
7653
8636
7353
1698
-1213
4455
9594
4946
-2833
-4375
-1299
1279
1163
-2416
-6689
-6724
-3224
-1366
-2559
-4194
-4574
-3790
-2562
-1450
-275
506
-2
-703
69
1621
2607
2528
860
-802
296
2308
1475
-708
-1376
-1516
-1727
-1261
-1633
-3164
-3528
-3120
-3638
-3747
-2906
-2738
-2981
-2994
-3344
-2938
-1152
-369
-1254
-1650
-828
495
1591
1410
625
1117
2413
3033
3087
3011
3111
3927
4794
5028
5511
6650
8261
9112
5767
-261
112
7232
8572
1082
-4179
-2997
-541
927
81
-4595
-7948
-5418
-1918
-2230
-3972
-4719
-4628
-3464
-1939
-1151
-372
404
40
-425
491
1907
2679
2482
957
-605
39
1850
1708
-446
-2181
-2484
-1915
-1320
-1791
-3345
-4396
-4112
-3414
-3096
-3100
-3226
-3305
-3281
-3030
-2189
-1037
-582
-1033
-1276
-459
921
1759
1681
1324
1585
2666
3727
3861
3559
3798
4569
5479
6318
7091
8485
9503
6390
535
517
7035
8809
1936
-3987
-3522
-749
911
-157
-4702
-8085
-5976
-2445
-2388
-4109
-4959
-4867
-3850
-2333
-1304
-492
218
35
-331
371
1473
2075
2294
1750
445
-76
797
1423
592
-1035
-2177
-2289
-1763
-1572
-2341
-3739
-4597
-4165
-3246
-3002
-3089
-3042
-3526
-4010
-2802
-859
-499
-1228
-1444
-941
395
2054
2224
1146
1110
2439
3724
4260
4124
3897
4357
5360
6356
7381
8662
9538
7486
2313
365
5382
9121
4188
-3032
-4270
-1359
841
204
-3872
-7988
-7229
-3522
-2370
-3931
-5321
-5577
-4595
-2859
-1588
-778
-64
-111
-452
363
1970
3009
2662
977
6
1373
2607
1419
-280
-1072
-1629
-1543
-1128
-2162
-3598
-3579
-3607
-4449
-4295
-3381
-3360
-3906
-4132
-3890
-2905
-1564
-1090
-1534
-1591
-510
978
1702
1586
1507
2100
3266
4206
4318
4261
4724
5306
5931
6758
7378
8628
10426
8279
1652
-291
5952
9457
3643
-3388
-4516
-1933
622
258
-4401
-8741
-7560
-3727
-2712
-4373
-5772
-5707
-4475
-3056
-2021
-933
72
165
-181
319
1611
2596
2720
2167
1265
655
1181
2063
1356
-603
-1635
-1672
-1896
-1960
-2028
-3285
-4769
-4624
-3705
-3434
-3381
-3504
-4169
-4263
-2989
-1594
-1182
-1369
-1424
-824
481
1672
1916
1575
1730
2747
3746
4120
4394
4826
4999
5346
6288
7130
8088
9812
9502
4550
107
2721
8081
6962
68
-4538
-3747
-578
835
-1954
-6894
-8636
-5940
-3208
-3400
-5115
-6045
-5409
-3914
-2582
-1351
-102
265
-183
10
1312
2913
3641
2351
280
660
2845
2782
515
-798
-1165
-1513
-1230
-1498
-3341
-4314
-3625
-3878
-4901
-4485
-3671
-4162
-4795
-4371
-3396
-2422
-1660
-1409
-1428
-811
660
1858
1996
2044
2878
3780
4256
4885
5565
5674
5825
6667
7387
7864
9491
10731
7306
1296
937
6439
8027
2305
-3658
-4777
-2434
-14
-1094
-5866
-8988
-7329
-4471
-3855
-4897
-6007
-5861
-4262
-2893
-2133
-628
827
589
50
965
2469
3323
3370
2536
1333
1133
2110
2438
971
-926
-1718
-1851
-2003
-2115
-2779
-4243
-5109
-4775
-4371
-4097
-3729
-4242
-5115
-4284
-2465
-1788
-1526
-909
-944
-640
1314
2715
2239
2138
3096
3633
4088
5113
5665
5457
5601
6388
7330
8472
9934
9567
4990
340
2513
7843
6601
-60
-3952
-3765
-1943
45
-1482
-6848
-9175
-6184
-3672
-4037
-4965
-5829
-5973
-4222
-2174
-1235
-315
426
63
27
1357
2701
3203
3034
2023
858
1147
2487
2344
197
-1533
-1785
-1797
-1977
-2198
-3253
-4720
-5053
-4574
-4324
-4058
-4086
-4771
-4680
-3432
-2529
-1968
-1175
-938
-885
288
1695
2249
2618
3124
3441
3935
4800
5690
6246
6296
6433
7201
8209
9618
10499
7370
1595
1110
6427
7863
2257
-3327
-4481
-2633
-458
-1383
-5826
-8791
-7409
-4833
-4065
-4921
-6081
-5945
-4348
-2936
-1961
-487
541
263
161
1144
2264
3050
3514
2843
1235
767
1953
2501
1049
-895
-1903
-2223
-2134
-1961
-2858
-4665
-5377
-4792
-4554
-4454
-3989
-4571
-5415
-4071
-2229
-2246
-1979
-610
-407
-291
1465
2518
2248
2989
4032
3961
4355
5681
6334
6285
6422
6932
7992
9635
10442
7772
2407
884
5594
8238
3301
-2877
-4338
-2734
-879
-1101
-4902
-8600
-7926
-5144
-4106
-4757
-5734
-5979
-4813
-3246
-2107
-668
546
368
93
1010
2127
2983
3795
3235
1290
754
2109
2496
1165
-345
-1632
-2470
-2126
-1769
-2912
-4520
-5136
-5072
-4864
-4620
-4603
-4706
-4498
-4024
-3507
-2707
-1439
-388
-209
-187
688
2009
3077
3778
3888
3689
4326
5775
6592
6458
6571
7322
8028
9026
10257
8534
3064
628
4907
7914
3558
-2356
-4082
-3064
-1385
-1145
-4680
-8626
-7975
-5050
-4285
-5093
-5704
-5797
-4843
-3262
-2062
-817
416
489
119
904
2310
3203
3524
2969
1711
1313
2060
2173
1037
-324
-1418
-2061
-2044
-2173
-3104
-4270
-4996
-5192
-5036
-4626
-4085
-4272
-5381
-5094
-2670
-1354
-1881
-1466
-511
-242
1208
3054
2568
2139
3984
5064
4543
5138
6291
6274
6551
7628
8066
8766
10398
9052
3292
389
4788
8355
4242
-1834
-3781
-3162
-1684
-817
-3895
-8447
-8390
-5405
-4591
-5286
-5582
-5890
-5447
-3806
-2349
-1094
202
422
-70
228
1614
3594
4519
2877
930
1390
2589
2579
1770
18
-1911
-1826
-881
-1821
-3459
-3978
-4593
-5449
-4919
-4015
-4746
-5657
-4753
-3692
-3803
-3153
-1578
-1255
-1242
138
1112
1215
2490
4020
4045
4063
5015
5811
6500
7233
7390
7605
8693
10378
11140
7922
2047
1400
6873
8225
2181
-3175
-3949
-2661
-1001
-1739
-6350
-9590
-7860
-5287
-5115
-5880
-6353
-6180
-4998
-3503
-2118
-531
572
669
685
1511
3127
4645
4734
2992
935
1101
3566
4129
667
-2378
-2169
-1564
-1719
-2118
-4277
-6582
-5699
-4353
-5348
-5895
-5537
-5896
-5067
-3387
-3630
-3519
-1323
-464
-853
359
1825
2473
3759
4610
4211
4762
6348
7123
7253
7310
7457
8504
10255
11245
9571
4656
1128
4015
8122
5303
-1336
-4499
-4021
-2297
-1175
-3804
-8680
-9605
-6580
-4862
-5307
-5897
-6289
-5778
-3916
-2266
-1160
329
1149
728
1022
2441
3493
4176
4309
2846
1406
2013
2842
2022
543
-999
-2394
-2533
-2052
-2737
-4203
-5354
-5925
-5657
-5074
-5162
-5443
-5186
-4767
-4267
-3360
-2196
-1140
-684
-685
48
1721
3031
3483
3600
3781
4509
5790
6619
6595
6561
7159
7996
8778
10088
10554
6891
1524
1912
6874
7073
1323
-3325
-4176
-2801
-905
-1976
-6609
-9256
-7407
-5144
-4968
-5677
-6305
-5981
-4484
-3174
-2119
-405
728
488
703
1967
3235
4260
4087
2164
1311
2799
3333
1855
571
-701
-2052
-1750
-1390
-3101
-4643
-4634
-4971
-5600
-5388
-5002
-5145
-5765
-5847
-4249
-2634
-2642
-2224
-1124
-1131
-203
2292
2590
1685
3185
4729
4613
5472
6541
6064
6479
7960
8169
8620
10691
10986
7105
2453
2467
6683
7642
2230
-3260
-4072
-2434
-1141
-2049
-6078
-9356
-8124
-5370
-4910
-5848
-6621
-6571
-5123
-3303
-2190
-949
340
567
733
1844
2871
3365
3814
3658
2696
2076
2196
2263
1592
259
-1108
-1962
-2315
-2410
-2911
-4240
-5481
-5693
-5313
-4813
-4770
-5875
-6227
-4297
-2787
-3162
-2699
-1423
-1187
-343
1438
1660
1592
3275
4393
4164
4755
5872
6294
6745
7365
7806
8600
9908
11044
9579
4358
1206
5003
8577
4666
-1437
-3639
-3343
-1938
-1098
-4354
-8952
-9052
-6321
-5300
-5731
-6410
-6897
-5984
-4138
-2816
-1511
-11
492
464
1217
2614
3985
4858
4217
2118
1270
2948
3988
2064
-311
-1244
-1778
-1896
-1712
-3122
-5219
-5381
-4897
-5504
-5871
-5574
-5661
-5505
-4815
-4386
-3753
-2309
-1083
-836
-786
71
1765
3182
3668
3851
4318
4975
5970
7002
7161
7038
7856
8972
9628
10738
10435
5695
1012
3399
8175
6042
-537
-3898
-3790
-2574
-1235
-3110
-8139
-9979
-7062
-4868
-5421
-6339
-6605
-6026
-4516
-2871
-1451
-96
626
804
1289
2426
4002
4982
4418
3075
1857
1329
2692
3925
1275
-2548
-2737
-1707
-2252
-2610
-3795
-6583
-6802
-4683
-4864
-5822
-5455
-6101
-6241
-3800
-2700
-3320
-1807
-469
-1177
-55
2331
2402
2488
4043
4407
4402
5809
6746
6657
7063
7695
8244
9344
10826
10943
7290
1960
2026
7162
7729
1612
-3461
-4162
-2794
-1243
-2358
-6764
-9380
-7778
-5734
-5386
-5698
-6444
-6672
-5132
-3210
-2126
-757
603
589
560
1913
3382
4376
4903
3135
494
1775
4897
3538
-214
-1217
-1208
-1685
-1211
-2019
-5037
-5890
-4533
-4936
-6061
-5728
-5591
-5887
-5211
-4481
-4199
-3164
-1643
-960
-955
-436
1069
2606
3216
3461
4041
4807
5793
6919
7162
6786
7454
8967
9764
10388
10894
8137
2851
2023
6460
7526
2389
-2602
-4177
-3651
-1855
-1832
-6030
-9750
-8627
-6044
-5474
-5850
-6416
-6751
-5567
-3557
-2181
-831
552
777
556
1519
3200
4159
4120
3532
2729
2186
2513
2967
1910
-207
-1403
-1651
-2067
-2492
-3165
-4635
-5731
-5766
-5652
-5299
-4790
-5616
-6389
-4781
-2959
-2933
-2471
-1349
-1297
-558
1573
2200
1775
2991
4402
4470
4887
5969
6426
6680
7333
7980
8597
9607
10976
10239
5254
992
3720
8304
6036
-447
-4122
-4268
-2389
-732
-3296
-8487
-9944
-7400
-5360
-5105
-6102
-7418
-6677
-4180
-2757
-2009
-363
632
405
897
2302
3425
4130
4009
2844
2105
2580
2948
2147
648
-679
-1453
-1914
-2346
-2831
-3723
-5071
-6001
-5915
-5473
-5376
-5501
-5427
-5092
-4601
-3795
-2500
-1318
-889
-693
78
1430
2928
3899
4025
4167
5084
6251
7045
7342
7409
8010
9080
9908
10900
10495
5723
1052
3766
8506
5536
-1314
-4019
-3696
-2601
-1311
-3728
-8987
-9915
-6682
-5398
-6111
-6381
-6732
-6377
-4413
-2788
-1847
-203
934
700
1061
2629
4044
4830
4630
3235
2410
3104
2934
1252
659
546
-1567
-3398
-2815
-2826
-4374
-5058
-5745
-7180
-6642
-4961
-5214
-5798
-5174
-5075
-4570
-2232
-753
-1083
-756
356
1229
2626
4079
4307
4337
5114
5936
6649
7390
7840
8173
8652
9461
10981
10844
6136
1358
3312
7856
6085
-364
-4163
-4087
-2452
-1312
-3581
-8379
-10014
-7337
-5099
-5402
-6518
-7039
-6188
-4305
-2855
-1844
-416
660
830
1159
2174
3490
4492
4201
2916
2384
2702
2694
2209
1048
-799
-1767
-1584
-2091
-3226
-3885
-4780
-5953
-5961
-5227
-5191
-5486
-5432
-5181
-4613
-3588
-2442
-1583
-1133
-728
171
1406
2393
3094
3569
3869
4455
5376
6070
6428
6695
7002
7761
8816
9604
10198
9107
4514
969
4110
8277
5017
-1732
-4228
-3312
-1999
-1298
-3742
-8432
-9539
-6597
-4708
-5143
-6122
-6792
-6083
-4026
-2431
-1308
13
514
469
1256
2537
3747
4618
4142
2707
1607
1262
2435
3747
1361
-2725
-3060
-1552
-1947
-2560
-3585
-6454
-7137
-4715
-4430
-6028
-5660
-5018
-5407
-4472
-2956
-2394
-1376
-331
-662
-289
1837
3410
3807
4071
4149
4626
6285
7582
7416
7320
8141
8987
10248
11758
9768
3709
1057
5365
8428
4334
-1694
-4316
-3974
-2024
-1398
-5046
-9355
-9210
-6601
-5523
-5852
-6494
-6799
-5874
-4303
-3001
-1336
360
716
470
1131
2419
3663
4588
4376
2881
1835
2444
3251
2453
642
-889
-1888
-2121
-1844
-2568
-4480
-5739
-5812
-5615
-5502
-5610
-5708
-5172
-4592
-4554
-3789
-2000
-853
-641
-309
456
1777
3377
4119
4106
4490
5348
6352
7246
7429
7509
8457
9239
9685
10694
9360
3991
1254
4989
7478
3545
-1632
-3936
-4026
-2444
-1778
-4956
-8749
-8837
-6878
-5680
-5401
-6030
-6706
-5872
-4159
-2663
-1003
307
390
352
1214
2488
3605
4219
3853
2807
1969
2058
2744
2392
526
-1135
-1786
-2130
-2163
-2412
-4016
-5693
-5668
-5262
-5671
-5548
-4763
-4813
-5147
-4473
-3281
-1992
-689
-435
-922
-30
2108
3312
3413
3722
4322
5024
6093
7016
7277
7577
8324
8865
9750
11029
9142
3478
1395
5833
8091
3311
-2139
-3828
-3428
-1921
-1567
-5281
-9329
-8710
-6118
-5578
-6107
-6466
-6659
-5780
-4041
-2617
-1230
98
526
669
1573
2925
4118
4683
4151
3028
2608
3209
3125
1102
-689
-528
-934
-2824
-3459
-3429
-4888
-5811
-5374
-6130
-7212
-6240
-4894
-4913
-5203
-4913
-3811
-1970
-664
-429
-160
723
2072
3547
4340
4559
5146
5972
6680
7546
8168
8451
9267
10317
10882
10304
6755
2364
3441
7756
6035
-586
-3808
-3447
-2812
-2042
-3512
-8157
-10114
-7394
-5384
-5976
-6678
-6918
-6402
-4513
-2784
-1839
-515
590
723
1177
2393
3618
4451
4150
3040
2876
3194
2646
2098
1422
-443
-1827
-1695
-2091
-3199
-3767
-4814
-6198
-5836
-4794
-5383
-6266
-5717
-4819
-4302
-3588
-2831
-2180
-1171
-125
469
1114
2064
2931
3663
4329
4894
5538
6202
6640
7055
7809
8646
9300
10120
10190
6986
2250
2379
6855
7036
1155
-3426
-3780
-2698
-1602
-2364
-6494
-9643
-7950
-5235
-5218
-6073
-6370
-6418
-5354
-3314
-1813
-778
134
236
215
1460
3181
3918
3761
3178
2373
2072
2655
2841
1522
-233
-1126
-1497
-1837
-2144
-2993
-4434
-5317
-5125
-4770
-5125
-5808
-5587
-4489
-4094
-4315
-3508
-2000
-1103
-525
-57
186
1367
3357
4129
3934
4432
5293
6192
7450
7985
7749
8444
9926
11034
10530
6436
1797
3477
8293
6563
-68
-3473
-3467
-2626
-1398
-3001
-7999
-10041
-7237
-5197
-5913
-6802
-7052
-6626
-5059
-3279
-2085
-873
227
520
697
1877
3716
4816
4434
3276
2795
3313
2989
1255
700
1179
-670
-3259
-2948
-2378
-3808
-4570
-5137
-6941
-6802
-4989
-5303
-5904
-4874
-4873
-4918
-2663
-956
-953
-301
479
944
2701
4470
4751
5081
5735
6169
7354
8583
8755
9156
10197
11019
10903
7714
2813
2972
7471
6977
656
-3742
-4130
-2957
-1649
-3115
-7891
-10404
-8148
-5539
-5366
-6424
-7388
-6915
-4784
-3025
-2107
-713
470
616
1032
2086
3163
4496
4871
3220
2079
2992
3451
2459
1306
-225
-1661
-1580
-1380
-2702
-4065
-4582
-5236
-5663
-5299
-5243
-5879
-5947
-5086
-4267
-3866
-3171
-2058
-1286
-715
308
1252
1747
2626
3682
4047
4440
5524
6462
6883
7222
7617
8342
9573
10870
10792
7317
2310
2164
7022
7979
2078
-3376
-4218
-2753
-1110
-1820
-6360
-10011
-8501
-5334
-4812
-6025
-6890
-6720
-5341
-3561
-2193
-954
-32
87
89
900
2471
3947
4263
3112
1807
1850
2805
2919
1637
77
-1012
-1616
-1610
-1688
-2834
-4308
-5007
-5125
-4895
-4787
-5516
-5853
-4693
-4037
-4578
-3880
-1998
-1059
-720
-191
155
1245
3277
4208
3891
4276
5537
6672
7441
7813
8173
9083
10292
11287
10536
6281
2123
4041
8478
6568
-200
-3994
-3708
-2074
-988
-3499
-8722
-10244
-7170
-5194
-5874
-6856
-7361
-6720
-4781
-3259
-2319
-847
236
268
659
2073
3715
4661
4368
3282
2630
3080
3649
2363
-79
-619
-116
-1579
-3116
-3011
-4045
-5629
-5126
-5122
-6622
-6372
-5472
-5946
-5364
-4057
-4307
-3726
-1538
-743
-528
822
1700
2238
3716
4821
5194
6008
6782
7262
8139
8940
9440
10483
11933
11506
7088
2102
3376
8531
7478
61
-4567
-4141
-2443
-1327
-3097
-8313
-11115
-8290
-5171
-5578
-7044
-7435
-6838
-5195
-3197
-1800
-679
261
567
864
1924
3403
4627
4628
3153
2200
2886
3259
2429
1463
-29
-1831
-2024
-1517
-2511
-3941
-4744
-5657
-6002
-5252
-4854
-5274
-5851
-5987
-4812
-3084
-2551
-2403
-1687
-1211
-213
1707
2329
1968
2969
4331
4799
5540
6431
6708
7265
8190
8805
9717
11166
11079
7298
2438
2750
7519
7876
1654
-3521
-3990
-2471
-1100
-2264
-6949
-10153
-8251
-5341
-5246
-6420
-7040
-6803
-5355
-3478
-2242
-1131
36
429
537
1515
3033
4298
4702
3755
2548
2438
2410
1915
2088
1419
-1624
-3469
-2198
-1686
-3226
-4485
-5766
-6923
-5581
-3750
-5058
-6985
-6091
-4361
-3767
-3055
-2141
-1905
-1238
344
1232
1452
2596
4039
4520
4799
5607
6531
7461
8206
8422
8918
10544
12143
10683
5363
1608
4597
8847
5968
-982
-4257
-3646
-2052
-1191
-3878
-9002
-10275
-6991
-4936
-5830
-6892
-7091
-6460
-4745
-2853
-1648
-687
187
606
930
1924
3504
4486
4007
2867
2425
2720
2915
2462
1120
-616
-1512
-1548
-1918
-2783
-3657
-4716
-5547
-5526
-5176
-4895
-4811
-5598
-6122
-4549
-2684
-2492
-2351
-1683
-1307
14
1909
2022
1732
3114
4333
4563
5430
6520
6846
7215
8000
8808
9941
11419
11092
6851
2154
3369
8083
7352
1123
-3270
-3932
-2707
-803
-2018
-7342
-10283
-7970
-5442
-5271
-5918
-6967
-7232
-5256
-2980
-2071
-1163
-36
289
606
1823
3172
3753
3537
3047
2743
2496
2328
2268
1469
-124
-1166
-1590
-2257
-2646
-2886
-4237
-5566
-5349
-5026
-5211
-4828
-5044
-6079
-5170
-2967
-2595
-2781
-1763
-1142
-647
1004
2041
1941
2719
4000
4571
5241
6217
6722
7166
8056
8913
9698
11046
11501
7927
2548
2728
7734
8024
2039
-2774
-3851
-3092
-1183
-1532
-6502
-10288
-8510
-5675
-5399
-6088
-6876
-7251
-5829
-3644
-2275
-1096
-57
214
620
1764
3078
4256
4711
3937
3013
3032
3405
2674
758
-259
40
-981
-3068
-3366
-3229
-4638
-5386
-5419
-6682
-6696
-4730
-4964
-6549
-5494
-3862
-3664
-2506
-1139
-1317
-550
1486
2154
2433
3807
4785
5255
6183
6878
7262
8110
9072
9777
10818
12096
11037
5697
1457
4875
9673
5819
-2028
-4535
-3302
-2149
-1401
-4021
-9675
-11055
-7103
-4793
-5943
-7148
-7414
-6636
-4448
-2444
-1536
-573
415
748
1326
2608
3865
4684
4407
3037
2456
3167
3253
2310
1010
-860
-2121
-1682
-1639
-3120
-4313
-5147
-6121
-5814
-4863
-5166
-5541
-5344
-5719
-5144
-2910
-1906
-2298
-1776
-986
-257
1520
2696
2258
2441
3702
4694
5541
6114
6217
6789
7687
8244
9234
10809
11266
8451
3209
1560
6082
8733
3734
-2583
-4312
-3209
-1366
-1087
-5156
-9654
-8936
-5799
-4917
-5482
-6284
-7005
-6001
-3693
-2237
-1263
-28
483
561
1358
2679
4004
4780
4191
2789
2303
3001
3001
1076
-637
-456
-834
-2839
-3552
-3190
-4370
-5456
-5287
-6187
-6841
-4971
-4216
-6171
-6227
-3920
-3046
-2751
-1418
-1100
-1140
775
2459
2222
2593
4158
5033
5524
6280
6699
7254
8455
9387
10000
11280
11810
8500
3177
2665
7317
8387
2492
-3363
-4383
-2798
-1383
-2266
-6602
-10441
-9299
-5850
-5068
-6492
-7354
-7034
-5665
-3657
-2082
-1052
-92
539
977
1860
3066
4138
4533
3767
2806
2894
3179
2588
1557
217
-1298
-1939
-1866
-2468
-3608
-4465
-5276
-5893
-5760
-5411
-5134
-4843
-5343
-5957
-4610
-2371
-1715
-1824
-1514
-1032
448
2495
2823
2224
2967
4240
5086
6109
6788
6657
6939
8028
9072
10031
11243
10689
6021
1247
3082
8256
7125
191
-4324
-4348
-2568
-969
-2621
-7674
-10233
-7856
-5187
-5020
-6013
-6941
-6693
-4876
-3045
-1867
-592
367
558
880
1885
3348
4686
4882
3703
2535
2709
3240
1955
-18
10
-18
-2517
-3955
-2981
-3590
-5269
-5281
-6058
-7433
-5676
-3891
-5640
-6429
-4454
-3666
-3296
-1387
-784
-1299
212
1956
1991
2588
3991
4627
5258
6094
6434
7163
8349
8951
9536
10799
11738
10008
4901
1799
5548
9166
4557
-2485
-4158
-2995
-2128
-1732
-4612
-9683
-10216
-6493
-5087
-6381
-6902
-6753
-6281
-4496
-2490
-1349
-205
763
963
1515
2824
3985
4649
4409
3174
2532
3040
3116
2163
740
-943
-1983
-1845
-2060
-3368
-4523
-5115
-5597
-5727
-5558
-5466
-5350
-5307
-5234
-4475
-3328
-2424
-1570
-1038
-762
344
1833
2421
2791
3598
4096
4643
5832
6737
6871
7082
7823
8812
9990
11240
10278
5295
1181
3879
8383
6119
-445
-4148
-4167
-2381
-874
-3203
-8241
-9926
-7388
-5143
-5034
-6089
-7109
-6529
-4445
-2807
-1749
-411
475
664
1109
1985
3264
4584
4454
3022
2338
2527
2548
2467
1571
-623
-1995
-1764
-1970
-2847
-3496
-4695
-5978
-5689
-4903
-5148
-5573
-5451
-5028
-4322
-3616
-2929
-1903
-1088
-654
179
1122
1861
3057
4084
4268
4726
5870
6769
7351
7968
8585
9362
10682
11846
9870
4153
1413
5769
9132
4569
-2202
-4577
-3468
-1411
-1169
-5154
-9757
-9603
-6447
-4972
-5752
-7026
-7363
-6029
-4028
-2638
-1421
-86
581
819
1649
2870
4073
5153
4918
3321
2932
3451
1991
723
1985
1073
-3023
-3914
-2168
-3151
-4503
-4376
-6499
-8379
-5699
-3671
-5804
-6738
-5047
-4430
-3999
-2095
-1159
-1399
-316
1260
1516
1966
3720
4907
4709
4893
6203
7295
7684
8230
8980
9603
10946
11762
8114
2101
2118
7559
7914
1440
-3493
-4147
-3228
-1546
-1871
-6696
-10682
-8825
-5371
-5030
-6261
-6921
-6734
-5314
-3315
-1881
-771
221
742
1153
1854
2964
4394
4847
3645
2613
2758
2854
2545
1858
149
-1565
-1856
-1819
-2573
-3466
-4443
-5694
-6201
-5628
-5000
-5010
-5614
-6026
-5224
-3690
-2629
-2065
-1718
-1386
-280
1328
2166
2520
3239
4001
4764
5811
6629
7104
7681
8240
8852
10164
11785
10995
6045
1501
3550
8393
6832
-219
-4569
-4162
-2088
-1084
-3623
-8557
-10311
-7532
-5082
-5568
-6984
-7295
-6213
-4531
-3169
-1981
-582
480
858
1140
1890
3259
4586
4592
3401
2608
2672
2727
2479
1594
-320
-1864
-1863
-1863
-2938
-3994
-4839
-5766
-5908
-5401
-5310
-5401
-5467
-5622
-4869
-3426
-2787
-2298
-1173
-597
-126
1427
2547
2698
3615
4777
5027
5773
7273
7774
7703
8432
9537
10913
12056
9596
3500
1300
6215
9269
4035
-2899
-4692
-3157
-1512
-1615
-5388
-9972
-9772
-6171
-4825
-6253
-7283
-6852
-5645
-4136
-2621
-1266
-180
531
959
1494
2647
4152
4713
3911
3001
2712
2733
2822
2265
496
-1270
-1783
-1806
-2279
-3110
-4316
-5579
-5865
-5332
-5165
-5425
-5717
-5986
-5462
-3946
-2960
-2778
-2001
-917
-356
674
2155
2660
2832
3957
5095
5615
6394
7315
7742
8238
9179
10360
11658
11066
6468
2018
3861
8374
6897
307
-4029
-4256
-2570
-1039
-2983
-8304
-10682
-7798
-5147
-5588
-6767
-7350
-6891
-4809
-2789
-1976
-862
518
790
1074
2391
3775
4789
5041
4017
2943
3068
3596
3052
590
-1795
-1235
-328
-2582
-4618
-4362
-5261
-6260
-5003
-5463
-7679
-6480
-4356
-5408
-5744
-3861
-3172
-2579
-674
-151
-286
1500
3252
3502
4150
5296
5941
6798
7821
8238
8674
9637
10913
12363
11709
6759
2018
3886
8626
7231
161
-4759
-4679
-2388
-1163
-3640
-8756
-11003
-8349
-5410
-5593
-7139
-7660
-6751
-4948
-3089
-1635
-436
474
944
1368
2252
3619
4819
4881
3847
2964
2860
3073
2936
1759
-384
-1930
-2040
-1967
-2763
-4089
-5432
-6159
-5811
-5249
-5391
-5743
-5733
-5402
-4688
-3763
-2951
-2134
-1391
-898
-113
1098
2017
2568
3271
4060
4750
5513
6379
7173
7767
8234
8868
10152
11936
11397
6230
1452
3899
9077
7274
132
-4050
-3855
-2047
-655
-2833
-8178
-10335
-7430
-4889
-5329
-6516
-7122
-6724
-4890
-2916
-1847
-829
268
559
645
1599
3077
4231
4479
3543
2213
1983
2878
3107
1610
-434
-1523
-1771
-1897
-2246
-3328
-4990
-5876
-5642
-5347
-5240
-5143
-5612
-6108
-5289
-3774
-2939
-2388
-1646
-1247
-639
940
2367
2809
3335
4337
5108
6042
7402
8087
8175
8948
10254
11640
12312
9329
3559
2465
7314
8833
3266
-2516
-4222
-3320
-1429
-1650
-6173
-10364
-9423
-6272
-5322
-6286
-7325
-7361
-5923
-4011
-2662
-1403
-59
629
721
1231
2624
4233
4803
4046
2987
2483
2657
3048
2536
648
-1185
-1778
-1806
-2179
-3008
-4324
-5756
-6301
-5680
-4958
-5197
-5991
-6117
-5317
-4275
-3311
-2455
-1849
-1345
-635
463
1786
2800
3384
4082
4917
5760
6985
8120
8476
8914
10043
11373
12317
10485
4932
2019
6212
9589
4910
-1924
-4188
-3412
-1854
-1238
-4742
-9947
-10350
-6793
-5146
-6257
-7456
-7582
-6409
-4494
-2891
-1463
-159
313
554
1445
2680
4161
5193
4609
3502
2678
1470
1978
4273
2578
-2600
-3723
-1726
-1970
-2640
-3361
-6861
-8582
-5317
-3524
-5784
-7068
-6337
-5572
-4346
-3104
-2756
-2228
-1202
-314
637
1738
2969
4397
5077
5005
5860
7604
8739
9260
9666
10256
12009
13189
9435
3109
2940
8474
8960
1990
-3725
-4244
-2727
-1299
-2422
-7606
-11370
-9079
-5514
-5612
-7247
-7839
-7259
-5484
-3492
-2358
-1207
243
959
1271
2033
3172
4518
5155
4112
2810
2905
3377
3037
1992
160
-1633
-1928
-1657
-2542
-3893
-4835
-5676
-6154
-6015
-5614
-5109
-5183
-6122
-6098
-4259
-2582
-2046
-1929
-1855
-1001
1061
2489
2412
2614
3733
4744
5748
6889
7471
7751
8385
9145
10333
12309
11953
6666
1760
4019
9062
7593
670
-3979
-4093
-2078
-656
-2857
-7952
-10341
-8044
-5364
-5338
-6722
-7519
-6789
-4993
-3386
-2120
-738
306
657
926
1757
3245
4781
5090
3726
2427
2795
3242
1945
839
1049
-398
-3286
-3476
-2282
-3463
-4941
-5252
-6867
-7737
-5089
-3630
-5967
-7057
-5348
-4162
-3215
-1537
-1202
-1793
-635
1476
2426
2908
3936
4808
5242
6123
7526
8472
8913
9612
10642
12054
12613
8991
3075
3185
8951
9105
1563
-3941
-3972
-2435
-1056
-2267
-7828
-11696
-9034
-5285
-5555
-7380
-8051
-7385
-5369
-3294
-2298
-1261
155
825
1187
2162
3418
4593
4992
3869
2632
2958
3718
3198
1753
91
-1388
-1880
-1701
-2434
-4085
-5212
-5756
-6206
-5974
-5384
-5703
-6278
-5947
-5317
-4556
-3132
-2074
-2024
-1696
-525
915
2304
3049
3099
3695
4987
6169
7278
7961
7916
8468
10025
11592
12773
11126
5101
1548
6086
10315
5718
-1832
-4583
-3514
-1405
-772
-4626
-9993
-10480
-6955
-5116
-6132
-7481
-7606
-6378
-4568
-3024
-1598
-159
603
775
1375
2605
4003
5173
5088
3555
2777
3101
2219
1366
2324
1109
-3121
-4194
-2325
-3070
-4601
-4647
-6644
-8458
-5775
-3693
-5759
-6749
-5483
-5077
-4029
-1879
-1552
-1855
-526
680
1209
2387
3614
4418
5143
5361
5909
7597
8800
8960
9427
10373
11882
12487
8162
2065
3568
9611
7921
-67
-3794
-3071
-2419
-1601
-2726
-8001
-11277
-8282
-5049
-5879
-7477
-7617
-6914
-5301
-3341
-2042
-998
13
684
1347
2042
2961
4407
4896
3541
2584
2984
2975
2389
1736
134
-1643
-1937
-1889
-2775
-3782
-4780
-5958
-6226
-5609
-5329
-5391
-5643
-6096
-5527
-3748
-2614
-2485
-2021
-1240
-452
850
2064
2376
2824
4038
4970
5560
6581
7481
7863
8662
10025
11356
12363
10790
5461
2229
6095
10070
6130
-1196
-4272
-3309
-1236
-545
-4185
-9747
-10594
-6956
-4912
-6048
-7651
-7983
-6701
-4585
-3029
-1927
-729
126
710
1481
2445
3858
5136
4922
3767
3150
3298
3808
2938
-273
-1836
-17
-453
-4010
-4920
-4368
-6145
-6635
-5211
-6597
-8247
-6126
-4764
-6172
-5790
-3807
-3255
-2534
-867
-326
50
1871
3291
3475
4245
5810
6792
7289
8063
8894
9576
10600
12295
13401
10895
5035
2524
6840
10049
5086
-2482
-5029
-3376
-1348
-1712
-5976
-10685
-10628
-7234
-5577
-6600
-8021
-7986
-6286
-4422
-3084
-1348
235
650
1005
1959
2889
4245
5493
4747
3121
2943
3392
3193
2601
1053
-1205
-2098
-1852
-2452
-3685
-4683
-5734
-6432
-6246
-5823
-5533
-5474
-5913
-6036
-4858
-3211
-2175
-1724
-1640
-1234
293
1942
2449
2557
3175
4009
4961
6088
6880
7133
7450
8413
9767
11060
12094
10689
5266
1517
5447
10188
6351
-1328
-4244
-3308
-1579
-457
-3507
-9425
-10698
-6914
-4783
-5867
-7180
-7575
-6704
-4688
-3010
-1954
-716
268
569
849
1694
3230
4639
4504
3066
2094
2293
2961
3043
1645
-692
-2076
-1912
-1730
-2619
-4050
-5478
-6396
-5896
-4836
-5283
-6429
-6162
-5223
-4667
-3785
-2849
-2383
-1504
-468
-16
907
2446
3377
4047
4894
5428
6445
8072
8714
8829
9867
11377
12885
12236
6664
1733
5272
10665
7105
-873
-4069
-3396
-1953
-903
-3857
-9795
-11244
-7460
-5207
-6449
-7964
-8075
-6820
-4921
-3470
-2144
-538
451
761
1237
2032
3418
4980
4969
3520
2730
2850
2968
2917
1866
-461
-2029
-1951
-1962
-2813
-4124
-5830
-6718
-5799
-5110
-5996
-6510
-5930
-5485
-4800
-3581
-3034
-2650
-1262
-168
128
1162
2570
3274
4210
5361
5616
6217
7903
8858
8947
9742
11094
12528
12294
7433
1997
4127
9784
7967
225
-4287
-4165
-2347
-829
-3137
-8986
-11549
-8480
-5385
-5665
-7363
-8232
-7361
-5207
-3304
-2039
-757
309
816
1163
1788
3179
4882
5079
3590
2439
2454
2882
3153
2180
-368
-2171
-1918
-1760
-2785
-3908
-5325
-6783
-6314
-4987
-5590
-6616
-6005
-5416
-5148
-3754
-2627
-2536
-1504
-94
67
694
2590
3874
4352
4908
5399
6522
8319
9060
8893
9525
10979
12707
12623
7714
2154
3928
9405
8065
789
-3987
-4287
-2514
-963
-3089
-8566
-11255
-8743
-5703
-5648
-7390
-8396
-7396
-5243
-3566
-2321
-878
206
670
1078
1734
2972
4662
5145
3739
2347
2374
3019
3127
2041
-181
-1981
-2065
-1733
-2560
-4135
-5664
-6568
-6142
-5362
-5792
-6387
-5931
-5583
-5358
-4128
-2947
-2412
-1323
-384
-372
645
2726
3693
4081
4975
5503
6380
8309
9280
9104
9908
11482
12649
11908
7117
2414
4878
9810
7164
-287
-4150
-4042
-2284
-743
-3636
-9742
-11420
-7914
-5543
-6156
-7527
-8378
-7473
-4908
-2986
-2081
-797
378
756
1429
2808
3758
4006
4396
4645
3625
2282
2497
3018
1675
-263
-1249
-2148
-2903
-2794
-3550
-5900
-6972
-5949
-5596
-6364
-6323
-5875
-5906
-5154
-3678
-3027
-2505
-1112
-174
148
1367
2962
3877
4854
5745
6026
7081
8993
9850
9934
10856
12542
13121
9812
3992
3124
8267
9449
2823
-3439
-4548
-3085
-1473
-2362
-7278
-11362
-10061
-6648
-5827
-7237
-8406
-7987
-6135
-4084
-2533
-1146
77
720
1237
2242
3483
4741
5774
5303
3574
3106
3246
1686
1178
2480
142
-4457
-4245
-2165
-3691
-5385
-6091
-8319
-8332
-5193
-4992
-7110
-6908
-5884
-4999
-2892
-1715
-1743
-514
696
1123
2658
4163
4821
6289
7119
6564
7744
9978
10287
10517
12183
12942
10772
5881
2775
6117
9827
5132
-2708
-4624
-2908
-2034
-2262
-5467
-10544
-11115
-7138
-5261
-6755
-7989
-7843
-6682
-4587
-2655
-1468
-401
438
823
1432
2604
4063
5251
4928
3177
2284
3029
3540
2846
1215
-1100
-2453
-1861
-1649
-3212
-4753
-5670
-6488
-6239
-5324
-5616
-6199
-5731
-5468
-5322
-3788
-2114
-1710
-1323
-550
72
1440
3233
3864
4086
4991
5767
6592
8040
8896
8916
9554
11066
12508
11499
6344
2246
5270
9489
6181
-535
-3322
-3307
-2427
-1152
-3443
-9037
-10668
-7229
-5080
-5996
-7194
-7617
-6929
-4909
-3008
-1960
-948
1
437
767
1539
3064
4620
4528
2914
1936
2351
3151
3280
1823
-740
-2073
-1590
-1351
-2314
-3951
-5725
-6297
-5260
-4923
-6051
-6369
-5595
-5297
-5018
-4211
-3516
-2334
-635
-289
-717
520
2690
3886
4529
4986
5264
6492
8359
9232
9462
10102
11229
12475
11099
5742
2763
6565
9420
4930
-1265
-3631
-3269
-1583
-1158
-5260
-10079
-9811
-6745
-5596
-6323
-7606
-8176
-6560
-4212
-3195
-2222
-561
164
220
1014
2133
3376
4783
4600
2598
1672
2790
3743
3068
1044
-1148
-1946
-1421
-1356
-2631
-4710
-6265
-5905
-4817
-5435
-6687
-6365
-5511
-5134
-4461
-4079
-3782
-1861
51
-218
-309
1506
3417
4870
5966
5796
5819
7703
9522
10117
10828
11983
12792
11277
6374
3270
6797
10150
5669
-1478
-4043
-3183
-1588
-1268
-5110
-10450
-10893
-7357
-5539
-6425
-7917
-8587
-7276
-4664
-3009
-2161
-839
113
290
919
2158
3493
4911
5065
3086
1632
2653
3849
3167
1351
-724
-2092
-1841
-1403
-2511
-4356
-5829
-6547
-5970
-5159
-5732
-6498
-6174
-5711
-5129
-3792
-2760
-2360
-1535
-617
155
1586
3092
3885
4648
5449
6135
7414
8736
9181
9709
10904
12259
12705
9581
3884
3080
8185
9309
2987
-2879
-4146
-3128
-1335
-1611
-6523
-11048
-9699
-6099
-5364
-6631
-7698
-7752
-6151
-3890
-2568
-1610
-289
445
483
934
2227
3989
5036
4168
2236
1572
2568
3477
2784
485
-1748
-2210
-1572
-1706
-3041
-4906
-6335
-6209
-5160
-5208
-6157
-6303
-5724
-5161
-4412
-3534
-2685
-1653
-856
-376
709
2304
3634
4756
5454
5662
6625
8487
9663
9967
10648
12134
13046
10407
4953
3591
8062
9546
3816
-2171
-3649
-2682
-1277
-1856
-6331
-10521
-9694
-6625
-5729
-6751
-7910
-7986
-6336
-4215
-2958
-1847
-552
76
352
1121
2311
3789
4840
4105
2321
1958
3060
3451
2416
673
-1009
-1764
-1633
-1927
-3110
-4500
-5693
-6122
-5529
-5246
-5837
-6128
-5884
-5472
-4464
-3325
-2793
-2075
-1125
-659
310
2111
3332
4071
4969
5401
6070
7777
8984
9210
9898
11171
12478
11952
7153
2525
5098
9878
7123
-90
-3574
-3365
-2016
-929
-3527
-8968
-10585
-7461
-5328
-6010
-7184
-7658
-6850
-4883
-3346
-2456
-1086
95
226
391
1458
3009
4304
4265
2803
1924
2575
3219
2822
1499
-398
-1520
-1332
-1573
-2771
-3843
-4968
-5796
-5225
-4949
-6070
-6174
-5181
-5224
-5131
-3933
-3277
-2524
-898
-506
-718
962
3021
3861
4727
5414
5665
7113
9033
9529
9732
11092
12833
12502
7999
3175
4915
9779
8115
1102
-3185
-3543
-2245
-722
-2662
-8325
-11030
-8283
-5564
-5878
-7120
-7795
-7438
-5656
-3575
-2348
-1308
-188
224
289
1183
2898
4399
4620
3355
2084
2346
3292
3264
2050
210
-1492
-1991
-1608
-2120
-3899
-5318
-5535
-5426
-5724
-5923
-5614
-5413
-5543
-5199
-4382
-3488
-2060
-692
-696
-786
838
2872
3961
4784
5359
5586
6709
8529
9542
9979
10883
12196
12262
8802
4019
4286
8706
8569
2353
-2883
-3916
-2455
-670
-2103
-7383
-10718
-8857
-5891
-5316
-6485
-7875
-7805
-5717
-3570
-2477
-1436
-432
-113
181
1077
2420
3837
4250
3144
2074
2221
2809
2924
2109
323
-1250
-1699
-1843
-2346
-3236
-4781
-5862
-5363
-4987
-5769
-5915
-5378
-5512
-5163
-3986
-3567
-2889
-1029
-469
-996
374
2475
3217
4120
5335
5488
6175
8134
9203
9521
10532
11698
12300
10621
5571
2885
6900
9764
4797
-1627
-3481
-2839
-1465
-1128
-5057
-9952
-9648
-6384
-5352
-6191
-7112
-7509
-6346
-4278
-3000
-1960
-617
54
197
592
1450
3163
4616
3758
1915
1742
2568
2905
2575
1034
-1153
-1947
-1613
-1924
-3031
-4480
-5628
-5547
-5226
-5860
-6096
-5490
-5303
-5039
-4346
-4127
-3129
-879
-243
-972
139
2209
3314
4593
5759
5703
6285
8191
9443
10190
11533
12720
12252
8718
4001
4296
9200
9120
1962
-3348
-3281
-1905
-1180
-2486
-7285
-11052
-9175
-5701
-5604
-7186
-7727
-7226
-5820
-3943
-2503
-1366
-329
142
328
1017
2399
4002
4520
3276
2030
2240
2880
2903
2222
489
-1378
-1751
-1469
-2213
-3548
-4754
-5625
-5564
-5201
-5671
-6020
-5491
-5116
-4896
-4269
-3538
-2358
-808
-426
-620
692
2645
3788
4734
5405
5527
6615
8726
9878
10103
11134
12802
12109
7360
3233
5384
9459
7268
828
-2917
-3355
-2307
-902
-2741
-8140
-10710
-8046
-5350
-5547
-6706
-7429
-7101
-5263
-3156
-1903
-968
-226
-1
354
1399
2780
3856
3823
2650
1815
2095
2522
2309
1286
-391
-1575
-1682
-2091
-3269
-4071
-4596
-5432
-5795
-5563
-5545
-5468
-5086
-4991
-4905
-4032
-2602
-1306
-669
-588
25
1607
3187
4287
5103
5525
6043
7318
8799
9802
10607
11678
12311
10153
5285
3412
7125
9203
4516
-1474
-3522
-2922
-1493
-1296
-4978
-9505
-9420
-6401
-5193
-5835
-6637
-7064
-6166
-4181
-2624
-1361
-59
227
-166
377
1808
3286
4104
3285
1616
1351
2297
2511
1702
367
-1143
-1874
-1794
-2228
-3328
-4213
-4869
-5360
-5443
-5303
-5035
-4726
-4783
-4866
-4305
-3307
-1999
-626
-310
-650
250
2118
3476
4526
5276
5285
5866
7729
9197
9639
10352
11780
12207
9061
3892
3307
8065
9264
3239
-2759
-3992
-2620
-772
-1146
-5824
-10221
-9121
-5620
-4628
-5734
-6885
-7010
-5617
-3741
-2380
-975
148
153
-92
480
1784
3452
4150
2877
1389
1392
1999
2229
1773
103
-1728
-2179
-1990
-2358
-3244
-4617
-5679
-5383
-4963
-5422
-5414
-4924
-4861
-4384
-3608
-3354
-2152
4
448
-109
800
2381
3800
5490
6117
5539
6205
8125
9429
10241
11273
11917
10315
5797
2923
5981
9259
5672
-796
-3693
-3469
-1868
-736
-3677
-8798
-9761
-6843
-5014
-5174
-5964
-6665
-6029
-4081
-2529
-1438
-137
622
542
478
1115
2630
4004
3573
1921
1146
1359
1644
1704
784
-1265
-2578
-2362
-2377
-3318
-4095
-4667
-5425
-5695
-5297
-4944
-4677
-4342
-4331
-4328
-3484
-1873
-475
5
-44
428
1783
3352
4580
5229
5424
5947
7143
8385
9343
10376
11504
11410
8258
3744
3297
7315
8501
3426
-2461
-4370
-3006
-916
-1318
-5582
-9526
-8875
-5776
-4371
-5061
-6211
-6408
-5157
-3416
-2118
-941
137
543
457
588
1462
2955
3767
2958
1564
937
1139
1583
1390
27
-1664
-2662
-2999
-2874
-2823
-3816
-5277
-5756
-5505
-5178
-4561
-4156
-4398
-4375
-3722
-2727
-1107
392
548
386
1369
3048
4683
5821
6047
6035
6890
8341
9675
10945
12133
11633
7676
3191
3963
8250
7929
2153
-2696
-4162
-3338
-1315
-1813
-6563
-10065
-8598
-5871
-4979
-5178
-5953
-6374
-5023
-2986
-1763
-675
562
1074
971
1108
1872
3132
3908
3320
1971
981
815
1314
1363
-38
-2031
-3259
-3540
-3287
-3191
-4106
-5533
-6207
-6099
-5575
-4598
-3921
-4185
-4505
-3944
-2506
-657
605
749
716
1523
3138
4981
6081
6084
6118
6962
8205
9642
11160
12058
11085
7210
2947
3667
8117
7922
1550
-3618
-4214
-2928
-1737
-2543
-6571
-9912
-8761
-5797
-4779
-5270
-5757
-5746
-4827
-3243
-1617
-49
1135
1367
1015
994
1951
3739
4738
3480
1321
645
1410
2045
1572
-386
-2894
-3739
-2790
-2454
-3586
-4884
-5817
-6415
-6042
-5003
-4502
-4547
-4475
-4322
-3817
-2221
-168
753
535
793
2276
4249
5786
6499
6567
6750
7682
9160
10525
11646
12164
10149
5416
2757
5474
8290
5350
-518
-4028
-4467
-2994
-1872
-4293
-8675
-9900
-7841
-6082
-5499
-5529
-5921
-5553
-4176
-2861
-1297
788
1815
1378
1003
1606
3164
4803
4744
2900
1422
1391
1924
1954
782
-1405
-3174
-3515
-3161
-3361
-4309
-5397
-6306
-6837
-6338
-5046
-4464
-4827
-4830
-4264
-3382
-1636
225
735
677
1533
3068
4813
6395
6878
6594
7099
8511
9856
10953
11954
11782
8654
3974
2945
6542
7995
3504
-2207
-4751
-4439
-2636
-2111
-5516
-9729
-9823
-7058
-5379
-5307
-5745
-6024
-5165
-3249
-1635
-472
902
1918
1823
1448
2029
3482
4670
4553
2958
1136
809
1749
1869
203
-2096
-3698
-4123
-3628
-3522
-4754
-6336
-6836
-6610
-6376
-5601
-4439
-4291
-4883
-4351
-2664
-1049
379
1282
1268
1939
4134
6005
6721
7286
7572
7769
9241
11320
12513
12650
10161
4961
2849
6370
8396
4348
-1117
-4150
-4890
-3337
-2102
-5097
-9642
-10311
-8045
-6414
-5861
-6041
-6509
-5842
-4113
-2568
-885
1036
1880
1680
1658
2283
3789
5478
5307
3377
2089
2078
2311
2282
1172
-1363
-3376
-3540
-3282
-3758
-4697
-6023
-7186
-7231
-6590
-5972
-5223
-4784
-5013
-4764
-3391
-1640
77
1244
1297
1596
3565
5825
6875
7245
7503
7923
9256
11027
12128
12623
11317
6880
3185
4812
7932
6074
621
-3504
-4985
-4249
-2781
-4067
-8215
-10487
-9157
-7193
-6316
-6097
-6288
-6221
-5098
-3336
-1479
398
1739
2022
1692
1833
3227
5122
5618
4339
2757
1947
2101
2639
2018
-283
-2523
-3369
-3368
-3343
-3880
-5450
-7240
-7798
-6985
-5915
-5434
-5453
-5465
-5021
-3905
-2250
-608
463
1064
1822
3224
5080
6644
7428
7681
8153
9376
10979
12316
13202
12088
7478
3273
4842
8557
6984
1226
-3190
-4978
-4391
-2472
-3575
-8407
-11148
-9505
-7335
-6566
-6404
-6776
-6887
-5582
-3642
-1852
39
1395
1631
1557
1983
3194
4975
5829
4684
2994
2418
2648
2834
2231
202
-2214
-3187
-2931
-2987
-3949
-5663
-7308
-7585
-6711
-6137
-6024
-5881
-5792
-5274
-3879
-2402
-1237
21
1155
2174
3673
5290
6564
7674
8382
8869
10116
11858
13151
13377
10825
6032
4227
7030
8257
4483
-444
-3444
-4410
-3517
-3117
-5900
-9539
-10276
-8795
-7441
-6816
-6865
-7060
-6431
-4977
-3236
-1302
437
1446
1820
1932
2434
3939
5537
5606
4303
3124
2797
3078
3159
1890
-561
-2342
-2637
-2641
-3258
-4386
-6011
-7423
-7350
-6387
-6151
-6218
-5813
-5614
-5384
-3943
-2003
-833
25
1008
2035
3605
5705
7187
7632
8018
9146
10767
12403
13732
12914
8323
3954
5340
9149
7761
1962
-2488
-4137
-3615
-2142
-3472
-8087
-10768
-9481
-7655
-7054
-7029
-7332
-7199
-5989
-4510
-2912
-739
970
1302
1166
1602
2951
4882
5834
4802
3166
2640
3138
3620
2975
862
-1323
-2179
-2221
-2464
-3310
-5002
-6650
-6847
-6264
-6259
-6278
-5728
-5423
-5308
-4537
-3260
-1785
-196
898
1585
2909
4825
6303
7287
8276
9298
10370
12008
13808
13068
8630
4978
6170
8641
7275
2845
-1523
-3936
-3309
-1939
-3896
-8024
-10006
-9364
-8025
-6976
-7099
-7917
-7488
-5970
-4737
-3234
-1200
135
726
1205
1539
2510
4557
5703
4740
3338
2873
3073
3460
3067
1109
-1056
-1772
-1719
-2136
-3141
-4712
-6204
-6384
-5791
-5793
-5861
-5376
-5174
-5105
-4267
-3119
-2024
-518
822
1524
2612
4272
5626
6798
8062
8871
9617
11322
13178
12442
8306
4780
5899
8713
7443
2546
-1562
-3239
-2805
-1777
-3369
-7555
-9835
-8719
-7208
-6855
-7037
-7314
-7025
-5837
-4548
-3205
-1377
129
670
758
1047
2175
4089
5120
4315
3043
2564
2804
3188
2694
921
-782
-1447
-1698
-2160
-3165
-4672
-5569
-5463
-5569
-5976
-5639
-4971
-4702
-4454
-3982
-3199
-1653
100
1175
2056
3180
4275
5576
7196
8406
9088
10155
11926
12556
9792
5684
5297
8109
8232
4309
52
-2576
-3063
-1669
-1973
-5931
-9298
-8964
-7364
-6604
-6468
-6991
-7275
-6074
-4452
-3363
-1879
-139
685
822
1053
1807
3376
4806
4601
3229
2348
2497
3015
2823
1485
-243
-1443
-1850
-1931
-2820
-4473
-5210
-4977
-5348
-5885
-5475
-4877
-4445
-3803
-3679
-3622
-1864
673
1833
2170
2892
3994
5514
7195
8188
8628
9533
11257
12197
9811
5447
4398
7106
7796
4346
68
-2761
-3419
-2177
-2321
-5727
-8835
-8837
-7460
-6506
-6303
-6893
-7026
-5678
-4181
-3287
-1856
-76
821
1023
1245
1823
3090
4432
4434
3149
2159
2255
2656
2240
957
-419
-1428
-1864
-1915
-2813
-4645
-5374
-4773
-4845
-5456
-5239
-4777
-4314
-3355
-3004
-3244
-1913
563
1904
2523
3446
4189
5122
6782
8080
8538
9309
10879
11707
9571
5495
4167
6476
7340
4250
51
-2824
-3521
-2263
-2339
-5856
-9010
-8650
-7032
-6323
-6182
-6586
-6832
-5566
-3804
-2974
-1873
63
1236
1289
1332
1881
3074
4529
4741
3379
2102
2066
2657
2509
964
-935
-1793
-1830
-2045
-2888
-4349
-5424
-5163
-4692
-5184
-5468
-4750
-3934
-3387
-2929
-2547
-1460
632
2321
3029
3678
4591
5616
6992
8305
8977
9648
10942
11251
8597
4952
4497
6531
6275
2859
-687
-3063
-3864
-2882
-3111
-6502
-9315
-8711
-7225
-6719
-6389
-6315
-6411
-5447
-3820
-2653
-1301
522
1553
1478
1477
2271
3584
4576
4506
3400
2213
1984
2503
2260
660
-1072
-1927
-2252
-2681
-3639
-4768
-5125
-4864
-5072
-5619
-5449
-4442
-3301
-2751
-2769
-2235
-382
1871
3396
4047
4280
4955
6742
8720
9620
9966
10941
11453
9359
5905
4917
6504
6705
3861
-145
-3311
-4102
-2746
-2882
-6353
-9584
-9690
-8238
-7002
-6499
-7119
-7616
-6343
-4336
-2917
-1450
134
970
1296
1823
2631
3804
4914
4880
3718
2717
2644
3010
2663
1190
-569
-1629
-1876
-2004
-3093
-4884
-5583
-5061
-5115
-5734
-5516
-4731
-3998
-3158
-2773
-2692
-1225
1376
2991
3504
4141
5032
6289
8021
9337
9923
10689
11480
10490
7426
5084
5671
6957
5379
1372
-2083
-3586
-3321
-2926
-4855
-8485
-10020
-8717
-7373
-7132
-7224
-7406
-7052
-5504
-3733
-2465
-1003
543
1194
1310
1932
3179
4454
4992
4359
3244
2737
2881
2876
2120
557
-1079
-1850
-2068
-2916
-4196
-4760
-4878
-5456
-5911
-5526
-4802
-3942
-3012
-2781
-2815
-1457
1040
2976
3984
4510
4916
6116
8244
9829
10396
11133
11584
9695
6456
5589
7149
7004
3908
486
-2083
-3650
-3299
-2821
-5392
-9081
-9885
-8582
-7615
-7031
-6902
-7517
-7366
-5636
-3618
-2055
-672
273
594
978
2046
3496
4482
4611
3995
3035
2593
2987
2996
1834
301
-886
-1570
-1803
-2560
-4065
-4744
-4523
-4999
-5617
-5133
-4337
-3673
-2924
-2732
-2654
-1116
1327
3066
3964
4328
4711
6199
8425
9786
10288
10938
11116
9332
6578
5705
6819
6808
4213
574
-2371
-3406
-2657
-2888
-5739
-8717
-9507
-8666
-7278
-6493
-7191
-7898
-7030
-5446
-3919
-2190
-816
-249
264
933
1642
2834
4051
4151
3285
2554
2413
2596
2472
1599
127
-1158
-1695
-2097
-2994
-3673
-3919
-4688
-5509
-5217
-4494
-3951
-3083
-2704
-3113
-2253
230
2309
3542
4362
4503
5191
7547
9637
10270
11018
11560
9616
6627
6305
7912
7475
4477
1342
-1017
-2300
-2125
-2469
-5229
-8127
-8703
-8199
-7840
-7264
-7067
-7491
-7246
-6090
-4797
-3115
-1141
-28
50
236
1189
2661
3874
4063
3280
2446
2319
2625
2567
1696
257
-967
-1546
-2217
-3331
-3750
-3546
-4336
-5590
-5602
-4867
-4065
-2864
-2426
-3139
-2555
24
2342
3633
4407
4540
5037
7043
9239
10236
10950
11451
9863
6770
5713
7250
7676
5226
1792
-1041
-2559
-2178
-1940
-4314
-7539
-8739
-8348
-7562
-6657
-6553
-7272
-7217
-6057
-4662
-3025
-1273
-306
-86
160
840
2110
3513
3927
3106
2090
1736
2031
2247
1585
111
-1226
-1955
-2573
-3255
-3440
-3486
-4313
-5350
-5413
-4695
-3695
-2581
-2273
-2757
-2135
136
2424
3888
4579
4542
5039
7100
9266
10169
10753
11135
9633
6843
5776
6837
7095
5107
2022
-941
-2656
-2430
-2125
-4033
-6909
-8291
-8178
-7368
-6309
-6078
-6775
-6823
-5811
-4526
-2883
-1120
-327
-346
-49
737
1817
3011
3419
2672
1848
1653
1682
1668
1337
266
-1163
-2309
-3129
-3326
-2911
-3240
-4639
-5475
-5149
-4361
-3239
-2375
-2609
-2801
-1576
359
2267
4028
4705
4412
4970
6917
8917
10180
10839
10687
9038
6634
5859
7042
7120
4594
1495
-715
-2038
-2212
-2242
-4025
-6721
-7973
-7605
-6734
-6053
-6048
-6403
-6190
-5400
-4266
-2629
-1041
-280
-70
102
512
1583
2902
3150
2277
1503
1235
1235
1378
1060
-182
-1476
-2303
-3188
-3580
-3013
-3165
-4672
-5502
-5018
-4303
-3250
-2244
-2533
-2896
-1527
600
2371
3936
4564
4282
5152
7380
8934
9572
10402
10679
9075
6586
5537
6336
6780
4950
1571
-1247
-2371
-2143
-2143
-3823
-6521
-8032
-7610
-6509
-5864
-5794
-5950
-5847
-5154
-3907
-2309
-800
73
237
189
576
1696
2957
3206
2289
1148
641
845
1158
693
-586
-1940
-3130
-3716
-3134
-2703
-3919
-5334
-5353
-4726
-3905
-2711
-2322
-2755
-2073
-167
1620
3274
4616
4803
4996
6592
8461
9610
10696
10977
8962
6361
5970
6929
6618
4771
2121
-825
-2478
-2085
-1996
-4006
-6502
-7690
-7679
-6890
-5960
-5888
-6345
-6085
-5004
-3787
-2452
-999
47
407
497
932
1877
2882
3276
2789
1787
1037
1030
1255
798
-355
-1666
-2973
-3730
-3297
-2900
-4040
-5428
-5440
-4844
-4160
-3032
-2513
-2879
-2245
-370
1307
2926
4499
4842
4852
6260
8219
9546
10603
10797
8976
6508
5838
6760
6877
4988
2105
-454
-1991
-2280
-2287
-3628
-6055
-7588
-7590
-6958
-6283
-5807
-5824
-5928
-5366
-4079
-2421
-849
157
449
489
901
1915
2994
3322
2746
1807
1118
1030
1274
953
-223
-1658
-2938
-3697
-3487
-3060
-3724
-5086
-5692
-5252
-4178
-3009
-2518
-2601
-2110
-558
1583
3637
4643
4585
5112
6904
8679
9943
10944
10310
7648
5907
6773
7488
5830
3260
1102
-792
-1813
-1970
-3166
-5517
-6812
-6917
-7206
-7194
-6423
-6008
-5947
-5352
-4569
-3665
-1916
-111
453
367
668
1404
2451
3377
3275
2301
1523
1276
1248
1040
333
-797
-2084
-3306
-3787
-3331
-3240
-4185
-5124
-5311
-4816
-3582
-2379
-2268
-2295
-1101
868
2830
4369
4848
4968
6251
8101
9250
10218
10548
8681
6174
5832
6657
6205
4386
1810
-809
-1969
-1946
-2804
-4631
-6063
-7105
-7657
-7052
-6203
-6097
-5887
-5290
-4968
-4105
-2095
-386
243
552
734
1008
2024
3104
3158
2555
1822
1089
908
1072
529
-652
-1931
-3202
-3707
-3269
-3269
-4075
-4704
-5049
-4882
-3592
-2268
-1958
-1665
-708
679
2764
4703
5062
4993
6242
7982
9278
10319
10144
8143
6329
6181
6299
5416
4013
2130
-490
-2349
-2479
-2902
-4783
-6202
-6581
-7293
-7548
-6423
-5755
-6041
-5497
-4453
-3923
-2630
-547
410
445
930
1504
1878
2657
3230
2667
1725
1275
954
510
201
-453
-2071
-3544
-3613
-3190
-3588
-4358
-4850
-5143
-4655
-3231
-2315
-2270
-1688
-205
1470
3226
4568
4867
5388
7142
8741
9506
10300
10135
7939
6176
6649
6939
5366
3333
1387
-699
-1857
-2216
-3454
-5323
-6443
-6890
-7089
-6947
-6695
-6343
-5765
-5332
-4883
-3667
-2051
-769
182
592
557
1200
2546
3167
2801
2222
1616
1150
1114
881
-186
-1597
-2628
-3124
-3292
-3592
-4283
-4951
-5085
-4693
-4118
-3562
-2941
-2044
-784
792
2456
3671
4468
5580
7079
8207
9097
10228
10431
8863
7265
7057
6915
5773
4296
2545
266
-1455
-2077
-2795
-4349
-6059
-7047
-7203
-7046
-6825
-6393
-6081
-5978
-5216
-3758
-2574
-1557
-317
360
488
1176
2141
2579
2776
2704
1945
1194
1093
947
182
-991
-2179
-2903
-3032
-3244
-3981
-4765
-5018
-4748
-4261
-3811
-3286
-2445
-1251
249
1730
2794
3759
5087
6397
7482
8700
9814
9991
9089
7764
6896
6895
6785
5249
2791
873
-264
-1167
-2088
-3453
-5293
-6466
-6376
-6174
-6469
-6470
-5983
-5630
-5140
-4125
-3043
-2015
-782
82
178
401
1272
2107
2351
2152
1578
864
599
656
143
-1145
-2246
-2627
-2803
-3180
-3672
-4234
-4537
-4189
-3755
-3694
-3222
-1948
-662
415
1577
2512
3334
4726
6241
7057
7741
8846
9313
8364
7141
6653
6361
5742
4856
3218
1021
-340
-734
-1683
-3173
-4362
-5268
-5821
-5558
-5097
-5176
-5135
-4674
-4196
-3492
-2332
-1253
-570
-92
94
186
651
1169
1221
938
378
-332
-639
-666
-1232
-2138
-2621
-2912
-3246
-3241
-3204
-3564
-3610
-3119
-2852
-2524
-1444
-249
631
1683
2580
3045
3902
5163
5864
6245
6950
7521
7341
6357
5117
4453
4270
3790
2837
1407
-252
-1006
-901
-1527
-2825
-3383
-3452
-3577
-3242
-2813
-2992
-2885
-2109
-1744
-1704
-1091
-359
-68
112
104
-231
-262
59
33
-476
-1150
-1731
-1930
-2013
-2490
-3031
-3243
-3394
-3451
-3251
-3219
-3258
-2782
-2220
-2054
-1588
-626
287
1313
2408
2811
3005
3948
4894
5182
5626
6439
6779
6232
5000
3766
3470
3847
3482
1869
79
-729
-575
-448
-1040
-2158
-3052
-2963
-2054
-1396
-1563
-1900
-1783
-1356
-868
-402
-113
-80
-104
-98
-218
-432
-460
-412
-727
-1458
-2110
-2306
-2287
-2490
-2928
-3353
-3556
-3376
-2999
-2933
-3130
-2936
-2395
-1967
-1494
-846
-255
628
1803
2322
2363
3079
4061
4447
4823
5345
5544
5695
5554
4398
3242
3099
3031
2345
1401
349
-419
-589
-911
-1556
-1727
-1726
-2008
-1842
-1287
-1212
-1136
-679
-718
-991
-422
224
10
-302
-374
-709
-849
-572
-790
-1533
-1918
-2060
-2360
-2520
-2599
-2924
-3123
-2930
-2771
-2790
-2704
-2469
-2236
-1947
-1526
-1040
-513
319
1369
1888
1931
2422
3294
3851
4279
4674
4874
5288
5417
4332
3252
3288
3160
2444
1976
1046
-287
-355
14
-901
-1731
-1462
-1522
-1806
-1289
-960
-1285
-1094
-570
-682
-809
-376
-97
-235
-419
-638
-950
-1102
-1038
-1161
-1701
-2231
-2404
-2528
-2690
-2621
-2624
-2916
-2943
-2586
-2413
-2336
-1974
-1668
-1586
-1226
-486
350
1131
1639
1852
2216
2774
3262
3775
4141
4286
4742
5039
4107
2918
2789
2829
2438
2088
1234
-82
-362
55
-328
-899
-974
-1260
-1370
-709
-355
-627
-589
-432
-612
-503
-84
-57
-281
-500
-879
-1216
-1234
-1236
-1531
-2037
-2512
-2682
-2641
-2674
-2757
-2816
-2886
-2809
-2498
-2231
-2030
-1734
-1467
-1301
-971
-357
513
1376
1739
1775
2197
2857
3202
3458
3798
4097
4397
4266
3435
2838
2810
2454
1890
1577
915
152
94
-29
-596
-651
-495
-763
-683
-276
-320
-243
183
32
-313
-169
-127
-249
-153
-399
-1047
-1297
-1360
-1709
-2029
-2314
-2704
-2946
-3038
-3116
-3063
-2945
-2913
-2779
-2535
-2253
-1770
-1325
-1242
-1105
-486
359
1134
1568
1531
1773
2674
3271
3101
2998
3417
3947
4171
3677
2649
2126
2334
2374
1871
1045
312
227
383
-61
-478
-276
-310
-504
-99
101
-205
99
551
106
-229
84
13
-302
-279
-636
-1321
-1430
-1399
-1883
-2351
-2552
-2791
-2985
-3011
-3066
-3182
-3068
-2694
-2443
-2442
-2237
-1709
-1283
-937
-468
-38
418
1080
1561
1834
2296
2710
2800
2915
3221
3640
4006
3684
2664
2098
2318
2304
1734
1120
566
180
234
254
-184
-486
-276
-100
-99
58
156
166
440
584
203
9
246
206
-116
-361
-832
-1372
-1463
-1521
-1957
-2344
-2581
-2904
-3099
-3027
-2916
-2821
-2760
-2751
-2650
-2360
-1913
-1427
-1151
-1036
-554
323
1004
1234
1359
1710
2199
2613
2898
2988
3015
3325
3583
3077
2317
2198
2164
1716
1362
987
365
159
255
-78
-290
-12
-62
-287
24
344
375
566
571
174
161
462
318
-34
-240
-602
-1001
-1118
-1337
-1793
-2113
-2343
-2663
-2783
-2719
-2791
-2799
-2619
-2508
-2390
-2075
-1854
-1697
-1278
-859
-579
12
672
873
1064
1519
1714
1891
2453
2703
2552
2851
3133
2664
2263
2295
2017
1652
1604
1233
745
832
697
50
87
477
158
-96
230
194
54
480
476
-158
-172
172
-95
-404
-367
-630
-1050
-1150
-1305
-1676
-1857
-1915
-2123
-2311
-2346
-2312
-2293
-2345
-2336
-2144
-1933
-1818
-1658
-1406
-1094
-556
1
116
128
676
1311
1477
1641
1907
1886
2095
2831
3013
2442
2104
1956
1783
2026
2090
1261
661
846
732
497
752
619
52
131
426
220
283
608
308
-157
-131
-138
-294
-239
-363
-869
-1232
-1290
-1312
-1427
-1702
-2000
-2097
-2077
-2050
-1962
-1967
-2090
-2006
-1846
-1884
-1772
-1369
-1105
-934
-539
-222
-147
157
716
984
972
1142
1514
1740
1883
2185
2325
2077
1945
2036
1807
1567
1801
1698
1001
822
1019
702
603
981
678
142
445
619
178
266
515
-19
-390
-187
-397
-734
-624
-843
-1461
-1581
-1419
-1509
-1651
-1817
-2056
-2047
-1874
-1824
-1775
-1721
-1768
-1711
-1571
-1488
-1228
-820
-552
-338
-137
-70
203
704
921
1025
1323
1378
1348
1838
2228
2051
2025
2092
1714
1578
1931
1833
1352
1227
1064
627
674
1113
1062
586
375
439
423
431
505
267
-258
-427
-315
-549
-862
-838
-989
-1499
-1679
-1583
-1672
-1645
-1484
-1736
-2090
-1969
-1689
-1644
-1615
-1575
-1687
-1725
-1496
-1116
-743
-397
-212
-301
-282
232
834
979
923
1024
1134
1349
1799
2099
1964
1823
1836
1703
1596
1812
1873
1369
896
915
998
909
932
912
651
500
584
472
318
438
384
-130
-510
-554
-633
-756
-799
-1084
-1556
-1667
-1470
-1434
-1522
-1507
-1624
-1831
-1700
-1418
-1404
-1351
-1227
-1454
-1555
-1014
-562
-464
-219
-135
-325
17
654
658
519
748
847
853
1137
1329
1346
1500
1474
1043
724
866
1349
1623
1126
330
252
734
1114
1207
854
337
488
980
821
413
371
243
-51
-176
-437
-780
-719
-618
-1045
-1519
-1539
-1341
-1246
-1271
-1444
-1615
-1536
-1251
-1076
-1163
-1205
-944
-723
-729
-621
-315
-100
-11
31
-90
-53
396
779
636
424
568
861
1110
1282
1223
1083
1145
1324
1344
1214
1137
1125
1005
742
558
541
522
470
401
184
23
142
271
133
-35
-118
-192
-236
-250
-340
-481
-591
-703
-850
-971
-947
-850
-943
-1191
-1261
-1203
-1133
-966
-864
-967
-885
-502
-288
-312
-252
-158
-1
216
258
163
312
568
613
566
519
560
787
948
857
767
808
837
883
898
737
601
607
575
478
440
319
102
30
94
74
-40
-128
-136
-143
-190
-237
-285
-390
-419
-320
-417
-647
-648
-548
-638
-712
-711
-814
-825
-644
-610
-700
-583
-372
-288
-193
-66
-55
-67
59
166
151
174
254
235
185
266
388
460
532
594
554
542
699
887
914
775
628
589
644
665
527
327
181
127
120
19
-140
-192
-185
-251
-380
-459
-451
-384
-374
-538
-720
-687
-477
-406
-549
-715
-703
-535
-407
-402
-461
-437
-344
-243
-121
14
108
128
134
149
193
287
364
359
289
230
242
290
341
403
429
388
374
484
605
636
590
509
489
537
512
414
323
268
222
114
-84
-148
18
35
-255
-457
-395
-273
-191
-277
-578
-708
-486
-360
-557
-701
-659
-623
-609
-625
-672
-624
-452
-343
-387
-404
-217
45
143
133
142
233
393
523
512
430
518
632
557
483
515
555
565
561
443
316
414
590
516
312
204
195
295
396
279
-2
-80
16
13
-84
-149
-164
-186
-239
-319
-355
-336
-301
-348
-476
-533
-474
-436
-507
-579
-607
-619
-561
-502
-513
-483
-373
-316
-291
-202
-109
-4
95
132
155
253
373
429
463
471
503
575
626
630
648
659
634
651
625
520
514
573
496
373
320
242
170
189
143
-69
-195
-167
-200
-303
-342
-358
-407
-421
-416
-437
-451
-410
-383
-453
-505
-440
-388
-438
-437
-368
-353
-362
-323
-308
-287
-182
-124
-166
-133
-6
27
9
43
109
189
289
341
328
359
461
547
549
532
572
589
584
568
522
458
477
504
399
273
253
285
239
125
13
-40
-67
-114
-209
-290
-312
-310
-385
-499
-520
-441
-417
-483
-518
-521
-497
-411
-349
-400
-412
-312
-243
-247
-234
-184
-139
-110
-101
-81
-11
81
152
134
102
173
309
341
279
305
373
407
429
423
375
380
446
420
381
359
350
371
383
310
214
216
223
174
117
55
5
2
-4
-81
-138
-146
-194
-230
-264
-305
-330
-317
-340
-397
-422
-410
-384
-373
-388
-373
-308
-286
-279
-235
-200
-177
-126
-94
-98
-30
54
61
57
117
172
200
233
239
265
340
400
416
399
380
385
396
406
400
348
297
328
339
236
132
117
109
96
93
8
-74
-57
-47
-137
-197
-184
-193
-202
-206
-229
-231
-237
-268
-274
-228
-213
-215
-231
-276
-278
-228
-219
-282
-322
-307
-238
-177
-187
-214
-176
-73
-25
-3
15
60
144
203
195
200
287
352
348
351
379
376
376
408
367
306
349
403
317
225
222
175
127
145
132
10
-11
39
-58
-160
-154
-118
-142
-171
-211
-267
-257
-208
-196
-244
-281
-242
-189
-190
-208
-191
-188
-204
-184
-171
-183
-151
-107
-143
-172
-122
-70
-58
-34
-4
2
31
61
80
96
138
202
216
180
162
204
228
212
236
258
242
270
307
262
211
219
214
170
161
168
119
62
14
-43
-82
-70
-70
-131
-175
-170
-166
-184
-185
-196
-212
-179
-144
-172
-216
-194
-137
-121
-154
-181
-142
-69
-31
-63
-108
-83
-2
51
23
-15
3
44
75
69
47
60
126
146
89
46
59
121
157
128
83
102
136
143
138
108
107
153
177
134
93
110
110
78
46
31
29
21
-4
-60
-94
-75
-52
-81
-104
-77
-62
-77
-90
-97
-131
-117
-62
-66
-89
-101
-109
-124
-134
-131
-117
-90
-76
-85
-89
-72
-51
-32
-21
-11
25
59
58
36
38
58
61
84
112
118
110
116
115
78
84
132
146
130
123
92
60
95
106
48
24
59
56
19
21
10
-23
-19
3
-21
-44
-4
11
-29
-54
-25
-6
-19
-22
-33
-77
-89
-55
-59
-127
-132
-99
-102
-104
-86
-84
-80
-20
-1
-25
-22
21
31
3
-19
-8
33
49
29
6
11
45
102
107
71
93
148
144
101
70
46
36
50
22
-24
-8
20
-3
-39
-40
-38
-12
25
0
-40
-17
27
16
-5
-15
-8
15
41
17
-51
-42
-8
-23
-70
-77
-38
-20
-56
-106
-130
-101
-46
-25
-62
-88
-66
-19
-4
-11
-20
-10
24
25
11
22
52
65
76
66
61
99
139
108
41
32
41
47
50
26
-5
-4
4
-31
-45
-26
-24
-27
-26
-31
-28
6
8
-14
-28
-7
21
26
5
-38
-34
-14
-8
-20
-39
-34
-31
-33
-52
-52
-29
-21
-24
-49
-59
-46
-25
-41
-45
-29
-13
12
16
12
27
59
58
53
90
110
115
110
90
68
59
78
80
51
19
9
1
-5
-7
-22
-47
-48
-20
-22
-41
-40
-34
-33
-25
-8
-19
-21
4
-2
-25
-26
-10
8
-1
-17
-39
-40
-38
-45
-48
-57
-59
-42
-35
-63
-71
-47
-34
-41
-40
-33
-23
8
24
14
30
63
84
88
105
120
123
123
114
107
116
126
103
64
42
46
32
19
7
-4
-4
4
10
-20
-38
-27
-23
-33
-39
-41
-45
-25
-23
-53
-55
-26
9
8
-10
-15
-19
-23
-28
-28
-29
-26
-17
-34
-50
-50
-44
-37
-42
-44
-41
-22
-6
-15
-22
-17
13
50
55
60
69
84
94
95
109
110
108
97
85
81
76
60
46
29
24
27
32
31
15
1
-16
-18
-7
-8
-15
-25
-37
-39
-20
-5
-8
-5
-4
-19
-24
-2
10
-4
-2
-1
-16
-16
-13
-24
-51
-63
-60
-45
-37
-40
-37
-49
-56
-46
-22
1
17
15
13
31
50
57
46
42
58
69
77
74
74
76
64
57
57
48
52
44
21
4
4
14
7
0
-10
-16
-20
-25
-33
-24
-18
-12
-15
-16
-15
0
-2
-22
-25
-14
-2
4
3
-23
-34
-31
-41
-41
-37
-36
-53
-60
-53
-49
-33
-32
-32
-30
-4
12
9
27
30
39
40
43
52
75
79
59
52
53
56
71
70
47
29
16
17
27
24
7
-8
-2
1
4
5
-12
-12
-11
-2
-8
-1
13
-1
-10
-5
2
0
9
10
-5
-10
-7
-3
-19
-20
-25
-21
-22
-28
-37
-42
-28
-29
-30
-28
-22
-5
-6
-10
-8
1
6
6
13
12
27
41
38
27
26
31
38
38
28
29
18
12
14
-2
-16
-4
4
-11
-20
-27
-22
-26
-20
-25
-27
-20
-21
-23
-25
-22
-3
5
1
8
10
6
12
11
-7
-19
1
16
-13
-20
-16
-9
0
2
-6
-18
-4
4
4
-2
6
15
7
1
17
32
36
40
27
11
31
51
55
37
25
24
25
36
27
10
0
14
22
4
-7
1
3
-4
0
8
9
1
-3
-14
-18
5
4
-16
-10
8
2
-7
-5
-6
2
11
4
-6
-10
-4
2
10
-9
-18
3
-5
-17
-12
-11
-28
-23
-17
-21
-9
-2
-6
-13
3
17
24
25
24
32
30
26
33
35
33
25
21
15
16
21
13
-4
-10
-5
-1
2
-1
-22
-27
-11
2
-6
-1
3
0
3
8
0
1
18
17
19
19
9
1
5
8
-1
-8
7
6
0
2
-6
-17
-17
-26
-33
-30
-38
-30
-27
-28
-32
-27
-11
-6
-11
6
16
18
32
25
32
47
54
54
42
48
48
34
30
18
10
8
11
-3
-20
-18
-9
-8
-19
-23
-26
-26
-27
-26
-41
-39
-12
-3
-11
-10
1
4
2
6
9
21
21
16
2
-6
-4
-5
-10
-26
-29
-26
-26
-33
-36
-30
-24
-21
-21
-17
-17
-8
5
-1
-2
11
26
33
48
47
43
53
47
46
46
42
38
36
22
13
0
0
-6
-9
-11
-25
-25
-35
-37
-39
-38
-33
-27
-21
-21
-29
-26
-15
-3
3
1
4
13
20
15
11
9
19
15
2
-3
-12
-17
-22
-16
-20
-31
-38
-30
-24
-30
-23
-13
-18
-14
-7
1
9
17
30
31
43
48
51
49
49
43
44
40
26
20
8
2
-6
-12
-28
-27
-26
-43
-51
-44
-39
-43
-36
-27
-30
-17
-4
-6
-13
-5
2
4
10
14
17
11
5
2
4
0
1
-1
-10
-15
-12
-20
-28
-27
-29
-25
-25
-26
-28
-17
-8
3
12
10
7
22
47
49
40
45
50
48
48
50
47
40
39
36
19
7
8
2
-6
-12
-18
-22
-17
-24
-33
-29
-32
-28
-24
-19
-17
-16
-7
-2
5
2
5
6
11
12
7
7
4
8
8
0
-9
-21
-25
-15
-14
-26
-35
-39
-32
-27
-25
-30
-20
-9
-5
11
22
25
27
31
33
47
51
43
38
32
30
28
26
23
10
8
4
3
-11
-13
-7
-18
-18
-14
-9
-13
-17
-16
-18
-10
3
3
7
12
7
12
10
17
15
16
8
10
11
8
15
1
-9
-16
-14
-21
-25
-27
-25
-32
-33
-24
-15
-13
-13
-6
-2
-4
-1
11
18
16
13
8
14
19
23
18
6
6
14
13
-5
-4
1
-8
-10
1
-10
-14
-10
-13
-4
4
2
3
7
9
12
20
24
21
22
18
14
20
32
16
5
3
3
11
4
4
-7
-11
-12
-12
-16
-18
-19
-22
-17
-22
-21
-15
-3
-5
-6
-4
1
1
1
11
2
1
5
10
6
-2
0
-8
-10
1
0
-8
-13
-10
-8
-18
-13
-12
-20
-15
-11
-18
-26
-14
-2
-3
-2
0
0
3
7
2
-3
-8
-7
4
6
-4
-7
-10
-13
-11
-15
-17
-18
-11
-10
-15
-13
-3
2
-8
-4
-3
4
9
13
17
3
14
20
18
17
16
3
0
5
4
-5
-11
-1
-1
-5
-4
-12
-17
-9
-7
-11
-27
-29
-18
-18
-13
-27
-25
-19
-13
-11
-20
-20
-14
-5
-4
-3
-9
-7
4
5
-3
-7
-1
-1
5
2
-5
-6
0
0
2
-2
-4
6
4
3
2
2
9
13
9
3
0
3
4
6
-5
-5
-2
-1
3
-3
-7
-9
-3
-6
-5
-1
-8
-7
-9
-9
-10
-13
-18
-7
-3
-10
-11
-6
-4
-6
-7
-11
-10
-5
2
-3
-6
-4
-7
2
-3
1
4
4
1
-6
-6
0
3
9
13
5
8
11
15
13
10
5
10
17
7
-4
-1
-10
-13
-5
-5
-6
-10
-6
2
-18
-15
-2
-4
-5
-4
-4
-5
-3
-2
-1
-4
0
1
0
-2
-3
-3
-11
-8
-1
-10
-7
2
2
-5
1
7
0
7
8
4
12
17
15
11
13
15
23
27
20
13
22
25
19
13
10
12
23
20
11
5
-3
1
3
3
4
4
-8
-5
-6
-9
-5
-3
-7
-14
-15
-15
-16
-17
-11
-13
-10
-14
-11
-15
-9
-13
-6
-10
-13
-5
-2
-1
-4
-6
-5
3
-4
-3
1
4
1
-1
3
8
9
10
7
-2
5
15
9
9
6
11
11
14
14
8
9
17
14
3
-3
6
12
6
-6
-10
-2
-1
-7
-16
-11
-8
-7
-8
-13
-14
-14
-12
-12
-27
-26
-22
-6
-14
-29
-33
-28
-17
-15
-19
-29
-18
-9
-6
-11
-15
-14
-1
2
1
-5
-12
-2
2
-2
-12
-4
0
3
4
0
-5
-3
5
-2
-4
1
6
10
12
-1
-11
-4
7
11
2
-6
-10
-2
7
0
-8
-9
8
16
12
-1
-2
5
4
3
-6
-9
1
5
1
-10
-17
-12
-1
5
-7
-15
-13
-13
0
-5
-23
-20
-5
0
-6
-20
-24
-15
1
5
-10
-17
-9
-2
-1
-16
-24
-12
-1
0
-14
-18
-14
3
9
2
-6
-6
10
10
3
-7
-5
9
15
11
0
-1
10
20
6
-8
-7
3
13
2
-10
-17
-1
2
-3
-14
-19
-10
-5
-4
-13
-15
-10
3
4
-12
-19
-15
1
8
-5
-17
-14
-2
4
-2
-16
-17
-3
8
8
-17
-18
-4
10
6
-6
-12
-7
3
11
2
-11
-1
14
19
10
2
6
15
21
11
-8
-8
9
14
4
5
0
4
2
3
-7
-14
-3
13
9
-11
-14
4
17
12
4
-5
2
11
22
6
-11
-4
7
15
5
-10
-10
1
8
1
-11
-11
-5
7
-5
-17
-20
-13
8
12
-3
-14
-4
14
16
0
-9
0
19
18
7
-6
6
14
16
3
-5
6
9
18
10
-8
-13
-2
14
5
-10
-16
1
12
11
-6
-13
1
8
13
1
-8
3
16
15
6
-4
-2
10
14
8
-4
-5
10
16
5
-14
-8
1
9
10
-9
-14
-3
7
11
-1
-15
-5
8
15
1
-8
0
10
18
0
-15
-18
-5
3
-2
-16
-15
-5
6
-2
-20
-17
0
7
2
-17
-21
-4
6
8
-9
-13
-1
8
15
-3
-13
-4
12
22
6
-4
3
18
20
9
-1
3
11
10
3
-12
-8
3
12
6
-12
-7
-9
12
2
-18
-12
-5
12
4
-7
-18
-15
3
8
0
-16
-15
-2
-1
-11
-20
-18
-4
5
-7
-21
-22
-8
1
-2
-10
-21
-9
9
1
-14
-17
-12
2
4
-6
-14
-12
2
6
-1
-16
-5
4
5
3
-11
-9
-1
8
9
0
-6
1
12
13
-2
-2
0
11
11
-5
-13
-5
5
7
-7
-18
-7
2
8
-5
-18
-13
4
18
10
-10
-9
1
10
14
-7
-9
-4
10
9
-10
-13
0
13
8
-4
-8
-4
8
13
-2
-12
-5
14
20
3
-7
-5
3
10
8
-8
-6
7
12
0
-7
-12
-4
17
4
-4
-12
-1
9
-1
-6
-5
-7
8
9
-1
-12
-8
8
-4
-7
-18
-13
-4
0
-5
-13
-19
-5
5
-3
-6
-13
3
10
10
-3
-7
-5
6
7
-8
-12
-9
2
11
1
-15
-7
-1
1
-9
-19
-12
0
2
-9
-17
-22
-5
7
6
-11
-11
-3
-1
4
-5
-12
-10
8
10
2
-11
-7
3
16
4
-6
-4
-4
2
5
-6
-16
-1
4
5
-2
-7
-9
9
5
-8
-16
-12
6
-1
-16
-22
-11
-5
0
-3
-16
-9
-2
4
0
-11
-13
1
2
0
-10
-18
-10
-3
-2
-9
-22
-7
3
2
-9
-11
-6
-4
8
-4
-9
-7
-1
6
3
-3
-8
5
8
4
-9
-10
-4
0
1
-12
-18
-10
3
5
6
-9
2
7
11
7
-2
-3
3
11
10
0
-12
-2
0
-5
-8
-9
-4
-3
0
-8
-12
-9
-4
6
0
-4
-10
2
5
0
-7
-9
-5
1
6
1
-5
1
7
1
-6
-8
-6
0
2
-3
-4
-8
-3
-1
-4
-9
-4
-5
-3
3
-8
-8
-3
-4
-8
-11
-9
-1
-3
6
1
-6
-7
-14
-4
-6
-8
-6
1
0
-2
-4
-8
-5
-1
-3
-8
-3
-3
-2
2
-4
-10
-6
-4
-6
-6
-8
-3
-5
-3
2
-3
-3
-1
3
3
-1
-9
-11
-4
-2
-4
-4
-7
-10
-2
-2
-4
-10
-14
-5
0
1
-8
-9
-6
-6
-8
-8
-12
-10
-5
1
-6
-15
-7
-2
6
2
-4
-7
1
11
9
2
-5
4
10
7
-3
-11
-7
4
12
6
-5
6
3
10
2
-5
-2
3
16
4
-8
-10
1
8
1
-5
-12
-11
6
7
-8
-15
-10
5
11
-1
-13
-11
5
10
7
-1
-12
-1
13
4
-5
-11
-2
14
14
-7
-16
-10
7
12
7
-12
-10
13
17
3
-14
-8
2
12
7
-9
-10
1
8
10
-9
-13
-6
10
13
-6
-15
-15
6
13
-9
-15
-16
3
15
2
-19
-18
-1
19
11
-5
-16
-5
12
16
-4
-24
-4
18
20
4
-15
-14
14
24
5
-18
-17
6
19
11
-10
-18
-1
15
14
-9
-22
-1
17
15
-10
-28
-14
10
9
-9
-24
-15
12
17
2
-18
-19
14
26
4
-19
-17
7
20
13
-13
-18
-4
18
19
-11
-25
-10
19
21
-3
-21
-10
9
17
1
-20
-18
8
30
12
-8
-10
8
17
6
-14
-30
-7
16
10
-14
-26
-14
9
9
-12
-27
-15
12
11
-5
-23
-14
9
13
-1
-12
-20
1
17
-2
-17
-26
-9
8
2
-17
-23
-11
7
6
-16
-28
-16
10
6
-12
-21
-15
0
14
-12
-27
-14
-4
4
-8
-19
-15
-3
9
-6
-18
-21
-7
3
-2
-18
-28
-13
3
-2
-11
-25
-20
8
2
-14
-25
-15
4
5
-6
-17
-12
0
8
-11
-21
-18
0
8
-6
-26
-27
-8
5
1
-24
-30
-11
3
0
-20
-25
-8
10
8
-10
-25
-15
6
11
-4
-25
-13
4
8
-5
-21
-16
3
16
2
-18
-25
1
14
1
-20
-18
-2
5
0
-19
-23
-7
13
9
-10
-22
-15
8
17
-6
-18
-13
10
15
-1
-10
-13
1
12
7
-13
-20
-3
10
6
-10
-24
-11
6
7
-16
-30
-12
8
7
-5
-18
-19
7
11
-3
-19
-14
8
16
7
-12
-14
2
13
9
-11
-23
-4
11
8
-7
-24
-9
8
10
-9
-17
-13
0
15
-2
-16
-13
8
13
1
-12
-19
1
9
2
-21
-18
-3
7
4
-17
-23
-19
2
1
-11
-20
-18
2
1
-5
-18
-15
-1
9
-3
-16
-10
1
7
-9
-10
-15
-9
5
2
-9
-20
-9
3
1
-14
-19
-18
-6
0
-12
-15
-17
-1
3
-10
-20
-17
-3
0
-4
-18
-15
-9
0
-1
-14
-6
0
9
3
-14
-18
-6
4
-5
-9
-21
-12
-10
-8
-9
-14
-8
0
4
-6
-12
-10
1
4
1
-1
-3
4
4
-2
-7
-4
0
5
6
-4
1
-1
3
1
-6
-6
-8
0
1
0
-3
-1
3
5
0
-13
-5
0
4
-3
-7
-10
1
5
-2
-7
-7
0
0
5
-2
-2
-2
2
2
-2
-8
-2
6
-2
-3
-7
-4
0
4
-4
-9
-7
-4
-2
-3
1
-6
-3
1
-2
-4
-5
-1
1
1
2
-5
-2
1
-1
0
-5
-3
-6
0
-1
-4
1
2
1
-4
-5
-5
1
-5
-2
-1
-1
-1
-4
1
0
-2
-6
-1
-3
1
-7
-10
-6
-4
-4
-1
-6
-9
-3
-3
-4
-7
-3
-1
4
2
-1
-2
5
1
8
9
6
5
8
9
8
7
-3
4
11
6
0
-1
-5
4
8
2
1
3
12
13
8
0
2
11
13
13
8
-2
5
9
15
1
-3
2
9
14
8
3
-2
15
9
2
-3
-6
0
6
-1
-7
-10
-2
4
4
-5
-7
-5
-2
4
-3
-8
-7
3
7
1
-3
-9
-3
9
1
3
-1
-5
4
4
-5
-5
-2
3
1
-2
-3
-3
1
4
5
2
0
6
-2
2
2
-1
0
0
1
-4
-3
2
-4
-2
-5
0
0
-2
-3
-6
-2
-1
0
2
-5
-4
1
-6
-2
-7
-5
0
-1
-7
-6
-3
6
11
3
-2
-5
0
5
2
-6
-7
2
5
2
-6
-14
0
3
2
-1
-6
-1
7
10
0
-1
-7
-1
7
6
-3
-11
0
7
6
-2
-13
-7
9
3
-5
-5
-5
5
12
0
-1
-7
2
11
10
1
-3
2
5
2
-1
0
1
11
2
-1
-8
-4
4
5
-5
-11
-5
1
8
-6
-5
-7
-1
7
2
-3
-4
2
0
-2
-2
-10
0
5
1
-3
-7
-5
-3
-6
-8
-10
-9
4
8
0
-5
1
1
6
0
-8
0
7
7
1
-8
-8
3
8
5
0
0
4
14
12
-2
-8
3
8
12
5
-1
4
13
15
3
-7
-5
6
9
9
-2
-4
6
5
2
-5
-10
-2
11
10
0
-8
-7
3
9
-3
-5
1
2
2
-7
-8
-13
-5
5
3
-4
-9
-4
0
0
-8
-8
7
14
7
1
-5
-2
8
8
3
-1
-1
7
4
3
-2
-4
-2
1
3
1
7
7
9
8
0
-2
5
3
1
-3
-4
3
-2
-1
3
-5
4
11
2
-1
2
9
6
3
-3
-3
5
3
3
5
7
5
6
7
-3
-5
3
7
15
9
4
6
-1
7
8
3
0
7
9
7
2
-5
5
10
12
7
6
13
11
11
9
5
9
13
10
3
7
11
10
13
7
2
3
8
9
6
4
2
10
10
12
-3
-1
6
15
13
-3
-2
1
8
5
3
0
-2
11
17
8
0
4
8
12
7
-1
2
9
15
5
1
2
0
8
9
6
-2
1
4
10
5
0
3
2
12
11
-1
0
10
16
16
17
8
3
10
10
7
1
8
13
12
10
8
8
7
10
9
-1
-2
0
7
4
1
2
6
10
8
8
1
6
10
10
5
1
2
13
12
-1
3
4
7
11
3
0
-4
3
5
3
-1
0
3
7
11
4
-4
-4
9
5
10
7
3
12
9
7
-2
0
11
10
8
-4
4
10
12
12
1
4
3
13
12
8
8
0
9
6
5
3
5
14
11
10
2
1
4
12
11
11
7
6
11
10
6
-3
-1
7
1
1
1
0
2
4
4
-2
4
5
12
9
2
2
8
8
6
1
7
8
9
12
2
5
3
6
-1
2
5
2
6
7
1
-6
-1
0
2
1
2
3
10
7
0
-5
1
0
1
12
3
1
7
9
4
4
-4
4
9
12
11
-2
2
5
8
3
1
2
4
7
7
3
-2
1
1
7
-2
-2
2
10
11
5
-5
2
10
9
7
-3
-1
1
9
-1
-3
-3
4
2
3
2
-3
2
3
7
3
1
0
7
11
5
4
-1
-7
3
3
-5
-4
-4
-3
-1
2
1
-3
1
3
4
1
2
6
5
3
2
1
0
2
1
2
4
0
-2
-4
-5
1
-1
2
0
-4
2
-1
-2
-3
1
5
3
1
-3
-4
-4
-3
-7
-8
4
-3
0
2
-3
-7
-7
-2
-8
-2
1
-2
1
2
3
-6
-5
0
-3
-5
-9
-7
-2
-9
-9
-13
-15
-9
-2
-5
-7
-6
-5
-2
-3
-2
1
-4
-1
1
-5
-6
-3
-1
-1
-5
-3
0
-7
-2
-11
-9
-9
-8
-1
1
2
-3
2
2
0
-4
0
4
3
0
0
1
4
5
2
4
-1
5
8
5
5
2
8
5
4
0
-4
3
10
5
6
4
2
9
8
6
2
5
11
7
2
4
4
8
8
11
3
-4
3
7
10
5
-2
-6
2
3
1
-6
-7
8
13
6
1
8
10
5
7
0
2
6
9
10
6
5
6
19
14
1
4
8
11
9
2
1
8
6
9
1
3
3
11
14
9
7
2
6
6
9
-2
-7
-6
2
4
-1
-5
-2
5
7
6
-1
-3
7
11
3
6
6
6
10
10
1
5
9
11
11
2
3
6
12
10
9
10
9
6
8
6
3
12
13
10
13
13
11
6
9
10
12
11
12
12
12
11
11
16
14
14
12
19
14
17
15
11
7
14
22
15
10
8
11
18
18
14
15
17
13
5
11
4
11
9
6
12
13
13
8
10
13
13
8
9
7
7
10
8
9
9
13
5
11
13
5
7
6
14
14
6
6
11
7
10
12
7
10
15
13
10
7
7
8
4
6
7
12
9
11
7
9
11
5
11
11
13
8
5
11
12
12
10
11
15
19
16
7
8
11
13
13
14
14
11
16
16
20
16
17
15
21
18
12
18
20
18
19
20
13
21
20
24
21
23
16
20
25
19
14
12
19
19
20
14
13
20
20
21
18
13
16
20
18
16
21
19
19
21
19
20
21
25
19
16
16
16
15
18
20
19
16
15
15
18
15
11
14
18
19
17
15
22
20
20
21
18
17
21
22
19
14
13
21
19
18
17
16
15
15
14
20
18
17
18
20
15
16
20
19
19
18
18
12
16
15
20
17
15
19
20
18
16
16
15
17
17
17
13
22
21
16
18
14
18
13
17
12
9
14
15
13
15
14
8
12
15
8
10
10
12
16
22
23
18
17
14
17
18
14
15
16
17
17
8
9
14
18
15
14
8
12
12
13
13
10
15
12
14
12
19
19
12
10
20
12
12
10
9
10
14
13
13
15
15
13
6
13
13
11
13
11
4
14
15
16
15
8
12
9
11
11
10
12
12
4
11
13
12
11
9
16
16
11
13
15
12
11
12
10
10
16
10
3
10
16
8
7
7
9
15
13
4
7
12
7
15
5
12
17
10
11
9
6
10
14
7
10
17
14
12
9
4
9
8
4
9
14
14
10
11
15
6
9
10
12
14
5
5
14
15
10
2
4
13
11
18
14
10
12
6
15
18
12
9
9
11
3
6
11
4
7
7
5
11
12
11
9
7
6
14
11
10
10
11
9
10
15
11
16
9
9
13
10
12
12
15
18
11
12
7
8
11
13
7
9
12
11
11
1
7
7
13
16
8
15
14
15
9
14
10
2
10
7
10
10
8
13
11
13
15
8
13
19
12
13
13
7
11
12
11
7
13
12
13
14
5
8
11
17
18
16
11
16
21
10
8
4
11
11
13
8
7
6
6
14
7
8
2
2
5
8
11
6
8
3
-4
4
9
-1
4
7
4
2
2
1
5
5
2
0
-5
4
6
4
6
6
7
15
9
1
2
4
6
0
3
3
-2
5
4
0
0
1
0
1
4
2
3
-2
0
2
-2
-1
2
4
4
5
3
-1
0
5
6
5
11
10
11
7
10
6
2
2
4
0
0
11
2
6
4
5
5
3
7
2
-2
2
3
6
4
3
7
4
3
4
1
0
2
0
1
2
3
8
4
5
7
4
5
1
2
7
4
5
3
-1
3
9
6
2
3
8
3
2
3
6
7
5
3
0
2
-2
2
5
1
-6
1
1
8
8
9
6
2
2
-6
-1
2
0
1
1
-4
-1
-2
-3
-2
-3
-5
2
3
1
-1
-1
0
-1
-5
-6
-2
-1
-2
1
-2
-5
-7
-4
2
-5
-9
-8
0
2
0
-6
-3
-1
-3
-5
-8
-7
-10
-6
-6
-10
-9
-6
-6
-6
-8
-14
-15
-12
-10
-5
-11
-13
-11
-7
-9
-15
-14
-16
-13
-14
-6
-6
-12
-9
-4
-8
-7
-13
-12
-12
-11
-9
-8
-12
-8
-4
-10
-10
-6
-5
-9
-10
-18
-8
-12
-11
-7
-7
-13
-11
-10
-9
-7
-9
-3
-4
-10
-8
-4
-9
-6
-6
-1
-1
-6
-4
-5
-4
-4
-5
-6
-1
-3
-4
0
-7
-7
-3
-2
-4
-3
-8
-9
-7
-5
-1
-10
-11
-10
-10
-5
-5
-4
-3
-7
1
0
-1
-2
-7
-4
-3
-9
-8
-8
-4
-3
-8
-7
-6
-4
-6
-1
-4
-8
-4
-9
-4
-7
-12
-5
1
-11
-3
-7
-8
2
-7
-6
-7
-1
-7
-1
-2
-8
-9
-10
-5
-2
-3
-4
-4
-9
-2
-8
-3
-2
-6
-3
-6
-9
-12
-3
-5
-11
-4
-3
-6
-8
-6
-6
-9
-9
-10
-9
-1
-12
-10
-6
-8
-7
-9
-7
-8
-8
-9
-10
-8
-10
-6
-11
-11
-5
-6
-7
-2
-7
-14
-9
-10
-7
-7
-7
-7
-6
-6
-3
-3
-7
-9
-10
-9
-8
-6
-4
-5
-10
-5
-6
-6
-1
-4
-9
-5
-7
-7
-6
-5
-5
-10
-9
-6
-5
-7
-8
-5
-7
-8
-7
-8
-3
-7
-7
-12
-11
-11
-8
-11
-13
-11
-15
-13
-12
-13
-9
-10
-10
-9
-7
-5
-9
-17
-14
-11
-14
-16
-18
-17
-21
-15
-17
-16
-16
-16
-18
-14
-12
-14
-12
-11
-7
-11
-8
-11
-9
-4
-8
-8
-12
-12
-10
-5
-3
-8
-11
-13
-13
-9
-17
-15
-12
-12
-14
-17
-8
-6
-4
-9
-13
-10
-3
-4
-6
-5
-5
-6
-8
-8
-8
-8
-11
-12
-5
-1
-4
-9
-4
-3
-9
-7
-8
-7
-7
-7
-12
-14
-7
-4
-8
-13
-6
-6
-10
-10
-7
-7
-6
-9
-11
-7
-5
-10
-10
-17
-12
-11
-10
-15
-18
-9
-14
-13
-15
-12
-13
-11
-12
-16
-8
-11
-13
-15
-11
-10
-13
-11
-8
-14
-12
-14
-12
-9
-11
-10
-13
-18
-10
-8
-10
-10
-10
-11
-13
-11
-10
-8
-7
-4
-8
-9
-7
-2
-7
-6
-9
-12
-6
-10
-10
-11
-15
-8
-6
-8
-8
-9
-7
-7
-8
-7
-11
-6
-9
-7
-6
-16
-7
-10
-8
-7
-7
-10
-10
-8
-9
-2
-9
-8
-9
-6
-8
-11
-11
-11
-10
-10
-10
-1
-3
-1
1
-2
-3
-5
-3
-2
-1
-5
-4
-2
3
0
-5
-6
-5
0
-6
-6
-3
2
2
-5
-1
-1
-2
-5
-4
-1
-5
0
-4
-3
0
-7
-3
-1
1
-2
-2
4
-2
-4
-3
-1
-5
-1
1
-8
-8
-1
-3
5
5
1
3
1
2
1
-3
1
-5
-9
-3
-8
-5
-2
-1
-2
-3
-2
-1
0
2
-2
-7
-4
0
-5
-7
-6
-6
-8
-5
-9
-9
-9
-6
0
-2
-1
-5
-2
-6
-4
1
-3
-1
0
-3
-3
0
0
-7
-7
-7
-4
-3
-7
-5
-1
-5
-1
-1
-3
-3
-4
1
-8
-8
-2
0
-5
-10
1
0
-2
0
-4
-1
-2
-7
-3
1
1
0
1
-7
-3
-1
-5
-5
-8
-4
-2
-2
-2
-4
-3
1
-8
-5
-4
-6
-5
-2
1
-1
-6
-2
-2
-6
-2
0
1
1
0
5
5
5
1
-5
-3
-4
-3
0
3
2
2
4
1
4
-1
7
-1
-2
-2
4
4
2
6
4
-2
-4
-6
-5
-7
-5
-2
2
-3
-6
-4
-7
-10
-9
-9
-11
-9
-2
-4
-7
-8
-12
-9
-11
-11
-18
-11
-9
-7
-5
-11
0
-5
-13
-13
-7
-12
-14
-7
-7
-5
-8
-10
-15
-17
-7
-15
-14
-12
-10
-7
-4
-4
-8
-10
-12
-12
-16
-15
-20
-11
-5
-11
-9
-7
-11
-6
-8
-16
-12
-8
-3
0
-4
-13
-11
-8
-8
-9
-13
-9
-5
-5
-5
-3
-2
-1
-7
-12
-13
-15
-9
-9
-12
-4
-2
-3
-7
-5
-10
-4
-7
-8
-6
-11
-1
-3
-7
-3
-2
-7
-13
-9
-4
-3
1
-5
1
1
5
-3
1
3
-1
-4
-2
-4
1
4
-5
0
-5
0
-4
-4
-2
-8
-4
2
3
7
1
1
1
-5
-4
-5
-5
-8
-8
2
2
3
-2
-1
-6
-10
-7
-3
-5
-6
-2
0
2
0
-1
-2
2
1
-4
-1
-2
-2
2
-2
-2
-5
-12
-12
-10
-5
-4
-2
-3
-1
-1
-3
2
3
-3
-5
-5
-9
-1
-2
-2
0
1
7
0
-2
0
-2
-1
1
3
8
4
3
5
-2
-4
-7
-4
-4
-3
2
2
-2
0
3
2
2
-7
-3
0
0
5
0
9
11
6
1
-1
2
-2
-1
2
1
1
3
8
2
3
-1
-2
-4
-8
4
-1
0
0
-1
-3
-3
-3
-6
-12
-7
-3
-6
-4
-2
1
-8
-10
-8
-7
-7
-8
-6
-8
-2
-11
-5
-6
-13
-4
-12
-5
-4
-8
-1
-5
-3
-5
-9
-10
-7
-6
-10
-2
0
0
-7
-5
-3
-3
-4
-8
-8
-8
-4
-2
-4
-3
-1
-2
-3
-6
-8
-13
-11
-5
1
-1
-5
-5
-3
-4
0
-1
-5
-2
3
-1
-4
0
-1
0
-2
-5
-9
-8
-6
-3
0
-3
-2
-2
-1
-3
-2
0
-4
-1
-1
-5
-7
-9
-3
-7
-10
-10
-4
-3
-3
-3
-6
-5
-2
0
-2
-2
-5
-8
-8
-9
-9
0
-5
-5
0
-2
-8
-10
-4
-5
-5
-3
-5
-9
-8
-11
-12
-5
-6
-10
-5
-3
-3
-4
-8
-8
-13
-5
-4
-9
-4
-7
-6
-5
-7
-6
-9
-10
-9
-10
-13
-9
-9
-8
-8
-7
-8
-10
-9
-10
-7
-9
-5
-5
-9
-4
-5
-5
-6
-7
-6
-7
-4
-3
-5
-6
-3
-7
-8
-8
-11
-10
-11
-11
-15
-10
-6
-7
-8
-8
-6
-10
-7
-5
-2
-2
-11
-12
-10
-10
-8
-8
-6
-8
-13
-10
-12
-15
-4
-3
-6
-8
-9
-4
-13
-10
-13
-14
-9
-8
-12
-7
-9
-12
-15
-14
-15
-16
-11
-15
-12
-12
-15
-15
-11
-9
-20
-13
-12
-17
-14
-18
-13
-11
-12
-10
-9
-11
-14
-13
-11
-11
-14
-11
-9
-8
-9
-8
-3
-8
-9
-8
-9
-7
-7
-12
-11
-18
-16
-11
-12
-12
-7
-4
-10
-10
-7
-10
-4
-2
-2
-6
-14
-10
-10
-9
-9
-5
-3
-6
-3
-6
-6
-13
-11
-9
-12
-10
-11
-7
-11
-6
-10
-7
-8
-13
-9
-15
-6
-5
-8
-3
-5
-8
-9
-11
-8
-5
-8
-4
-4
-8
-12
-3
-5
-8
-4
-4
-4
-1
-5
-4
-6
-5
-1
-3
-3
-1
-4
-6
-4
-6
-10
-8
-8
-11
-10
-8
-7
-7
-5
0
-2
-6
-3
-7
-7
-9
-9
-10
-8
-4
-7
-6
-7
-6
-3
-4
-8
-10
-9
-7
-2
-5
-4
1
-2
-1
-8
-3
-1
-1
0
-2
-2
2
-3
0
0
1
0
-4
-2
0
1
1
0
-4
2
-2
2
4
-1
1
3
7
1
3
5
3
0
-4
0
2
-2
-1
-4
1
5
-1
3
3
8
4
7
4
-3
-1
2
4
1
0
-5
5
1
-2
-4
-1
-5
2
5
-1
1
1
-1
-1
-3
-1
1
-2
1
2
5
5
4
6
6
8
3
5
4
6
5
7
8
3
4
2
-2
3
6
8
12
6
4
6
4
5
2
-2
6
-1
4
6
3
1
0
3
-2
-1
-2
4
5
5
4
-1
1
-1
5
1
-5
-1
-4
-5
-8
-5
-4
-2
0
-1
0
4
-7
-3
3
-10
-7
-1
-3
-5
-7
-1
-5
-5
0
-6
-8
-7
-3
-4
-5
-1
-4
-5
-2
-3
-1
-2
3
-3
-2
-3
-8
-4
-9
-8
-7
-7
-11
-10
0
-3
-7
-10
-9
-5
-10
-7
-4
-4
0
0
-4
-2
-1
-5
-3
-1
4
6
5
0
4
7
2
-8
-5
0
1
-2
-4
-2
-4
3
-6
-4
-9
-6
-3
-5
-6
-5
-2
-3
-2
-1
-4
-4
-4
-4
-4
-3
-7
-11
-10
-9
-10
-11
-1
-3
-6
-9
-7
-7
-8
-9
-5
-9
-2
-5
-5
-4
-9
-6
-1
-6
-7
-3
-7
-9
-9
-3
-11
-9
-10
-11
-4
-5
-8
-9
-10
-7
-12
-13
-11
-10
-10
-10
-8
-8
-10
-8
-8
-5
-10
-11
-4
-9
-7
-8
-8
-5
-1
-11
-8
-4
-10
-10
-16
-7
-7
-5
-4
-6
-6
-7
-7
-8
-5
-9
-10
-9
-12
-12
-18
-15
-12
-9
-9
-10
-10
-11
-10
-5
-11
-6
-3
-6
-4
-9
-6
-4
-9
-9
-2
-7
-8
-6
-9
-10
-6
-9
-7
-8
-6
-6
-6
-7
-5
-7
-9
-7
-2
-1
-1
-2
5
-3
-5
-2
-3
-6
-5
2
0
4
1
1
1
0
-4
-3
0
-3
-7
-5
-5
0
-2
-5
-1
-6
-3
-7
-2
-5
3
1
-2
1
2
3
-5
-2
-1
5
0
-1
-3
-2
-2
0
2
-2
4
4
1
2
2
3
2
4
3
4
-1
1
1
5
3
1
1
0
-3
-1
0
0
3
-2
-8
-8
-3
-6
2
2
-2
3
1
2
-3
-1
0
0
9
2
4
4
1
5
6
-2
0
4
2
5
5
2
1
-2
-1
2
1
-1
1
1
-1
1
4
6
8
3
5
4
0
-2
-1
2
-4
-1
-1
-6
1
3
2
-1
-1
-1
-3
0
3
2
4
-2
-2
0
-5
4
4
1
2
2
1
4
3
-1
-3
2
5
6
4
0
6
5
3
1
0
6
3
6
3
0
0
5
2
4
6
4
3
7
-1
2
1
-4
1
-1
6
4
6
-6
3
1
-2
5
-1
8
3
2
2
-1
0
3
2
0
-1
-1
0
-4
4
3
4
3
-1
3
4
-4
-2
3
-4
4
0
-3
-1
-5
-1
2
1
-3
-2
-5
-2
-2
3
-3
-5
3
1
4
0
-2
-7
-4
0
0
3
0
-2
3
-3
-4
-3
-8
-5
0
-4
-5
-6
-7
-3
-3
-2
-2
-4
1
-3
-5
-8
-5
-2
-5
-4
-8
-3
-5
-8
-2
-5
-4
-2
-5
-3
-1
-5
-4
-5
-3
-1
-5
0
-2
-5
-8
-5
-2
0
-5
-2
-3
-8
-5
0
-5
-4
-2
-5
-4
-2
1
-4
1
3
3
1
-8
-3
-3
-4
1
2
-3
-3
-8
-2
-4
-12
-8
-9
-7
-7
-7
-11
-8
-7
-9
-4
-5
-4
-8
-14
-6
-9
-6
0
-8
-3
-5
-3
-2
1
3
2
3
2
-1
-4
-7
-5
-6
-8
-1
-5
-5
-5
-1
1
4
1
-2
0
1
-5
-3
-2
0
-2
-2
-2
2
-1
-8
-1
4
0
-2
-1
-4
-2
-3
2
1
4
0
1
0
1
-5
1
4
0
0
-3
-1
-2
-1
2
0
3
4
-2
-3
2
1
1
1
7
7
1
1
4
7
4
0
-2
1
-4
-3
-2
2
1
4
-5
-1
0
0
2
4
-1
-1
5
-1
10
7
5
8
5
7
9
8
-1
8
5
1
9
2
9
6
5
5
3
9
8
10
5
7
8
4
2
2
1
8
5
-1
-1
-4
5
3
4
7
3
3
3
2
4
4
3
4
8
9
3
-3
2
4
5
10
11
4
2
1
2
3
3
8
4
2
5
0
4
5
8
4
2
4
2
3
-3
2
4
4
7
2
1
-2
5
1
1
3
4
9
-1
-1
2
6
5
3
0
0
-2
2
3
4
8
4
6
2
2
5
8
5
6
4
3
8
7
7
8
8
3
4
4
5
4
6
6
6
4
3
6
9
7
10
7
5
8
0
5
6
10
8
10
11
6
14
11
6
2
4
4
4
3
-1
2
2
4
6
5
5
5
5
4
-2
-3
6
6
6
6
3
4
4
0
1
2
5
6
0
0
0
1
1
6
1
4
6
1
0
-1
3
0
1
2
-1
0
-4
5
6
-2
1
2
-1
1
1
-6
-1
-1
-2
-2
-4
-5
-2
-3
-3
0
2
2
2
1
4
4
5
6
-2
1
-1
0
3
1
-2
4
4
2
3
-1
-3
1
1
-2
-1
2
6
3
2
1
-2
-5
-3
-3
0
4
-1
1
-2
3
3
-1
-7
-2
0
-1
2
1
-1
1
4
2
-1
5
-4
-1
7
5
5
-1
5
-1
3
9
2
2
1
6
0
1
8
4
4
7
5
2
6
6
11
10
9
7
10
11
5
4
6
9
6
6
8
9
9
6
5
3
7
4
-1
-1
-2
5
2
7
8
9
2
4
4
7
5
6
10
5
7
5
6
8
9
10
8
12
4
5
7
4
12
10
5
4
9
9
8
9
8
16
13
8
11
6
12
10
8
11
14
8
8
7
3
10
6
6
6
10
3
4
7
8
14
5
13
6
8
16
10
13
6
8
8
8
7
12
8
2
1
3
4
4
10
4
8
9
11
5
4
8
8
4
12
10
6
8
9
3
1
7
-1
2
3
8
4
3
4
7
-1
-1
4
4
7
5
9
4
4
5
6
8
9
6
11
9
6
10
10
8
9
13
5
11
10
5
4
6
7
5
8
8
9
10
4
3
4
5
9
10
10
8
10
13
12
13
10
10
5
6
3
6
10
2
2
2
10
4
11
7
9
16
9
12
7
18
16
11
7
11
9
6
4
2
-3
4
10
4
9
7
3
1
3
4
3
7
9
6
9
3
3
6
10
10
3
6
8
9
1
6
8
6
6
5
2
6
6
4
7
6
10
7
5
3
5
7
6
7
7
8
10
12
6
9
6
9
10
-2
3
2
0
4
1
3
4
5
8
2
1
5
5
5
10
7
11
9
10
9
4
11
10
5
3
5
4
5
3
4
9
9
8
5
8
5
10
13
5
3
4
8
4
6
6
10
11
11
11
10
9
8
11
9
11
10
7
2
3
2
7
5
6
8
7
3
1
4
5
7
5
8
5
5
8
7
8
6
5
2
2
3
-2
3
0
0
1
4
5
4
8
6
9
7
-1
3
4
1
3
4
10
6
3
5
2
5
6
9
6
10
3
0
1
1
3
7
7
5
6
0
3
0
4
3
-2
4
2
-4
-4
-1
1
-4
-2
-1
-5
-5
0
4
1
4
3
8
-7
0
-2
-1
9
-2
0
3
0
-3
4
0
1
5
2
3
-2
-3
1
1
3
-1
5
4
-2
0
-1
2
6
4
5
4
9
3
0
-2
-6
-1
-1
-1
-2
-6
-8
-7
-7
-3
1
-2
0
-1
-4
-2
4
2
3
6
3
5
3
-2
2
-1
1
3
0
-5
-7
-4
-1
-3
-6
0
-2
-9
-8
-6
-4
0
-5
1
-2
-6
-8
-5
-3
-3
0
-3
0
-3
-1
5
-7
-6
-2
1
2
-4
4
-4
-1
3
9
12
5
2
2
5
1
-2
7
6
2
1
2
4
3
-1
-4
4
2
3
5
0
-2
-1
-1
5
5
2
2
1
2
0
-2
3
3
-4
-1
0
2
-1
-6
2
0
-1
-2
-4
-2
-4
-1
3
3
4
4
1
1
1
-3
1
-3
-3
0
1
2
-8
-3
-9
-5
-2
-7
-5
-3
-7
-6
-1
-1
-3
-11
-6
-4
2
-7
-5
-2
-9
-4
-7
-7
-4
-2
-1
-1
-4
-2
-2
1
-5
-7
-3
-11
-6
-6
-5
0
0
1
-2
-5
-7
0
-7
-8
-5
0
-2
-5
1
-3
4
-4
-5
-3
-4
-5
-7
-6
0
0
-4
-6
-3
-4
-8
-2
0
2
-5
-3
-1
-4
-6
-3
-3
-4
-3
1
0
-2
0
-5
-6
-2
-4
-4
-3
-4
-2
-4
-6
-5
-4
-7
-5
3
-3
-5
-7
-5
-7
-8
-4
0
-5
-7
-7
-4
-7
-9
-7
-8
-8
-8
-8
-6
-6
-5
-8
-4
-6
-6
-9
-7
-7
-13
-9
-12
-12
-11
-11
0
3
1
2
-3
-6
-4
3
1
0
-2
2
-2
-5
2
-4
5
2
-2
-5
-6
-2
-1
-1
-3
1
1
-5
-4
-2
-3
-7
-3
1
-2
-3
-4
-2
-2
0
0
-1
-8
-3
-2
0
1
-5
-4
-4
0
-4
-3
-3
-3
-3
-5
-4
-4
-2
-3
-2
2
2
-2
-2
-3
-5
-6
2
1
-3
-4
0
-3
-4
-4
-5
-4
2
-7
-6
3
-2
-1
-4
1
-1
2
1
3
3
7
5
0
4
1
4
2
2
0
2
-1
2
0
-1
-3
3
1
0
-1
1
5
2
3
-2
-5
1
0
-2
6
1
3
4
4
0
-1
-3
-2
-2
-2
2
2
0
-1
-2
-3
2
4
0
0
1
3
2
4
5
5
6
2
3
3
1
4
1
1
-2
0
3
-2
-2
0
5
-3
-5
0
2
-2
0
6
1
2
4
2
1
-3
0
-4
-4
0
-7
-1
6
-4
-3
-3
-2
-3
-5
0
1
2
-10
-2
-1
-1
-2
-3
-3
-6
0
0
-1
0
-6
-7
-6
-3
-1
-3
-9
-6
-7
-5
-3
-6
1
-1
3
3
-2
-2
-4
2
2
1
3
-4
-1
4
4
-2
-3
-4
-2
-1
2
-1
-1
-5
-3
-4
-8
-2
-2
1
-5
-4
-4
0
-1
3
1
0
2
0
6
-4
0
1
1
4
0
0
-1
-4
2
1
1
0
2
-2
-5
-10
-2
-1
-6
-3
-4
5
0
-2
0
2
1
-1
-1
-4
-1
-1
-7
-3
-9
-7
-7
-6
0
-5
-8
-11
-6
-8
-9
-6
-9
-8
-8
-8
-5
-5
-1
-7
-5
-5
-8
-9
-2
-7
-7
-7
-8
-2
-6
-1
-8
-1
-1
-3
-6
-1
0
0
-3
-6
-3
-1
-3
-4
-7
-4
-5
-9
1
-2
-4
-2
-4
-5
1
-3
-3
-2
-2
-7
-8
-3
-8
-5
-4
0
-3
-6
-2
-2
-6
0
-7
-5
0
-3
-3
-7
-4
0
2
3
0
-4
-2
0
3
-5
-3
2
1
2
-1
-2
-3
0
-1
1
-3
-6
0
2
-1
-1
-5
-1
-4
-3
3
2
-4
0
0
2
-1
-2
0
-3
-4
0
-1
-3
1
0
0
-1
4
-2
-3
3
-2
0
0
1
2
-2
1
-2
0
-4
-2
2
0
2
0
0
3
-1
5
7
-6
-1
4
2
3
3
-2
0
-1
1
5
1
2
0
-1
5
5
9
0
6
12
5
6
7
6
0
0
6
6
8
2
2
3
3
2
3
1
-7
4
3
2
7
3
0
0
2
-1
-1
1
-4
-3
-2
-2
-1
-8
-6
-3
0
-13
-3
-1
2
-1
-6
-5
-6
-12
-6
-6
-6
-5
-7
-6
-14
-7
-6
-10
-10
-13
-16
-8
-3
-5
-9
-8
-10
-6
-7
-12
-10
-7
-1
-8
-2
-8
-5
-2
1
-1
1
3
-2
-2
-2
-2
-1
8
2
5
0
-3
3
5
2
-3
-1
4
-1
7
0
-1
2
-11
-6
-6
-3
-4
-4
-1
-1
3
-1
-2
-4
1
2
-4
-4
3
-1
-2
-6
-5
-1
1
5
-2
-3
-3
-2
-6
-4
-2
0
-5
-8
1
-2
-3
6
0
-3
-2
-3
-2
-3
-4
-7
-9
-2
-8
-3
-8
-9
-6
-10
-13
-10
-8
-6
-7
-9
-6
-11
-11
-10
-11
-11
-9
-8
-8
-8
-4
-3
-6
-6
-4
-5
-9
-5
0
-1
-2
-9
-10
-4
-6
-10
0
-10
-6
-9
-7
-3
-13
-6
-11
-8
-3
-6
-5
-6
-11
-5
-3
-8
-12
-11
-10
-11
-12
-12
-14
-14
-10
-9
-11
-10
-11
-13
-8
-5
-9
-9
-7
-8
-8
-6
-11
-8
-10
-6
-8
-4
-7
-3
-5
-13
-2
-8
-7
-5
-10
-5
-7
-14
-12
-13
-15
-9
-9
-10
-12
-14
-11
-9
-11
-10
-7
-6
-4
-6
-6
-8
-5
-9
-12
-11
-11
-6
-9
-5
-9
-7
-8
-7
-7
-11
-6
-11
-6
-2
-11
-16
-10
-8
-3
-2
-1
-2
-4
-5
-10
-2
-2
-5
-3
-10
-4
1
-1
-5
1
0
-7
1
-2
2
1
-2
-1
-3
2
-1
0
-2
3
1
1
-1
-4
-3
3
0
0
1
-2
4
-1
5
6
1
2
-2
1
8
10
7
4
7
8
3
6
5
4
-1
4
6
5
2
2
1
-1
4
2
10
3
4
3
2
3
5
4
4
0
4
1
0
4
8
8
6
11
5
5
2
4
8
6
9
6
2
2
4
0
1
3
8
8
4
7
5
8
10
4
4
5
5
3
4
6
2
4
4
1
4
3
5
4
2
6
2
-1
0
-3
-1
6
5
5
7
7
2
4
6
5
1
2
3
1
6
0
2
2
-1
2
4
9
4
-1
6
1
-1
2
4
2
6
5
3
6
5
4
6
0
3
4
6
5
1
3
1
6
5
10
8
3
8
9
6
9
11
12
10
7
6
2
6
5
3
10
8
3
9
10
5
3
5
5
2
3
3
2
3
6
5
3
2
6
3
5
5
1
0
4
2
4
-2
4
3
6
5
-1
5
4
-4
0
1
1
4
0
5
0
2
1
1
3
2
1
-2
0
2
-1
