-5
-4
-3
-9
-4
6
8
5
1
-3
-8
-1
-6
-6
-5
0
0
-6
2
-7
-7
-6
-13
-10
-8
-14
-7
-3
-2
2
5
-1
-5
-16
-15
-14
-12
-9
-7
-2
1
-4
-6
-5
-14
-14
-17
-16
-12
-9
-4
2
5
-4
2
-2
-10
-16
-16
-16
-13
-8
1
5
1
2
-2
-11
-14
-17
-17
-14
-12
-7
3
6
-1
-8
-8
-11
-16
-16
-15
-11
-5
-2
8
6
2
-6
-9
-14
-26
-24
-17
-17
-6
1
8
11
3
-2
-18
-21
-14
-18
-18
-9
6
11
10
9
5
-6
-12
-21
-22
-19
-21
-9
-1
6
11
6
-6
-14
-17
-26
-26
-25
-16
-12
-1
4
2
-1
-16
-20
-26
-32
-28
-17
-14
-3
0
0
-3
-5
-16
-14
-25
-33
-29
-29
-18
-7
0
2
-1
-1
-11
-24
-23
-32
-23
-18
-8
-4
1
3
-4
-11
-16
-18
-26
-25
-22
-16
-8
0
3
2
-5
-11
-13
-21
-21
-20
-16
-8
3
2
6
1
-5
-11
-14
-21
-21
-18
-17
-6
-2
3
1
-2
-3
-13
-10
-13
-18
-11
-9
-4
-3
0
-2
-3
-5
-8
-14
-15
-15
-8
-3
-3
0
-1
-1
-6
-9
-7
-13
-12
-13
-9
-5
-6
-2
-4
-2
-6
-11
-17
-13
-16
-9
-5
-4
0
-3
-4
-7
-11
-15
-15
-13
-15
-11
-6
-3
0
-3
-4
-4
-14
-10
-15
-10
-7
-10
-5
-4
-6
-4
-3
-13
-13
-18
-16
-17
-8
0
0
-1
-8
-6
-11
-10
-12
-13
-18
-10
-4
-5
-8
-2
-7
-13
-6
-8
-6
-5
-13
-6
-2
-5
-3
-8
-10
-4
-13
-15
-11
-11
-8
-4
5
-2
0
-3
-4
-1
-7
-6
-7
-2
-11
-9
-2
-4
-5
-4
-6
-12
-8
-9
-4
1
-1
2
0
0
-2
-5
-3
-2
-2
-1
0
2
3
-2
-4
0
1
-1
2
-1
0
-1
1
1
11
6
4
9
4
7
3
5
5
13
10
15
15
4
16
7
11
8
9
11
10
9
5
12
10
6
10
8
14
15
10
9
7
13
16
19
16
12
10
6
7
4
6
9
5
12
12
5
4
10
9
9
3
8
7
4
7
5
10
6
8
5
5
6
8
11
10
14
9
12
9
9
3
1
9
5
1
8
7
7
4
2
4
5
3
3
5
7
8
8
5
6
7
10
7
-2
3
0
-3
-2
-1
7
4
1
2
1
2
1
-6
-8
0
2
-1
3
4
9
6
3
-2
-5
1
2
4
4
1
4
9
10
2
8
1
0
2
-1
7
-2
-1
6
2
4
5
4
3
0
5
4
2
6
10
6
5
5
0
-2
0
-5
0
3
6
8
8
10
5
5
3
0
-6
0
-1
-2
5
3
-2
0
1
4
1
-5
4
-5
-1
1
1
6
5
5
5
10
2
4
4
0
5
1
6
6
4
4
4
4
0
0
-4
-3
-1
0
-1
3
2
-3
-5
-7
-2
-7
-4
-4
1
6
1
2
-4
-2
0
1
-1
-6
-3
2
-1
-4
-2
-2
-5
-1
-5
-10
-4
-2
-7
-5
-10
-2
0
-8
-8
-3
-11
-7
-12
-19
-10
-13
-7
-9
-12
-10
-11
-13
-6
-12
-12
-11
-9
-10
-8
-8
-9
-2
-14
-6
-13
-7
-2
-14
-4
-9
-10
-10
-6
-13
-7
-10
-10
-3
-12
-6
-7
-11
-9
-1
-7
-11
-8
-9
-7
-6
-10
-10
-13
-6
-2
-4
-10
-15
-10
-9
-6
-7
-1
-6
0
2
-6
-2
0
-2
-1
-4
-4
-3
-7
-4
-3
-1
0
-1
-7
-6
-3
-1
-6
-6
-4
-5
-4
-3
2
2
-4
3
3
1
-5
-4
3
5
3
-2
1
3
5
0
0
-2
-1
5
0
2
5
5
4
0
0
0
-5
-4
-1
-3
-2
-4
4
1
-4
-2
-7
-3
-2
-2
-4
0
-4
1
3
-4
-3
5
1
-3
-1
-1
0
-3
-1
-3
-4
-2
0
-4
-2
-2
1
-3
2
-1
-7
-3
-1
2
2
-2
-1
0
-3
0
2
6
4
-2
1
-4
-6
-1
0
-1
3
-4
-1
-1
-6
0
-3
-5
-5
-3
-5
-3
-7
-3
0
2
3
-1
1
-2
1
-4
-3
-1
-8
-3
-5
-5
-3
-3
1
-3
-5
0
-1
0
-3
-3
2
-2
5
12
13
8
8
7
10
11
13
16
12
10
6
6
6
5
5
8
4
8
9
12
6
10
14
7
9
2
3
4
5
7
5
6
9
2
-3
-1
4
2
7
9
9
8
9
13
12
9
8
9
7
14
10
5
5
3
11
7
4
11
9
1
4
6
3
9
5
8
8
7
1
3
7
8
4
-2
0
5
8
2
7
6
3
5
4
7
8
6
6
8
10
7
7
11
9
3
7
6
5
7
6
1
3
2
4
4
4
3
1
1
1
2
1
2
3
4
3
6
8
2
6
8
2
1
1
8
4
3
3
6
5
1
1
-1
-1
-6
-1
-2
2
3
5
-1
4
1
6
3
-6
-1
1
-1
6
7
5
8
0
-3
1
2
6
2
0
5
2
7
3
3
4
7
4
3
7
0
6
15
8
11
13
5
9
8
10
11
15
11
11
12
6
8
13
16
11
9
13
15
9
13
12
21
16
13
14
17
14
11
13
13
11
9
15
12
13
9
12
12
13
9
18
14
8
11
11
6
9
12
9
11
11
17
9
4
12
10
9
10
10
14
11
8
8
12
18
17
14
13
12
13
11
15
13
9
11
10
14
19
9
10
12
11
16
9
7
11
6
4
11
7
7
9
7
7
0
6
0
5
3
7
10
10
5
2
5
4
9
7
10
9
10
16
10
7
14
9
7
12
14
12
6
10
11
7
14
14
12
14
10
8
11
12
12
16
18
12
12
18
10
7
10
11
13
13
10
9
5
6
12
6
9
12
12
13
14
15
15
11
10
14
7
9
8
8
8
4
12
5
6
4
4
8
5
3
6
9
9
11
9
11
4
14
12
11
14
12
12
9
10
12
11
9
13
9
14
12
11
11
13
10
10
13
8
12
14
10
9
5
8
7
12
13
11
8
14
11
11
12
9
12
14
12
12
10
12
12
13
12
8
9
6
11
13
9
10
7
10
11
12
11
13
14
6
11
8
10
9
9
14
12
9
12
17
15
13
12
9
13
11
14
16
16
11
16
19
17
14
16
12
13
16
13
16
10
9
17
13
12
11
9
9
7
10
9
12
16
13
13
12
9
20
13
8
16
5
10
12
5
17
9
11
11
11
11
8
9
8
13
9
9
7
9
10
7
8
7
7
9
11
8
11
8
9
9
5
6
6
11
8
7
5
10
4
7
9
5
7
9
6
0
7
6
4
8
8
7
6
7
10
6
10
14
10
12
12
14
12
14
16
15
18
14
17
7
13
13
12
15
13
13
13
10
8
12
6
5
10
8
4
-2
8
10
9
16
11
14
11
11
8
11
7
5
10
7
10
9
6
10
9
8
8
10
13
10
9
9
4
8
4
5
8
2
0
7
8
7
14
6
8
8
4
3
5
5
7
4
4
10
2
4
6
2
9
2
2
2
4
2
5
8
3
10
7
9
11
8
5
11
9
5
8
9
8
6
5
3
8
-3
4
4
0
5
10
5
9
10
7
9
5
8
6
7
8
10
12
8
5
5
5
6
6
9
9
9
5
5
9
2
4
5
4
5
3
5
3
0
0
4
-2
0
3
-6
0
0
0
6
-4
1
1
-2
3
0
0
1
1
0
2
2
-2
-2
-3
-1
2
-1
-2
-1
1
-4
-2
-1
-2
1
2
2
2
2
3
4
2
-2
3
4
2
3
4
0
3
0
-1
2
4
6
5
2
6
5
5
4
4
4
2
3
1
4
4
-1
0
0
-2
1
2
-4
-1
-1
1
2
10
6
4
4
3
7
4
3
4
5
2
12
6
7
2
8
10
5
9
14
15
13
14
13
16
6
8
9
3
8
7
9
9
11
7
5
6
9
8
8
9
5
8
11
9
4
6
8
8
7
9
12
10
3
5
8
6
7
4
4
3
4
7
5
5
0
5
-4
-2
-1
1
5
-6
-5
-2
-1
-5
3
3
4
5
0
-1
1
1
0
1
-4
3
0
-3
-1
0
-3
0
-2
-6
2
1
2
-4
-3
-2
1
2
-4
-7
-3
0
2
-5
-4
-1
-3
-2
-4
1
-5
-9
-11
-8
-2
-1
-3
-1
1
-5
-5
-11
-7
-10
-6
-3
-5
-11
-10
5
-7
-5
-9
-9
-3
-5
-3
-5
-2
-7
-9
4
2
-2
-3
-9
-2
-6
-3
-3
-11
-4
-8
2
0
-5
-10
-5
-1
-7
-4
1
2
-4
0
-3
2
-4
-2
2
3
1
-1
-1
2
1
3
7
1
3
4
3
7
3
-1
6
-1
-2
1
2
3
1
-3
0
-1
2
4
1
5
10
8
2
9
6
6
5
6
5
8
8
7
8
10
10
4
6
8
8
8
2
1
0
-2
-1
0
1
0
5
6
3
-2
1
3
5
2
4
0
4
5
5
2
2
3
0
4
-3
2
0
-3
3
2
0
-1
-2
2
0
0
-2
1
2
4
-1
1
1
2
4
2
2
0
-2
0
5
-3
0
0
1
2
4
3
3
0
0
1
-3
0
5
3
2
-4
-3
-1
2
6
-1
-2
3
5
1
2
4
0
4
-1
-6
-2
-3
-4
-1
-5
-1
-3
-2
0
1
4
2
3
-1
3
3
0
0
5
-1
0
7
2
2
3
2
2
-4
0
1
-4
-2
-1
2
1
-2
4
3
2
5
0
0
-1
-3
-3
0
-2
-1
0
5
3
-2
2
7
2
-4
3
4
3
3
3
2
3
4
-1
6
5
2
1
2
5
0
2
0
-7
2
0
-2
-2
-1
2
0
-2
-3
-3
-5
-4
-1
1
-4
0
-1
-1
-8
-1
1
-3
-1
-3
-1
2
4
-1
0
-4
-4
1
-1
-6
-5
-6
-4
-2
-6
-6
-8
-6
-6
-12
-11
-3
-11
-9
-5
-8
-10
-10
-5
-9
-2
-9
-11
-4
-9
-4
-10
-9
-10
-13
-11
-11
-7
-3
-6
-8
-1
-5
-3
-8
-11
-7
-5
-8
-6
-6
-10
-1
-5
-7
-3
-10
-3
-1
-2
-3
-5
-5
-2
-2
-9
-7
-5
-1
-4
-1
1
-1
0
-2
-8
-5
-5
0
0
-8
-2
-5
-4
0
-2
-1
4
-3
-7
-3
-3
-5
-2
-5
-1
-1
-4
0
4
-1
-2
-1
-4
-4
0
5
1
4
0
-7
-1
0
-3
-3
1
0
-1
-4
-9
-1
-4
-5
-4
-4
-1
-4
-2
1
-2
-5
0
0
3
-4
-7
-2
-3
-7
-3
-1
0
-2
-6
-9
-8
-5
-5
-4
-12
-13
-9
-5
-7
-9
-5
-2
-5
-10
-8
-9
-6
-9
-6
-3
-6
-8
-12
-10
-9
-11
-10
-6
-10
-10
-6
-8
-6
-6
-3
-4
-8
-11
-6
-4
-9
-7
-8
-4
-3
-11
-9
-3
-7
-8
-10
-8
-6
-9
-8
-9
-4
-3
-7
-6
-6
-6
-3
-11
-13
-1
-7
-6
-6
-12
-12
-9
-9
-5
-7
-11
-3
-9
-4
-11
-6
-2
-6
-1
-4
-2
1
-4
-8
-5
0
-5
-6
-6
-7
-5
-5
-5
-2
1
-4
0
-2
-4
-4
-5
-2
-4
-8
-8
-5
-7
-9
-13
-9
-9
-6
-9
-7
-7
-6
-8
-13
-9
-13
-15
-8
-11
-10
-11
-10
-10
-11
-7
-7
-10
-9
-2
-6
-7
-7
-7
-9
-8
-9
-7
-5
-9
-12
-7
-8
-8
-13
-11
-8
-11
-8
-13
-12
-9
-12
-9
-6
-9
-14
-14
-12
-10
-11
-13
-17
-9
-9
-10
-8
-8
-11
-11
-8
-13
-11
-12
-13
-15
-18
-14
-12
-7
-12
-9
-8
-15
-15
-13
-16
-15
-11
-14
-14
-9
-16
-8
-9
-6
-2
-8
-11
-16
-10
-8
-8
-15
-8
-5
-7
-6
-7
-6
-10
-14
-13
-12
-16
-17
-14
-17
-19
-11
-12
-11
-10
-12
-14
-14
-14
-15
-11
-15
-15
-17
-9
-10
-15
-12
-14
-11
-16
-15
-14
-14
-14
-15
-10
-12
-12
-17
-15
-9
-13
-10
-13
-10
-8
-8
-6
-14
-15
-9
-15
-14
-11
-16
-12
-10
-13
-14
-14
-12
-15
-10
-11
-16
-14
-12
-16
-20
-14
-14
-12
-17
-9
-6
-9
-15
-10
-11
-17
-17
-16
-11
-14
-12
-17
-15
-16
-20
-14
-11
-22
-19
-12
-12
-12
-18
-14
-13
-8
-8
-11
-11
-13
-12
-14
-11
-8
-11
-10
-8
-11
-9
-10
-10
-12
-13
-8
-11
-16
-15
-14
-16
-15
-9
-10
-12
-11
-11
-9
-12
-11
-8
-8
-13
-8
-4
-9
-5
-6
-5
-6
-8
0
-6
-4
-9
-6
0
-8
-9
-2
-4
-10
-5
-6
-7
-5
-9
-7
-10
-11
-10
-11
-12
-7
-7
-7
-15
-12
-6
-15
-7
-15
-16
-14
-14
-8
-13
-12
-10
-14
-9
-5
-13
-11
-12
-11
-11
-4
-7
-14
-14
-7
-5
-11
-12
-7
-11
-15
-9
-10
-8
-9
-9
-15
-13
-8
-10
-17
-15
-12
-11
-12
-15
-11
-14
-11
-11
-9
-8
-5
-8
-7
-12
-13
-17
-17
-13
-15
-4
-8
-7
-9
-11
-6
-8
-9
-7
-5
-7
-4
-8
-3
-5
-9
-4
-12
-13
-9
-6
-9
-2
-11
-8
-4
-11
-10
-13
-11
-15
-10
-16
-13
-10
-6
-4
-7
-9
-2
-3
-5
-7
-2
-2
-7
-7
-4
-5
-10
-8
-2
-6
-4
-6
-7
-6
-9
-6
-4
0
-5
-3
-5
-7
-11
-9
-9
-12
-8
-7
-10
-9
-8
-7
-6
-9
-8
-6
-9
-12
-6
-9
-10
-5
-10
-6
-4
-11
-5
-7
-9
-7
-5
-3
-9
-6
-7
-8
-7
-6
-7
-7
-10
-4
-5
-7
-10
-2
-2
-5
-1
-5
2
-4
-3
-1
-3
-9
-3
-5
0
-4
-8
1
-7
-8
-4
-8
-7
-7
-8
-5
-11
-9
-3
-9
-6
-3
-4
2
-2
-4
0
-3
-3
-2
0
-2
-5
-3
0
-7
-8
1
-6
-6
-1
-3
-3
-5
-12
-7
-7
-7
-8
-8
-9
-6
1
-4
-6
-5
-2
-4
-5
-7
-5
0
-6
-3
-5
-7
-7
-11
-2
-2
-2
-5
-5
-3
-5
-6
-2
-8
-3
0
-2
0
-7
-5
-3
-2
5
3
-3
4
-1
2
1
-4
-2
-6
-1
-4
-3
0
-1
-1
-9
-4
-1
-5
-2
-5
-7
-4
-5
-7
-4
-1
-2
-4
-4
-6
-7
-2
-5
0
-2
2
-1
-1
0
-4
-2
-2
-3
1
-2
3
-1
-5
-4
-2
-2
-2
-3
-6
-3
1
-1
-9
-9
-10
-8
-7
-4
-5
-4
-1
-4
-5
-6
-6
-4
-5
-2
2
-8
-10
-4
-7
0
0
-4
-5
-4
1
0
-4
-3
0
-2
-7
-6
-6
0
-3
-2
-2
-5
-4
-3
-6
-9
-6
-4
-3
-8
-6
-9
-5
-12
-10
-6
-3
-7
-5
0
-7
-5
-4
-8
-1
-3
-5
-2
-6
1
-2
-2
0
-2
-6
-4
-7
-4
-10
-7
-2
-6
-5
-7
-4
-10
-9
-11
-15
-9
-9
-6
-7
-10
-6
-7
-8
-9
-8
-5
-4
-3
-6
-8
-5
-2
-5
-5
-5
-7
-2
-4
-1
-3
-1
-1
-4
-3
-7
-6
-6
1
-2
0
1
3
-2
-3
-1
-4
1
-4
-1
4
3
-2
-2
-5
1
3
-2
-1
-2
-1
-6
-5
-2
-3
0
0
0
4
2
-3
2
0
-2
1
2
1
2
5
3
5
1
1
1
2
2
1
3
1
2
3
2
1
-2
-4
-3
-2
0
-2
-2
-1
-1
-1
-2
-1
2
2
-5
1
-3
2
1
0
2
3
9
1
4
3
4
0
3
8
3
2
3
1
2
0
0
3
3
5
2
-1
-1
3
3
8
2
-1
3
7
-1
0
4
9
0
4
10
4
5
9
7
4
6
2
3
2
4
4
10
-1
2
5
3
8
6
7
6
8
4
5
7
4
2
3
2
4
7
-1
1
0
3
0
-5
0
1
0
-1
2
0
4
5
2
2
1
2
-3
1
5
4
-1
1
0
-1
0
2
4
4
2
-1
2
-2
-1
0
-1
-1
0
-5
-4
1
0
2
-2
6
6
2
1
0
1
5
-1
-2
-4
-2
3
4
3
6
11
1
5
5
8
5
10
8
10
11
5
10
2
9
12
7
4
2
10
2
3
10
4
8
11
5
4
1
3
6
5
5
10
3
4
6
3
3
-1
4
-1
-1
1
3
7
5
8
8
2
5
5
5
7
7
6
1
6
7
11
4
1
4
2
3
6
10
6
-1
1
2
7
9
1
2
7
-1
6
5
2
2
4
6
4
4
6
8
3
1
3
2
5
5
4
0
7
7
2
6
3
6
7
4
3
5
5
4
3
-1
2
1
0
4
1
3
4
0
-3
3
-2
2
3
-1
2
1
4
5
-2
0
3
1
7
7
8
6
9
7
7
8
4
4
0
3
2
-3
-1
1
-1
5
4
-1
1
2
3
-3
1
6
5
6
7
3
1
10
5
5
3
5
7
2
4
10
9
1
3
2
-1
5
4
8
8
9
12
8
12
6
6
10
9
9
6
8
9
7
7
8
14
8
8
8
8
9
12
14
6
13
12
12
7
7
13
8
10
5
8
2
5
3
8
5
8
8
8
3
1
6
0
5
4
7
7
11
0
0
7
-2
2
2
3
5
3
6
2
5
9
7
4
3
4
6
4
4
2
-1
6
5
3
0
-4
5
1
2
4
2
3
8
4
5
4
2
6
2
2
3
1
-4
-1
2
1
1
1
0
0
0
-5
-1
1
-1
2
3
9
8
7
10
12
6
10
5
7
7
7
-1
7
7
7
11
7
10
12
11
12
9
10
8
3
5
2
10
5
5
7
7
4
-1
2
-1
-2
0
1
4
-1
-1
-4
-1
5
5
2
2
6
0
10
6
5
7
7
7
5
3
2
7
7
7
3
0
5
13
11
8
6
7
3
4
8
4
10
5
3
1
3
-2
2
5
3
4
0
7
5
3
2
5
3
6
6
5
4
3
4
4
-2
0
3
5
2
5
3
1
7
3
2
5
2
2
2
3
1
1
6
4
7
1
6
1
5
7
-2
-2
3
-3
-4
7
-1
1
5
3
-5
4
-1
3
4
-5
2
3
1
-2
1
-4
3
9
4
5
-2
2
9
-4
-3
-1
-6
-4
0
1
-1
-4
-5
3
-4
2
-2
0
4
1
-1
-3
0
-2
1
1
2
6
3
4
-1
5
4
2
-3
3
4
-3
-4
-4
-2
-3
-1
0
-4
-1
-2
-5
-1
-4
-6
-4
-4
-4
-7
-8
-6
-3
-8
-11
1
-2
-4
-6
-6
-5
-6
-3
-9
-5
-5
-1
-2
0
-4
-8
-4
-3
-6
-9
-6
-10
-2
-8
-7
-9
-10
-8
-13
-7
-8
-9
-7
-7
-7
-10
-5
-5
-6
-7
-4
-6
-5
-2
-2
-2
-3
-3
-5
-3
-3
-4
-3
-4
-2
-3
-1
2
-1
5
0
3
0
-1
1
3
0
-1
1
-2
-5
-9
-5
-2
2
-5
-2
-1
-7
-3
-4
-5
2
-6
-1
3
-4
2
1
5
4
4
-3
-7
-1
4
2
1
4
0
1
3
0
3
3
3
-2
2
-1
2
1
1
6
2
0
0
2
0
7
0
4
-2
0
4
6
-2
-1
2
3
3
-4
1
-3
-1
2
3
0
-1
-8
-1
-1
4
7
1
-1
4
5
1
6
4
1
-1
0
-3
4
8
7
0
0
4
1
3
1
0
2
4
2
-1
0
-3
0
0
3
3
-1
0
-3
7
0
-3
3
4
7
-2
-4
1
0
-5
-1
0
2
7
2
0
1
2
2
4
4
3
5
2
-1
3
5
4
10
5
7
0
6
0
3
3
0
2
-2
1
0
-1
-7
-1
-2
5
3
5
3
8
9
1
0
7
8
5
7
-1
7
8
6
7
2
4
0
4
8
6
4
6
6
5
10
7
5
3
9
11
6
4
7
11
4
4
7
7
8
7
6
9
13
11
12
11
7
9
10
12
14
9
14
15
11
15
13
17
13
13
11
17
16
8
5
15
19
11
15
12
17
15
17
18
15
15
15
15
10
8
10
8
10
14
11
14
12
5
10
8
10
10
9
9
11
13
8
10
16
11
12
11
8
10
12
12
16
14
12
16
16
15
9
15
13
9
8
13
9
11
14
9
6
6
10
8
15
8
10
12
6
9
7
7
5
8
12
4
8
8
12
9
3
8
8
5
7
7
6
7
3
9
15
10
14
13
9
2
10
19
13
5
3
12
12
11
13
14
7
13
13
14
18
15
16
13
13
6
22
22
11
9
17
26
10
10
22
24
13
13
24
31
27
16
9
26
36
14
16
32
27
12
21
25
8
11
33
25
-3
18
41
22
-1
4
25
21
15
7
9
23
16
2
4
15
11
2
17
21
18
25
16
15
20
22
17
13
20
26
23
17
8
24
40
26
-1
8
34
32
0
-8
21
25
2
-13
10
18
-4
1
11
-5
-9
7
0
2
25
-8
-25
20
28
-36
3
36
-140
-145
154
140
-289
-286
149
137
-217
-207
-91
-196
-85
110
-200
-500
-143
170
-124
-367
-199
-106
-155
-84
-90
-225
-164
-8
-51
-98
4
23
-23
36
96
111
164
178
112
153
291
303
249
263
256
253
319
326
230
212
274
231
159
185
171
69
34
18
-69
-101
-83
-151
-270
-299
-286
-325
-372
-421
-463
-450
-420
-455
-502
-461
-387
-347
-352
-372
-322
-196
-114
-98
-38
41
100
215
402
476
480
576
720
791
852
945
990
918
832
948
1184
1105
729
654
925
894
558
402
282
28
53
197
-312
-956
-702
-285
-828
-1474
-1290
-1096
-1398
-1556
-1511
-1686
-1708
-1411
-1441
-1737
-1605
-1122
-977
-1119
-1057
-754
-480
-237
86
313
350
580
1046
1349
1790
2527
1900
231
1180
4489
4161
304
13
3341
3664
1826
2274
2104
-359
446
3846
2404
-1659
-724
1718
-30
-1319
678
180
-2744
-2017
265
-999
-2466
-1193
-1294
-3235
-2465
-244
-1006
-2973
-2654
-1522
-1407
-1347
-1236
-1937
-2386
-1410
-333
-584
-1372
-1356
-783
-388
-185
-51
-304
-700
-404
456
931
798
556
453
672
1551
2922
3222
934
-1249
1297
5895
4510
-1122
-1250
3504
4240
1749
1801
1488
-1058
302
4354
2421
-2378
-1056
1960
-161
-1616
1053
726
-3073
-2817
305
118
-1601
-1617
-2155
-2991
-1314
497
-1005
-3243
-2862
-1158
-397
-818
-1790
-2343
-1873
-886
-228
-414
-1323
-1663
-789
-47
-209
-296
-392
-1069
-938
393
695
-302
-286
598
761
782
1379
1796
2076
1877
362
116
3401
5171
1503
-1336
1648
4543
3233
1827
1669
248
239
3364
3794
-207
-1614
969
1452
-259
130
600
-1473
-2344
-264
439
-1274
-1966
-1586
-2164
-2243
-797
-524
-2493
-3597
-2303
-985
-1320
-2212
-2661
-2654
-1980
-951
-961
-2055
-2397
-1443
-690
-798
-970
-1004
-1138
-943
-191
460
536
424
592
1108
1998
3314
3881
1814
-612
1786
6894
6026
79
-596
4504
5991
3350
2624
2279
166
1352
5051
3314
-1578
-932
2091
532
-1358
393
347
-2709
-2798
-471
-770
-2127
-1920
-2588
-4037
-2704
-458
-1601
-4191
-4136
-2406
-1665
-1954
-2583
-3315
-3214
-1904
-948
-1514
-2399
-2182
-1330
-864
-701
-630
-915
-1188
-628
481
974
617
583
1295
2053
2942
4471
4127
518
-467
5302
9008
3256
-2114
2265
7381
4988
2290
3247
1665
-344
3451
5910
457
-2970
1072
2421
-1516
-1438
1291
-1204
-4313
-1801
146
-2219
-3044
-1743
-3265
-4738
-2066
-210
-3027
-5291
-3646
-1809
-1993
-2461
-2874
-3645
-3224
-1344
-684
-2077
-2851
-1826
-904
-853
-595
-412
-1075
-1353
-88
1145
872
57
624
2281
3112
2855
3610
4411
2114
33
4321
9105
4725
-1842
1591
8078
6045
1750
2866
2758
-58
2426
6223
1669
-3569
-100
3127
-694
-2315
622
-686
-4437
-2616
191
-1927
-3687
-2449
-3227
-4727
-2457
-491
-3167
-5583
-3956
-1867
-1858
-2525
-3347
-4048
-3112
-1142
-814
-2281
-2990
-2046
-900
-602
-682
-862
-1182
-1052
56
828
467
527
1917
2410
1686
3027
6183
5086
-134
-161
7164
9979
3253
-1346
3323
7735
5742
3491
3319
1194
423
4545
5812
45
-2754
1181
2215
-1490
-1477
768
-1609
-4380
-2236
-642
-2580
-3211
-2626
-4428
-5109
-2056
-915
-4075
-5846
-4008
-2259
-2218
-2895
-4009
-4477
-2979
-1210
-1499
-2893
-3116
-2106
-1205
-915
-939
-1148
-1340
-1044
-69
924
1143
880
1188
2174
3345
4878
5816
3453
-22
2372
9364
9599
1801
-1012
5396
9344
6018
3137
2951
1541
1755
5521
5215
-768
-2377
1616
1730
-1598
-928
387
-2824
-4816
-2076
-736
-2721
-3777
-4203
-5420
-4408
-1647
-2237
-5611
-6390
-3980
-2120
-2525
-4127
-5096
-4306
-2583
-1711
-2241
-3233
-3334
-2186
-1096
-1076
-1382
-1218
-1204
-1079
192
1713
1572
895
1570
3116
4812
6660
5519
909
742
8405
11954
4605
-946
4395
9721
7221
4280
4378
2463
1307
5061
6360
711
-2239
1300
2054
-1611
-1507
637
-2002
-5064
-2973
-1163
-3016
-3889
-3485
-5309
-6039
-2900
-1555
-4866
-6973
-4896
-2716
-2852
-3799
-4600
-4868
-3611
-1822
-1776
-3216
-3497
-2274
-1441
-1346
-915
-933
-1781
-1659
231
1556
1126
461
1264
2845
4007
5007
6320
4981
1015
1840
9630
11948
3612
-1248
5487
10798
7280
3896
4112
2252
1573
5897
6712
2
-2920
1407
2341
-1638
-1346
774
-3049
-6987
-2786
1590
-2437
-7718
-6164
-3066
-3580
-4227
-3885
-5884
-7305
-3990
-1237
-4118
-6856
-4793
-2823
-3614
-3308
-2053
-3202
-4205
-2205
-658
-1628
-1877
-1009
-1327
-1598
102
1670
1392
705
1349
3019
4684
6081
6821
4372
617
3527
12033
11830
1883
-619
7917
11430
6736
4457
4383
1610
2392
7485
5911
-1504
-2037
2349
1072
-2174
-381
-42
-4536
-5562
-1913
-1624
-4155
-4545
-5054
-6907
-5468
-2232
-3362
-7171
-7451
-4699
-3099
-3629
-4935
-5828
-5296
-3456
-2113
-2629
-3942
-3883
-2447
-1493
-1506
-1412
-1165
-1428
-1309
108
1703
1916
1556
1954
3014
4763
7535
7918
3144
309
6911
13943
9052
624
3002
10119
9728
6101
5659
4066
1487
4373
7755
3217
-2019
355
2619
-935
-2288
432
-1153
-5457
-4484
-1712
-3226
-4843
-4142
-5504
-7462
-5050
-2468
-4839
-7792
-6626
-4317
-3963
-4553
-5123
-5641
-5086
-3391
-2497
-3246
-3965
-3395
-2446
-1973
-1434
-969
-1382
-1866
-897
812
1654
1556
1593
2300
3608
5334
7234
7328
3923
1624
6589
13184
10079
1839
2417
9697
10831
6607
5084
4367
2179
3916
7494
4241
-1712
-718
2330
-103
-2218
-248
-1258
-5396
-4944
-1892
-2977
-5137
-4764
-5549
-7423
-5428
-2568
-4649
-8111
-7078
-4235
-3849
-4781
-5247
-5656
-5296
-3472
-2385
-3455
-4342
-3408
-2394
-2314
-1753
-942
-1397
-2200
-1243
629
1608
1440
1335
2030
3627
5527
7362
7236
3797
1954
7366
13361
9544
2075
3632
10159
10398
6828
5833
4543
2408
4625
7637
3855
-1329
-10
2204
-381
-1818
-48
-1595
-5379
-4661
-2125
-3380
-5131
-4779
-5905
-7872
-5798
-2698
-4609
-8532
-7972
-4712
-3674
-4692
-5700
-6451
-5888
-3384
-1918
-3512
-5107
-4030
-2187
-1630
-1507
-1425
-1845
-1920
-604
809
1293
1313
1528
2222
3682
5477
7035
7588
5169
2326
5582
12775
11926
3669
1954
8838
11627
8166
5933
4815
2417
3838
7969
5694
-930
-1301
2080
795
-1720
-487
-1123
-5030
-5390
-2450
-2829
-5027
-5255
-5879
-7813
-6713
-3513
-3903
-7673
-8937
-6269
-3690
-3832
-5603
-6963
-6548
-4157
-1984
-2641
-4915
-5038
-2736
-1226
-1496
-1855
-1786
-1752
-988
516
1366
1325
1536
2380
3422
4846
6775
8220
6191
2567
4441
12014
13093
5212
1831
8061
11667
8654
6566
5785
2747
3060
7673
6755
-11
-1388
2007
1138
-1750
-556
-493
-4500
-5789
-2883
-2727
-5026
-5181
-5343
-7851
-7821
-4024
-3144
-7288
-9677
-6922
-3802
-3962
-5657
-6837
-6931
-4917
-2149
-2369
-5056
-5372
-2878
-1375
-1633
-1776
-1943
-2095
-846
992
1257
877
1498
2844
3814
4775
6201
8020
7057
3505
4027
11143
13500
6388
2171
7706
11716
8961
6827
6292
3304
2977
7379
7144
647
-1238
2009
1417
-1694
-850
-456
-4130
-5811
-3440
-3193
-5090
-5265
-5753
-7991
-7488
-4444
-4524
-7556
-8462
-6761
-5254
-4776
-5265
-6478
-6761
-4983
-3081
-3099
-4294
-4448
-3349
-2168
-1649
-1567
-1771
-1733
-1007
206
1073
1517
1767
2511
3505
4673
6245
8325
7298
3462
3874
11029
13651
6920
2534
7475
11489
9176
7197
6680
3646
2896
7137
7381
1132
-1060
1988
1418
-1755
-801
-167
-3965
-5920
-3385
-3031
-5399
-5684
-5371
-7346
-7877
-5391
-4572
-6896
-8256
-7134
-5713
-5129
-5251
-6045
-6649
-5633
-3647
-2924
-3982
-4563
-3589
-2368
-1735
-1282
-1539
-2179
-1373
680
1491
1133
1329
2686
3975
4948
5969
7837
7513
4287
4067
10474
13448
7357
2896
7513
11413
9072
7212
6988
3934
2799
6990
7575
1343
-1155
1924
1627
-1597
-802
-128
-3863
-5821
-3145
-2677
-5336
-5816
-5213
-7097
-8111
-5414
-3901
-6668
-9143
-7559
-4970
-4683
-5773
-6627
-6935
-5761
-3397
-2737
-4668
-5482
-3526
-1857
-2080
-2133
-1680
-1827
-1545
109
1372
1455
1611
2557
3434
4673
6772
8684
6814
3234
4959
12006
13018
6251
3493
8475
11144
8997
7794
6631
3415
3820
7764
6563
802
-110
2233
800
-1582
-244
-577
-4440
-5468
-3006
-3366
-5541
-5344
-5722
-8404
-7906
-4073
-4505
-8863
-9360
-6001
-4874
-5961
-6300
-6641
-6999
-5169
-3013
-3825
-5479
-4472
-2712
-2574
-2386
-1273
-1493
-2402
-1212
1041
1499
1223
1662
2609
3886
5694
6879
7684
6731
4400
5486
11567
12833
6423
3498
8619
11637
9049
7180
6418
3988
3993
7380
6665
1136
-449
2021
1325
-1401
-750
-713
-4165
-5518
-3113
-3077
-5546
-6062
-5824
-7105
-7334
-5659
-5468
-7263
-8025
-6936
-5824
-5652
-5878
-6247
-6443
-5588
-4034
-3554
-4359
-4446
-3382
-2584
-2271
-1652
-1340
-1633
-1330
-23
1065
1662
2063
2598
3341
4905
6712
8205
6928
4044
4961
11075
12639
6705
3778
8411
11000
8528
7376
6961
3939
3560
7260
6644
1133
32
2386
882
-1741
-281
-319
-4210
-5351
-3008
-3525
-5597
-5260
-5545
-7883
-7740
-5215
-5149
-7348
-8210
-7332
-6078
-5233
-5508
-6669
-7045
-5668
-3765
-3297
-4358
-4826
-3755
-2412
-1719
-1407
-1667
-2088
-1262
590
1550
1423
1438
2614
4174
5438
6355
7879
7369
4564
4972
11059
13003
6967
3726
8496
11355
8732
7502
7223
3935
3248
7467
7232
1014
-585
2380
1287
-1741
-458
-327
-4299
-5478
-2919
-3595
-5981
-5362
-5280
-7905
-8044
-5200
-4992
-7447
-8257
-7161
-6133
-5377
-5288
-6434
-7214
-5692
-3474
-3249
-4501
-4617
-3440
-2422
-1815
-1411
-1726
-2013
-1020
458
1006
1261
1868
2784
3569
4733
6326
8191
7311
4162
4664
10850
13049
7265
3710
7946
11183
9190
7669
6914
4032
3608
7270
6967
1411
-205
2156
1131
-1549
-452
-311
-3976
-5500
-3503
-3719
-5517
-5226
-5621
-8133
-8080
-5152
-4864
-7446
-8508
-7348
-6061
-5252
-5269
-6419
-7153
-5724
-3601
-3163
-4202
-4485
-3583
-2484
-1668
-1278
-1651
-1914
-992
419
1098
1488
1893
2627
3653
4899
6044
7907
7758
4594
4193
10254
13331
7755
3542
7543
11100
9176
7590
7047
4093
3253
6999
7201
1562
-503
1944
1253
-1556
-713
-439
-3968
-5509
-3542
-3772
-5603
-5297
-5729
-8119
-7834
-5112
-5268
-7634
-8071
-6983
-6255
-5518
-5235
-6276
-6971
-5568
-3702
-3396
-4145
-4200
-3460
-2532
-1692
-1225
-1550
-1761
-877
419
1089
1627
2156
2731
3462
4882
6602
8228
7178
4214
4935
10880
12742
7093
3812
7930
10954
9025
7478
6688
3939
3600
7073
6724
1277
-379
1949
1083
-1547
-647
-575
-4121
-5467
-3479
-3737
-5362
-5094
-6140
-8787
-7496
-3989
-5194
-8909
-8697
-6161
-5380
-5669
-5997
-6892
-6862
-4809
-3326
-4076
-4938
-4081
-2942
-2458
-1922
-1437
-1733
-1775
-676
510
995
1541
2088
2704
3737
5246
6627
8081
7100
4181
5271
11608
12761
6301
3718
8864
11421
8660
7274
6732
3860
3804
7470
6465
720
-179
2448
922
-1840
-527
-633
-4389
-5266
-3328
-4237
-5624
-4629
-5959
-9114
-7730
-4151
-5161
-8311
-8416
-6907
-5895
-5021
-5290
-7011
-7241
-4895
-3142
-3612
-4496
-4157
-3353
-2425
-1373
-990
-1761
-1979
-699
797
1392
1625
1922
2731
3939
5347
6725
8026
6746
4050
5563
11574
12306
6166
3864
8776
11158
8516
7127
6557
3726
3661
7324
6378
655
-299
2334
910
-1766
-545
-808
-4623
-5413
-3175
-3884
-5689
-5271
-6320
-8745
-7174
-4141
-5749
-8914
-8218
-6117
-5612
-5698
-6003
-6882
-6478
-4492
-3585
-4225
-4524
-3726
-3052
-2439
-1685
-1266
-1591
-1519
-495
625
1256
1722
2256
3035
4014
5247
7050
8430
6237
3516
6642
12732
11188
4902
4868
9889
10423
8087
7568
5974
3117
4771
7913
4851
-102
750
2411
-160
-1640
12
-1621
-5166
-4798
-3244
-4752
-5519
-4927
-6941
-8976
-6671
-4356
-6170
-8414
-7997
-6737
-5662
-5030
-5791
-7084
-6434
-4391
-3390
-3821
-4243
-3896
-3118
-2067
-1201
-1137
-1666
-1554
-380
882
1614
1778
2104
3020
4337
5631
7304
8055
5553
3588
7572
12928
10232
4298
5352
10252
10055
7706
7434
5562
2871
5105
7898
4007
-467
1028
2198
-660
-1432
193
-2185
-5470
-4420
-3016
-5049
-5838
-4951
-6651
-8629
-6673
-4570
-6187
-8033
-7620
-6699
-5860
-5025
-5491
-6853
-6344
-4356
-3233
-3670
-4107
-3807
-2920
-1861
-1126
-1221
-1725
-1318
8
987
1411
1815
2481
3278
4458
5856
7653
7766
4878
3843
8995
13065
8660
3824
6702
10676
9289
7587
7291
4617
3053
6275
7422
2431
-418
1699
1668
-1111
-880
-129
-3276
-5419
-3711
-3271
-5414
-5684
-5371
-7179
-7877
-5839
-5182
-7036
-7827
-7061
-6357
-5806
-5411
-5919
-6526
-5692
-4226
-3558
-3885
-3958
-3442
-2649
-1944
-1268
-1051
-1360
-1241
-117
1197
1867
1955
2303
3289
4821
6383
7853
7176
4293
4333
9982
12846
7624
3516
7236
10816
8931
7276
6872
4134
3171
6647
6927
1632
-376
1929
1231
-1498
-722
-329
-3804
-5428
-3435
-3723
-5998
-5297
-4750
-7695
-8709
-5422
-4300
-7040
-8253
-7020
-6171
-5489
-4740
-5696
-7003
-5745
-3400
-3026
-4042
-4014
-3170
-2487
-1738
-851
-1024
-1642
-992
460
1093
1473
2119
2660
3289
4629
6266
7859
7323
4206
4085
10030
12891
7319
3369
7401
10587
8609
7403
6930
3731
3002
6874
6817
1304
-318
2099
970
-1663
-473
-299
-4031
-5484
-3521
-3841
-5427
-4980
-5693
-8309
-7669
-4641
-4946
-7574
-8104
-6836
-5762
-5013
-5250
-6424
-6531
-4910
-3503
-3477
-3929
-3844
-3156
-2356
-1624
-1028
-975
-1246
-1031
9
1079
1944
2169
2151
2853
4754
6511
7698
7200
4316
3581
9147
13395
8367
2667
5982
10810
9322
7100
6839
4034
2316
6110
7616
2142
-1032
1456
1450
-1459
-865
96
-3457
-5994
-4043
-3236
-4883
-5198
-5688
-8091
-7910
-4779
-4402
-7167
-8307
-7106
-5692
-4744
-4916
-6215
-6694
-5199
-3405
-2964
-3679
-4099
-3413
-2248
-1336
-818
-1001
-1569
-1159
397
1355
1508
1675
2290
3198
4657
6154
7414
7097
4601
3989
8835
12535
8306
3416
6135
10246
9053
7184
6827
4214
2552
5907
7258
2228
-832
1409
1497
-1216
-822
-100
-3492
-5752
-3655
-2826
-4799
-5722
-6048
-7272
-6743
-4986
-5606
-7458
-7382
-6257
-5751
-5502
-5639
-6015
-5754
-4871
-4217
-3773
-3532
-3577
-3311
-2545
-1750
-1173
-872
-1043
-1154
-332
1056
2017
2076
2113
2887
4588
6346
7691
7168
4538
3907
8751
12704
8731
3462
5752
10279
9460
7245
6606
4289
2715
5757
7119
2406
-668
1260
1365
-1264
-1033
-168
-3132
-5766
-4511
-3460
-4490
-5076
-6033
-8123
-7771
-4891
-4513
-7020
-8288
-7353
-5837
-4609
-4866
-6433
-6831
-5105
-3378
-3019
-3652
-4138
-3546
-2146
-1203
-999
-1190
-1446
-1074
287
1328
1584
1693
2321
3288
4684
6100
7507
7263
4556
3797
8911
12901
8405
3132
5992
10506
9248
7060
6621
4120
2481
5884
7396
2244
-1032
1332
1594
-1358
-1055
16
-3402
-6058
-4023
-3084
-5043
-5437
-5510
-7849
-8027
-4843
-4275
-7192
-8308
-6901
-5728
-5014
-4849
-5963
-6722
-5202
-3220
-2955
-3686
-3772
-3141
-2312
-1378
-660
-838
-1327
-891
237
937
1678
2416
2484
2512
4208
6359
7671
7404
4840
3106
7449
13165
10074
2995
4154
10068
10029
6998
6389
4512
1995
4689
7670
3390
-1298
446
1814
-1050
-1626
41
-2640
-6233
-4631
-2537
-4653
-6307
-5490
-6321
-7817
-6325
-4492
-5942
-7734
-7119
-5887
-5406
-5016
-5002
-5930
-5947
-4133
-2499
-2922
-3867
-3415
-2249
-1471
-771
-432
-1123
-1381
134
1568
1655
1694
2505
3174
4170
5854
7544
7619
5046
3354
7396
12693
9828
3510
4679
9835
9628
7250
6753
4485
2141
5024
7521
3214
-912
794
1652
-1068
-1416
76
-2652
-6059
-4759
-2995
-4538
-5532
-5582
-7616
-8246
-5214
-3949
-6851
-8559
-7152
-5639
-4881
-4774
-5800
-6736
-5439
-3277
-2653
-3442
-3887
-3267
-2231
-1254
-600
-643
-1277
-1171
72
1169
1710
2040
2174
2445
4038
6088
7185
7311
5676
3564
5758
11729
11578
4796
2942
8456
10673
7896
6449
5233
2435
3477
7326
5320
-327
-589
1640
-12
-1695
-212
-1483
-5590
-5709
-3010
-3641
-5724
-5832
-6617
-8051
-6530
-4178
-5593
-8126
-7697
-5959
-5125
-4868
-5144
-6167
-6008
-4138
-2670
-2926
-3676
-3459
-2544
-1608
-800
-307
-845
-1509
-614
1186
1993
1897
1983
2519
3793
5715
7148
7617
5938
3487
5212
11321
11930
5318
2857
8022
10452
7865
6633
5647
2570
3046
6961
5594
49
-618
1612
55
-1918
-415
-1074
-5245
-5911
-3053
-3361
-5954
-6159
-6069
-7397
-6949
-5009
-5529
-7473
-7414
-6211
-5586
-5230
-5079
-5643
-5847
-4686
-3224
-2835
-3367
-3432
-2706
-1825
-1095
-463
-593
-1134
-654
717
1563
2021
2367
2580
3304
5275
6972
7828
6666
3904
4176
10139
12851
6893
2507
6810
10604
8466
6702
6097
3063
2431
6426
6547
866
-1064
1409
615
-1995
-848
-505
-4637
-6503
-3746
-2964
-5249
-6010
-6406
-8005
-7035
-4182
-4908
-8070
-8103
-5954
-4940
-4918
-5206
-6055
-6039
-4130
-2607
-2898
-3681
-3339
-2432
-1676
-938
-370
-638
-1171
-562
885
1690
1922
2003
2345
3329
5252
6696
7526
6744
4115
3819
9324
12936
7626
2319
5795
10519
9030
6675
5904
3255
2193
5952
6986
1572
-1391
927
1038
-1522
-1077
-533
-4277
-6562
-4013
-2781
-4995
-6008
-6260
-7931
-7365
-4371
-4519
-7705
-8256
-6327
-5158
-4753
-4854
-5992
-6466
-4488
-2483
-2585
-3622
-3556
-2601
-1680
-855
-352
-635
-1115
-546
680
1441
2002
2307
2238
2804
4840
6598
7465
7247
4744
3107
7589
13143
9579
2512
3953
9943
9834
6852
6063
3913
1583
4702
7612
2977
-1726
264
1578
-1312
-1672
-57
-3186
-6786
-4831
-2624
-4487
-5825
-5913
-7773
-8033
-4746
-3836
-7055
-8518
-6759
-5294
-4635
-4559
-5730
-6593
-4891
-2690
-2471
-3343
-3525
-2849
-1876
-907
-436
-574
-924
-753
199
1344
2070
2174
2095
2658
4288
6176
7326
7405
5308
3340
6237
12012
10928
4112
3052
8569
10253
7508
6242
4707
1861
3475
7267
4663
-924
-618
1461
-513
-1882
-218
-2021
-6265
-5817
-2884
-3767
-5833
-5945
-7017
-8262
-6017
-3772
-5827
-8420
-7511
-5637
-4814
-4585
-5134
-6262
-5726
-3491
-2215
-2793
-3604
-3220
-2145
-1114
-481
-384
-857
-1034
-102
1213
1930
2095
2052
2477
3863
5697
6857
7647
6418
3516
4448
10855
12524
5772
2255
7207
10409
8039
6583
5512
2132
2373
6793
5949
-92
-1163
1335
-7
-2133
-474
-1020
-5405
-6314
-3576
-3594
-5322
-5416
-6622
-8654
-6888
-3733
-4783
-7908
-8144
-6357
-4837
-4142
-4808
-6320
-6174
-3844
-2201
-2566
-3440
-3326
-2464
-1349
-419
-210
-657
-992
-354
916
1871
2206
2186
2328
3177
5149
6830
7566
6900
4502
3538
8214
12928
8886
2494
4460
9778
9282
6871
5996
3223
1401
5042
7202
2225
-1671
189
889
-1522
-1319
-374
-3876
-6609
-4210
-2838
-5430
-6006
-5021
-7184
-8614
-5431
-3576
-6266
-8017
-6868
-5842
-4959
-3905
-4776
-6609
-5648
-2876
-1944
-2978
-3488
-2940
-2165
-1103
-98
-167
-1096
-998
338
1477
2045
2335
2321
2624
4234
6202
7531
7718
5391
3066
6223
12281
10928
4079
3250
8363
9737
7601
6591
4411
1532
3567
7170
4331
-805
-573
963
-878
-1721
-204
-2301
-6333
-5765
-2944
-3811
-5882
-6124
-7051
-8129
-6112
-3893
-5687
-8261
-7591
-5606
-4676
-4576
-5184
-6182
-5629
-3502
-2263
-2810
-3545
-3156
-2203
-1295
-535
-198
-693
-1104
-169
1286
1936
2107
2269
2454
3442
5563
7224
7777
6432
3753
4228
10083
12669
6767
2232
6062
10035
8572
6844
5492
2231
1970
6263
6417
744
-1478
673
236
-1757
-750
-1011
-4973
-6196
-3452
-3240
-5719
-5965
-5834
-7514
-7437
-4987
-4783
-6828
-7399
-6473
-5670
-4831
-4300
-5104
-5922
-4902
-2920
-2124
-2756
-3209
-2760
-1837
-794
37
-143
-958
-720
654
1643
2011
2332
2384
2663
4312
6380
7409
7428
5537
3207
5812
12022
11219
3885
2561
8300
10023
7391
6234
4314
1237
3247
7300
4475
-1212
-1033
984
-716
-1807
-368
-2356
-6352
-5696
-2765
-3796
-5921
-6015
-6942
-8151
-5967
-3696
-5710
-8252
-7385
-5400
-4598
-4425
-5062
-6138
-5534
-3229
-1980
-2742
-3510
-3001
-1975
-1111
-354
-178
-728
-818
97
1033
1594
2274
2420
2116
3068
5388
6699
7124
7026
4819
3244
7712
12850
8962
2229
4091
9626
9272
6804
5997
3213
1119
4858
7565
2609
-1940
-223
1066
-1144
-1291
-468
-3708
-6618
-4491
-2626
-4591
-5879
-5936
-7510
-7813
-4880
-3841
-6495
-8102
-6871
-5179
-4165
-4168
-5521
-6321
-4778
-2527
-2031
-2968
-3513
-2898
-1687
-595
-160
-499
-900
-584
324
1206
1943
2386
2152
2161
3702
5942
6990
7234
6141
3623
4094
10081
12508
6068
1441
5967
10208
8306
6307
5083
1845
1769
6487
6511
290
-2005
622
409
-1693
-840
-1267
-5223
-6169
-3246
-3351
-5850
-5690
-5635
-7935
-7716
-4430
-4142
-6905
-7813
-6470
-5192
-4157
-3991
-5427
-6320
-4498
-2066
-1858
-3118
-3413
-2558
-1439
-374
53
-530
-1032
-368
753
1499
2153
2455
2196
2564
4632
6584
7296
7052
5137
3178
6282
12124
10474
3274
2717
8458
9684
7142
6110
3918
988
3565
7511
4120
-1473
-924
1092
-675
-1602
-412
-2726
-6232
-4934
-2488
-4429
-6321
-5425
-6085
-8036
-6568
-4040
-5170
-7421
-7140
-5825
-5039
-4267
-4274
-5619
-5891
-3719
-1775
-2229
-3377
-3075
-2046
-1120
-240
76
-634
-963
28
1257
1869
2335
2493
2371
3320
5578
7194
7613
6243
3493
3880
9941
12605
6401
1634
5831
9985
8306
6474
5211
1829
1710
6411
6507
385
-1789
729
327
-1866
-829
-1034
-4890
-6101
-3629
-3518
-5139
-5038
-6110
-8568
-7214
-3585
-4139
-7360
-7964
-6320
-4792
-3828
-4250
-5994
-6236
-3822
-1767
-2182
-3400
-3296
-2248
-1136
-309
-158
-631
-742
-39
905
1540
1975
2248
2387
2903
4506
6346
7150
6736
4964
3461
6138
11289
10207
3697
2599
7827
9624
7243
5639
3517
1212
3572
7062
4037
-1304
-1211
824
-329
-1526
-994
-2930
-5780
-4841
-2788
-4226
-5928
-5619
-6342
-7545
-5975
-4234
-5592
-7233
-6742
-5676
-4926
-4320
-4671
-5619
-5198
-3414
-2277
-2563
-3099
-2832
-2024
-1088
-416
-259
-569
-526
153
1027
1718
2310
2423
2479
3536
5587
6813
7235
6381
4151
3956
9047
12183
7028
2011
5485
9810
8288
6190
5299
2293
1578
5803
6546
787
-1875
450
520
-1722
-1083
-1048
-4694
-6311
-3698
-2900
-5089
-5830
-6088
-7590
-6967
-4189
-4423
-7229
-7692
-5986
-4790
-4337
-4492
-5587
-5795
-3976
-2182
-2233
-3104
-3138
-2249
-1173
-439
-237
-512
-618
47
933
1308
1784
2539
2700
2727
4153
6204
7345
7290
5083
2784
5756
11853
10499
3191
2290
7971
9582
7088
5716
3429
787
3468
7283
3807
-1749
-988
1177
-648
-1733
-616
-2805
-6051
-4750
-2701
-4435
-5873
-5288
-6387
-7687
-5820
-4089
-5581
-7123
-6634
-5686
-4869
-4105
-4506
-5587
-5230
-3313
-2063
-2378
-3028
-2793
-1889
-876
-229
-249
-565
-344
402
1004
1328
2089
2716
2628
2841
4695
6621
7476
6782
4131
2811
7443
12437
8519
1792
3497
8996
8964
6568
5324
2340
810
4862
7138
2030
-2122
-242
850
-1176
-1163
-654
-4003
-6483
-4113
-2471
-4547
-5908
-5910
-7150
-7077
-4433
-3887
-6588
-7712
-6033
-4524
-4165
-4361
-5191
-5589
-4238
-2262
-1931
-2894
-3246
-2281
-1163
-461
-239
-376
-586
-18
897
1204
1302
2164
2679
2464
3151
5296
6616
6922
6258
3953
3240
8119
11986
7191
1374
4204
9279
8517
6022
4769
1957
1129
5317
6746
1144
-2355
12
836
-1320
-1210
-1154
-4526
-5980
-3479
-3242
-5407
-5153
-5089
-7832
-7694
-3909
-3504
-6701
-7528
-6067
-5079
-3934
-3418
-5166
-6349
-4237
-1728
-1825
-2940
-3047
-2339
-1360
-248
123
-450
-707
133
852
1027
1542
2389
2337
2183
3299
5235
6386
6975
6116
3491
3257
8443
11703
6668
1375
4282
9010
8361
6081
4506
1575
1265
5635
6490
778
-2157
144
580
-1230
-881
-1319
-4649
-5713
-3613
-3305
-4584
-4859
-6133
-8044
-6426
-3387
-4151
-6970
-7400
-6003
-4455
-3394
-4037
-5820
-5714
-3446
-1847
-2028
-2794
-3017
-2267
-949
-103
-133
-399
-349
134
812
1239
1520
2130
2518
2292
2911
5024
6576
6699
5957
3982
3196
7440
11642
7622
1458
3417
8804
8641
6077
4558
1978
1085
5059
6714
1611
-2185
-267
944
-787
-1150
-1268
-4156
-5610
-3438
-2856
-5074
-5393
-5009
-6947
-7354
-4441
-3682
-6245
-7206
-6034
-5109
-4140
-3545
-4855
-5993
-4410
-2054
-1654
-2609
-3071
-2511
-1388
-303
97
-319
-691
-111
827
1221
1441
1881
2027
2131
3191
4769
5600
6030
6450
5006
3079
5536
10530
9156
2869
2262
7400
8795
6367
4893
2950
822
3418
6757
3408
-1830
-1200
1020
-255
-1363
-992
-3236
-5861
-4250
-2156
-3981
-5985
-5754
-6073
-6556
-4973
-4087
-5917
-7066
-5869
-4644
-4328
-4229
-4689
-5187
-4290
-2590
-1859
-2354
-2761
-2370
-1408
-536
-29
-85
-366
-195
572
1256
1508
1640
1868
2171
3023
4235
5236
5885
6545
5384
3119
4522
9664
9953
4055
1932
6389
8782
6880
5370
3632
1066
2671
6494
4573
-886
-1417
836
112
-1249
-914
-2577
-5312
-4426
-2541
-4148
-5805
-4932
-5450
-7336
-6138
-3868
-4887
-6790
-6364
-5416
-4825
-3872
-3907
-5395
-5343
-3131
-1645
-2180
-2870
-2640
-1852
-920
-74
21
-471
-443
390
1016
1198
1534
2041
2067
2367
3666
5216
5775
6110
5859
3957
3500
7710
10717
6352
1779
4567
8696
7650
5603
4493
1980
1511
5329
6009
839
-1920
160
643
-1099
-1186
-1622
-4442
-5373
-3569
-3266
-4790
-5321
-6003
-7127
-6103
-4060
-4628
-6621
-6824
-5705
-4504
-3760
-4219
-5437
-5120
-3232
-1964
-2032
-2518
-2665
-2123
-884
55
27
-345
-242
262
843
1413
1684
1773
1889
2282
3349
4928
5662
5679
6022
5067
3368
5586
10213
8559
2635
2798
7860
8465
5834
4821
3188
1177
3623
6593
3040
-1878
-860
1344
-315
-1626
-1184
-3273
-5518
-3819
-2562
-5007
-5959
-4725
-5979
-7498
-5296
-3625
-5752
-7148
-5951
-5040
-4711
-3906
-4261
-5556
-4780
-2349
-1503
-2582
-3034
-2369
-1461
-590
56
-207
-645
-100
800
1098
1234
1671
1950
2025
2833
4316
5401
5662
6164
5616
3683
4316
9040
10041
4576
1944
6176
8762
6713
5275
4066
1389
2247
6192
4910
-675
-1564
924
265
-1480
-992
-2233
-5130
-4604
-2554
-3996
-5870
-4991
-5229
-7100
-6212
-3946
-4754
-6616
-6332
-5389
-4857
-3966
-3845
-5159
-5182
-3096
-1618
-2156
-2863
-2617
-1768
-796
-47
-35
-378
-248
436
1153
1553
1668
1817
2068
2778
4030
5325
5869
6311
5568
3562
4155
9028
10338
4800
1659
5800
8926
7124
5348
4018
1475
2230
6175
5273
-341
-1745
671
388
-1310
-918
-2069
-5119
-4960
-2864
-3712
-5222
-4899
-6045
-7683
-5711
-3304
-4940
-7117
-6558
-5378
-4533
-3578
-4043
-5697
-5257
-2823
-1606
-2295
-2891
-2682
-2016
-855
93
-91
-660
-317
447
895
1319
1651
1754
1887
2592
3715
5014
5681
6085
5785
3935
3422
7649
10720
6206
1497
4531
8719
7515
5565
4573
1896
1476
5513
6147
754
-1948
287
793
-1013
-1016
-1492
-4576
-5321
-2880
-2982
-5480
-5394
-4911
-6815
-6970
-4211
-3910
-6347
-6895
-5721
-4917
-4004
-3450
-4782
-5666
-3912
-1651
-1575
-2613
-2831
-2146
-1096
47
431
-276
-652
412
1334
1192
1220
2152
2408
2244
3108
4867
5874
6340
5953
3814
3037
7110
10801
7083
1767
3557
8223
8116
5878
4520
2128
1254
4858
6434
1656
-1979
-154
1017
-663
-1087
-1266
-4126
-5526
-3221
-2367
-4722
-5717
-5290
-6288
-6456
-4322
-3928
-6292
-7035
-5524
-4434
-4043
-3875
-4708
-5291
-3821
-1881
-1705
-2618
-2829
-2207
-1200
-203
209
-272
-669
31
1108
1250
930
1365
2123
2290
2780
4039
5212
5739
6074
4716
2874
4818
9582
8922
3299
2090
6560
8413
6536
4915
2951
991
3230
6403
3730
-1272
-1183
918
132
-1231
-1279
-3015
-5122
-4213
-2576
-3795
-5348
-5355
-5848
-6532
-5126
-3789
-5176
-6843
-6168
-4682
-3895
-3749
-4307
-5102
-4398
-2485
-1433
-2088
-2868
-2559
-1370
-311
123
-113
-529
-211
808
1265
1069
1406
2129
2030
2358
3913
5325
5565
5861
4957
3008
4214
9088
9447
3801
1643
6106
8713
6717
4943
3542
1334
2647
6265
4688
-728
-1425
1053
609
-1099
-1049
-2415
-4858
-4302
-2538
-3669
-5184
-4936
-5579
-6829
-5373
-3547
-4888
-6783
-6176
-4909
-4242
-3657
-4019
-5356
-4909
-2614
-1544
-2352
-2927
-2596
-1768
-610
139
-233
-764
-259
755
1092
1085
1569
2169
2088
2458
3884
5276
5801
6160
4912
2838
4486
9515
9371
3565
1897
6429
8549
6610
5145
3528
1182
2838
6411
4351
-938
-1223
1090
312
-1122
-923
-2624
-5073
-4046
-2437
-4145
-5590
-4777
-5423
-7042
-5719
-3695
-4862
-6705
-6225
-5074
-4462
-3779
-4009
-5246
-5006
-2839
-1621
-2262
-2926
-2588
-1714
-639
67
-111
-586
-285
593
1096
1255
1746
2242
2129
2485
3978
5511
6198
6242
4407
2618
5379
10397
8843
2756
2299
7197
8563
6520
5155
3082
1061
3711
6870
3533
-1423
-713
1234
-121
-999
-664
-3100
-5338
-3507
-2268
-4613
-5617
-4588
-5745
-7124
-5224
-3707
-5399
-6618
-5784
-5125
-4654
-3672
-4037
-5451
-4883
-2615
-1782
-2546
-2860
-2449
-1783
-660
152
-219
-779
-207
666
967
1183
1812
2147
2066
2641
4157
5507
6104
6076
4258
2843
5787
10323
8267
2553
2687
7435
8335
6212
4906
2879
1200
3957
6589
3010
-1475
-522
1188
-261
-1146
-846
-3118
-5170
-3517
-2377
-4610
-5590
-4580
-5629
-7029
-5294
-3666
-5249
-6595
-5814
-5030
-4593
-3707
-4008
-5397
-4945
-2674
-1709
-2511
-2960
-2485
-1714
-664
66
-238
-778
-184
745
934
998
1860
2424
2094
2422
4097
5669
6239
6089
4150
2770
5859
10457
8300
2534
2657
7443
8408
6311
4943
2880
1171
3910
6626
3129
-1409
-547
1145
-240
-1113
-855
-3075
-5095
-3734
-2684
-4290
-5021
-4836
-6294
-6918
-4711
-3565
-5452
-6751
-5979
-4867
-3984
-3501
-4402
-5488
-4449
-2328
-1649
-2378
-2833
-2496
-1519
-339
102
-306
-606
-102
703
1177
1164
1440
2206
2491
2547
3637
5334
6034
6055
4608
2820
4689
9724
9227
3243
1803
6627
8601
6442
4895
3202
1072
3057
6532
3992
-1274
-1159
1223
206
-1271
-909
-2626
-4986
-3891
-2365
-4117
-5340
-4666
-5605
-6874
-5288
-3741
-5114
-6447
-5981
-5169
-4376
-3610
-4132
-5299
-4706
-2803
-1813
-2228
-2698
-2618
-1845
-672
26
-175
-520
-207
382
905
1392
1792
1916
1868
2575
4024
5422
5835
5904
4545
3067
5031
9724
9004
3325
2214
6937
8655
6426
5024
3469
1368
3220
6530
4034
-1032
-945
1215
257
-1037
-774
-2694
-5023
-3763
-2205
-4154
-5545
-4698
-5439
-6883
-5444
-3780
-5176
-6564
-5915
-5135
-4677
-3863
-4095
-5332
-4914
-2879
-1853
-2420
-2859
-2607
-1943
-893
-89
-232
-781
-426
565
1010
877
1159
2014
2266
2397
3369
5007
5755
6132
5111
3122
3974
8888
9968
4561
1743
5797
8713
6978
5333
3960
1539
2398
6169
5103
-301
-1476
943
658
-1017
-811
-2111
-4791
-4270
-2363
-3792
-5499
-4742
-5187
-6936
-5839
-3739
-4794
-6542
-6061
-5201
-4843
-3987
-3873
-5189
-5209
-3163
-1877
-2364
-2793
-2517
-2083
-1144
-49
-20
-712
-530
484
965
921
1115
1860
2202
2412
3202
4720
5574
6046
5495
3563
3460
7741
10193
5812
1874
4732
8382
7404
5598
4316
1963
1897
5430
5714
773
-1620
427
955
-731
-933
-1676
-4276
-4596
-2657
-3296
-5255
-4917
-4895
-6633
-6201
-3990
-4355
-6246
-6186
-5273
-4834
-4071
-3696
-4867
-5396
-3664
-1930
-2087
-2835
-2727
-2143
-1310
-269
9
-609
-750
251
925
906
939
1731
2197
2279
2879
4416
5488
5927
5840
4168
3132
6474
10435
7439
2159
3520
8208
8150
5835
4770
2796
1493
4485
6517
2322
-1744
-253
1446
-196
-1188
-1259
-3481
-5001
-3321
-2647
-4650
-5404
-5055
-6183
-6485
-4602
-4092
-5907
-6576
-5649
-4818
-4151
-3801
-4718
-5451
-4116
-2219
-1909
-2660
-2879
-2373
-1421
-359
-63
-550
-752
51
844
982
882
1436
2129
2253
2607
3912
5205
5664
6025
4841
3104
4966
9702
8878
3271
2425
7038
8457
6280
5019
3449
1382
3265
6423
3818
-1203
-979
1352
340
-1210
-1070
-2718
-4891
-3861
-2485
-4027
-5280
-4987
-5863
-6529
-4849
-3845
-5479
-6597
-5834
-4877
-4177
-3783
-4526
-5427
-4381
-2441
-1892
-2590
-2883
-2452
-1597
-547
-86
-484
-728
-85
701
956
972
1230
1912
2239
2486
3406
4944
5595
5952
5331
3530
3851
8341
9999
5062
1825
5442
8673
7120
5256
4033
1825
2232
5803
5394
100
-1745
765
1121
-853
-1238
-2134
-4557
-4462
-2559
-3442
-5416
-5176
-5292
-6597
-5788
-4014
-4836
-6572
-6245
-5191
-4528
-3957
-4091
-5194
-5024
-3095
-1762
-2233
-2923
-2658
-1802
-751
-16
-204
-725
-429
652
1344
1228
895
1520
2509
2919
3140
4247
5306
5938
6083
4463
3084
6064
10151
7589
2438
3412
7810
7898
5767
4658
2647
1369
4329
6360
2220
-1849
-323
1449
-226
-1437
-1590
-3650
-4882
-3254
-2832
-4889
-5471
-5033
-6121
-6413
-4732
-4306
-5896
-6404
-5651
-4879
-4163
-3849
-4758
-5288
-3953
-2261
-2057
-2675
-2816
-2332
-1360
-301
-116
-702
-807
112
1025
1204
879
1130
2078
2674
2887
3778
5023
5580
6022
5160
3385
4564
9131
9071
3797
2362
6671
8387
6286
4960
3583
1513
3053
6258
4016
-1090
-1162
1299
458
-1425
-1397
-2753
-4895
-4034
-2480
-4045
-5744
-5272
-5522
-6376
-5368
-4196
-5356
-6468
-5765
-4768
-4354
-4081
-4269
-4814
-4298
-2778
-1881
-2211
-2621
-2315
-1441
-549
-122
-231
-448
-204
651
1379
1228
870
1638
2622
2956
3355
4514
5091
5769
5973
4264
3164
6861
9977
6323
2022
4432
8062
7076
5272
4437
2166
1515
4950
5825
840
-2055
258
1246
-963
-1698
-1894
-4110
-4893
-2981
-2976
-5395
-5900
-5166
-5778
-6052
-4823
-4672
-5977
-6165
-5187
-4510
-4320
-4155
-4465
-4575
-3643
-2253
-1847
-2384
-2625
-1910
-830
-172
-124
-336
-400
238
1195
1540
1093
1209
2058
3047
3770
4358
4490
5321
6264
4982
3236
5727
9352
7164
2877
3965
7337
6916
5433
4921
2767
1195
4088
5961
1866
-1738
-100
1230
-666
-1618
-1605
-3657
-4919
-3245
-2753
-5063
-5925
-5035
-5441
-6089
-5048
-4495
-5670
-6074
-5098
-4483
-4455
-4150
-4196
-4476
-3757
-2316
-1823
-2330
-2450
-1759
-935
-353
-38
-94
-332
122
1149
1530
1195
1520
2235
2613
3310
4727
5372
5468
5420
4307
3754
6729
9338
6258
2356
4221
7751
7199
5258
4167
2272
1682
4592
5543
1224
-1789
-36
1110
-649
-1534
-1959
-4017
-4844
-3158
-2977
-5033
-5750
-5311
-5846
-5900
-4672
-4630
-6037
-6234
-5083
-4422
-4387
-4293
-4524
-4625
-3620
-2189
-1926
-2523
-2583
-1820
-932
-261
-61
-306
-430
262
1221
1496
1332
1701
2243
2686
3539
4897
5637
5889
5167
3750
4272
7863
9073
5269
2580
5089
7679
7018
5512
3817
1669
2308
5341
4837
428
-1326
225
540
-762
-1284
-2469
-4422
-4412
-3000
-3466
-5021
-5439
-5530
-5959
-5486
-4629
-4980
-5861
-5821
-5103
-4433
-4104
-4225
-4579
-4286
-3198
-2128
-1945
-2360
-2449
-1690
-697
-214
-240
-307
-184
359
1121
1504
1484
1793
2338
2843
3677
5018
5888
5736
4386
3467
5419
8729
7952
3805
3017
6254
7710
6349
4862
2995
1556
3346
5646
3386
-620
-839
657
-3
-1221
-1507
-3013
-4817
-4110
-2789
-3955
-5565
-5461
-5422
-6045
-5517
-4577
-5152
-6090
-5704
-4800
-4374
-4167
-4163
-4434
-4135
-2897
-1820
-1903
-2467
-2242
-1327
-555
-190
-88
-283
-168
637
1361
1441
1678
2219
2562
3025
4242
5517
6118
5281
3561
3781
7370
9272
5985
2681
4497
7408
7247
5732
4126
1950
1975
4819
5184
1250
-1139
109
680
-710
-1304
-1903
-3881
-4725
-3353
-3121
-4724
-5415
-5280
-5922
-6011
-4778
-4559
-5768
-6131
-5344
-4645
-4210
-3986
-4403
-4621
-3645
-2245
-1855
-2303
-2418
-1790
-944
-345
-103
-233
-272
351
1113
1344
1600
2199
2579
2875
3813
5100
6188
5931
3971
3223
6528
9505
6981
3088
4041
7003
7235
6105
4799
2342
1570
4296
5396
1807
-952
8
676
-660
-1317
-1772
-3562
-4583
-3611
-3395
-4703
-5226
-5106
-5893
-6231
-5140
-4570
-5515
-6012
-5525
-4908
-4327
-3901
-4271
-4663
-3915
-2674
-2031
-2121
-2377
-2145
-1174
-282
-134
-430
-446
170
1022
1338
1370
1910
2595
2960
3590
4765
5893
6095
4440
3155
5639
9324
7770
3488
3540
6732
7302
6237
5286
2938
1270
3707
5869
2825
-877
-352
893
-206
-1167
-1427
-3222
-4676
-3637
-2870
-4418
-5462
-5061
-5413
-6030
-5280
-4609
-5438
-5979
-5463
-4851
-4453
-4082
-4241
-4550
-3989
-2892
-2198
-2187
-2406
-2201
-1270
-378
-223
-486
-474
96
881
1276
1387
1835
2593
3073
3650
4724
6005
5940
4099
3300
6320
9249
7020
3302
4107
6955
7099
6031
4978
2680
1675
4203
5450
2099
-801
-29
737
-408
-1162
-1731
-3492
-4449
-3453
-3221
-4602
-5290
-5119
-5620
-5800
-4970
-4764
-5616
-5821
-5309
-4855
-4312
-3914
-4239
-4524
-3818
-2675
-2010
-2122
-2424
-2061
-1084
-332
-179
-288
-364
34
895
1467
1653
1977
2626
3071
3772
5085
6432
5615
3265
3588
7668
9308
5679
2989
4962
7075
6781
6068
4424
1746
2107
5128
4780
808
-758
389
287
-858
-1093
-2066
-4030
-4299
-3213
-3640
-4888
-4999
-5163
-6056
-5777
-4616
-4768
-5758
-5793
-5320
-4785
-4010
-3735
-4456
-4605
-3461
-2271
-1957
-2197
-2322
-1831
-820
-68
-85
-401
-329
410
1118
1528
1848
2277
2607
3216
4369
5706
6202
4607
2970
5010
8993
8249
3977
3257
6277
7337
6439
5471
3300
1506
3515
5761
3241
-456
-327
863
-118
-1214
-1382
-2758
-4304
-3801
-3095
-4265
-5200
-4880
-5275
-6130
-5568
-4561
-4973
-5782
-5732
-5083
-4377
-3868
-4041
-4433
-4128
-3043
-2049
-1884
-2306
-2250
-1362
-423
-107
-212
-340
-69
657
1306
1665
2012
2551
2957
3607
4951
6373
5571
3256
3585
7492
9003
5679
3184
4993
6993
6764
5977
4371
1949
2307
5103
4715
872
-678
522
473
-832
-1269
-2137
-3849
-4077
-3118
-3735
-5109
-5095
-4985
-5898
-5957
-4854
-4791
-5692
-5753
-5159
-4786
-4286
-3900
-4204
-4355
-3485
-2376
-2027
-2182
-2167
-1653
-919
-347
-169
-205
-112
396
1006
1449
1825
2499
2994
3354
4325
6081
6286
4015
3064
6348
9213
6818
3525
4490
6879
6879
6220
5159
2597
1744
4445
5411
1886
-704
261
774
-638
-1252
-1587
-3383
-4435
-3377
-3201
-4855
-5437
-4905
-5481
-6164
-5298
-4582
-5303
-5776
-5357
-4886
-4446
-3852
-3931
-4360
-3910
-2671
-1909
-1991
-2185
-1927
-1198
-395
-30
-200
-293
247
977
1397
1669
2283
2866
3256
4077
5803
6393
4270
2902
5863
9210
7244
3673
4271
6806
6945
6268
5453
2940
1596
4095
5593
2295
-620
212
860
-670
-1296
-1340
-3089
-4423
-3473
-3148
-4810
-5407
-4797
-5403
-6233
-5297
-4527
-5347
-5768
-5166
-4873
-4690
-3928
-3756
-4313
-4057
-2832
-2102
-2138
-2158
-1889
-1435
-724
-61
35
-216
79
814
1442
1794
2337
2785
3115
3899
5657
6502
4611
2831
5259
9081
7928
4008
3834
6615
7227
6362
5516
3330
1638
3674
5663
2898
-476
-8
953
-489
-1411
-1247
-2723
-4449
-3756
-2983
-4537
-5587
-4980
-5249
-6255
-5575
-4511
-5170
-5867
-5282
-4777
-4729
-4118
-3753
-4229
-4139
-2925
-2090
-2199
-2238
-1850
-1407
-881
-260
-14
-108
157
823
1426
1851
2461
2846
3124
4098
5923
6251
4048
3039
6193
9225
7115
3695
4388
7010
7300
6417
5170
2836
2007
4481
5559
2156
-625
265
1004
-476
-1359
-1619
-3203
-4302
-3398
-3195
-4874
-5522
-4958
-5490
-6255
-5397
-4605
-5319
-5752
-5187
-4712
-4451
-3875
-3868
-4356
-3927
-2611
-1924
-2191
-2300
-1889
-1289
-713
-279
-175
-218
149
843
1550
1975
2437
2796
3236
4249
5999
6181
3866
2997
6552
9437
6754
3391
4704
7263
7069
6197
5206
2695
1822
4578
5522
1768
-819
420
810
-927
-1311
-1378
-3525
-4767
-3373
-3181
-5130
-5473
-4757
-5813
-6619
-5106
-4260
-5492
-5992
-5084
-4631
-4397
-3655
-3716
-4515
-4008
-2314
-1682
-2222
-2285
-1778
-1386
-749
43
12
-487
24
1209
1901
2159
2606
2836
3347
5042
6675
5325
2879
4200
8421
8772
4959
3565
6013
7428
6817
6025
4159
1940
3032
5613
4162
219
-466
916
291
-1113
-1223
-2218
-4193
-4180
-3045
-4026
-5586
-5275
-5098
-6183
-6072
-4701
-4829
-5917
-5731
-4798
-4428
-4115
-3842
-4145
-4227
-3160
-2046
-1995
-2350
-2128
-1530
-961
-469
-176
-254
-195
456
1389
2026
2376
2562
2920
4108
6008
6244
3881
2902
6285
9306
7026
3582
4502
7137
7356
6445
5268
2937
2112
4585
5540
2138
-553
408
925
-597
-1174
-1287
-3216
-4559
-3448
-3185
-5012
-5617
-4921
-5674
-6537
-5365
-4454
-5470
-6008
-5170
-4615
-4426
-3783
-3685
-4315
-4001
-2529
-1756
-2090
-2289
-1854
-1344
-767
-156
-67
-402
-120
893
1793
2260
2544
2619
3240
5081
6563
5042
2786
4398
8461
8416
4773
3797
6191
7271
6756
6100
4085
1971
3443
5776
3740
60
-10
1094
-109
-1238
-971
-2274
-4384
-4002
-2966
-4332
-5605
-4971
-5283
-6647
-5976
-4428
-5003
-6090
-5505
-4724
-4535
-3921
-3448
-4125
-4340
-2971
-1775
-1983
-2321
-1891
-1457
-1012
-286
13
-440
-312
669
1502
1938
2412
2648
2956
4334
6111
5692
3359
3398
7081
8984
6096
3540
5093
7230
7126
6238
4706
2530
2723
5142
4839
1244
-384
672
488
-987
-1146
-1666
-3814
-4483
-3168
-3616
-5395
-5299
-4927
-6246
-6467
-4812
-4608
-5926
-5882
-4893
-4549
-4181
-3543
-3875
-4463
-3495
-1948
-1831
-2476
-2236
-1627
-1189
-475
-9
-461
-569
494
1585
2047
2295
2482
2984
4437
6072
5652
3463
3422
7104
9159
6222
3479
5183
7450
7190
6256
4893
2697
2735
5233
5050
1325
-448
794
693
-1027
-1293
-1632
-3757
-4486
-3152
-3692
-5535
-5236
-4876
-6373
-6534
-4803
-4750
-6058
-5908
-4949
-4617
-4206
-3609
-3949
-4464
-3515
-1936
-1776
-2530
-2477
-1788
-1091
-338
-231
-852
-607
862
1906
2023
1935
2351
3609
5246
6002
4789
3104
4304
8291
9045
5081
3135
6093
8246
7204
5858
4306
2521
3455
5957
4618
486
-449
1221
661
-1165
-1186
-1893
-4204
-4370
-2883
-3876
-5580
-5134
-5299
-6714
-6038
-4352
-5062
-6420
-5890
-4744
-4226
-3866
-3795
-4355
-4303
-2920
-1681
-1955
-2639
-2371
-1600
-837
-259
-427
-953
-352
1154
2083
2076
1929
2566
4114
5651
5660
3941
3106
5784
9024
7540
3753
4059
7224
7894
6557
5302
3406
2548
4635
5792
2667
-324
278
994
-373
-1032
-1131
-3136
-4709
-3520
-2984
-4711
-5427
-5124
-6187
-6574
-4949
-4429
-5867
-6235
-5248
-4460
-3895
-3513
-4084
-4640
-3626
-2010
-1699
-2415
-2586
-1941
-1140
-496
-338
-736
-736
402
1756
2176
1894
2070
3359
5089
5890
4669
3017
4234
7978
8669
5128
3266
5797
7926
7244
5856
4233
2633
3488
5562
4301
717
-238
692
121
-815
-811
-2202
-4372
-4141
-2933
-3844
-5140
-5225
-5809
-6479
-5363
-4296
-5238
-6209
-5566
-4559
-3980
-3617
-3794
-4431
-4166
-2743
-1678
-1892
-2471
-2410
-1707
-800
-195
-314
-772
-397
1085
2388
2407
2037
2795
4486
5747
5195
3504
3688
7016
8771
5936
3314
5184
7722
7426
6017
4554
2858
3239
5462
4871
1160
-472
652
664
-525
-966
-2036
-3970
-4090
-2937
-3541
-4975
-5225
-5503
-6142
-5402
-4323
-4959
-6021
-5554
-4497
-3934
-3635
-3737
-4384
-4280
-2809
-1578
-1892
-2702
-2602
-1703
-769
-265
-511
-947
-348
1341
2397
2209
2039
3022
4761
5886
4863
3055
4210
7985
8563
4958
3328
5920
7845
7200
5909
4120
2391
3598
5834
4202
355
-405
672
160
-666
-890
-2615
-4553
-3916
-2867
-3967
-5177
-5246
-5707
-6053
-4989
-4299
-5208
-5880
-5246
-4364
-3721
-3350
-3751
-4461
-3910
-2225
-1411
-2046
-2656
-2340
-1508
-633
-207
-604
-916
37
1664
2354
2079
2215
3508
5149
5549
4139
3166
5255
8319
7615
4159
3621
6428
7927
6864
5016
3148
2525
4299
5397
2920
-183
-536
215
59
-524
-1736
-3767
-4606
-3529
-3033
-4179
-5310
-5712
-5806
-5218
-4350
-4549
-5444
-5451
-4611
-3799
-3263
-3254
-3856
-3942
-2842
-1686
-1598
-2090
-2285
-1902
-1096
-405
-477
-886
-516
792
1864
1993
1859
2575
4268
5558
4758
2942
3623
7129
8498
5527
3112
4885
7425
7437
5933
4037
2459
3156
5243
4574
1113
-785
-114
340
-234
-1185
-2821
-4371
-4139
-2995
-3368
-4894
-5647
-5513
-5211
-4674
-4372
-4907
-5357
-4804
-3915
-3401
-3180
-3366
-3633
-3087
-1951
-1452
-1739
-1969
-1791
-1309
-759
-443
-506
-480
322
1533
2088
1938
2378
3847
5260
4970
3310
3211
6173
8357
6273
3362
4152
6731
7390
6227
4404
2588
2602
4546
4894
1910
-991
-915
328
117
-1345
-3024
-4227
-4101
-3123
-3379
-4875
-5607
-5252
-4967
-4774
-4526
-4687
-4902
-4582
-3956
-3432
-3105
-3153
-3213
-2832
-2148
-1645
-1487
-1601
-1689
-1398
-831
-425
-373
-192
557
1436
1787
2036
2960
4292
5022
4196
2889
3974
7184
7760
4688
3075
5100
7016
6744
5506
3707
2134
2925
4916
4098
511
-1441
-566
190
-595
-1886
-3357
-4572
-4192
-3090
-3622
-5203
-5657
-5292
-5074
-4677
-4250
-4480
-4842
-4458
-3661
-3082
-2896
-2880
-2901
-2733
-2154
-1330
-1032
-1435
-1707
-1302
-588
-19
320
567
906
1399
2133
3175
4226
4784
4274
3138
3684
6570
7997
5493
3046
4317
6736
7085
5854
3967
2111
2370
4476
4453
1048
-1599
-1067
-30
-612
-1861
-3224
-4646
-4650
-3417
-3543
-5176
-5829
-5360
-5125
-4863
-4270
-4276
-4725
-4457
-3549
-2912
-2622
-2435
-2539
-2706
-2087
-925
-569
-1204
-1565
-1085
-314
424
933
1017
949
1483
2665
3867
4668
4741
3708
2966
4685
7568
7473
4406
3015
5003
7092
6921
5155
3023
1938
3046
4574
3294
-116
-1644
-759
-425
-1423
-2471
-3695
-4883
-4665
-3830
-4374
-5495
-5644
-5556
-5656
-5019
-4172
-4391
-4910
-4483
-3561
-2895
-2338
-2149
-2651
-2755
-1492
-262
-515
-1300
-1181
-475
334
1271
1768
1368
1214
2326
3978
5028
5103
4042
2981
4286
7289
7811
4943
3039
4487
6525
6750
5464
3331
1682
2405
4159
3261
85
-1529
-1058
-1023
-1703
-2264
-3511
-5088
-5126
-4234
-4503
-5410
-5599
-5721
-5932
-5185
-4155
-4315
-4952
-4666
-3757
-2912
-2235
-2059
-2538
-2542
-1343
-152
-222
-841
-851
-278
664
1833
2236
1543
1404
2918
4759
5562
5057
3563
3071
5525
8232
6983
3691
3320
5574
6768
6136
4545
2545
1785
3115
3705
1659
-571
-1003
-1143
-1805
-2093
-2593
-4160
-5210
-4828
-4583
-5076
-5286
-5474
-6037
-5850
-4730
-4243
-4655
-4815
-4420
-3753
-2702
-1996
-2312
-2763
-2081
-818
-226
-412
-675
-585
197
1590
2442
2012
1581
2571
4365
5605
5587
4140
3129
5115
8216
7729
4378
3408
5517
6905
6275
4866
3087
1920
2725
3722
2262
-299
-1185
-1113
-1619
-2115
-2566
-3975
-5296
-5126
-4698
-5079
-5442
-5672
-6253
-6083
-4863
-4326
-4913
-5155
-4635
-3841
-2895
-2347
-2702
-2935
-2015
-823
-598
-825
-680
-236
486
1642
2308
1962
1903
3222
4890
5656
5021
3700
3972
6584
8132
6309
4092
4550
6133
6732
6118
4408
2438
2298
3645
3521
1133
-863
-1149
-1034
-1423
-2181
-3515
-4838
-4965
-4471
-4833
-5676
-5968
-5943
-5858
-5477
-5177
-5215
-5149
-4746
-4229
-3690
-3236
-2998
-2746
-2313
-1771
-1340
-984
-684
-321
286
1216
1847
1960
2266
3426
4769
5431
4900
3950
4472
6867
8044
6261
4191
4733
6508
7117
6052
4187
2711
2754
3760
3664
1594
-624
-1202
-789
-925
-1914
-3386
-4659
-4954
-4420
-4375
-5138
-5929
-6143
-5800
-5174
-4889
-5135
-5332
-5035
-4293
-3504
-3135
-3216
-3143
-2595
-1844
-1319
-1115
-1129
-842
126
1289
1741
1628
1970
3287
4849
5448
4483
3464
4643
7384
7953
5553
3890
5227
7070
6948
5373
3742
2876
3288
3974
2985
680
-567
-406
-562
-1572
-2530
-3308
-4066
-4426
-4439
-4745
-5240
-5377
-5311
-5378
-5369
-5112
-4800
-4559
-4327
-4083
-3700
-3113
-2619
-2477
-2402
-2026
-1453
-1053
-726
-67
769
1136
1260
1964
3272
4388
4665
3854
3228
4646
7179
7319
4919
3721
5153
6666
6605
5388
3633
2404
2988
4204
3399
836
-724
-641
-508
-995
-1887
-3202
-4329
-4283
-3759
-4072
-4859
-5169
-5136
-5046
-4823
-4620
-4580
-4388
-4081
-3897
-3626
-2971
-2375
-2325
-2541
-2261
-1480
-788
-356
71
258
436
1319
2731
3596
3805
3500
2956
3555
5874
7056
5246
3327
4108
5883
6382
5614
4052
2433
2428
3688
3679
1743
-13
-643
-804
-734
-900
-2278
-3974
-4194
-3543
-3622
-4218
-4597
-4916
-4906
-4314
-3992
-4216
-4112
-3601
-3434
-3344
-2738
-2079
-1932
-2073
-1938
-1422
-645
78
458
425
491
1266
2605
3672
3973
3339
2579
3321
5731
6887
5096
3040
3625
5478
6069
5141
3553
2121
2035
3139
3267
1476
-371
-905
-839
-975
-1375
-2373
-3706
-4300
-3905
-3587
-3917
-4496
-4839
-4677
-4191
-3879
-3744
-3539
-3467
-3491
-3007
-2101
-1632
-1781
-1898
-1630
-1092
-312
529
820
404
434
1744
3335
3897
3499
2711
2409
3919
6265
6219
3664
2449
4041
5766
5610
4163
2486
1666
2330
3144
2282
367
-801
-1113
-1251
-1322
-1742
-3020
-4196
-4287
-3939
-3942
-4120
-4471
-4948
-4846
-4107
-3557
-3402
-3382
-3505
-3296
-2259
-1280
-1312
-1723
-1568
-895
106
1087
1275
710
777
2123
3665
4292
3954
3044
2716
4180
6310
6217
3911
2621
3774
5344
5411
4008
2251
1451
2044
2660
1866
165
-1033
-1414
-1479
-1566
-2078
-3227
-4295
-4478
-4161
-4114
-4402
-4789
-5089
-4944
-4310
-3731
-3568
-3681
-3743
-3224
-2140
-1420
-1556
-1760
-1369
-451
719
1439
1094
762
1778
3449
4343
4368
3859
3307
4021
6023
6744
5010
3361
3864
5072
5289
4595
3232
1733
1574
2479
2233
542
-784
-1356
-1838
-1942
-1945
-2913
-4307
-4696
-4426
-4437
-4539
-4576
-4960
-5330
-4900
-3968
-3474
-3594
-3820
-3540
-2639
-1647
-1328
-1644
-1724
-952
438
1456
1279
705
1329
3043
4327
4572
4074
3306
3630
5688
7013
5518
3453
3604
4919
5378
4826
3570
2071
1671
2465
2489
1030
-401
-1042
-1497
-1843
-2019
-2695
-3819
-4457
-4499
-4567
-4618
-4605
-4943
-5332
-4984
-4238
-3870
-3809
-3713
-3482
-2911
-2147
-1773
-1787
-1472
-574
409
801
823
1353
2483
3404
4034
4302
3852
3686
5222
6716
5745
3937
4085
5177
5264
4727
3985
2669
1915
2520
2621
1106
-239
-591
-1092
-1716
-1843
-2460
-3780
-4353
-4097
-4291
-4713
-4747
-4934
-5199
-4748
-4111
-4124
-4218
-3797
-3230
-2788
-2388
-2072
-1861
-1410
-523
362
622
592
1280
2519
3298
3735
4140
3934
3676
4800
6251
5715
4179
3965
4627
4789
4679
4154
2705
1708
2153
2368
1243
31
-716
-1487
-1861
-1802
-2473
-3722
-4245
-4212
-4408
-4477
-4438
-4882
-5139
-4499
-3938
-4028
-3931
-3452
-3134
-2779
-2181
-1843
-1758
-1170
-141
479
524
829
1809
2802
3321
3756
4056
3876
4005
5181
5998
5187
4098
4163
4667
4719
4396
3577
2349
1795
2070
1876
770
-322
-1033
-1623
-1955
-2194
-2932
-3844
-4258
-4365
-4501
-4530
-4640
-4892
-4811
-4408
-4206
-4050
-3573
-3105
-2945
-2710
-2205
-1680
-1111
-407
100
267
683
1734
2718
3112
3422
3886
4046
4159
4861
5551
5238
4481
4279
4500
4600
4447
3875
2815
2002
1956
1973
1280
125
-894
-1517
-1731
-1906
-2567
-3592
-4282
-4390
-4244
-4288
-4681
-5067
-4916
-4430
-4215
-4202
-3941
-3451
-3070
-2800
-2488
-2082
-1465
-621
-3
95
290
1265
2497
3088
3280
3608
3857
4093
4859
5644
5322
4426
4345
4821
4779
4376
4024
3244
2269
2061
2211
1587
398
-498
-1104
-1528
-1721
-2181
-3196
-4035
-4166
-4051
-4188
-4523
-4815
-4786
-4446
-4243
-4210
-3891
-3347
-3085
-3023
-2710
-2177
-1471
-652
-261
-367
87
1409
2444
2633
2839
3332
3633
3958
4621
5031
4762
4376
4291
4333
4414
4400
3863
2821
2097
2046
2068
1532
436
-661
-1192
-1200
-1402
-2171
-3116
-3730
-3878
-3771
-3854
-4293
-4561
-4337
-4088
-4086
-3905
-3457
-3142
-2991
-2759
-2449
-1947
-1058
-316
-334
-380
581
1919
2486
2552
2913
3329
3618
4168
4759
4592
4100
4117
4294
4073
3892
3799
3133
2197
1911
1917
1382
579
-53
-750
-1391
-1600
-1789
-2520
-3309
-3595
-3628
-3726
-3841
-3922
-4023
-3988
-3831
-3596
-3206
-2851
-2752
-2700
-2350
-1760
-1051
-449
-329
-324
439
1708
2360
2438
2761
3229
3513
3992
4545
4463
4025
4059
4207
3934
3720
3691
3176
2231
1701
1631
1357
708
-123
-1022
-1652
-1774
-1894
-2559
-3472
-3977
-3969
-3834
-3845
-4023
-4218
-4272
-4059
-3566
-3061
-2896
-2938
-2740
-2216
-1570
-873
-341
-256
-185
683
1912
2461
2467
2823
3367
3650
3950
4419
4501
4251
4188
4129
3800
3743
3917
3376
2201
1589
1636
1428
764
-65
-1011
-1683
-1729
-1771
-2538
-3520
-3942
-3910
-3880
-3896
-4061
-4348
-4409
-4054
-3624
-3323
-3149
-3040
-2860
-2335
-1539
-861
-583
-488
-28
974
1910
2313
2526
3009
3529
3876
4156
4416
4466
4459
4378
4110
3835
3911
3908
3262
2293
1715
1569
1441
877
-181
-1200
-1551
-1542
-1899
-2709
-3443
-3843
-3888
-3753
-3771
-4106
-4392
-4307
-3922
-3510
-3271
-3220
-3149
-2752
-2087
-1471
-1049
-793
-462
200
1066
1688
2012
2393
2978
3398
3583
3788
4121
4347
4290
4005
3761
3772
3857
3580
2863
2145
1758
1595
1310
678
-233
-1030
-1377
-1539
-1966
-2676
-3318
-3705
-3757
-3601
-3655
-4033
-4280
-4102
-3732
-3438
-3224
-3119
-3032
-2614
-1850
-1217
-991
-809
-178
767
1485
1798
2197
2920
3489
3603
3660
3916
4194
4364
4279
3759
3280
3442
3749
3215
2117
1464
1356
1303
972
159
-909
-1478
-1370
-1466
-2225
-3060
-3421
-3365
-3205
-3328
-3742
-3963
-3708
-3358
-3268
-3237
-3067
-2775
-2331
-1842
-1541
-1326
-894
-184
537
996
1262
1778
2701
3395
3392
3210
3491
4042
4398
4203
3561
3057
3289
3738
3317
2105
1309
1320
1424
1011
168
-734
-1260
-1347
-1486
-2110
-2910
-3280
-3182
-3137
-3377
-3647
-3645
-3438
-3278
-3224
-3143
-2894
-2509
-2163
-1912
-1674
-1308
-842
-339
179
691
1143
1631
2303
3012
3266
3069
3080
3658
4173
4036
3470
3016
3016
3345
3312
2446
1373
1111
1348
1143
412
-353
-981
-1333
-1363
-1688
-2552
-3098
-2913
-2836
-3228
-3447
-3282
-3123
-3018
-2949
-3003
-2831
-2239
-1811
-1844
-1731
-1258
-818
-352
210
552
724
1323
2214
2741
2844
2873
2901
3168
3694
3867
3279
2674
2746
3100
2939
2239
1502
1143
1076
978
479
-306
-883
-1058
-1254
-1824
-2471
-2686
-2687
-2879
-3198
-3305
-3227
-3054
-2908
-2930
-3000
-2719
-2155
-1800
-1689
-1516
-1231
-824
-210
351
579
830
1443
2150
2691
3059
3145
3005
3134
3631
3866
3447
2830
2640
2858
2854
2289
1514
1061
966
790
321
-316
-808
-1040
-1306
-1840
-2352
-2472
-2503
-2814
-3152
-3178
-3045
-2899
-2782
-2839
-2905
-2591
-2058
-1793
-1695
-1459
-1179
-908
-424
159
524
759
1140
1658
2278
2936
3216
2909
2691
3214
3899
3750
2946
2487
2657
2856
2642
2006
1199
756
854
776
-25
-834
-1000
-1102
-1658
-2208
-2378
-2556
-2832
-2959
-3065
-3224
-3087
-2781
-2816
-2998
-2754
-2250
-1941
-1741
-1531
-1343
-1022
-473
44
316
545
964
1539
2097
2537
2832
2964
2984
3077
3345
3518
3326
2896
2640
2632
2652
2382
1766
1116
831
777
475
-140
-730
-1139
-1395
-1576
-1874
-2406
-2812
-2827
-2746
-2866
-3034
-3058
-2941
-2783
-2633
-2508
-2298
-1953
-1672
-1528
-1248
-724
-229
28
210
574
1202
1853
2165
2193
2411
2900
3161
3060
2964
3006
2972
2876
2754
2409
2011
1911
1810
1219
581
390
238
-254
-721
-1011
-1393
-1738
-1864
-2094
-2490
-2632
-2532
-2613
-2763
-2686
-2523
-2435
-2270
-2011
-1810
-1605
-1300
-925
-579
-237
43
269
620
1168
1668
1887
1966
2259
2679
2839
2724
2639
2626
2609
2595
2336
1787
1552
1797
1585
698
127
148
38
-349
-715
-1197
-1641
-1604
-1538
-2009
-2459
-2369
-2283
-2445
-2484
-2400
-2357
-2115
-1780
-1745
-1748
-1354
-868
-601
-387
-194
-37
343
866
1137
1228
1465
1787
2031
2225
2317
2299
2273
2263
2200
2110
1958
1664
1417
1299
1035
624
347
87
-260
-479
-609
-936
-1266
-1338
-1465
-1774
-1876
-1866
-2024
-2093
-1983
-1974
-1980
-1686
-1396
-1387
-1294
-931
-624
-381
-96
48
159
487
848
1007
1163
1424
1539
1630
1866
1956
1799
1724
1785
1679
1487
1384
1182
875
761
701
377
-40
-201
-247
-461
-746
-899
-1022
-1186
-1271
-1331
-1476
-1575
-1492
-1438
-1530
-1531
-1333
-1128
-990
-855
-755
-626
-339
-28
92
145
286
444
672
995
1135
1043
1104
1364
1484
1484
1462
1159
826
1055
1408
1016
304
187
468
529
292
-146
-564
-508
-158
-311
-892
-1113
-917
-848
-1004
-1178
-1273
-1169
-954
-989
-1178
-1067
-738
-603
-607
-547
-457
-309
-69
80
39
85
305
484
583
690
820
925
1004
1025
984
968
1004
957
813
658
554
551
541
371
124
56
98
48
-137
-312
-409
-412
-410
-543
-739
-786
-675
-633
-723
-808
-766
-613
-503
-514
-509
-341
-108
-18
-71
-46
135
299
348
314
299
438
645
726
637
617
750
788
633
531
575
539
377
230
123
24
6
-2
-204
-420
-397
-305
-404
-575
-604
-583
-610
-595
-584
-665
-680
-548
-491
-534
-493
-354
-280
-205
-51
58
110
198
299
342
399
469
479
459
507
592
607
581
571
565
529
499
473
392
314
290
211
54
-32
-58
-114
-211
-279
-357
-410
-376
-333
-420
-525
-494
-404
-390
-456
-502
-465
-393
-349
-367
-361
-259
-118
-34
-6
55
156
245
301
305
306
374
445
427
387
443
525
516
423
381
391
404
364
230
91
64
106
43
-127
-256
-257
-214
-248
-341
-397
-401
-381
-356
-371
-444
-470
-378
-325
-389
-414
-322
-236
-205
-172
-106
-38
66
174
189
187
246
315
306
314
347
327
320
385
430
400
378
382
368
328
285
239
181
136
70
-10
-48
-48
-92
-179
-207
-178
-164
-214
-277
-284
-248
-252
-310
-343
-300
-259
-265
-281
-287
-244
-133
-59
-74
-85
-2
104
155
146
137
134
173
236
244
207
196
222
255
247
215
184
172
177
158
115
54
8
-25
-29
-50
-105
-145
-146
-141
-151
-155
-150
-155
-166
-137
-111
-102
-85
-96
-122
-112
-39
-5
-44
-65
-2
92
161
158
134
166
267
316
258
189
203
234
215
159
129
131
150
125
76
81
103
68
-30
-72
-58
-77
-130
-196
-245
-237
-186
-193
-268
-281
-205
-142
-143
-178
-186
-138
-66
-58
-83
-81
-53
-21
-1
28
53
83
121
126
150
221
290
274
219
196
230
254
232
177
125
97
116
136
99
27
-2
15
15
-43
-72
-94
-143
-167
-158
-172
-212
-219
-210
-222
-192
-112
-105
-141
-112
-26
23
53
61
16
3
86
142
89
33
56
117
163
178
159
150
179
204
199
155
97
65
67
52
15
-6
-10
-33
-52
-25
-11
-36
-68
-79
-100
-101
-79
-120
-178
-175
-131
-125
-100
-78
-79
-54
33
86
70
64
109
153
154
146
140
133
146
164
158
142
158
181
181
165
133
95
67
35
-25
-75
-91
-91
-115
-145
-151
-139
-133
-139
-148
-157
-157
-154
-175
-204
-221
-193
-170
-190
-189
-144
-97
-72
-31
4
29
73
106
96
107
131
164
158
123
118
155
203
193
153
159
218
252
195
119
81
77
61
-1
-98
-144
-113
-113
-167
-220
-228
-197
-186
-203
-221
-218
-204
-219
-244
-255
-237
-201
-192
-191
-172
-110
-29
8
-10
-2
68
137
146
111
104
131
158
144
104
105
155
178
138
118
149
174
138
92
53
43
34
-10
-69
-100
-86
-91
-134
-158
-132
-94
-84
-86
-88
-78
-44
-31
-57
-81
-50
-19
-22
-31
20
76
107
117
131
164
199
220
220
211
213
228
224
193
179
210
222
202
194
215
233
213
192
182
187
154
115
87
82
79
68
49
17
18
48
82
68
51
71
100
91
93
100
94
84
100
115
120
135
167
190
202
214
240
261
279
271
272
289
287
259
248
253
240
223
226
229
202
186
181
153
140
138
92
42
35
35
5
-38
-59
-56
-41
-44
-53
-34
10
27
27
42
67
64
59
62
85
114
126
123
140
192
233
242
248
252
262
287
298
278
255
263
261
218
210
223
220
190
169
155
134
132
108
56
7
-2
-12
-51
-99
-128
-137
-145
-147
-160
-178
-173
-148
-120
-121
-139
-126
-102
-93
-89
-73
-68
-41
0
35
36
41
86
116
122
136
172
178
168
169
168
161
158
156
137
129
136
127
91
62
53
35
-1
-26
-50
-91
-115
-141
-182
-212
-215
-228
-275
-289
-268
-254
-269
-278
-279
-288
-276
-253
-245
-256
-236
-196
-180
-161
-132
-108
-80
-49
-34
-16
12
30
28
27
27
30
28
26
12
4
5
-18
-44
-68
-88
-96
-125
-177
-208
-218
-224
-251
-279
-302
-319
-326
-322
-337
-350
-339
-333
-336
-331
-311
-314
-317
-299
-270
-257
-250
-222
-194
-170
-143
-133
-124
-88
-63
-60
-48
-22
-20
-16
10
19
9
21
34
9
-1
22
3
-52
-75
-67
-80
-108
-125
-151
-171
-169
-171
-199
-217
-212
-209
-226
-225
-228
-241
-242
-239
-228
-215
-196
-195
-193
-183
-156
-136
-130
-130
-117
-96
-75
-68
-64
-52
-57
-46
-45
-39
-38
-33
-42
-60
-52
-39
-54
-92
-99
-95
-111
-141
-151
-154
-172
-185
-190
-205
-217
-227
-235
-238
-231
-216
-221
-238
-247
-230
-214
-223
-218
-202
-193
-178
-152
-145
-145
-102
-69
-81
-84
-62
-34
-35
-32
-14
-32
-48
-35
-37
-50
-44
-57
-96
-113
-94
-108
-144
-166
-188
-209
-210
-213
-245
-270
-267
-271
-296
-291
-281
-278
-286
-279
-268
-267
-245
-246
-245
-220
-192
-186
-181
-168
-139
-124
-105
-86
-77
-49
-23
-17
-18
-8
15
14
0
-8
-2
-2
-20
-37
-39
-45
-46
-65
-95
-112
-121
-137
-167
-180
-192
-208
-232
-244
-246
-248
-252
-263
-268
-242
-217
-218
-224
-208
-188
-177
-164
-157
-154
-130
-89
-76
-73
-52
-18
6
13
39
52
44
42
42
37
32
20
8
-9
-20
-23
-29
-38
-43
-51
-58
-84
-109
-104
-117
-143
-161
-171
-173
-172
-160
-154
-166
-162
-131
-116
-125
-127
-109
-92
-90
-87
-91
-83
-66
-41
-26
-15
12
39
59
63
71
72
83
89
99
107
99
89
89
93
89
86
91
87
77
71
59
48
26
9
-2
-12
-15
-11
-20
-29
-24
-21
-15
-19
-16
-3
1
-5
-12
-7
2
3
14
15
8
21
39
46
48
80
102
89
78
100
127
128
115
114
117
135
149
142
133
148
166
161
131
122
128
126
101
80
73
72
75
76
70
55
58
50
42
41
49
51
45
28
24
30
20
19
17
8
22
33
40
42
48
61
58
36
22
33
40
47
41
41
48
59
68
77
76
66
73
76
76
82
85
76
58
69
56
41
39
46
55
34
28
26
25
13
22
31
1
-12
-5
10
-6
-10
-14
-24
-22
-13
12
12
-1
-4
-17
-32
-32
-17
-21
-33
-32
-35
-39
-31
-25
-28
-35
-27
-23
-33
-41
-32
-22
-39
-47
-63
-61
-54
-43
-36
-63
-78
-66
-65
-69
-74
-67
-76
-82
-77
-63
-71
-67
-49
-62
-74
-65
-56
-55
-48
-54
-66
-71
-66
-58
-54
-43
-43
-57
-67
-64
-44
-36
-42
-44
-60
-67
-70
-56
-51
-59
-61
-65
-71
-66
-53
-60
-69
-88
-94
-99
-106
-97
-89
-93
-90
-83
-94
-86
-66
-61
-72
-73
-69
-64
-48
-38
-31
-36
-33
-37
-35
-13
-5
-5
-2
5
5
5
14
9
-13
-19
-11
-18
-28
-26
-16
-15
-34
-42
-43
-42
-47
-48
-49
-60
-67
-61
-58
-71
-66
-52
-64
-68
-59
-50
-37
-27
-29
-31
-25
-13
0
2
6
8
9
21
29
31
39
44
48
41
43
51
61
68
62
53
37
44
47
52
53
43
43
28
22
31
40
51
37
24
16
7
17
20
27
24
15
27
30
29
35
51
59
51
51
52
72
82
91
85
72
76
88
112
116
104
104
123
125
124
125
124
122
110
119
120
117
113
119
114
95
92
90
70
62
67
53
40
39
43
37
30
30
26
24
27
41
44
42
43
48
62
71
68
65
73
84
83
84
92
99
99
96
100
103
108
99
107
112
105
97
94
92
85
86
79
67
52
47
52
55
50
36
25
26
24
14
3
-1
2
-3
-7
-2
-4
-7
-5
-3
3
14
26
21
13
16
24
24
26
43
49
46
39
45
52
62
68
69
66
57
58
47
38
36
42
29
30
17
-1
-2
4
-7
-28
-35
-42
-38
-46
-46
-53
-62
-60
-59
-55
-54
-56
-59
-61
-60
-52
-42
-47
-41
-36
-31
-25
-22
-14
-13
3
4
4
5
5
9
15
17
18
27
27
15
11
8
7
10
-2
-9
-14
-19
-33
-48
-51
-54
-53
-55
-57
-73
-81
-76
-77
-76
-72
-71
-76
-87
-84
-85
-86
-77
-69
-74
-77
-69
-59
-68
-61
-48
-42
-45
-44
-34
-37
-31
-32
-20
-9
-13
-11
-16
-20
-23
-18
-17
-23
-19
-14
-24
-46
-55
-48
-50
-55
-41
-48
-60
-64
-72
-79
-83
-65
-47
-53
-71
-79
-81
-79
-77
-67
-55
-46
-49
-52
-52
-48
-47
-43
-35
-28
-20
-19
-16
-20
-19
-10
-4
3
8
11
4
-6
-1
0
12
21
10
9
-3
-5
-6
8
13
20
21
12
13
17
20
28
37
41
46
39
40
34
43
59
63
60
61
63
60
70
75
67
76
87
89
89
79
73
78
92
91
93
91
90
88
75
86
87
84
86
92
96
89
91
94
92
96
109
101
102
114
124
122
125
138
145
151
154
166
175
177
184
188
197
202
203
215
212
212
226
232
227
223
229
231
227
230
237
235
229
220
212
213
221
223
215
207
208
211
202
206
211
205
210
214
215
203
200
205
200
211
220
227
226
213
201
191
207
220
221
222
218
209
202
202
201
213
217
219
213
203
200
191
192
198
196
186
175
178
177
161
152
151
147
150
150
140
137
131
128
122
119
121
120
120
117
108
105
107
108
111
111
105
91
97
100
94
100
103
93
80
78
82
81
71
78
71
68
59
59
57
57
61
55
43
37
47
43
33
17
13
13
13
13
7
2
-5
-3
-4
-5
-2
-8
-18
-24
-25
-35
-26
-18
-24
-26
-22
-31
-37
-29
-26
-25
-35
-35
-37
-38
-42
-40
-42
-51
-49
-50
-56
-61
-62
-68
-67
-69
-75
-77
-83
-86
-86
-87
-80
-81
-86
-83
-86
-87
-85
-88
-82
-76
-78
-81
-85
-89
-93
-90
-76
-74
-70
-72
-83
-87
-88
-84
-89
-90
-89
-94
-96
-105
-106
-116
-118
-123
-121
-123
-133
-133
-137
-143
-156
-157
-155
-159
-159
-152
-159
-169
-170
-165
-168
-165
-157
-165
-171
-166
-161
-169
-158
-153
-155
-150
-155
-151
-146
-140
-138
-135
-133
-132
-127
-130
-128
-129
-124
-117
-110
-115
-108
-108
-108
-114
-125
-124
-126
-125
-123
-132
-135
-138
-140
-134
-131
-138
-148
-151
-146
-141
-148
-152
-142
-149
-143
-143
-142
-137
-132
-127
-132
-120
-115
-115
-112
-106
-102
-102
-96
-89
-79
-74
-72
-74
-71
-73
-67
-61
-57
-53
-59
-59
-69
-68
-63
-61
-64
-71
-68
-73
-71
-74
-83
-79
-82
-73
-75
-80
-86
-83
-80
-73
-69
-75
-77
-70
-56
-55
-50
-57
-56
-42
-40
-35
-29
-33
-27
-20
-18
-11
-14
-6
-3
6
2
11
17
10
9
14
18
14
19
22
18
17
15
16
17
7
15
19
7
10
8
9
10
5
10
9
8
6
2
3
7
7
14
14
14
17
15
16
13
20
27
27
34
35
31
28
30
32
34
41
42
49
50
43
36
49
51
56
53
45
52
51
46
46
55
59
57
56
54
52
51
52
54
61
58
62
62
60
62
68
70
66
69
77
76
83
83
84
88
99
107
107
107
104
106
109
107
107
114
113
112
113
116
117
121
127
128
121
117
119
126
126
126
132
130
130
142
146
141
138
148
147
134
143
150
153
154
157
156
152
157
167
166
162
167
170
171
172
183
186
184
185
183
189
186
188
187
185
183
187
195
190
191
199
199
191
189
193
196
199
199
200
196
190
197
201
200
205
210
206
202
202
203
209
203
200
206
209
207
206
210
202
201
204
206
197
199
202
204
192
191
200
200
193
189
194
185
187
204
195
162
162
182
171
155
157
178
180
173
174
161
146
145
149
144
137
149
149
135
131
135
133
120
121
122
123
108
103
110
108
93
89
85
76
75
71
74
70
62
63
65
53
43
40
39
31
26
30
26
20
22
16
12
9
2
6
11
11
5
1
-11
-12
-12
-17
-20
-18
-16
-21
-26
-28
-28
-33
-31
-33
-42
-50
-48
-49
-60
-56
-59
-63
-67
-73
-69
-77
-73
-74
-79
-85
-83
-89
-96
-98
-101
-98
-97
-105
-109
-108
-105
-110
-114
-119
-117
-111
-118
-116
-118
-119
-122
-121
-128
-129
-125
-131
-126
-126
-130
-133
-136
-139
-130
-133
-141
-143
-151
-150
-146
-149
-148
-148
-150
-156
-152
-154
-155
-150
-157
-152
-157
-161
-162
-168
-158
-158
-155
-153
-156
-150
-156
-158
-152
-153
-155
-157
-155
-157
-155
-152
-154
-150
-144
-143
-144
-141
-137
-139
-137
-134
-139
-136
-134
-130
-136
-132
-125
-127
-122
-119
-114
-113
-108
-106
-109
-113
-109
-107
-103
-105
-109
-106
-106
-104
-102
-103
-103
-101
-99
-100
-99
-96
-93
-97
-96
-100
-94
-96
-95
-86
-91
-87
-79
-74
-77
-76
-75
-74
-64
-68
-65
-64
-61
-56
-61
-57
-54
-48
-48
-46
-38
-37
-36
-37
-27
-28
-30
-25
-20
-20
-16
-8
-7
-6
-6
-3
-3
-6
-2
-7
-4
-7
-9
-6
-4
-1
6
9
4
9
13
14
11
11
20
23
20
25
24
25
23
21
17
23
26
29
29
26
26
28
30
27
31
30
33
38
34
38
38
39
41
48
42
40
44
44
43
44
42
42
50
42
40
42
44
43
42
44
43
48
44
45
43
45
47
45
44
43
43
45
47
41
43
40
47
45
48
46
47
46
42
46
44
40
41
42
42
42
46
47
45
51
48
53
49
44
45
44
43
44
43
42
41
44
40
44
42
41
41
40
41
42
43
44
54
43
46
52
42
45
50
46
45
47
43
44
49
47
41
43
49
50
43
49
45
40
44
46
46
47
45
48
48
42
48
49
43
46
49
44
45
43
45
41
53
56
59
56
50
56
56
56
51
58
56
56
53
52
53
55
55
56
56
57
58
51
52
55
65
56
56
54
60
66
58
55
52
55
50
55
59
54
60
55
55
58
49
54
50
55
57
50
49
49
45
51
45
46
46
46
47
44
47
43
45
44
42
44
47
48
44
47
49
49
49
50
49
43
47
44
44
51
45
42
41
41
43
41
46
41
43
40
38
40
39
30
34
35
37
34
30
30
28
33
35
36
37
38
39
39
39
36
35
32
33
33
32
38
32
31
31
32
38
34
33
36
32
35
26
34
29
24
31
30
27
30
31
29
28
29
32
25
22
20
19
19
16
23
25
21
25
24
22
22
25
29
25
24
25
25
24
22
29
28
24
24
22
18
14
18
17
12
15
14
14
12
6
13
8
8
6
2
2
4
3
0
1
-6
-3
-5
-3
-2
-8
-8
-14
-15
-10
-11
-14
-17
-19
-19
-17
-15
-20
-20
-15
-16
-25
-26
-23
-25
-25
-21
-28
-29
-27
-26
-26
-28
-30
-26
-31
-35
-38
-36
-39
-40
-40
-42
-37
-41
-47
-50
-45
-49
-46
-44
-54
-53
-43
-45
-47
-49
-53
-52
-47
-49
-58
-58
-52
-49
-51
-49
-52
-49
-50
-48
-50
-46
-41
-38
-43
-39
-40
-31
-25
-29
-24
-31
-21
-25
-21
-17
-20
-18
-22
-16
-13
-9
-5
-8
-8
-7
-2
2
2
5
-1
1
4
6
14
10
11
18
20
20
19
23
25
30
35
41
40
37
44
49
52
49
53
54
64
62
59
61
65
71
67
68
69
73
73
77
77
78
86
79
80
80
84
86
88
89
80
83
83
80
86
82
81
86
83
79
89
89
92
88
88
88
86
89
91
94
85
91
95
92
89
90
95
90
88
93
89
92
92
86
88
90
92
87
92
91
89
86
83
85
83
90
83
80
78
75
78
76
76
71
74
73
70
67
71
65
58
62
59
62
67
68
60
54
55
55
53
56
51
49
49
49
54
56
53
47
50
53
49
43
43
44
46
45
41
41
44
38
40
37
39
39
30
33
29
25
29
22
21
22
22
20
20
19
13
8
4
8
8
7
11
13
4
2
-5
3
2
0
2
4
-1
-5
-6
-8
-4
-14
-8
-5
-12
-11
-12
-9
-20
-20
-21
-20
-27
-33
-21
-23
-26
-27
-24
-28
-24
-30
-31
-30
-37
-32
-32
-31
-29
-40
-39
-29
-33
-39
-31
-40
-38
-36
-45
-41
-43
-41
-38
-41
-39
-33
-36
-36
-33
-33
-31
-36
-34
-33
-35
-37
-37
-36
-38
-33
-38
-41
-39
-44
-41
-45
-47
-41
-38
-43
-42
-41
-42
-44
-44
-41
-41
-42
-37
-31
-39
-42
-44
-44
-41
-43
-45
-39
-38
-39
-42
-40
-39
-39
-37
-39
-41
-44
-40
-44
-49
-47
-39
-44
-43
-42
-51
-43
-46
-49
-46
-47
-44
-44
-50
-44
-44
-50
-47
-46
-49
-42
-46
-46
-46
-45
-41
-46
-48
-49
-45
-45
-48
-50
-50
-47
-42
-48
-45
-46
-45
-51
-45
-52
-50
-50
-52
-50
-54
-47
-48
-48
-51
-50
-47
-49
-48
-50
-44
-48
-52
-45
-50
-48
-50
-48
-46
-47
-47
-52
-46
-54
-42
-51
-52
-51
-53
-48
-53
-53
-57
-56
-61
-57
-51
-49
-56
-58
-52
-53
-52
-50
-56
-53
-52
-46
-46
-49
-55
-55
-49
-50
-49
-54
-56
-51
-52
-51
-53
-52
-52
-50
-43
-53
-49
-46
-51
-47
-46
-48
-50
-47
-52
-45
-44
-47
-47
-46
-42
-51
-44
-51
-47
-40
-43
-44
-48
-46
-49
-51
-50
-45
-39
-40
-44
-44
-42
-42
-37
-33
-36
-35
-37
-40
-36
-37
-37
-40
-36
-35
-35
-35
-39
-37
-39
-36
-37
-35
-37
-32
-31
-39
-36
-37
-31
-34
-31
-32
-31
-25
-36
-41
-37
-35
-29
-32
-32
-30
-25
-25
-25
-27
-26
-22
-27
-24
-24
-24
-24
-22
-22
-24
-24
-21
-18
-23
-18
-16
-20
-20
-22
-21
-20
-22
-24
-22
-22
-20
-23
-16
-16
-15
-11
-14
-20
-17
-18
-19
-22
-21
-12
-10
-16
-20
-15
-22
-20
-19
-26
-24
-22
-22
-22
-22
-22
-25
-27
-27
-29
-27
-21
-23
-25
-19
-22
-24
-24
-20
-22
-22
-21
-19
-10
-20
-15
-17
-18
-14
-11
-14
-8
-10
-17
-13
-16
-10
-7
-13
-11
-10
-9
-9
-11
-7
-12
-11
-10
-7
-14
-10
-12
-7
-11
-13
-5
-9
-10
-10
-11
-11
-7
-8
-7
-7
-5
-2
-5
-4
-4
-5
2
-1
-4
2
1
1
1
-2
3
7
3
6
4
4
2
7
6
3
-1
-4
0
-2
-2
-2
0
0
-2
-1
-4
-1
-1
1
-7
-2
0
-10
-2
0
-5
-7
-3
-8
-5
-4
-7
-7
-5
-4
0
0
-4
1
-6
-4
0
-2
-1
6
-4
-2
-3
0
-2
2
7
5
4
4
3
3
7
3
5
0
0
3
-1
-1
3
-2
0
1
-3
-6
-4
-8
-4
-6
-2
-1
-4
-4
3
-1
-3
-1
-2
-1
-6
-5
-7
-3
-9
-3
-2
-10
-3
-5
-6
-7
-10
-11
-12
-10
-7
-5
-8
-10
-6
-10
-14
-6
-6
-8
-8
-7
-10
-11
-4
-5
-13
-7
-5
-11
-9
-11
-9
-4
-8
-12
-9
-8
-18
-11
-7
-14
-16
-13
-13
-11
-14
-14
-16
-16
-9
-11
-10
-9
-6
-12
-8
-10
-8
-8
-11
-7
-8
-7
-8
-9
-7
-9
-11
-9
-7
-2
1
-5
-7
-9
-8
-6
-8
-3
-5
-2
-7
-5
-10
-5
-5
-9
-8
-3
-3
-6
-2
-3
1
0
-4
-11
-12
-4
-6
-9
-7
-7
-9
-10
0
-5
-10
-11
-8
1
-1
-5
-1
-5
-4
-4
-1
0
-2
4
2
0
-2
-1
0
-7
-3
-5
-4
-3
-7
-2
-5
-4
-6
-10
-4
-10
-9
-5
-5
0
-2
2
-3
-2
1
-1
1
-3
0
8
6
4
9
7
7
7
8
5
8
3
5
7
4
3
10
8
5
1
7
6
8
10
6
8
7
6
9
10
10
7
12
6
4
8
2
9
8
5
3
6
5
11
14
2
10
11
10
6
5
9
4
1
0
7
12
11
8
10
6
7
8
7
12
12
14
14
14
8
10
13
14
10
11
15
11
14
14
13
11
8
15
15
8
13
9
12
9
2
9
10
9
7
7
11
9
13
6
8
11
7
11
12
9
3
6
9
11
10
8
11
14
10
7
9
8
11
16
16
16
16
11
14
11
11
16
10
10
9
8
9
8
5
9
10
8
5
5
0
-3
3
1
5
3
3
3
5
2
3
4
6
9
9
10
4
9
11
9
3
3
13
10
7
9
10
5
5
5
2
7
8
13
6
5
3
8
10
2
3
3
1
2
10
6
5
8
6
2
4
4
2
8
0
2
3
4
3
2
3
4
6
10
7
2
10
7
11
9
9
10
6
5
10
8
4
6
5
8
5
10
10
6
9
9
10
4
7
7
12
10
11
8
10
9
8
11
4
9
7
12
11
9
10
9
10
8
15
8
8
7
12
7
5
6
11
9
10
10
8
3
7
6
6
13
6
8
10
12
10
9
8
11
10
9
12
18
13
6
12
13
9
5
12
6
10
14
13
10
8
11
10
7
2
6
-2
3
11
11
2
3
6
8
10
8
9
5
5
7
6
6
8
9
10
6
-1
9
10
12
9
14
10
11
14
8
9
9
14
7
11
14
13
12
7
12
12
12
13
15
14
17
9
8
14
9
12
13
16
6
6
8
6
11
11
8
5
9
11
12
11
15
11
10
12
9
14
10
18
16
13
14
15
16
10
13
15
17
11
13
10
13
12
10
14
14
11
8
13
18
17
18
17
9
21
16
10
14
20
10
13
15
12
19
19
17
13
17
20
21
18
14
14
12
13
19
12
13
17
16
13
16
18
16
18
17
16
22
20
21
17
14
16
16
17
16
17
22
20
16
20
20
18
18
16
17
16
13
12
17
19
15
11
7
7
13
12
12
12
8
13
14
19
11
14
10
11
12
10
17
13
12
13
15
16
17
13
11
8
11
11
9
12
7
10
14
12
14
8
10
9
13
12
15
17
19
20
15
14
15
11
7
14
15
13
20
15
14
17
16
15
13
11
13
14
16
15
10
11
13
16
13
20
17
13
8
6
10
16
15
12
15
12
10
13
6
9
11
5
6
11
10
13
12
11
12
9
5
4
7
9
6
9
7
3
10
5
7
4
8
5
12
16
14
9
11
13
6
9
12
16
11
12
10
10
10
8
11
9
9
11
9
7
15
6
8
3
9
7
3
5
4
8
5
4
0
8
4
2
10
6
6
11
6
12
7
11
13
6
12
7
10
5
10
10
2
4
7
8
8
11
5
6
6
6
0
-1
2
8
7
3
6
1
4
7
3
6
4
4
3
4
-1
2
4
3
1
1
3
-1
0
1
1
-2
-3
-5
-9
-3
1
-2
-2
-3
-9
-4
0
-7
-7
-6
-1
-4
0
0
-1
-3
5
2
1
7
3
4
6
0
5
2
1
4
-4
1
0
-1
-4
0
0
2
3
-2
2
-2
-5
-1
0
2
3
3
1
-10
-6
-1
-3
-2
-5
-2
-6
-3
-2
2
-6
-7
-9
-4
-8
-10
-9
-6
-5
-11
-4
-7
-4
-7
-4
-6
-6
-6
-9
-8
-14
-10
-9
-13
-11
-11
-11
-13
-13
-12
-11
-15
-10
-10
-8
-11
-12
-13
-9
-17
-12
-6
-8
-9
-14
-7
-11
-12
-11
-14
-14
-9
-13
-11
-10
-11
-6
-10
-13
-9
-7
-6
-6
-8
-6
-12
-7
-12
-13
-8
-12
-13
-8
-11
-8
-9
-7
-7
-8
-3
-8
-10
-8
-8
-11
-6
-10
-13
-9
-10
-8
-6
-7
-6
-10
-10
-11
-7
-7
-7
-8
-4
-9
-11
-7
0
-4
-3
-1
-6
-3
-2
-5
0
-1
-3
-1
1
7
0
-6
-3
-5
-4
1
-6
-6
-4
-5
-3
-2
-6
-6
-10
-7
-11
-7
-4
-2
-7
-11
-11
-12
-5
-8
-8
-8
-6
-6
-8
-10
-6
-4
-6
0
-6
1
1
-7
-1
-4
-2
-2
-2
-4
-11
-7
-10
-5
-1
-5
-9
-12
-7
-7
-2
-5
-8
-4
-8
-5
-3
-4
-6
-4
-5
-7
-3
-11
-8
1
-1
-4
-4
-6
0
-7
-6
-2
-3
-4
-5
-8
1
3
-2
3
-4
-2
0
0
-4
-5
0
0
0
-1
0
-2
1
1
-2
1
-4
4
-1
2
2
-5
2
-2
0
0
0
-1
-2
4
-5
2
-4
-4
-2
-4
-6
-7
0
-2
-1
-4
-5
-7
3
-1
0
2
3
-4
-1
4
-9
-8
-8
-2
-4
-9
-6
1
-1
-5
-4
-5
-4
-3
-4
-8
-7
-5
-5
-4
-5
-6
-7
-7
-7
-11
-7
-8
-8
-7
-14
-6
-8
-12
-12
-9
-12
-9
-11
-16
-10
-9
-7
-13
-14
-12
-13
-8
-10
-15
-13
-11
-11
-12
-15
-16
-12
-16
-16
-14
-12
-9
-14
-13
-17
-8
-12
-10
-13
-12
-11
-10
-7
-14
-12
-11
-7
-6
-19
-15
-8
-9
-5
-10
-13
-10
-11
-5
-6
-8
-3
-12
-9
-8
-16
-16
-13
-10
-11
-10
-13
-12
-11
-11
-13
-12
-11
-10
-13
-10
-11
-11
-8
-9
-10
-7
-8
-7
-9
-8
-5
-4
-5
-4
-2
-9
-1
-5
-2
-1
-3
1
-1
4
0
0
-1
0
2
0
1
4
-2
0
-3
-5
2
0
0
-8
-9
0
-10
-9
-2
1
-2
-1
-6
-1
3
-1
-3
2
0
-1
-3
-5
-5
-6
-4
-9
-5
3
3
1
0
2
-3
-6
-4
-4
-6
-4
-3
-4
-5
1
-5
0
-1
-1
2
-3
-1
-4
-7
-3
-3
-2
-2
-6
2
4
8
-1
-2
0
-3
3
3
-3
-2
-4
-1
-1
0
1
2
1
3
1
-1
-3
-1
2
4
0
0
1
-3
0
-4
0
3
3
-4
-3
3
-2
-4
-3
-1
-1
2
5
-3
-2
0
-2
0
0
5
-2
-1
-2
-2
1
-6
-5
2
2
-3
-1
-3
3
-2
1
2
-3
1
-1
4
-3
0
-7
-3
-1
-1
-1
-2
0
-5
1
-2
-1
2
-2
-1
1
-2
-1
2
1
-4
-2
-1
-3
4
-1
0
1
4
10
4
4
0
2
1
-2
1
3
3
4
8
2
2
0
-1
0
1
3
7
6
4
2
5
1
1
4
-2
-1
4
6
5
3
2
8
4
5
4
0
7
4
9
8
6
5
6
6
0
-2
2
-2
6
1
-1
8
1
3
0
2
5
4
3
6
2
-1
2
4
7
5
10
10
7
6
7
8
7
5
4
6
5
4
8
7
4
1
5
2
-4
2
5
0
8
8
3
1
0
3
3
4
0
1
5
0
2
5
0
-1
-3
0
3
1
5
1
-6
-2
-2
-6
-7
-5
-4
-9
-5
-5
-8
-3
-9
-9
-8
-5
-8
-2
-1
-7
-4
-3
1
-2
-2
-4
-4
-2
-5
-3
2
5
3
2
5
-2
2
-3
-4
1
-2
-1
-3
-1
-1
1
0
2
1
3
5
-2
7
5
2
-1
2
3
2
0
-3
0
8
8
0
3
-3
-2
-2
-3
-4
0
2
1
1
-3
6
-1
-1
-5
-3
-3
-2
-1
-9
-5
-10
-2
-5
-5
-5
1
-1
-7
-2
-8
-3
-7
-3
-4
-3
-8
-8
-6
-3
-1
-4
-5
2
-3
-4
5
-1
-4
-5
7
-2
1
1
-7
-3
-2
-4
-5
-4
-6
-4
-5
-4
-6
-10
-4
-5
-7
-5
-9
-10
-3
-8
-7
-11
-5
-8
-11
-7
-10
-5
-7
-4
-10
-4
-4
-6
-9
-7
-13
-1
-5
-9
-8
-11
-6
-13
-9
-5
-4
-5
-6
-5
-11
-5
-1
-3
-7
-12
-5
-4
-7
-6
-7
-5
-5
-6
-2
-7
-6
-5
-7
-7
-7
-7
-6
-5
-6
-3
-8
-6
-3
-9
-5
-7
-7
-4
-8
-5
-8
-4
-7
-7
-11
-10
-4
-9
-6
-7
-4
-5
-5
-11
-9
-8
-6
0
-7
-7
-7
-12
-12
-14
-9
-5
-11
-13
-15
-13
-14
-11
-14
-14
-14
-16
-12
-14
-10
-13
-14
-15
-10
-8
-15
-11
-10
-12
-13
-14
-16
-17
-18
-14
-10
-14
-16
-8
-13
-16
-17
-16
-14
-13
-10
-9
-11
-12
-6
-11
-14
-11
-13
-9
-12
-5
-4
-1
-3
-8
-4
-8
-5
-7
-13
-8
-5
-8
-7
-4
-7
-3
-5
1
3
-11
-2
-1
-1
1
-6
-1
4
-3
-6
-4
-4
-8
-6
-3
-3
-4
-4
-2
-4
-5
-6
-4
-5
0
1
-8
-2
-2
-5
-1
-6
-9
-8
-7
2
-4
1
1
-8
-2
-2
0
7
3
0
2
-3
2
2
-3
-6
-6
-7
-6
-2
-6
-10
-6
-4
-13
-6
-3
-8
-6
-13
-6
-9
-11
-13
-8
-4
-6
-6
-4
-2
-3
-8
-8
-6
-10
-5
-10
-10
-9
-9
-9
-5
-2
-9
-8
0
-3
-6
-6
-11
-5
-4
-5
-5
-3
-5
1
-5
-6
-4
3
-3
-6
2
-3
-3
-6
-3
-2
5
-2
-4
2
1
1
5
4
6
1
-1
6
3
2
3
4
1
-3
4
1
-2
3
3
3
5
6
4
3
2
0
1
5
1
3
6
5
-1
1
7
7
7
4
7
10
5
3
2
6
9
5
6
6
7
7
5
1
-1
6
1
5
5
4
6
9
10
5
1
7
7
10
8
0
4
5
2
6
3
2
8
2
6
11
8
9
3
5
2
3
5
1
6
1
9
5
0
3
5
2
2
2
2
1
1
0
-2
5
3
6
1
3
5
3
0
-5
-3
-2
-1
1
-6
-1
-4
-2
-3
-5
0
3
3
-3
1
3
3
3
0
2
6
6
9
4
5
-2
0
-2
-1
-3
-2
6
-4
-1
2
5
4
-1
2
5
4
2
3
2
-3
-3
-3
-3
-2
0
-1
-5
-6
-3
-2
-5
-8
-4
-3
-5
-9
1
-4
-5
-6
3
-1
-4
3
1
4
-4
-2
-3
-4
-1
1
-3
1
3
-3
-6
-1
-7
-10
-4
-4
-5
-2
-2
0
-3
-8
-2
0
2
-1
-2
-4
-5
-7
-4
-3
-2
-3
0
1
-5
-4
0
-4
-2
-1
0
-5
-9
-6
0
-2
-9
-7
-8
-5
-5
-3
-4
1
0
-1
3
-3
-6
-6
-7
-5
-4
-5
-2
-4
-4
-6
-6
-2
-2
-8
-6
-3
-9
-8
-3
-1
4
-2
-6
-2
-8
-11
-7
-7
-2
-5
-9
-11
-5
-4
-11
-3
-6
-7
-3
-4
1
-3
-3
-2
-6
-9
-2
-3
-7
-6
-4
-3
-1
-1
2
4
6
0
0
-1
-4
0
1
2
6
4
6
5
8
3
1
5
0
2
2
-3
0
-2
2
-4
-3
1
3
3
2
6
1
-5
-1
-3
-1
-1
-1
6
-1
6
3
-4
-1
-5
3
0
3
4
1
5
4
4
5
2
4
6
7
10
8
6
3
4
5
9
7
10
9
2
10
4
2
5
4
4
-6
0
-1
1
4
-3
-1
-1
-1
1
-2
-6
-1
-5
-8
0
-7
-4
-13
-10
-5
-7
-9
-5
-7
-10
0
-6
-7
0
-3
-5
-2
-3
-3
-8
-6
-2
-3
-6
-6
-3
-4
-2
-11
-6
-7
-5
-6
-8
-4
-6
-6
-7
-9
-5
-4
-6
3
0
-2
-7
0
0
-5
-5
-8
-1
-6
-1
2
-1
-5
-4
-8
0
1
2
3
-5
-4
-3
-3
-3
-3
2
5
2
2
1
-2
3
1
1
1
4
1
6
0
-2
4
-1
3
2
1
-3
1
-1
-2
-2
3
-2
4
0
-2
5
-3
2
6
8
5
3
5
5
0
-2
5
5
1
5
0
6
3
1
4
3
9
9
5
1
6
8
6
4
3
7
6
5
1
0
2
5
4
-1
1
2
5
6
9
6
6
8
8
2
-2
-2
-1
-6
-1
3
-10
-5
-1
-2
-3
-2
0
1
2
0
2
-4
-3
0
1
-1
1
0
-4
-1
-1
2
-3
6
-3
-4
0
-3
2
1
4
3
8
-5
-2
-2
-4
-4
-2
1
-2
1
-6
-5
-3
-1
-3
-1
-2
0
-1
-1
4
-5
-4
1
-3
-1
-1
-7
-2
-1
-1
-1
5
3
0
6
8
3
6
0
2
-2
1
3
1
1
-3
3
0
5
1
1
2
3
2
0
4
2
1
0
3
2
2
5
3
4
3
3
10
1
1
0
-2
8
-2
1
2
6
6
3
10
4
4
-1
1
-3
1
5
0
-3
2
6
-1
1
-1
-4
-2
2
-7
1
4
-4
5
0
2
-1
-1
-1
0
-3
-3
-4
-5
-3
-3
-4
-6
-2
0
-2
-6
-6
-3
-1
-5
-3
-1
-4
-3
-7
-6
-4
-6
-2
-3
-2
2
-4
-2
-7
-12
-5
-5
-1
-2
-7
-9
-5
-9
-11
-10
-8
-7
-6
-11
-3
-7
-7
-7
-8
-3
-7
3
2
-1
-1
-5
-1
-3
0
2
-6
-3
-3
-4
0
-4
1
0
-3
-5
-6
-4
-2
4
1
1
0
3
-1
5
0
-3
2
-2
0
-3
-1
-1
-6
-1
1
1
0
-1
0
2
2
-3
-1
-4
-2
-4
-2
1
-1
3
-2
7
5
0
3
3
3
5
2
-1
3
-2
-3
6
3
5
9
6
3
4
4
5
3
4
3
2
2
3
3
3
3
-1
-1
4
4
0
4
-1
4
6
3
5
6
4
1
1
-1
2
3
0
1
8
3
4
6
4
2
-2
2
5
4
-1
0
-4
-1
0
4
6
4
3
5
6
2
3
4
7
-2
6
6
5
5
3
10
8
4
5
4
6
6
5
6
4
4
6
3
1
8
5
0
7
7
7
4
4
5
1
4
6
6
8
9
8
4
6
7
11
12
3
8
2
7
9
3
6
4
4
1
1
5
2
3
3
2
-1
3
1
9
6
7
2
4
10
5
15
13
7
15
13
13
10
5
8
13
9
2
6
6
10
12
7
10
11
11
11
14
16
19
12
13
12
10
14
16
16
14
19
14
12
13
15
13
16
13
14
17
14
12
11
14
11
12
11
15
17
16
19
15
11
17
12
12
12
10
15
16
12
12
14
15
14
12
15
10
14
15
14
11
13
18
10
12
17
17
15
10
14
14
14
13
15
13
14
13
10
13
12
17
14
14
16
11
7
9
15
13
9
15
18
12
16
9
15
15
13
15
11
11
8
10
15
12
13
11
10
13
12
10
8
8
6
8
7
8
7
9
10
11
16
10
4
9
10
12
10
6
11
10
13
11
12
8
12
13
7
7
12
15
10
10
4
8
7
7
5
3
9
4
7
4
7
13
8
8
6
4
6
13
7
16
15
10
10
6
10
7
8
7
9
8
10
4
5
3
3
-1
1
3
3
6
7
10
10
10
5
10
7
6
9
7
-1
3
7
1
8
6
5
3
4
3
8
9
3
5
10
8
3
2
7
6
4
6
8
6
4
3
0
5
7
9
3
9
8
6
9
8
12
9
5
0
7
11
6
7
9
7
5
9
8
5
5
1
1
8
2
1
4
-1
2
5
4
0
3
4
2
5
1
5
3
0
1
-2
0
3
1
3
2
3
4
2
3
2
-1
0
3
2
0
-1
2
-2
-2
3
0
-4
-7
0
-2
-6
-5
1
0
-6
-2
-2
2
-2
-1
3
-9
-5
-2
-10
-8
-8
-8
-9
-10
-7
-12
-4
-10
-11
-3
-2
0
-8
-10
-7
-7
-9
-2
-2
-5
-5
-7
-2
-5
-4
-4
-9
-2
0
0
-5
-8
-2
-4
-8
-7
-10
-10
-4
-1
-4
-5
-8
-5
-7
-2
-7
-3
-2
-8
-3
-1
-7
-7
-5
-3
-7
-7
-4
-10
-3
-1
-5
-7
-10
-1
-6
-9
0
-4
-5
-4
4
-4
-5
-5
-6
1
-3
-3
-4
-2
-6
-9
-3
-9
-2
-9
-12
-9
-10
-8
-14
-8
-6
-6
-4
-9
-9
-4
-7
-11
-8
-7
-5
-4
-5
-8
-9
-10
-9
-8
-10
-14
-10
-9
-10
-9
-10
-3
-4
-1
-8
-2
1
-5
-2
-7
-7
-4
-6
-7
-4
-7
-4
-5
-3
-3
-9
-2
-3
-1
-5
-7
-3
-4
-6
-8
-2
-5
-8
-7
-8
-3
-5
-4
-2
-4
-1
-3
-1
-3
-7
-4
-8
-5
-1
-5
-8
-2
-6
-9
-2
-7
-1
-1
-2
-5
0
-2
1
-5
2
2
4
5
-5
5
5
1
9
4
2
-1
0
4
1
-4
1
0
1
2
-3
2
-1
5
4
0
-4
0
0
2
1
-2
-1
1
4
1
-4
-1
-3
-4
2
7
6
-1
-3
4
2
-1
1
-7
-3
-3
-1
4
-1
-2
-3
-2
2
1
2
-1
1
-2
0
0
1
6
1
7
2
-1
3
2
5
5
5
-2
3
3
-3
7
10
5
3
1
-1
-2
1
-2
-4
-2
-3
4
2
-2
4
-2
-2
0
6
-3
5
3
-2
7
1
1
-1
3
-1
-1
-1
0
-4
-8
-1
-1
-3
-5
-6
-5
-8
-9
-5
-6
-5
-2
-8
-5
2
-6
1
0
-4
1
4
0
-2
-3
-1
0
-1
-1
-1
-4
-6
2
2
-4
-3
-1
-2
-5
-1
-1
-2
-2
1
1
-1
-4
-1
1
2
-4
-1
0
-1
1
-7
-2
1
-5
-3
-3
-5
-5
-6
4
-3
0
2
-5
-3
4
1
-3
-1
-2
2
-2
-4
-2
-1
-6
-6
1
-2
-4
-2
-3
-1
4
5
0
-1
0
0
-3
-1
-3
-4
0
0
2
0
-4
-9
-6
-3
-6
-7
-4
-2
-5
-9
-6
-1
-7
-8
-8
-6
-6
1
-3
-8
-1
-6
-4
1
-7
-1
-2
-6
-4
-8
-8
-10
-8
-6
-7
-4
-8
-3
-6
-4
-11
-7
-5
-7
-6
-12
-11
-4
-6
-2
-3
-10
-3
-3
-8
-7
-5
-10
-12
-8
-5
-10
-8
-10
-8
-1
-8
-8
-2
-4
-4
-6
-11
-7
-9
-13
-10
-11
-13
-12
-11
-14
-14
-8
-13
-12
-4
-6
-7
-5
-10
-4
-3
-9
-7
-7
-1
-8
-8
-1
-8
-8
-8
-7
-3
-7
-11
-7
-9
-12
-11
-7
-7
-9
-6
-10
-11
-6
-11
-10
-7
-14
-11
-12
-7
-3
-8
-4
-6
-3
1
0
-1
-3
-4
-4
-2
-4
0
-4
-2
-4
-6
1
-3
-3
-2
-2
-3
-2
-1
-1
-1
6
-1
-4
-2
-6
-1
-1
-2
-5
-3
-2
-3
-9
-1
-1
-6
2
-6
-3
-1
3
5
-2
-5
0
-3
-9
-3
2
-8
-6
-3
-1
-1
-3
-6
-9
-7
-7
-10
-4
0
-10
-7
-9
-9
-11
-13
-5
-6
-10
-5
-10
-8
-3
-11
-5
-7
-3
-7
-3
-2
-8
-3
-2
-1
-4
-6
-6
-7
-5
-1
-5
-6
-8
-1
-7
-6
-2
-9
-6
-9
-7
-9
-15
-11
-11
-11
-8
-9
-8
-15
-12
-12
-13
-10
-11
-13
-8
-9
-6
-12
-15
-9
-9
-9
-10
-12
-14
-15
-14
-12
-12
-19
-16
-14
-15
-18
-12
-11
-9
-11
-15
-13
-15
-9
-11
-10
-11
-12
-16
-12
-8
-9
-13
-11
-10
-11
-18
-24
-5
-14
-20
-9
-7
-12
-11
-13
-18
-13
-7
-12
-14
-4
-12
-16
-7
-14
-19
-13
-14
-19
-14
-10
-9
-11
-17
-15
-13
-14
-17
-14
-11
-11
-11
-10
-11
-6
-11
-14
-3
-15
-14
-7
-10
-11
-6
-3
-5
-8
-6
-8
-4
-6
-10
-8
-12
-8
-13
-18
-7
-7
-11
-2
-3
-6
-8
-8
-11
-10
-4
-8
-5
-2
0
-5
-10
-6
-11
-8
-9
-15
-10
-11
-9
-8
-10
-1
-7
-3
-1
-9
-7
-1
-4
1
-1
-3
-2
-2
-2
-8
-2
-4
-5
2
-6
1
-2
-2
-4
-5
1
-3
-5
-3
3
0
-3
-2
-3
-9
-5
-2
-5
-5
-1
-4
-3
-3
0
0
3
-2
-3
-1
-6
-6
-6
-10
-6
-5
-8
-5
-9
-5
-8
-10
-13
-8
-9
-11
-11
-12
-11
-11
-11
-9
-5
-12
-12
-13
-6
-7
-8
-6
-10
-10
-13
-3
-2
-7
-12
-9
-6
-8
0
-3
-11
-1
-3
-8
-10
-6
-6
-9
-5
-7
-3
-6
-7
-8
-6
-6
-7
-7
-10
-5
-8
-8
-7
-10
-10
-5
-10
-8
-8
-10
-8
-3
-6
-7
-6
-10
-8
-5
-4
-1
-6
-8
-7
-9
-10
-6
-6
-10
-11
-9
-8
-8
-5
-9
-13
-4
-8
-8
-12
-8
-11
-8
-10
-7
-7
-9
-3
-4
-3
-6
-5
-4
-8
-4
-7
-10
-8
-4
-7
-8
-5
-4
-2
-9
-7
-4
-10
-2
3
-2
-3
-2
-2
-3
0
-4
-4
-3
-3
-4
-8
-7
-9
-2
-4
-5
-2
-1
-4
-1
-7
-5
-4
-1
-3
-7
-8
-7
-8
-5
-9
-12
-6
-10
-8
-6
-7
-5
-3
-13
-8
-9
-12
-9
-8
-8
-7
-8
-9
-12
-9
-3
-11
-8
-3
-8
-12
-6
-6
-6
-6
-8
-10
-11
-5
-4
-9
-4
-1
-9
-6
-4
-8
-3
-5
-2
-4
-6
-7
-3
-7
-7
-3
-3
-1
-2
-11
-8
-6
-12
-9
-12
-7
-3
0
4
-2
-2
-1
-6
-4
0
-2
-6
-6
-4
-16
-12
-12
-6
-4
-8
-3
-8
-3
-5
-6
-9
-7
-10
-10
-5
-3
-9
-7
-6
-6
-6
-9
-10
-12
-5
-4
-3
-9
-3
-4
-5
-12
-5
-7
-8
-3
-4
-8
-9
-3
-8
-7
-5
-6
-7
-4
-2
-1
-6
-9
