2.621149
-0.471278
0.005240
1.075914
0.824077
0.784648
0.527664
-0.173732
-0.341731
0.076464
0.093429
-0.048498
2.126588
-0.162035
0.010596
0.916995
0.847319
0.757561
0.474846
-0.169972
-0.304054
0.111660
0.050629
-0.045071
1.948537
0.034670
0.043892
0.819053
0.879241
0.747098
0.444994
-0.176468
-0.276722
0.098239
0.028902
-0.039331
2.028477
-0.001652
0.051238
0.910741
0.903926
0.740882
0.480142
-0.160932
-0.300030
0.098167
0.059163
-0.039579
0.668546
0.571567
0.486627
0.410072
0.336134
0.256699
0.156203
0.163511
0.144973
0.116371
0.084741
0.052860
