1.530122
-1.293673
0.465329
1.909016
0.662965
0.403670
0.657624
0.087168
-0.088025
0.259712
0.238297
-0.003564
1.672662
-1.220712
0.450074
1.923279
0.647136
0.383263
0.639679
0.114732
-0.101563
0.222057
0.241299
0.002008
1.656249
-1.098284
0.507689
1.845374
0.654367
0.359838
0.617725
0.116634
-0.078334
0.230249
0.219782
-0.005664
1.522626
-1.036376
0.591379
1.816287
0.696049
0.378555
0.594293
0.114739
-0.052289
0.259096
0.208564
-0.010960
0.668546
0.571567
0.486627
0.410072
0.336134
0.256699
0.156203
0.163511
0.144973
0.116371
0.084741
0.052860
