1.761696
1.099857
1.066995
0.928785
0.389077
0.154048
0.226175
-0.038213
-0.321990
-0.159128
0.017523
-0.084437
1.782338
1.113617
1.082361
0.929130
0.383442
0.162836
0.232813
-0.046986
-0.321901
-0.151407
0.015153
-0.084214
1.852982
1.167689
1.189462
0.992017
0.380160
0.191457
0.272406
-0.069318
-0.346639
-0.151131
0.014398
-0.097787
1.867057
1.180818
1.238610
1.020691
0.372183
0.208354
0.299373
-0.070177
-0.360507
-0.155899
0.020157
-0.108339
0.668546
0.571567
0.486627
0.410072
0.336134
0.256699
0.156203
0.163511
0.144973
0.116371
0.084741
0.052860
