1.630065
1.108272
0.907791
0.754600
0.623167
0.497524
0.356931
0.250368
0.165716
0.098441
0.066441
0.037134
1.703504
1.189197
0.983738
0.828182
0.691607
0.553378
0.409607
0.286860
0.189500
0.120454
0.080385
0.044434
1.542458
1.041890
0.853790
0.719371
0.605180
0.489062
0.369532
0.267686
0.178521
0.107299
0.059117
0.042483
1.532356
1.033580
0.843301
0.712935
0.603785
0.487061
0.366056
0.259574
0.182054
0.120761
0.079990
0.050285
0.668546
0.571567
0.486627
0.410072
0.336134
0.256699
0.156203
0.163511
0.144973
0.116371
0.084741
0.052860
