2.332096
0.450270
0.553739
0.224806
-0.734461
-0.475034
-0.240400
-0.441567
-0.157158
0.030106
-0.017872
-0.025231
2.606451
0.451248
0.591821
0.314870
-0.763874
-0.538182
-0.284963
-0.461061
-0.144130
0.032696
-0.023675
-0.030090
2.522431
0.575377
0.642526
0.263305
-0.660658
-0.448256
-0.264648
-0.416559
-0.129391
0.036277
-0.029392
-0.026741
2.534906
0.605519
0.658937
0.240687
-0.632978
-0.417729
-0.329398
-0.471090
-0.137029
0.055849
-0.038685
-0.026208
0.693746
0.585743
0.495864
0.418258
0.346596
0.273761
0.188025
0.179147
0.153331
0.121467
0.088294
0.055466
